<TICKER>,<PER>,<DATE>,<TIME>,<OPEN>,<HIGH>,<LOW>,<CLOSE>,<VOL>,<OPENINT>
OAK_A.US,5,20260126,163500,21.72,21.75,21.69,21.69,900,0
OAK_A.US,5,20260126,164000,21.75,21.8181,21.7499,21.8181,898,0
OAK_A.US,5,20260126,164500,21.67,21.67,21.67,21.67,100,0
OAK_A.US,5,20260126,172000,21.6607,21.6708,21.6607,21.67,400,0
OAK_A.US,5,20260126,173500,21.66,21.67,21.66,21.67,200,0
OAK_A.US,5,20260126,182000,21.75,21.75,21.685,21.685,461,0
OAK_A.US,5,20260126,183000,21.7223,21.7223,21.7223,21.7223,297,0
OAK_A.US,5,20260126,183500,21.685,21.75,21.685,21.75,3313,0
OAK_A.US,5,20260126,185000,21.6765,21.6765,21.6765,21.6765,132,0
OAK_A.US,5,20260126,185500,21.69,21.69,21.69,21.69,1000,0
OAK_A.US,5,20260126,190500,21.67,21.705,21.67,21.705,727,0
OAK_A.US,5,20260126,193500,21.705,21.705,21.705,21.705,200,0
OAK_A.US,5,20260126,202000,21.7,21.7,21.7,21.7,100,0
OAK_A.US,5,20260126,212500,21.66,21.66,21.66,21.66,100,0
OAK_A.US,5,20260126,214000,21.67,21.67,21.67,21.67,100,0
OAK_A.US,5,20260126,215500,21.67,21.67,21.67,21.67,402,0
OAK_A.US,5,20260127,162000,21.8499,21.85,21.81,21.85,394,0
OAK_A.US,5,20260127,171000,21.605,21.605,21.605,21.605,200,0
OAK_A.US,5,20260127,174000,21.65,21.65,21.65,21.65,300,0
OAK_A.US,5,20260127,180500,21.7659,21.7659,21.484,21.484,1053,0
OAK_A.US,5,20260127,184000,21.8399,21.8399,21.8399,21.8399,224,0
OAK_A.US,5,20260127,184500,21.78,21.84,21.63,21.7419,500,0
OAK_A.US,5,20260127,185500,21.84,21.84,21.84,21.84,100,0
OAK_A.US,5,20260127,190500,21.84,21.84,21.84,21.84,145,0
OAK_A.US,5,20260127,205500,21.84,21.84,21.84,21.84,100,0
OAK_A.US,5,20260127,211000,21.68,21.68,21.65,21.65,600,0
OAK_A.US,5,20260127,215500,21.74,21.7657,21.74,21.7657,200,0
OAK_A.US,5,20260128,173500,21.4626,21.4626,21.4626,21.4626,500,0
OAK_A.US,5,20260128,174500,21.665,21.665,21.665,21.665,190,0
OAK_A.US,5,20260128,180000,21.67,21.67,21.67,21.67,135,0
OAK_A.US,5,20260128,182000,21.4301,21.4301,21.4301,21.4301,1063,0
OAK_A.US,5,20260128,184000,21.581,21.581,21.581,21.581,126,0
OAK_A.US,5,20260128,194500,21.72,21.72,21.72,21.72,1500,0
OAK_A.US,5,20260128,200500,21.72,21.72,21.72,21.72,500,0
OAK_A.US,5,20260128,202000,21.72,21.72,21.72,21.72,2324,0
OAK_A.US,5,20260128,212500,21.55,21.55,21.55,21.55,600,0
OAK_A.US,5,20260128,215500,21.73,21.73,21.73,21.73,461,0
OAK_A.US,5,20260129,161000,21.74,21.74,21.38,21.38,400,0
OAK_A.US,5,20260129,164500,21.59,21.59,21.59,21.59,175,0
OAK_A.US,5,20260129,165000,21.6324,21.6324,21.5,21.5,2600,0
OAK_A.US,5,20260129,175000,21.465,21.5,21.465,21.5,2618,0
OAK_A.US,5,20260129,180500,21.3801,21.3801,21.3801,21.3801,200,0
OAK_A.US,5,20260129,185500,21.5,21.5,21.5,21.5,7695,0
OAK_A.US,5,20260129,191500,21.61,21.61,21.55,21.55,219,0
OAK_A.US,5,20260129,192000,21.61,21.61,21.61,21.61,200,0
OAK_A.US,5,20260129,204000,21.56,21.56,21.56,21.56,200,0
OAK_A.US,5,20260129,212000,21.595,21.595,21.595,21.595,100,0
OAK_A.US,5,20260129,215000,21.61,21.6406,21.52,21.525,900,0
OAK_A.US,5,20260129,215500,21.61,21.6999,21.61,21.6633,3100,0
OAK_A.US,5,20260130,162500,21.589,21.589,21.589,21.589,100,0
OAK_A.US,5,20260130,163500,21.595,21.6999,21.555,21.555,1000,0
OAK_A.US,5,20260130,165000,21.7,21.8451,21.6955,21.8451,2456,0
OAK_A.US,5,20260130,185000,21.5797,21.5797,21.5797,21.5797,400,0
OAK_A.US,5,20260130,190000,21.72,21.72,21.72,21.72,100,0
OAK_A.US,5,20260130,203500,21.6853,21.6853,21.6853,21.6853,550,0
OAK_A.US,5,20260130,205500,21.83,21.83,21.83,21.83,100,0
OAK_A.US,5,20260130,212000,21.69,21.69,21.69,21.69,1000,0
OAK_A.US,5,20260130,214000,21.79,21.79,21.79,21.79,100,0
OAK_A.US,5,20260202,160500,21.44,21.48,21.44,21.48,1336,0
OAK_A.US,5,20260202,162000,21.615,21.615,21.615,21.615,200,0
OAK_A.US,5,20260202,165500,21.7013,21.7013,21.7013,21.7013,1500,0
OAK_A.US,5,20260202,172000,21.78,21.78,21.78,21.78,110,0
OAK_A.US,5,20260202,183000,21.705,21.705,21.705,21.705,500,0
OAK_A.US,5,20260202,183500,21.79,21.79,21.79,21.79,100,0
OAK_A.US,5,20260202,191500,21.777,21.777,21.777,21.777,200,0
OAK_A.US,5,20260202,201000,21.705,21.79,21.705,21.7736,900,0
OAK_A.US,5,20260202,202000,21.79,21.79,21.7141,21.7141,400,0
OAK_A.US,5,20260202,205000,21.79,21.79,21.79,21.79,100,0
OAK_A.US,5,20260202,205500,21.79,21.79,21.79,21.79,200,0
OAK_A.US,5,20260202,210500,21.79,21.79,21.79,21.79,200,0
OAK_A.US,5,20260202,211000,21.79,21.79,21.79,21.79,100,0
OAK_A.US,5,20260202,211500,21.79,21.79,21.79,21.79,100,0
OAK_A.US,5,20260202,212500,21.79,21.79,21.79,21.79,200,0
OAK_A.US,5,20260202,213000,21.79,21.79,21.79,21.79,100,0
OAK_A.US,5,20260202,213500,21.79,21.79,21.79,21.79,100,0
OAK_A.US,5,20260202,214500,21.79,21.79,21.79,21.79,265,0
OAK_A.US,5,20260202,215000,21.79,21.79,21.79,21.79,300,0
OAK_A.US,5,20260202,215500,21.8,21.84,21.8,21.84,841,0
OAK_A.US,5,20260203,162500,21.6488,21.6488,21.6488,21.6488,100,0
OAK_A.US,5,20260203,164000,21.84,21.84,21.84,21.84,220,0
OAK_A.US,5,20260203,164500,21.835,21.93,21.835,21.93,1610,0
OAK_A.US,5,20260203,170500,21.92,21.93,21.9,21.9299,1400,0
OAK_A.US,5,20260203,183500,21.9288,21.9288,21.9288,21.9288,100,0
OAK_A.US,5,20260203,184000,21.92,21.92,21.8501,21.8501,636,0
OAK_A.US,5,20260203,191500,21.925,21.925,21.925,21.925,174,0
OAK_A.US,5,20260203,192500,21.925,21.925,21.925,21.925,100,0
OAK_A.US,5,20260203,193500,21.9325,21.9325,21.9325,21.9325,100,0
OAK_A.US,5,20260203,201500,21.95,21.95,21.95,21.95,200,0
OAK_A.US,5,20260203,204500,21.95,21.95,21.9,21.95,1200,0
OAK_A.US,5,20260204,153500,21.9,21.91,21.85,21.85,300,0
OAK_A.US,5,20260204,191500,21.85,21.85,21.85,21.85,1000,0
OAK_A.US,5,20260204,192500,21.765,21.765,21.765,21.765,300,0
OAK_A.US,5,20260204,205500,21.765,21.765,21.765,21.765,100,0
OAK_A.US,5,20260204,212000,21.765,21.765,21.765,21.765,100,0
OAK_A.US,5,20260204,214000,21.85,21.85,21.85,21.85,509,0
OAK_A.US,5,20260204,215500,21.7485,21.7485,21.7485,21.7485,2000,0
OAK_A.US,5,20260205,161500,21.74,21.75,21.74,21.75,2305,0
OAK_A.US,5,20260205,162500,21.63,21.6668,21.63,21.6668,3000,0
OAK_A.US,5,20260205,171500,21.69,21.69,21.69,21.69,150,0
OAK_A.US,5,20260205,184500,21.7499,21.7499,21.7499,21.7499,500,0
OAK_A.US,5,20260205,191500,21.69,21.69,21.69,21.69,100,0
OAK_A.US,5,20260205,205000,21.75,21.75,21.74,21.74,300,0
OAK_A.US,5,20260205,210000,21.74,21.7499,21.6,21.6,2628,0
OAK_A.US,5,20260205,215500,21.64,21.66,21.64,21.66,300,0
OAK_A.US,5,20260206,153000,21.6499,21.6499,21.525,21.525,1300,0
OAK_A.US,5,20260206,154000,21.65,21.65,21.65,21.65,200,0
OAK_A.US,5,20260206,154500,21.53,21.65,21.53,21.6475,584,0
OAK_A.US,5,20260206,184500,21.68,21.68,21.66,21.66,600,0
OAK_A.US,5,20260206,190500,21.7554,21.93,21.7554,21.93,250,0
OAK_A.US,5,20260206,200000,21.93,21.93,21.93,21.93,100,0
OAK_A.US,5,20260206,203000,21.776,21.776,21.776,21.776,500,0
OAK_A.US,5,20260206,212500,21.8,21.8,21.78,21.78,505,0
OAK_A.US,5,20260206,213000,21.69,21.69,21.69,21.69,292,0
OAK_A.US,5,20260206,214000,21.69,21.745,21.6,21.6,8276,0
OAK_A.US,5,20260209,153000,21.7399,21.7399,21.57,21.7399,300,0
OAK_A.US,5,20260209,154000,21.621,21.621,21.57,21.57,300,0
OAK_A.US,5,20260209,154500,21.7399,21.7399,21.575,21.6824,700,0
OAK_A.US,5,20260209,161000,21.6,21.6,21.6,21.6,100,0
OAK_A.US,5,20260209,161500,21.74,21.74,21.74,21.74,1400,0
OAK_A.US,5,20260209,162500,21.69,21.69,21.69,21.69,100,0
OAK_A.US,5,20260209,170500,21.6676,21.6676,21.6676,21.6676,349,0
OAK_A.US,5,20260209,171500,21.65,21.65,21.65,21.65,100,0
OAK_A.US,5,20260209,191500,21.65,21.66,21.64,21.65,1000,0
OAK_A.US,5,20260209,194000,21.64,21.64,21.64,21.64,100,0
OAK_A.US,5,20260210,153000,21.61,21.61,21.41,21.41,200,0
OAK_A.US,5,20260210,154000,21.5,21.5,21.4901,21.5,2380,0
OAK_A.US,5,20260210,154500,21.5,21.5,21.4901,21.4901,1200,0
OAK_A.US,5,20260210,155000,21.58,21.7399,21.58,21.6842,400,0
OAK_A.US,5,20260210,155500,21.6,21.6,21.6,21.6,400,0
OAK_A.US,5,20260210,160000,21.6,21.6,21.6,21.6,200,0
OAK_A.US,5,20260210,160500,21.67,21.67,21.67,21.67,100,0
OAK_A.US,5,20260210,161000,21.67,21.67,21.67,21.67,100,0
OAK_A.US,5,20260210,161500,21.61,21.61,21.61,21.61,100,0
OAK_A.US,5,20260210,164500,21.51,21.51,21.51,21.51,100,0
OAK_A.US,5,20260210,193000,21.57,21.6,21.57,21.6,2189,0
OAK_A.US,5,20260210,194500,21.58,21.58,21.58,21.58,100,0
OAK_A.US,5,20260210,214000,21.57,21.57,21.57,21.57,100,0
OAK_A.US,5,20260211,154500,21.62,21.62,21.62,21.62,230,0
OAK_A.US,5,20260211,170500,21.74,21.74,21.53,21.53,502,0
OAK_A.US,5,20260211,171500,21.625,21.625,21.625,21.625,1700,0
OAK_A.US,5,20260211,172500,21.53,21.53,21.53,21.53,150,0
OAK_A.US,5,20260211,173000,21.635,21.712,21.635,21.712,200,0
OAK_A.US,5,20260211,173500,21.74,21.74,21.74,21.74,435,0
OAK_A.US,5,20260211,175500,21.7,21.7,21.7,21.7,700,0
OAK_A.US,5,20260211,181500,21.85,21.86,21.85,21.86,1100,0
OAK_A.US,5,20260211,183500,21.86,21.86,21.7,21.7,364,0
OAK_A.US,5,20260211,185000,21.7,21.82,21.7,21.82,600,0
OAK_A.US,5,20260211,192000,21.58,21.7,21.58,21.7,425,0
OAK_A.US,5,20260211,195000,21.58,21.6,21.58,21.58,400,0
OAK_A.US,5,20260211,201500,21.59,21.59,21.59,21.59,100,0
OAK_A.US,5,20260211,203000,21.8,21.86,21.8,21.86,1200,0
OAK_A.US,5,20260211,205000,21.82,21.82,21.82,21.82,100,0
OAK_A.US,5,20260211,205500,21.94,21.94,21.94,21.94,100,0
OAK_A.US,5,20260211,210500,21.94,21.94,21.94,21.94,200,0
OAK_A.US,5,20260211,211000,21.81,21.81,21.81,21.81,100,0
OAK_A.US,5,20260211,212000,21.81,21.81,21.81,21.81,100,0
OAK_A.US,5,20260211,214500,21.83,21.83,21.83,21.83,100,0
OAK_A.US,5,20260212,155000,21.825,21.825,21.825,21.825,225,0
OAK_A.US,5,20260212,160500,21.85,21.85,21.81,21.81,200,0
OAK_A.US,5,20260212,163500,21.9,21.9,21.9,21.9,551,0
OAK_A.US,5,20260212,165000,21.8476,21.884,21.8476,21.884,300,0
OAK_A.US,5,20260212,165500,21.8,21.8,21.8,21.8,100,0
OAK_A.US,5,20260212,172500,21.94,21.94,21.93,21.93,361,0
OAK_A.US,5,20260212,173000,21.81,21.81,21.81,21.81,100,0
OAK_A.US,5,20260212,173500,21.8,21.8,21.8,21.8,706,0
OAK_A.US,5,20260212,174000,21.935,21.935,21.935,21.935,100,0
OAK_A.US,5,20260212,184000,21.81,21.81,21.81,21.81,100,0
OAK_A.US,5,20260212,185500,21.8,21.8,21.8,21.8,100,0
OAK_A.US,5,20260212,194500,21.9,21.9,21.81,21.81,200,0
OAK_A.US,5,20260212,203500,21.9,21.9,21.9,21.9,200,0
OAK_A.US,5,20260213,153000,21.94,21.94,21.94,21.94,100,0
OAK_A.US,5,20260213,180500,21.91,21.91,21.91,21.91,400,0
OAK_A.US,5,20260213,181500,21.91,21.91,21.91,21.91,310,0
OAK_A.US,5,20260213,185000,21.93,21.94,21.93,21.94,265,0
OAK_A.US,5,20260213,200000,21.89,21.89,21.89,21.89,100,0
OAK_A.US,5,20260213,201500,21.8921,21.9,21.8921,21.9,410,0
OAK_A.US,5,20260213,202000,21.9,21.9,21.9,21.9,100,0
OAK_A.US,5,20260213,204000,21.89,21.89,21.89,21.89,250,0
OAK_A.US,5,20260213,212000,21.89,21.89,21.88,21.88,4124,0
OAK_A.US,5,20260213,212500,21.87,21.87,21.87,21.87,200,0
OAK_A.US,5,20260213,213000,21.86,21.865,21.86,21.865,300,0
OAK_A.US,5,20260213,213500,21.8599,21.88,21.85,21.88,3061,0
OAK_A.US,5,20260213,215000,21.88,21.88,21.87,21.87,300,0
OAK_A.US,5,20260213,215500,21.88,21.88,21.87,21.87,400,0
OAK_A.US,5,20260217,153000,21.94,21.94,21.94,21.94,272,0
OAK_A.US,5,20260217,160000,21.925,21.925,21.925,21.925,100,0
OAK_A.US,5,20260217,160500,22.04,22.04,22.03,22.03,200,0
OAK_A.US,5,20260217,165000,21.89,21.89,21.89,21.89,100,0
OAK_A.US,5,20260217,165500,21.89,21.89,21.89,21.89,600,0
OAK_A.US,5,20260217,171500,21.9179,21.9179,21.9179,21.9179,200,0
OAK_A.US,5,20260217,172000,21.9269,21.98,21.9269,21.98,1692,0
OAK_A.US,5,20260217,172500,21.89,21.9235,21.89,21.9235,4236,0
OAK_A.US,5,20260217,173000,21.97,21.98,21.895,21.98,805,0
OAK_A.US,5,20260217,173500,21.89,21.895,21.89,21.895,300,0
OAK_A.US,5,20260217,174000,21.88,21.88,21.8,21.8,1600,0
OAK_A.US,5,20260217,182000,21.94,21.94,21.94,21.94,100,0
OAK_A.US,5,20260217,201500,21.69,21.69,21.69,21.69,100,0
OAK_A.US,5,20260217,202000,21.69,21.69,21.69,21.69,100,0
OAK_A.US,5,20260217,204000,21.69,21.69,21.6845,21.684988,1576,0
OAK_A.US,5,20260217,204500,21.6815,21.69,21.6815,21.69,695,0
OAK_A.US,5,20260217,205000,21.69,21.69,21.69,21.69,100,0
OAK_A.US,5,20260217,210000,21.675,21.69,21.66,21.6809,1000,0
OAK_A.US,5,20260217,210500,21.6781,21.69,21.6781,21.69,200,0
OAK_A.US,5,20260217,211500,21.69,21.69,21.66,21.66,300,0
OAK_A.US,5,20260217,212000,21.69,21.69,21.675,21.675,500,0
OAK_A.US,5,20260217,212500,21.675,21.69,21.675,21.69,500,0
OAK_A.US,5,20260217,213000,21.7646,21.7646,21.7646,21.7646,250,0
OAK_A.US,5,20260217,214000,21.85,21.85,21.84,21.84,556,0
OAK_A.US,5,20260217,215000,21.85,21.94,21.83,21.94,1130,0
OAK_A.US,5,20260217,215500,21.93,21.93,21.93,21.93,322,0
OAK_A.US,5,20260218,153000,21.81,21.81,21.79,21.8001,1043,0
OAK_A.US,5,20260218,154000,21.94,21.94,21.94,21.94,453,0
OAK_A.US,5,20260218,154500,21.9813,21.9813,21.81,21.81,597,0
OAK_A.US,5,20260218,155000,21.898,21.898,21.898,21.898,113,0
OAK_A.US,5,20260218,160500,22.03,22.07,21.6,21.6,2583,0
OAK_A.US,5,20260218,161500,22.06,22.06,22.06,22.06,100,0
OAK_A.US,5,20260218,162000,22.05,22.05,22.05,22.05,400,0
OAK_A.US,5,20260218,162500,22.05,22.05,22.05,22.05,400,0
OAK_A.US,5,20260218,165000,22.0499,22.0499,22.0499,22.0499,317,0
OAK_A.US,5,20260218,170000,22.05,22.05,22.05,22.05,100,0
OAK_A.US,5,20260218,181500,22.04,22.04,21.955,21.955,300,0
OAK_A.US,5,20260218,183000,22.05,22.13,21.97,21.97,2636,0
OAK_A.US,5,20260218,191000,22.08,22.08,22.08,22.08,100,0
OAK_A.US,5,20260218,191500,22.09,22.17,21.88,22.17,3095,0
OAK_A.US,5,20260218,200500,22.15,22.15,22.15,22.15,1000,0
OAK_A.US,5,20260218,202000,22.37,22.44,22.15,22.39,1216,0
OAK_A.US,5,20260218,202500,22.43,22.43,22.41,22.41,200,0
OAK_A.US,5,20260218,212500,22.31,22.31,22.31,22.31,100,0
OAK_A.US,5,20260218,214500,22.33,22.33,22.14,22.1775,1215,0
OAK_A.US,5,20260218,215500,22.24,22.24,22.24,22.24,162,0
OAK_A.US,5,20260219,153500,22.146,22.19,22.146,22.19,358,0
OAK_A.US,5,20260219,160000,22.19,22.3,22.19,22.3,509,0
OAK_A.US,5,20260219,163500,22.213,22.213,22.213,22.213,237,0
OAK_A.US,5,20260219,164000,21.95,21.95,21.95,21.95,141,0
OAK_A.US,5,20260219,164500,22.045,22.2199,22.045,22.0992,670,0
OAK_A.US,5,20260219,165500,22.0601,22.0601,22.0601,22.0601,904,0
OAK_A.US,5,20260219,170500,22.22,22.22,22.2199,22.2199,1125,0
OAK_A.US,5,20260219,171000,21.93,22.18,21.92,22.18,907,0
OAK_A.US,5,20260219,173500,21.94,21.94,21.91,21.91,395,0
OAK_A.US,5,20260219,180500,22.15,22.15,22.0235,22.0235,534,0
OAK_A.US,5,20260219,181000,22.06,22.06,22.06,22.06,502,0
OAK_A.US,5,20260219,200500,22.22,22.22,22.22,22.22,231,0
OAK_A.US,5,20260219,204500,22.22,22.22,22.22,22.22,100,0
OAK_A.US,5,20260220,174500,22.1112,22.1112,22.11,22.11,400,0
OAK_A.US,5,20260220,204000,22.02,22.02,22,22,286,0
OAK_A.US,5,20260223,162000,21.97,21.97,21.97,21.97,175,0
OAK_A.US,5,20260223,162500,22,22,22,22,100,0
OAK_A.US,5,20260223,172500,22.065,22.065,22.065,22.065,230,0
OAK_A.US,5,20260223,200500,22.05,22.05,22.05,22.05,500,0
OAK_A.US,5,20260223,211000,22,22.05,22,22.02,1100,0
OAK_A.US,5,20260223,212000,22,22,22,22,100,0
OAK_A.US,5,20260223,213000,22.05,22.05,22.05,22.05,100,0
OAK_A.US,5,20260223,213500,22.03,22.03,22.03,22.03,150,0
OAK_A.US,5,20260223,215000,22.05,22.05,22.05,22.05,186,0
OAK_A.US,5,20260223,215500,22.08,22.08,22.08,22.08,200,0
OAK_A.US,5,20260224,202500,22.12,22.12,22.095,22.095,825,0
OAK_A.US,5,20260224,203000,22.12,22.12,22.12,22.12,958,0
OAK_A.US,5,20260224,204500,22.095,22.095,22.095,22.095,300,0
OAK_A.US,5,20260225,174500,22.1974,22.1974,22.1974,22.1974,400,0
OAK_A.US,5,20260225,184500,22.2,22.21,22.19,22.21,400,0
OAK_A.US,5,20260225,185000,22.2,22.2,22.2,22.2,377,0
OAK_A.US,5,20260225,202000,22.1899,22.2,22.1899,22.2,600,0
OAK_A.US,5,20260225,210500,22.1999,22.1999,22.1999,22.1999,1172,0
OAK_A.US,5,20260225,215500,22.105,22.105,22.105,22.105,1318,0
OAK_A.US,5,20260226,161500,22.1,22.2,22.1,22.2,1000,0
OAK_A.US,5,20260226,165000,22.175,22.175,22.15,22.15,1648,0
OAK_A.US,5,20260226,180000,22.175,22.175,22.15,22.15,2284,0
OAK_A.US,5,20260226,182000,22.15,22.15,22.15,22.15,699,0
OAK_A.US,5,20260226,183000,22.2,22.2,22.19,22.19,250,0
OAK_A.US,5,20260226,204500,22.18,22.2,22.18,22.2,373,0
OAK_A.US,5,20260226,211000,22.27,22.27,22.27,22.27,100,0
OAK_A.US,5,20260226,212500,22.26,22.26,22.234056,22.234056,200,0
OAK_A.US,5,20260226,215000,22.23,22.23,22.23,22.23,112,0
OAK_A.US,5,20260227,154000,22.02,22.02,22,22,2351,0
OAK_A.US,5,20260227,155000,22.1,22.14,22,22.14,1300,0
OAK_A.US,5,20260227,161000,21.64,21.64,21.64,21.64,100,0
OAK_A.US,5,20260227,162500,21.6991,21.6991,21.6991,21.6991,475,0
OAK_A.US,5,20260227,164000,21.71,21.71,21.71,21.71,100,0
OAK_A.US,5,20260227,164500,21.71,21.71,21.68,21.68,1500,0
OAK_A.US,5,20260227,171500,21.68,21.68,21.68,21.68,100,0
OAK_A.US,5,20260227,172500,21.8319,21.8319,21.8319,21.8319,310,0
OAK_A.US,5,20260227,175000,21.7327,21.7327,21.7327,21.7327,100,0
OAK_A.US,5,20260227,181500,21.91,21.91,21.6801,21.773,540,0
OAK_A.US,5,20260227,182000,21.8443,21.8443,21.835,21.835,250,0
OAK_A.US,5,20260227,183500,21.68,21.68,21.68,21.68,100,0
OAK_A.US,5,20260227,192000,21.71,21.71,21.68,21.68,700,0
OAK_A.US,5,20260227,193500,21.68,21.68,21.68,21.68,400,0
OAK_A.US,5,20260227,194000,21.82,21.82,21.7784,21.7784,300,0
OAK_A.US,5,20260227,194500,21.67,21.67,21.66,21.66,600,0
OAK_A.US,5,20260227,195500,21.7536,21.79,21.6942,21.7084,500,0
OAK_A.US,5,20260227,200500,21.66,21.66,21.65,21.65,500,0
OAK_A.US,5,20260227,201500,21.65,21.77,21.62,21.62,788,0
OAK_A.US,5,20260227,203000,21.58,21.58,21.58,21.58,666,0
OAK_A.US,5,20260227,204000,21.58,21.58,21.58,21.58,100,0
OAK_A.US,5,20260227,205000,21.58,21.58,21.58,21.58,542,0
OAK_A.US,5,20260227,210000,21.56,21.705,21.56,21.705,600,0
OAK_A.US,5,20260227,211500,21.55,21.55,21.55,21.55,100,0
OAK_A.US,5,20260227,212000,21.55,21.55,21.55,21.55,600,0
OAK_A.US,5,20260227,213500,21.55,21.55,21.55,21.55,558,0
OAK_A.US,5,20260227,214500,21.55,21.55,21.55,21.55,542,0
OAK_A.US,5,20260227,215000,21.55,21.55,21.55,21.55,300,0
OAK_A.US,5,20260227,215500,21.59,21.68,21.39,21.39,20213,0
OAK_A.US,5,20260302,165500,21.77,21.77,21.77,21.77,100,0
OAK_A.US,5,20260302,191500,21.58,21.6,21.42,21.42,2547,0
OAK_A.US,5,20260302,192000,21.484,21.484,21.42,21.43,3086,0
OAK_A.US,5,20260302,195500,21.54,21.54,21.54,21.54,100,0
OAK_A.US,5,20260302,212500,21.4,21.4,21.4,21.4,231,0
OAK_A.US,5,20260302,215500,21.5,21.5,21.5,21.5,255,0
OAK_A.US,5,20260303,153000,21.9,21.9,21.9,21.9,200,0
OAK_A.US,5,20260303,155500,21.4071,21.4071,21.4071,21.4071,400,0
OAK_A.US,5,20260303,160500,21.3,21.3,21.3,21.3,100,0
OAK_A.US,5,20260303,162000,21.3,21.3,21.3,21.3,179,0
OAK_A.US,5,20260303,165500,21.4,21.45,21.4,21.45,400,0
OAK_A.US,5,20260303,172000,21.435,21.4499,21.435,21.4499,288,0
OAK_A.US,5,20260303,173500,21.4484,21.4484,21.4484,21.4484,100,0
OAK_A.US,5,20260303,175500,21.4138,21.4138,21.4138,21.4138,250,0
OAK_A.US,5,20260303,184500,21.54,21.54,21.54,21.54,100,0
OAK_A.US,5,20260303,192500,21.44,21.56,21.44,21.55,3993,0
OAK_A.US,5,20260303,194000,21.33,21.34,21.13,21.28,3865,0
OAK_A.US,5,20260303,204000,21.22,21.22,21.22,21.22,159,0
OAK_A.US,5,20260303,205000,21.435,21.435,21.435,21.435,100,0
OAK_A.US,5,20260304,162000,21.66,21.68,21.505,21.66,1500,0
OAK_A.US,5,20260304,164000,21.68,21.7,21.67,21.67,800,0
OAK_A.US,5,20260304,164500,21.69,21.69,21.69,21.69,100,0
OAK_A.US,5,20260304,172000,21.57,21.57,21.57,21.57,600,0
OAK_A.US,5,20260304,175500,21.57,21.57,21.57,21.57,879,0
OAK_A.US,5,20260304,180500,21.46,21.57,21.46,21.57,900,0
OAK_A.US,5,20260304,193500,21.6,21.6,21.6,21.6,100,0
OAK_A.US,5,20260304,195000,21.6,21.6,21.6,21.6,250,0
OAK_A.US,5,20260304,202500,21.68,21.78,21.68,21.7,2526,0
OAK_A.US,5,20260304,210000,21.64,21.64,21.64,21.64,200,0
OAK_A.US,5,20260305,163500,21.4348,21.4348,21.4348,21.4348,489,0
OAK_A.US,5,20260305,165000,21.415,21.415,21.415,21.415,100,0
OAK_A.US,5,20260305,171000,21.415,21.4999,21.3862,21.415,2800,0
OAK_A.US,5,20260305,171500,21.415,21.4795,21.415,21.4238,1100,0
OAK_A.US,5,20260305,172500,21.33,21.33,21.33,21.33,100,0
OAK_A.US,5,20260305,173000,21.415,21.4795,21.415,21.4795,200,0
OAK_A.US,5,20260305,173500,21.4474,21.499,21.415,21.4795,1100,0
OAK_A.US,5,20260305,174000,21.3864,21.3864,21.3864,21.3864,1030,0
OAK_A.US,5,20260305,175000,21.4807,21.4807,21.42,21.4807,1300,0
OAK_A.US,5,20260305,180000,21.46,21.4993,21.42,21.4209,400,0
OAK_A.US,5,20260305,181000,21.4999,21.4999,21.4999,21.4999,100,0
OAK_A.US,5,20260305,185000,21.48,21.48,21.48,21.48,100,0
OAK_A.US,5,20260305,192500,21.5,21.5,21.5,21.5,100,0
OAK_A.US,5,20260305,200500,21.5,21.5,21.5,21.5,100,0
OAK_A.US,5,20260306,165500,21.37,21.37,21.37,21.37,100,0
OAK_A.US,5,20260306,171500,21.57,21.65,21.57,21.57,400,0
OAK_A.US,5,20260306,181500,21.65,21.65,21.65,21.65,171,0
OAK_A.US,5,20260306,190000,21.58,21.8,21.58,21.77,3760,0
OAK_A.US,5,20260306,202000,21.3701,21.8,21.3701,21.8,2498,0
OAK_A.US,5,20260306,215000,21.575,21.575,21.3701,21.4,400,0
OAK_A.US,5,20260309,153000,21.58,21.58,21.36,21.36,200,0
OAK_A.US,5,20260309,160000,21.5921,21.5921,21.5921,21.5921,100,0
OAK_A.US,5,20260309,161500,21.37,21.5649,21.3601,21.38,2250,0
OAK_A.US,5,20260309,163500,21.565,21.73,21.565,21.73,200,0
OAK_A.US,5,20260309,171500,21.534,21.565,21.534,21.565,200,0
OAK_A.US,5,20260309,172000,21.63,21.63,21.63,21.63,100,0
OAK_A.US,5,20260309,175000,21.38,21.55,21.36,21.55,1350,0
OAK_A.US,5,20260309,182500,21.41,21.55,21.41,21.55,3966,0
OAK_A.US,5,20260309,185000,21.53,21.53,21.53,21.53,100,0
OAK_A.US,5,20260309,185500,21.3871,21.3871,21.3871,21.3871,230,0
OAK_A.US,5,20260309,191500,21.3609,21.3609,21.3609,21.3609,250,0
OAK_A.US,5,20260309,203000,21.3827,21.3827,21.3827,21.3827,100,0
OAK_A.US,5,20260309,204000,21.416937,21.445,21.416937,21.445,200,0
OAK_A.US,5,20260309,205000,21.445,21.51,21.445,21.51,200,0
OAK_A.US,5,20260311,164500,21.7,21.7,21.67,21.67,2500,0
OAK_A.US,5,20260311,172500,21.7,21.7,21.7,21.7,100,0
OAK_A.US,5,20260311,175500,21.7,21.7,21.7,21.7,192,0
OAK_A.US,5,20260311,183500,21.7,21.7,21.4101,21.4101,998,0
OAK_A.US,5,20260311,191000,21.7,21.7,21.7,21.7,100,0
OAK_A.US,5,20260311,194500,21.7,21.7,21.7,21.7,198,0
OAK_A.US,5,20260311,201000,21.45,21.45,21.45,21.45,100,0
OAK_A.US,5,20260311,202000,21.64,21.64,21.64,21.64,198,0
OAK_A.US,5,20260311,202500,21.48,21.48,21.45,21.45,300,0
OAK_A.US,5,20260311,204500,21.48,21.48,21.48,21.48,100,0
OAK_A.US,5,20260311,205000,21.48,21.48,21.4139,21.48,400,0
OAK_A.US,5,20260311,205500,21.4155,21.6,21.4134,21.4536,1300,0
OAK_A.US,5,20260312,151500,21.53,21.53,21.53,21.53,295,0
OAK_A.US,5,20260312,163000,21.53,21.57,21.5001,21.57,304,0
OAK_A.US,5,20260312,171500,21.26,21.26,21.26,21.26,151,0
OAK_A.US,5,20260312,172500,21.305,21.305,21.305,21.305,100,0
OAK_A.US,5,20260312,175000,21.525,21.525,21.525,21.525,500,0
OAK_A.US,5,20260312,190500,21.2556,21.2556,21.2556,21.2556,1000,0
OAK_A.US,5,20260312,194000,21.525,21.525,21.525,21.525,1176,0
OAK_A.US,5,20260312,200000,21.3833,21.5,21.3833,21.5,508,0
OAK_A.US,5,20260312,204500,21.2501,21.2501,21.2501,21.2501,120,0
OAK_A.US,5,20260312,205000,21.26,21.26,21.26,21.26,100,0
OAK_A.US,5,20260313,144000,21.4096,21.4096,21.4096,21.4096,150,0
OAK_A.US,5,20260313,144500,21.26,21.2601,21.26,21.2601,600,0
OAK_A.US,5,20260313,163500,21.49,21.49,21.49,21.49,110,0
OAK_A.US,5,20260313,174500,21.26,21.26,21.26,21.26,100,0
OAK_A.US,5,20260313,205500,21.35,21.35,21.35,21.35,333,0
OAK_A.US,5,20260316,143000,21.5587,21.5587,21.5,21.5,286,0
OAK_A.US,5,20260316,144500,21.5,21.5,21.5,21.5,458,0
OAK_A.US,5,20260316,152500,21.6,21.6,21.6,21.6,300,0
OAK_A.US,5,20260316,161000,21.59,21.6,21.59,21.6,494,0
OAK_A.US,5,20260316,165500,21.27,21.27,21.27,21.27,100,0
OAK_A.US,5,20260316,173500,21.27,21.27,21.27,21.27,100,0
OAK_A.US,5,20260316,184500,21.28,21.28,21.28,21.28,100,0
OAK_A.US,5,20260316,190000,21.28,21.32,21.28,21.32,720,0
OAK_A.US,5,20260316,191500,21.31,21.31,21.31,21.31,212,0
OAK_A.US,5,20260316,195500,21.31,21.31,21.31,21.31,200,0
OAK_A.US,5,20260316,203500,21.28,21.59,21.28,21.33,3897,0
OAK_A.US,5,20260317,144500,21.31,21.31,21.26,21.31,724,0
OAK_A.US,5,20260317,184500,21.3099,21.3099,21.3099,21.3099,100,0
OAK_A.US,5,20260317,195000,21.25,21.25,21.25,21.25,343,0
OAK_A.US,5,20260317,201500,21.3,21.53,21.26,21.26,4058,0
OAK_A.US,5,20260317,203500,21.395,21.395,21.3593,21.366,900,0
OAK_A.US,5,20260318,154000,21.5,21.5,21.5,21.5,3690,0
OAK_A.US,5,20260318,155500,21.27,21.32,21.27,21.32,221,0
OAK_A.US,5,20260318,180000,21.44,21.44,21.3304,21.3304,400,0
OAK_A.US,5,20260318,182500,21.2891,21.2891,21.2891,21.2891,432,0
OAK_A.US,5,20260318,185000,21.3228,21.3228,21.3228,21.3228,200,0
OAK_A.US,5,20260318,185500,21.392,21.392,21.3228,21.3228,200,0
OAK_A.US,5,20260318,190500,21.26,21.26,21.26,21.26,200,0
OAK_A.US,5,20260318,195500,21.26,21.26,21.26,21.26,250,0
OAK_A.US,5,20260318,201000,21.425,21.425,21.425,21.425,100,0
OAK_A.US,5,20260318,205500,21.32,21.43,21.32,21.43,600,0
OAK_A.US,5,20260319,154500,21.49,21.75,21.49,21.75,750,0
OAK_A.US,5,20260319,163000,21.75,21.75,21.75,21.75,125,0
OAK_A.US,5,20260319,165000,21.42,21.42,21.42,21.42,133,0
OAK_A.US,5,20260319,170000,21.6762,21.7499,21.4,21.61,2400,0
OAK_A.US,5,20260319,170500,21.575,21.7499,21.575,21.575,1200,0
OAK_A.US,5,20260319,171000,21.6796,21.6796,21.575,21.575,2200,0
OAK_A.US,5,20260319,171500,21.575,21.677,21.575,21.677,400,0
OAK_A.US,5,20260319,172000,21.677,21.72,21.575,21.6804,1663,0
OAK_A.US,5,20260319,172500,21.75,21.75,21.631,21.631,550,0
OAK_A.US,5,20260319,173000,21.6984,21.74,21.631,21.74,800,0
OAK_A.US,5,20260319,174000,21.61,21.74,21.61,21.74,400,0
OAK_A.US,5,20260319,175000,21.75,21.75,21.75,21.75,345,0
OAK_A.US,5,20260319,180000,21.575,21.575,21.575,21.575,297,0
OAK_A.US,5,20260319,180500,21.7499,21.7499,21.4122,21.4122,1103,0
OAK_A.US,5,20260319,182500,21.6873,21.6873,21.6873,21.6873,100,0
OAK_A.US,5,20260319,185500,21.58,21.58,21.58,21.58,200,0
OAK_A.US,5,20260319,191000,21.684,21.684,21.631,21.631,431,0
OAK_A.US,5,20260319,191500,21.73,21.81,21.73,21.81,1700,0
OAK_A.US,5,20260319,192000,21.64,21.85,21.64,21.85,900,0
OAK_A.US,5,20260319,192500,21.6501,21.6501,21.6501,21.6501,400,0
OAK_A.US,5,20260319,205000,21.8,21.8,21.8,21.8,100,0
OAK_A.US,5,20260319,205500,21.8,21.8,21.8,21.8,200,0
OAK_A.US,5,20260320,144000,21.1,21.48,21.1,21.48,2900,0
OAK_A.US,5,20260320,144500,21.0601,21.0601,21.0601,21.0601,1500,0
OAK_A.US,5,20260320,152500,21.1,21.45,21.1,21.45,574,0
OAK_A.US,5,20260320,154500,21.17,21.1701,21.14,21.1701,500,0
OAK_A.US,5,20260320,161500,21.38,21.38,21.38,21.38,200,0
OAK_A.US,5,20260320,165000,21.585,21.585,21.585,21.585,900,0
OAK_A.US,5,20260320,171500,21.61,21.61,21.61,21.61,100,0
OAK_A.US,5,20260320,174500,21.18,21.18,21.0504,21.0504,964,0
OAK_A.US,5,20260320,181000,21.45,21.59,21.325,21.54,2747,0
OAK_A.US,5,20260320,205500,21.06,21.06,21.06,21.06,100,0
OAK_A.US,5,20260323,170500,21.49,21.49,21.49,21.49,100,0
OAK_A.US,5,20260323,171500,21.275,21.38,21.07,21.38,2670,0
OAK_A.US,5,20260323,173000,21.36,21.36,21.36,21.36,100,0
OAK_A.US,5,20260323,174000,21.5161,21.5399,21.5161,21.5399,767,0
OAK_A.US,5,20260323,174500,21.34,21.53,21.275,21.275,889,0
OAK_A.US,5,20260323,175500,21.36,21.36,21.36,21.36,100,0
OAK_A.US,5,20260323,180000,21.44,21.44,21.44,21.44,100,0
OAK_A.US,5,20260323,181000,21.44,21.46,21.44,21.46,200,0
OAK_A.US,5,20260323,182000,21.5399,21.5399,21.5399,21.5399,702,0
OAK_A.US,5,20260323,182500,21.45,21.45,21.45,21.45,100,0
OAK_A.US,5,20260323,183000,21.45,21.45,21.45,21.45,130,0
OAK_A.US,5,20260323,183500,21.48,21.48,21.48,21.48,100,0
OAK_A.US,5,20260323,184000,21.51,21.51,21.51,21.51,100,0
OAK_A.US,5,20260323,185000,21.49,21.49,21.49,21.49,100,0
OAK_A.US,5,20260323,185500,21.34,21.3499,21.33,21.3499,300,0
OAK_A.US,5,20260323,190000,21.35,21.35,21.35,21.35,200,0
OAK_A.US,5,20260323,191500,21.35,21.35,21.35,21.35,100,0
OAK_A.US,5,20260323,192000,21.35,21.35,21.35,21.35,200,0
OAK_A.US,5,20260323,193500,21.35,21.35,21.35,21.35,100,0
OAK_A.US,5,20260323,195000,21.35,21.35,21.35,21.35,100,0
OAK_A.US,5,20260323,195500,21.35,21.35,21.195,21.195,312,0
OAK_A.US,5,20260323,201000,21.33,21.33,21.195,21.195,1100,0
OAK_A.US,5,20260323,201500,21.33,21.33,21.33,21.33,100,0
OAK_A.US,5,20260323,202000,21.33,21.33,21.33,21.33,100,0
OAK_A.US,5,20260323,202500,21.33,21.33,21.33,21.33,100,0
OAK_A.US,5,20260323,203500,21.35,21.35,21.35,21.35,100,0
OAK_A.US,5,20260323,204000,21.35,21.35,21.35,21.35,100,0
OAK_A.US,5,20260323,204500,21.35,21.35,21.35,21.35,200,0
OAK_A.US,5,20260323,205000,21.35,21.35,21.35,21.35,200,0
OAK_A.US,5,20260323,205500,21.35,21.35,21.35,21.35,851,0
OAK_A.US,5,20260324,174500,21.1,21.1,21.1,21.1,100,0
OAK_A.US,5,20260324,175000,21.4,21.4,21.12,21.12,208,0
OAK_A.US,5,20260324,180000,21.35,21.35,21.35,21.35,100,0
OAK_A.US,5,20260324,181000,21.35,21.35,21.35,21.35,100,0
OAK_A.US,5,20260324,182000,21.35,21.35,21.35,21.35,100,0
OAK_A.US,5,20260324,184000,21.4,21.4,21.4,21.4,100,0
OAK_A.US,5,20260324,184500,21.2343,21.2343,21.2343,21.2343,200,0
OAK_A.US,5,20260324,185000,21.315,21.3198,21.315,21.315,500,0
OAK_A.US,5,20260324,185500,21.34,21.34,21.34,21.34,100,0
OAK_A.US,5,20260324,190000,21.38,21.38,21.38,21.38,100,0
OAK_A.US,5,20260324,190500,21.315,21.315,21.24,21.304,600,0
OAK_A.US,5,20260324,191000,21.37,21.37,21.37,21.37,100,0
OAK_A.US,5,20260324,192000,21.37,21.37,21.37,21.37,100,0
OAK_A.US,5,20260324,193000,21.37,21.37,21.37,21.37,100,0
OAK_A.US,5,20260324,194000,21.38,21.38,21.38,21.38,100,0
OAK_A.US,5,20260324,195000,21.4,21.4,21.4,21.4,100,0
OAK_A.US,5,20260324,200000,21.4,21.4,21.4,21.4,100,0
OAK_A.US,5,20260324,200500,21.4,21.4,21.4,21.4,100,0
OAK_A.US,5,20260324,201000,21.315,21.315,21.315,21.315,100,0
OAK_A.US,5,20260324,201500,21.39,21.39,21.39,21.39,100,0
OAK_A.US,5,20260324,202000,21.4,21.4,21.4,21.4,100,0
OAK_A.US,5,20260324,202500,21.4,21.4,21.4,21.4,100,0
OAK_A.US,5,20260324,203000,21.39,21.39,21.39,21.39,100,0
OAK_A.US,5,20260324,203500,21.4,21.4,21.4,21.4,300,0
OAK_A.US,5,20260324,204000,21.4,21.4,21.4,21.4,100,0
OAK_A.US,5,20260324,204500,21.4,21.4,21.4,21.4,100,0
OAK_A.US,5,20260324,205000,21.48,21.48,21.48,21.48,100,0
OAK_A.US,5,20260324,205500,21.52,21.52,21.51,21.52,516,0
OAK_A.US,5,20260325,154000,21.499,21.499,21.499,21.499,1200,0
OAK_A.US,5,20260325,165000,21.275,21.275,21.275,21.275,2600,0
OAK_A.US,5,20260325,173000,21.2313,21.2313,21.2313,21.2313,275,0
OAK_A.US,5,20260325,173500,21.2309,21.2309,21.2309,21.2309,1400,0
OAK_A.US,5,20260325,174500,21.49,21.5,21.2488,21.2488,4839,0
OAK_A.US,5,20260325,192500,21.29,21.29,21.12,21.12,405,0
OAK_A.US,5,20260325,195500,21.21,21.29,21.15,21.29,1263,0
OAK_A.US,5,20260325,201000,21.297,21.297,21.297,21.297,200,0
OAK_A.US,5,20260325,201500,21.18,21.297,21.17,21.297,600,0
OAK_A.US,5,20260325,202000,21.15,21.2963,21.15,21.1587,700,0
OAK_A.US,5,20260325,202500,21.15,21.2963,21.15,21.1587,2100,0
OAK_A.US,5,20260325,203000,21.15,21.1562,21.02,21.1562,2134,0
OAK_A.US,5,20260325,203500,21.1135,21.1135,21.1135,21.1135,810,0
OAK_A.US,5,20260325,204000,20.93,20.93,20.9,20.9125,1050,0
OAK_A.US,5,20260326,163000,20.93,20.93,20.9,20.9,500,0
OAK_A.US,5,20260326,173500,20.9707,21.0937,20.9707,21.0937,800,0
OAK_A.US,5,20260326,182000,21.045,21.045,20.92,20.92,1100,0
OAK_A.US,5,20260326,191000,20.9,20.9037,20.9,20.9,1500,0
OAK_A.US,5,20260326,192000,20.9,20.964,20.9,20.964,1950,0
OAK_A.US,5,20260326,192500,20.975,20.975,20.975,20.975,500,0
OAK_A.US,5,20260326,204000,20.9,20.9,20.9,20.9,567,0
OAK_A.US,5,20260326,205500,20.9,20.9,20.9,20.9,336,0
OAK_A.US,5,20260327,143000,20.8,20.8,20.8,20.8,251,0
OAK_A.US,5,20260327,170500,21.005,21.005,21.005,21.005,250,0
OAK_A.US,5,20260327,180500,20.8302,20.8302,20.8302,20.8302,100,0
OAK_A.US,5,20260327,185000,20.97,20.97,20.97,20.97,100,0
OAK_A.US,5,20260327,185500,20.97,20.97,20.89,20.89,200,0
OAK_A.US,5,20260327,190500,20.89,20.97,20.89,20.97,200,0
OAK_A.US,5,20260327,191000,20.82,20.82,20.82,20.82,100,0
OAK_A.US,5,20260327,191500,20.8258,20.93,20.8258,20.8258,400,0
OAK_A.US,5,20260327,193000,20.87,20.87,20.8,20.8,1000,0
OAK_A.US,5,20260327,193500,20.865,20.865,20.865,20.865,100,0
OAK_A.US,5,20260327,194000,20.8,20.8001,20.8,20.8001,200,0
OAK_A.US,5,20260327,194500,20.865,20.865,20.865,20.865,100,0
OAK_A.US,5,20260327,195000,20.8,20.93,20.786,20.786,471,0
OAK_A.US,5,20260327,195500,20.93,20.93,20.84,20.84,200,0
OAK_A.US,5,20260327,200000,20.786,20.93,20.75,20.75,1400,0
OAK_A.US,5,20260327,200500,20.93,20.93,20.84,20.84,500,0
OAK_A.US,5,20260327,201000,20.75,20.75,20.75,20.75,100,0
OAK_A.US,5,20260327,202500,20.75,20.75,20.75,20.75,100,0
OAK_A.US,5,20260327,205500,20.75,20.75,20.74,20.74,681,0
OAK_A.US,5,20260330,171000,20.9738,20.9738,20.9738,20.9738,250,0
OAK_A.US,5,20260330,171500,21.066,21.066,21.066,21.066,100,0
OAK_A.US,5,20260330,172000,21.31,21.31,21.005,21.005,200,0
OAK_A.US,5,20260330,172500,21.31,21.31,20.7001,20.7001,400,0
OAK_A.US,5,20260330,173000,21.3,21.3,21,21,400,0
OAK_A.US,5,20260330,180000,20.71,21.0018,20.65,20.65,3000,0
OAK_A.US,5,20260330,181000,20.61,20.61,20.28,20.28,3057,0
OAK_A.US,5,20260330,185000,20.63,20.7,20.63,20.7,493,0
OAK_A.US,5,20260331,153000,20.62,20.62,20.62,20.62,100,0
OAK_A.US,5,20260331,170500,20.2501,20.2501,20.2501,20.2501,107,0
OAK_A.US,5,20260331,171500,20.46,20.46,20.33,20.33,1400,0
OAK_A.US,5,20260331,174000,20.2601,20.2601,20.2601,20.2601,100,0
OAK_A.US,5,20260331,182000,20.38,20.3801,20.27,20.27,2928,0
OAK_A.US,5,20260331,182500,20.95,20.95,20.36,20.9,400,0
OAK_A.US,5,20260331,184000,20.2701,20.2701,20.2701,20.2701,1124,0
OAK_A.US,5,20260331,185500,20.43,20.65,20.43,20.65,700,0
OAK_A.US,5,20260331,191500,20.5,20.5,20.5,20.5,300,0
OAK_A.US,5,20260331,193000,20.4,20.4,20.2901,20.39,1100,0
OAK_A.US,5,20260331,194500,20.59,20.59,20.35,20.35,600,0
OAK_A.US,5,20260331,195000,20.57,20.615,20.5,20.55,924,0
OAK_A.US,5,20260331,200000,20.53,20.53,20.38,20.4,500,0
OAK_A.US,5,20260331,200500,20.52,20.52,20.52,20.52,100,0
OAK_A.US,5,20260331,201000,20.51,20.51,20.4,20.42,400,0
OAK_A.US,5,20260331,202500,20.41,20.55,20.41,20.55,316,0
OAK_A.US,5,20260331,203000,20.61,20.61,20.6,20.6,200,0
OAK_A.US,5,20260331,204000,20.6,20.6,20.41,20.58,500,0
OAK_A.US,5,20260331,204500,20.57,20.57,20.57,20.57,100,0
OAK_A.US,5,20260331,205000,20.56,20.56,20.56,20.56,100,0
OAK_A.US,5,20260331,205500,20.44,20.44,20.41,20.41,243,0
OAK_A.US,5,20260331,210000,20.44,20.44,20.44,20.44,100,0
OAK_A.US,5,20260331,210500,20.61,20.61,20.61,20.61,100,0
OAK_A.US,5,20260331,211000,20.61,20.61,20.57,20.57,200,0
OAK_A.US,5,20260331,211500,20.44,20.57,20.44,20.57,314,0
OAK_A.US,5,20260331,212000,20.56,20.56,20.56,20.56,200,0
OAK_A.US,5,20260331,212500,20.56,20.56,20.41,20.41,314,0
OAK_A.US,5,20260331,213000,20.56,20.61,20.56,20.56,500,0
OAK_A.US,5,20260331,213500,20.45,20.56,20.41,20.44,914,0
OAK_A.US,5,20260331,214000,20.56,20.56,20.42,20.42,400,0
OAK_A.US,5,20260331,214500,20.54,20.54,20.41,20.41,500,0
OAK_A.US,5,20260331,215000,20.41,20.41,20.3,20.31,2250,0
OAK_A.US,5,20260331,215500,20.57,20.57,20.15,20.15,3586,0
OAK_A.US,5,20260401,155500,20.47,20.47,20.25,20.25,1450,0
OAK_A.US,5,20260401,161000,20.34,20.34,20.34,20.34,500,0
OAK_A.US,5,20260401,170500,20.25,20.25,20.25,20.25,600,0
OAK_A.US,5,20260401,173000,20.25,20.25,20.25,20.25,500,0
OAK_A.US,5,20260401,173500,20.21,20.28,20.155,20.1746,2368,0
OAK_A.US,5,20260401,174000,20.155,20.1745,20.1,20.1,1500,0
OAK_A.US,5,20260401,175000,20.16,20.16,20.16,20.16,100,0
OAK_A.US,5,20260401,180000,20.165,20.165,20.165,20.165,1200,0
OAK_A.US,5,20260401,181000,20.15,20.2,20.15,20.1999,1000,0
OAK_A.US,5,20260401,182000,20.15,20.15,20.15,20.15,175,0
OAK_A.US,5,20260401,185000,20.15,20.1749,20.135,20.15,2020,0
OAK_A.US,5,20260401,191500,20.27,20.27,20.27,20.27,100,0
OAK_A.US,5,20260401,195000,20.13,20.13,20.13,20.13,500,0
OAK_A.US,5,20260401,195500,20.1651,20.1651,20.1651,20.1651,100,0
OAK_A.US,5,20260401,200000,20.16,20.16,20.15,20.15,500,0
OAK_A.US,5,20260401,200500,20.18,20.18,20.16,20.16,200,0
OAK_A.US,5,20260401,201000,20.16,20.16,20.15,20.15,2246,0
OAK_A.US,5,20260401,201500,20.16,20.16,20.16,20.16,195,0
OAK_A.US,5,20260401,204500,20.16,20.2,20.15,20.2,1700,0
OAK_A.US,5,20260401,211000,20.41,20.41,20.2,20.3049,2700,0
OAK_A.US,5,20260401,212500,20.2,20.2,20.2,20.2,189,0
OAK_A.US,5,20260402,153000,20.53,20.53,20.53,20.53,1000,0
OAK_A.US,5,20260402,155000,20.4,20.4,20.4,20.4,250,0
OAK_A.US,5,20260402,160000,20.4,20.4,20.4,20.4,100,0
OAK_A.US,5,20260402,163500,20.28,20.28,20.28,20.28,287,0
OAK_A.US,5,20260402,170000,20.2799,20.28,20.2799,20.2799,1396,0
OAK_A.US,5,20260402,171000,20.18,20.18,20.16,20.16,1069,0
OAK_A.US,5,20260402,183500,20.3462,20.3462,20.3462,20.3462,422,0
OAK_A.US,5,20260402,184500,20.28,20.28,20.28,20.28,581,0
OAK_A.US,5,20260402,202000,20.28,20.28,20.28,20.28,100,0
OAK_A.US,5,20260402,203000,20.2689,20.28,20.2689,20.28,400,0
OAK_A.US,5,20260402,203500,20.3508,20.3508,20.3508,20.3508,100,0
OAK_A.US,5,20260402,204000,20.3508,20.3508,20.3508,20.3508,100,0
OAK_A.US,5,20260402,205000,20.28,20.28,20.28,20.28,100,0
OAK_A.US,5,20260402,210500,20.35,20.35,20.35,20.35,200,0
OAK_A.US,5,20260402,211500,20.2,20.262,20.2,20.262,200,0
OAK_A.US,5,20260406,153000,20.42,20.42,20.42,20.42,100,0
OAK_A.US,5,20260406,175000,20.52,20.52,20.52,20.52,893,0
OAK_A.US,5,20260406,193500,20.4181,20.4181,20.4181,20.4181,580,0
OAK_A.US,5,20260406,203500,20.74,20.74,20.74,20.74,100,0
OAK_A.US,5,20260406,215500,20.72,20.73,20.72,20.73,635,0
OAK_A.US,5,20260407,212500,20.46,20.46,20.46,20.46,100,0
OAK_A.US,5,20260407,215000,20.46,20.46,20.46,20.46,300,0
OAK_A.US,5,20260408,153000,20.51,20.51,20.51,20.51,1068,0
OAK_A.US,5,20260408,165000,20.645,20.645,20.52,20.645,1400,0
OAK_A.US,5,20260408,170500,20.79,20.79,20.59,20.59,400,0
OAK_A.US,5,20260408,171000,20.645,20.645,20.59,20.5901,2790,0
OAK_A.US,5,20260408,173500,20.52,20.53,20.5,20.5,1000,0
OAK_A.US,5,20260408,174000,20.51,20.51,20.5001,20.5001,200,0
OAK_A.US,5,20260408,180500,20.645,20.645,20.5,20.64,4301,0
OAK_A.US,5,20260408,185000,20.41,20.41,20.41,20.41,100,0
OAK_A.US,5,20260408,192000,20.41,20.42,20.4,20.4,950,0
OAK_A.US,5,20260408,192500,20.46,20.46,20.46,20.46,154,0
OAK_A.US,5,20260408,193000,20.46,20.55,20.41,20.55,5694,0
OAK_A.US,5,20260408,200000,20.54,20.55,20.4,20.4,5464,0
OAK_A.US,5,20260408,204500,20.54,20.54,20.54,20.54,100,0
OAK_A.US,5,20260408,212000,20.43,20.43,20.43,20.43,157,0
OAK_A.US,5,20260408,215000,20.45,20.5,20.45,20.5,400,0
OAK_A.US,5,20260408,215500,20.79,20.79,20.79,20.79,1500,0
OAK_A.US,5,20260409,153000,20.74,20.74,20.74,20.74,359,0
OAK_A.US,5,20260409,162000,20.58,20.58,20.58,20.58,425,0
OAK_A.US,5,20260409,183000,20.63,20.6502,20.63,20.63,300,0
OAK_A.US,5,20260409,195000,20.63,20.63,20.63,20.63,350,0
OAK_A.US,5,20260409,195500,20.63,20.7029,20.625,20.7029,300,0
OAK_A.US,5,20260409,200000,20.7299,20.73,20.63,20.73,600,0
OAK_A.US,5,20260409,203000,20.71,20.71,20.71,20.71,400,0
OAK_A.US,5,20260409,204500,20.78,20.78,20.78,20.78,100,0
OAK_A.US,5,20260409,211500,20.79,20.79,20.77,20.79,500,0
OAK_A.US,5,20260409,212000,20.7101,20.8,20.71,20.8,4832,0
OAK_A.US,5,20260409,212500,20.75,20.75,20.75,20.75,100,0
OAK_A.US,5,20260409,213500,20.75,20.75,20.75,20.75,100,0
OAK_A.US,5,20260409,214500,20.75,20.8,20.75,20.8,1200,0
OAK_A.US,5,20260409,215500,20.8,20.8,20.7,20.7,898,0
OAK_A.US,5,20260410,153000,20.87,20.87,20.87,20.87,100,0
OAK_A.US,5,20260410,153500,20.51,20.51,20.51,20.51,100,0
OAK_A.US,5,20260410,155000,20.59,20.59,20.59,20.59,100,0
OAK_A.US,5,20260410,155500,20.55,20.55,20.55,20.55,100,0
OAK_A.US,5,20260410,165500,20.57,20.57,20.57,20.57,100,0
OAK_A.US,5,20260410,170500,20.57,20.57,20.57,20.57,100,0
OAK_A.US,5,20260410,171000,20.57,20.57,20.57,20.57,100,0
OAK_A.US,5,20260410,172000,20.58,20.58,20.58,20.58,100,0
OAK_A.US,5,20260410,182000,20.55,20.55,20.55,20.55,100,0
OAK_A.US,5,20260410,183500,20.55,20.55,20.55,20.55,300,0
OAK_A.US,5,20260410,184500,20.53,20.53,20.53,20.53,100,0
OAK_A.US,5,20260410,190000,20.5,20.5,20.5,20.5,100,0
OAK_A.US,5,20260410,190500,20.5,20.5,20.5,20.5,200,0
OAK_A.US,5,20260410,194000,20.45,20.45,20.45,20.45,100,0
OAK_A.US,5,20260410,195500,20.46,20.64,20.46,20.64,200,0
OAK_A.US,5,20260410,200000,20.47,20.62,20.47,20.62,400,0
OAK_A.US,5,20260410,200500,20.61,20.61,20.61,20.61,100,0
OAK_A.US,5,20260410,201000,20.48,20.48,20.48,20.48,100,0
OAK_A.US,5,20260410,201500,20.49,20.49,20.49,20.49,100,0
OAK_A.US,5,20260410,202000,20.49,20.49,20.49,20.49,100,0
OAK_A.US,5,20260410,202500,20.5,20.5,20.5,20.5,100,0
OAK_A.US,5,20260410,203000,20.54,20.54,20.49,20.49,600,0
OAK_A.US,5,20260410,203500,20.47,20.47,20.45,20.45,900,0
OAK_A.US,5,20260410,204000,20.45,20.45,20.4,20.4,1373,0
OAK_A.US,5,20260410,204500,20.41,20.41,20.41,20.41,100,0
OAK_A.US,5,20260410,205500,20.45,20.49,20.41,20.49,599,0
OAK_A.US,5,20260410,210000,20.42,20.42,20.42,20.42,100,0
OAK_A.US,5,20260410,210500,20.45,20.45,20.43,20.43,200,0
OAK_A.US,5,20260410,211000,20.41,20.49,20.41,20.48,2231,0
OAK_A.US,5,20260410,211500,20.41,20.445,20.41,20.445,201,0
OAK_A.US,5,20260410,212500,20.42,20.42,20.42,20.42,200,0
OAK_A.US,5,20260410,213000,20.42,20.42,20.42,20.42,200,0
OAK_A.US,5,20260410,213500,20.4,20.4,20.4,20.4,400,0
OAK_A.US,5,20260410,214000,20.4,20.4,20.4,20.4,300,0
OAK_A.US,5,20260410,214500,20.32,20.32,20.28,20.28,300,0
OAK_A.US,5,20260410,215500,20.342,20.342,20.342,20.342,250,0
OAK_A.US,5,20260413,153000,20.34,20.34,20.34,20.34,195,0
OAK_A.US,5,20260413,165500,20.445,20.63,20.445,20.63,600,0
OAK_A.US,5,20260413,175000,20.45,20.45,20.45,20.45,168,0
OAK_A.US,5,20260413,175500,20.31,20.31,20.31,20.31,100,0
OAK_A.US,5,20260413,184500,20.6399,20.6399,20.6399,20.6399,250,0
OAK_A.US,5,20260413,185500,20.45,20.48,20.45,20.48,202,0
OAK_A.US,5,20260413,190500,20.48,20.48,20.48,20.48,100,0
OAK_A.US,5,20260413,191000,20.48,20.48,20.48,20.48,100,0
OAK_A.US,5,20260413,192000,20.48,20.48,20.48,20.48,100,0
OAK_A.US,5,20260413,192500,20.45,20.45,20.45,20.45,100,0
OAK_A.US,5,20260413,193500,20.48,20.48,20.48,20.48,100,0
OAK_A.US,5,20260413,194000,20.64,20.64,20.37,20.37,600,0
OAK_A.US,5,20260413,195000,20.48,20.48,20.48,20.48,200,0
OAK_A.US,5,20260413,200000,20.48,20.48,20.48,20.48,400,0
OAK_A.US,5,20260413,200500,20.48,20.48,20.48,20.48,100,0
OAK_A.US,5,20260413,201500,20.48,20.48,20.48,20.48,100,0
OAK_A.US,5,20260413,202000,20.48,20.48,20.48,20.48,100,0
OAK_A.US,5,20260413,203000,20.48,20.48,20.48,20.48,100,0
OAK_A.US,5,20260413,205000,20.5,20.5,20.5,20.5,200,0
OAK_A.US,5,20260413,205500,20.5,20.5,20.5,20.5,100,0
OAK_A.US,5,20260413,210000,20.5,20.5,20.5,20.5,953,0
OAK_A.US,5,20260413,211000,20.49,20.49,20.49,20.49,100,0
OAK_A.US,5,20260413,211500,20.48,20.48,20.48,20.48,100,0
OAK_A.US,5,20260413,212000,20.49,20.49,20.49,20.49,100,0
OAK_A.US,5,20260413,212500,20.49,20.49,20.49,20.49,100,0
OAK_A.US,5,20260413,214500,20.54,20.54,20.54,20.54,100,0
OAK_A.US,5,20260414,153500,20.2501,20.2501,20.2501,20.2501,300,0
OAK_A.US,5,20260414,161500,20.63,20.63,20.63,20.63,437,0
OAK_A.US,5,20260414,162000,20.74,20.74,20.74,20.74,100,0
OAK_A.US,5,20260414,163500,20.74,20.74,20.74,20.74,100,0
OAK_A.US,5,20260414,164000,20.8807,20.8807,20.8807,20.8807,150,0
OAK_A.US,5,20260414,165500,20.87,20.87,20.635,20.635,2100,0
OAK_A.US,5,20260414,172500,20.635,20.89,20.635,20.89,200,0
OAK_A.US,5,20260414,173500,20.9,20.9,20.9,20.9,100,0
OAK_A.US,5,20260414,175000,20.77,20.77,20.77,20.77,100,0
OAK_A.US,5,20260414,182500,20.77,20.78,20.75,20.76,748,0
OAK_A.US,5,20260414,184500,20.54,20.54,20.54,20.54,480,0
OAK_A.US,5,20260414,185000,20.76,20.79,20.76,20.79,300,0
OAK_A.US,5,20260414,200000,20.99,20.99,20.99,20.99,700,0
OAK_A.US,5,20260414,201000,21,21,21,21,100,0
OAK_A.US,5,20260414,201500,21,21,20.965,20.99,1574,0
OAK_A.US,5,20260414,202000,21,21,21,21,100,0
OAK_A.US,5,20260414,202500,21,21,21,21,625,0
OAK_A.US,5,20260414,203000,21,21,21,21,388,0
OAK_A.US,5,20260414,203500,20.96,21,20.96,20.98,604,0
OAK_A.US,5,20260414,205500,21.02,21.02,21.02,21.02,100,0
OAK_A.US,5,20260414,210000,21.02,21.07,21.02,21.07,200,0
OAK_A.US,5,20260414,211000,21.06,21.06,21.06,21.06,100,0
OAK_A.US,5,20260414,211500,21.07,21.07,21.07,21.07,100,0
OAK_A.US,5,20260414,214000,21.07,21.09,21.07,21.0884,850,0
OAK_A.US,5,20260414,214500,21.08,21.08,21.08,21.08,100,0
OAK_A.US,5,20260414,215000,21.09,21.09,21.09,21.09,225,0
OAK_A.US,5,20260414,215500,21.14,21.28,21.13,21.16,1100,0
OAK_A.US,5,20260415,155000,21.07,21.07,20.99,20.99,600,0
OAK_A.US,5,20260415,163000,21.1,21.1,21.1,21.1,600,0
OAK_A.US,5,20260415,165000,21.065,21.065,21.065,21.065,844,0
OAK_A.US,5,20260415,171500,21.15,21.15,21.15,21.15,100,0
OAK_A.US,5,20260415,174000,21.07,21.07,21.07,21.07,1500,0
OAK_A.US,5,20260415,174500,21.16,21.16,21.16,21.16,100,0
OAK_A.US,5,20260415,175500,21.26,21.26,21.26,21.26,100,0
OAK_A.US,5,20260415,181500,21.4,21.4,21.4,21.4,100,0
OAK_A.US,5,20260415,182500,21.4,21.4,21.4,21.4,100,0
OAK_A.US,5,20260415,183500,21.4,21.4,21.4,21.4,100,0
OAK_A.US,5,20260415,184500,21.4,21.4,21.4,21.4,383,0
OAK_A.US,5,20260415,192000,21.45,21.45,21.45,21.45,100,0
OAK_A.US,5,20260415,192500,21.285,21.285,21.285,21.285,250,0
OAK_A.US,5,20260415,193000,21.45,21.45,21.45,21.45,100,0
OAK_A.US,5,20260415,194500,21.45,21.45,21.45,21.45,100,0
OAK_A.US,5,20260415,195500,21.45,21.45,21.45,21.45,100,0
OAK_A.US,5,20260415,200500,21.33,21.33,21.33,21.33,100,0
OAK_A.US,5,20260415,201500,21.33,21.33,21.33,21.33,100,0
OAK_A.US,5,20260415,202500,21.32,21.32,21.32,21.32,100,0
OAK_A.US,5,20260415,203500,21.32,21.32,21.32,21.32,100,0
OAK_A.US,5,20260415,204500,21.32,21.32,21.32,21.32,100,0
OAK_A.US,5,20260415,210000,21.33,21.33,21.33,21.33,2000,0
OAK_A.US,5,20260415,210500,21.33,21.33,21.265,21.265,957,0
OAK_A.US,5,20260415,211000,21.4,21.4,21.4,21.4,100,0
OAK_A.US,5,20260415,212000,21.4,21.4,21.32,21.32,200,0
OAK_A.US,5,20260415,212500,21.4,21.4,21.4,21.4,100,0
OAK_A.US,5,20260415,214000,21.4,21.4,21.4,21.4,200,0
OAK_A.US,5,20260415,214500,21.4,21.4,21.4,21.4,100,0
OAK_A.US,5,20260415,215000,21.4,21.4,21.4,21.4,100,0
OAK_A.US,5,20260415,215500,21.45,21.45,21.4,21.4,1165,0
OAK_A.US,5,20260416,153000,21.27,21.27,21.27,21.27,1344,0
OAK_A.US,5,20260416,170500,21.0451,21.0451,21.0451,21.0451,500,0
OAK_A.US,5,20260416,173500,20.9204,21.0599,20.9204,21.0599,4200,0
OAK_A.US,5,20260416,193000,21.12,21.12,21.12,21.12,100,0
OAK_A.US,5,20260416,193500,21.16,21.2681,21.1501,21.2681,762,0
OAK_A.US,5,20260416,201000,21.27,21.27,21.27,21.27,400,0
OAK_A.US,5,20260416,204500,21.11,21.13,21.11,21.114,500,0
OAK_A.US,5,20260416,212000,21.08,21.08,21.08,21.08,200,0
OAK_A.US,5,20260416,214000,21.01,21.01,21.01,21.01,125,0
OAK_A.US,5,20260416,214500,21.04,21.04,21.0101,21.0101,702,0
OAK_A.US,5,20260416,215000,21.01,21.01,21.01,21.01,100,0
OAK_A.US,5,20260416,215500,20.82,20.82,20.82,20.82,202,0
OAK_A.US,5,20260417,154500,20.82,20.83,20.76,20.76,600,0
OAK_A.US,5,20260417,161000,21.095,21.095,20.8801,20.8801,300,0
OAK_A.US,5,20260417,163000,20.88,21.04,20.8701,21.04,300,0
OAK_A.US,5,20260417,173000,21.15,21.15,21.15,21.15,200,0
OAK_A.US,5,20260417,173500,21.095,21.095,21.095,21.095,125,0
OAK_A.US,5,20260417,183500,20.9,20.9,20.9,20.9,100,0
OAK_A.US,5,20260417,184000,20.875,20.875,20.875,20.875,303,0
OAK_A.US,5,20260417,185500,20.95,20.95,20.95,20.95,500,0
OAK_A.US,5,20260417,192000,20.91,20.91,20.9001,20.9001,200,0
OAK_A.US,5,20260417,194000,21.02,21.02,21.0101,21.0101,800,0
OAK_A.US,5,20260417,200000,21.0385,21.0385,21.0385,21.0385,301,0
OAK_A.US,5,20260417,212000,21.04,21.34,21,21.04,1146,0
OAK_A.US,5,20260420,153000,20.71,20.71,20.71,20.71,1162,0
OAK_A.US,5,20260420,160500,20.6,20.6,20.6,20.6,1300,0
OAK_A.US,5,20260420,162000,20.69,20.69,20.69,20.69,500,0
OAK_A.US,5,20260420,165500,21.005,21.005,21.005,21.005,100,0
OAK_A.US,5,20260420,173500,21.38,21.38,21.38,21.38,130,0
OAK_A.US,5,20260420,175000,21.2538,21.2538,21.2538,21.2538,300,0
OAK_A.US,5,20260420,193000,20.9749,20.9749,20.6501,20.97,5458,0
OAK_A.US,5,20260420,210000,20.66,20.66,20.66,20.66,100,0
OAK_A.US,5,20260420,210500,20.66,20.66,20.66,20.66,192,0
OAK_A.US,5,20260420,211500,20.66,20.66,20.66,20.66,124,0
OAK_A.US,5,20260420,212500,20.71,21.0899,20.71,20.94,2104,0
OAK_A.US,5,20260420,213000,20.71,20.71,20.71,20.71,200,0
OAK_A.US,5,20260420,214500,20.72,20.72,20.72,20.72,176,0
OAK_A.US,5,20260420,215000,20.88,21,20.88,20.92,1037,0
OAK_A.US,5,20260420,215500,20.73,20.95,20.73,20.95,464,0
OAK_A.US,5,20260421,153000,20.77,20.77,20.77,20.77,1314,0
OAK_A.US,5,20260421,154500,20.6507,20.6507,20.6507,20.6507,500,0
OAK_A.US,5,20260421,164500,20.9536,20.9536,20.9536,20.9536,150,0
OAK_A.US,5,20260421,183000,20.72,20.72,20.72,20.72,100,0
OAK_A.US,5,20260421,184500,20.74,20.8299,20.71,20.73,1700,0
OAK_A.US,5,20260421,214000,20.78,20.78,20.78,20.78,584,0
OAK_A.US,5,20260421,215000,20.8003,20.8003,20.8003,20.8003,119,0
OAK_A.US,5,20260422,153000,20.62,20.62,20.62,20.62,1002,0
OAK_A.US,5,20260422,155500,20.72,20.72,20.72,20.72,300,0
OAK_A.US,5,20260422,160500,20.985,20.985,20.985,20.985,100,0
OAK_A.US,5,20260422,162000,20.74,20.9198,20.72,20.9198,2700,0
OAK_A.US,5,20260422,163000,20.74,20.74,20.67,20.733,2000,0
OAK_A.US,5,20260422,164500,20.7,20.7,20.56,20.56,900,0
OAK_A.US,5,20260422,165000,20.68,20.68,20.68,20.68,200,0
OAK_A.US,5,20260422,170500,20.8,20.8,20.8,20.8,1000,0
OAK_A.US,5,20260422,173000,20.72,20.7688,20.69,20.705,2000,0
OAK_A.US,5,20260422,175000,20.82,20.82,20.82,20.82,500,0
OAK_A.US,5,20260422,183500,20.755,20.8009,20.755,20.8009,2700,0
OAK_A.US,5,20260422,184000,20.8015,20.8799,20.79,20.81,1100,0
OAK_A.US,5,20260422,185000,20.85,21.2499,20.85,21.2499,2995,0
OAK_A.US,5,20260422,192000,21,21,21,21,450,0
OAK_A.US,5,20260422,201000,21.14,21.15,21.14,21.15,327,0
OAK_A.US,5,20260422,202500,21.1248,21.1248,21.1248,21.1248,1000,0
OAK_A.US,5,20260422,204500,21.145,21.145,21.145,21.145,500,0
OAK_A.US,5,20260422,210000,21.21,21.21,21.21,21.21,482,0
OAK_A.US,5,20260422,212500,21.23,21.25,21.23,21.25,739,0
OAK_A.US,5,20260422,214500,21.33,21.33,21.33,21.33,302,0
OAK_A.US,5,20260423,153000,21.17,21.17,21.17,21.17,657,0
OAK_A.US,5,20260423,171000,21,21,21,21,443,0
OAK_A.US,5,20260423,172500,21.075,21.075,21.075,21.075,100,0
OAK_A.US,5,20260423,194500,21.15,21.15,21.1,21.1,650,0
OAK_A.US,5,20260423,195000,20.8,20.84,20.77,20.77,991,0
OAK_A.US,5,20260423,211000,20.99,20.99,20.9601,20.9601,242,0
OAK_A.US,5,20260424,153000,20.94,20.94,20.6,20.6,2000,0
OAK_A.US,5,20260424,175000,20.8794,20.8794,20.8794,20.8794,250,0
OAK_A.US,5,20260424,200000,20.7723,20.7723,20.7723,20.7723,100,0
OAK_A.US,5,20260424,200500,20.845,20.845,20.845,20.845,200,0
OAK_A.US,5,20260424,203000,20.792,20.8,20.79,20.8,360,0
OAK_A.US,5,20260427,171500,20.6701,20.6701,20.6701,20.6701,100,0
OAK_A.US,5,20260427,174000,21.2986,21.2986,21.2986,21.2986,100,0
OAK_A.US,5,20260427,182500,21.09,21.09,21.045,21.045,1627,0
OAK_A.US,5,20260427,201000,20.8301,20.8301,20.8301,20.8301,400,0
OAK_A.US,5,20260427,203500,21.1,21.1,21.1,21.1,1000,0
OAK_A.US,5,20260427,204500,20.8374,20.8374,20.8374,20.8374,830,0
OAK_A.US,5,20260428,160500,21.2,21.2,21.2,21.2,325,0
OAK_A.US,5,20260428,165000,21.15,21.15,21.15,21.15,250,0
OAK_A.US,5,20260428,170500,21.135,21.135,21.135,21.135,280,0
OAK_A.US,5,20260428,201000,21.0101,21.04,21,21.02,1548,0
OAK_A.US,5,20260428,205000,20.95,20.95,20.91,20.91,600,0
OAK_A.US,5,20260429,171000,21.025,21.025,20.7001,20.7001,1750,0
OAK_A.US,5,20260429,172500,20.74,20.74,20.74,20.74,100,0
OAK_A.US,5,20260429,182500,20.74,20.74,20.74,20.74,356,0
OAK_A.US,5,20260429,192000,20.98,21.22,20.98,21.22,1948,0
OAK_A.US,5,20260429,203000,20.77,20.77,20.7601,20.7601,688,0
OAK_A.US,5,20260429,204000,20.7301,20.7301,20.7301,20.7301,250,0
OAK_A.US,5,20260429,212000,20.73,20.8749,20.73,20.8749,1270,0
OAK_A.US,5,20260430,154000,20.7,20.7,20.7,20.7,500,0
OAK_A.US,5,20260430,163500,20.8417,20.8417,20.8417,20.8417,300,0
OAK_A.US,5,20260430,164000,20.69,20.69,20.69,20.69,500,0
OAK_A.US,5,20260430,165000,20.69,20.69,20.69,20.69,500,0
OAK_A.US,5,20260430,173500,20.8,20.8,20.8,20.8,320,0
OAK_A.US,5,20260430,175000,20.775,20.775,20.775,20.775,100,0
OAK_A.US,5,20260430,181500,20.735,20.735,20.735,20.735,150,0
OAK_A.US,5,20260430,182500,20.69,20.69,20.65,20.65,1200,0
OAK_A.US,5,20260430,183500,20.7776,20.7776,20.715,20.715,1250,0
OAK_A.US,5,20260430,191500,20.65,20.685564,20.65,20.685564,611,0
OAK_A.US,5,20260430,204500,20.803,20.803,20.803,20.803,200,0
OAK_A.US,5,20260430,205500,20.83,20.83,20.83,20.83,106,0
OAK_A.US,5,20260430,215000,20.775,20.775,20.775,20.775,300,0
OAK_A.US,5,20260430,215500,20.855,20.855,20.855,20.855,1000,0
OAK_A.US,5,20260501,153000,20.98,20.98,20.98,20.98,105,0
OAK_A.US,5,20260501,162500,20.95,20.95,20.95,20.95,608,0
OAK_A.US,5,20260501,163000,20.95,20.95,20.7001,20.7001,300,0
OAK_A.US,5,20260501,172000,21.1589,21.1589,21.1589,21.1589,451,0
OAK_A.US,5,20260501,174500,20.93,20.93,20.93,20.93,1000,0
OAK_A.US,5,20260501,175000,20.7,20.89,20.66,20.89,3034,0
OAK_A.US,5,20260501,195000,20.8,20.8,20.8,20.8,593,0
OAK_A.US,5,20260501,201000,20.8,20.8,20.8,20.8,200,0
OAK_A.US,5,20260504,153000,20.59,20.81,20.59,20.8001,1170,0
OAK_A.US,5,20260504,154000,21.15,21.15,21.15,21.15,500,0
OAK_A.US,5,20260504,162500,20.925,20.925,20.925,20.925,120,0
OAK_A.US,5,20260504,164000,20.95,20.95,20.95,20.95,100,0
OAK_A.US,5,20260504,171000,20.9,20.9,20.9,20.9,400,0
OAK_A.US,5,20260504,183000,20.7,20.7,20.7,20.7,200,0
OAK_A.US,5,20260504,185000,20.7,20.7,20.7,20.7,100,0
OAK_A.US,5,20260504,192000,20.7,20.785,20.5,20.785,2000,0
OAK_A.US,5,20260504,192500,20.52,20.52,20.5,20.5,871,0
OAK_A.US,5,20260504,201500,20.655,20.655,20.655,20.655,983,0
OAK_A.US,5,20260504,202000,20.655,20.655,20.655,20.655,983,0
OAK_A.US,5,20260504,203500,20.7499,20.7499,20.7499,20.7499,250,0
OAK_A.US,5,20260505,153000,20.51,20.51,20.51,20.51,2319,0
OAK_A.US,5,20260505,154500,20.51,20.8,20.51,20.8,1020,0
OAK_A.US,5,20260505,155500,20.51,20.655,20.51,20.51,2215,0
OAK_A.US,5,20260505,160000,20.51,20.51,20.51,20.51,300,0
OAK_A.US,5,20260505,171500,20.7,20.7,20.7,20.7,300,0
OAK_A.US,5,20260505,173500,20.6,20.6,20.56,20.56,300,0
OAK_A.US,5,20260505,175000,20.6029,20.62,20.6029,20.62,200,0
OAK_A.US,5,20260505,180000,20.61,20.61,20.61,20.61,200,0
OAK_A.US,5,20260505,182000,20.62,20.62,20.62,20.62,100,0
OAK_A.US,5,20260505,182500,20.62,20.62,20.62,20.62,100,0
OAK_A.US,5,20260505,183500,20.61,20.61,20.61,20.61,100,0
OAK_A.US,5,20260505,185000,20.66,20.66,20.66,20.66,100,0
OAK_A.US,5,20260505,192500,20.7,20.7,20.66,20.66,839,0
OAK_A.US,5,20260505,193500,20.7,20.7,20.7,20.7,100,0
OAK_A.US,5,20260505,194500,20.7,20.7,20.7,20.7,100,0
OAK_A.US,5,20260505,195000,20.7,20.7,20.7,20.7,100,0
OAK_A.US,5,20260505,195500,20.6999,20.7,20.66,20.66,804,0
OAK_A.US,5,20260505,201500,20.75,20.75,20.75,20.75,100,0
OAK_A.US,5,20260505,202500,20.75,20.75,20.75,20.75,100,0
OAK_A.US,5,20260505,204500,20.75,20.75,20.75,20.75,100,0
OAK_A.US,5,20260505,212500,21.06,21.06,21.06,21.06,100,0
OAK_A.US,5,20260505,213500,21.08,21.08,21.08,21.08,200,0
OAK_A.US,5,20260505,214000,21.07,21.07,21.07,21.07,100,0
OAK_A.US,5,20260505,214500,21.06,21.06,21.06,21.06,100,0
OAK_A.US,5,20260505,215000,21.07,21.07,21.07,21.07,100,0
OAK_A.US,5,20260505,215500,21.06,21.07,20.875,21.07,999,0
OAK_A.US,5,20260506,153000,20.87,20.87,20.87,20.87,100,0
OAK_A.US,5,20260506,160000,21.08,21.08,20.825,20.825,500,0
OAK_A.US,5,20260506,160500,20.585,20.585,20.585,20.585,500,0
OAK_A.US,5,20260506,163500,20.75,20.75,20.75,20.75,1500,0
OAK_A.US,5,20260506,183500,21,21,21,21,117,0
OAK_A.US,5,20260506,190000,20.8575,20.8575,20.8575,20.8575,500,0
OAK_A.US,5,20260506,195500,21,21,21,21,100,0
OAK_A.US,5,20260506,200000,20.78,21,20.78,21,300,0
OAK_A.US,5,20260506,200500,20.78,20.78,20.78,20.78,1000,0
OAK_A.US,5,20260506,201000,21,21,21,21,100,0
OAK_A.US,5,20260506,201500,21,21,21,21,100,0
OAK_A.US,5,20260506,202000,21,21,21,21,100,0
OAK_A.US,5,20260506,202500,21,21,21,21,100,0
OAK_A.US,5,20260506,205000,21.07,21.07,21.07,21.07,100,0
OAK_A.US,5,20260506,210000,21.07,21.07,21.07,21.07,100,0
OAK_A.US,5,20260506,213000,21.07,21.07,21.07,21.07,500,0
OAK_A.US,5,20260506,214500,21.07,21.07,21.07,21.07,200,0
OAK_A.US,5,20260506,215000,21.07,21.07,21.07,21.07,200,0
OAK_A.US,5,20260506,215500,21.07,21.08,21.02,21.08,1100,0
OAK_A.US,5,20260507,153000,21.1,21.1,21.1,21.1,660,0
OAK_A.US,5,20260507,170000,20.855,20.855,20.855,20.855,600,0
OAK_A.US,5,20260507,170500,20.6119,20.6119,20.6119,20.6119,1000,0
OAK_A.US,5,20260507,173000,20.805,20.805,20.805,20.805,200,0
OAK_A.US,5,20260507,175000,20.7221,20.7221,20.7221,20.7221,131,0
OAK_A.US,5,20260507,193000,20.7701,20.89,20.7701,20.89,450,0
OAK_A.US,5,20260507,215500,20.8664,20.8664,20.8664,20.8664,100,0
OAK_A.US,5,20260508,153000,20.71,20.71,20.71,20.71,541,0
OAK_A.US,5,20260508,153500,20.805,20.805,20.805,20.805,100,0
OAK_A.US,5,20260508,161000,20.83,20.83,20.83,20.83,150,0
OAK_A.US,5,20260508,161500,20.85,20.85,20.85,20.85,100,0
OAK_A.US,5,20260508,165500,20.95,20.95,20.95,20.95,100,0
OAK_A.US,5,20260508,194500,21.05,21.05,21.05,21.05,100,0
OAK_A.US,5,20260508,201500,21,21,21,21,400,0
OAK_A.US,5,20260508,202000,21.075,21.075,21.075,21.075,100,0
OAK_A.US,5,20260508,203000,21.05,21.1,21.05,21.1,4737,0
OAK_A.US,5,20260508,203500,21.1,21.1,21.05,21.1,3995,0
OAK_A.US,5,20260508,204500,21.15,21.15,21.15,21.15,480,0
OAK_A.US,5,20260508,212500,21.15,21.15,21.15,21.15,200,0
OAK_A.US,5,20260511,153000,21.07,21.07,21.07,21.07,100,0
OAK_A.US,5,20260511,155000,21,21,21,21,600,0
OAK_A.US,5,20260511,155500,21,21.3,21,21.3,678,0
OAK_A.US,5,20260511,160500,21,21,21,21,100,0
OAK_A.US,5,20260511,173500,20.72,20.74,20.7001,20.71,1503,0
OAK_A.US,5,20260511,182000,21.02,21.02,21.02,21.02,150,0
OAK_A.US,5,20260511,182500,21,21,21,21,650,0
OAK_A.US,5,20260511,183500,20.968,20.968,20.968,20.968,100,0
OAK_A.US,5,20260511,184000,20.7601,21.28,20.7601,20.7601,750,0
OAK_A.US,5,20260511,191000,20.77,20.77,20.76,20.7601,2260,0
OAK_A.US,5,20260511,202000,20.9,20.9,20.9,20.9,100,0
OAK_A.US,5,20260511,210000,20.88,20.88,20.88,20.88,1664,0
OAK_A.US,5,20260511,211000,20.89,20.89,20.89,20.89,800,0
OAK_A.US,5,20260511,213000,20.95,20.95,20.885,20.885,200,0
OAK_A.US,5,20260511,215500,21.005,21.005,21.005,21.005,250,0
OAK_A.US,5,20260512,153500,20.73,20.89,20.71,20.89,1119,0
OAK_A.US,5,20260512,154000,20.905,20.905,20.905,20.905,499,0
OAK_A.US,5,20260512,162500,20.935,20.935,20.935,20.935,500,0
OAK_A.US,5,20260512,165000,20.94,20.94,20.94,20.94,250,0
OAK_A.US,5,20260512,165500,20.94,20.94,20.94,20.94,100,0
OAK_A.US,5,20260512,170500,20.94,20.94,20.94,20.94,1289,0
OAK_A.US,5,20260512,173500,20.7101,20.7101,20.71,20.71,946,0
OAK_A.US,5,20260512,174000,21.16,21.16,21.16,21.16,150,0
OAK_A.US,5,20260512,182000,20.775,20.775,20.7,20.7001,1330,0
OAK_A.US,5,20260512,182500,20.9,20.9,20.9,20.9,100,0
OAK_A.US,5,20260512,185000,20.7272,20.7272,20.7272,20.7272,395,0
OAK_A.US,5,20260512,190000,20.705,20.705,20.705,20.705,900,0
OAK_A.US,5,20260512,200000,20.58,20.58,20.58,20.58,100,0
OAK_A.US,5,20260512,203500,20.8,20.8,20.8,20.8,310,0
OAK_A.US,5,20260512,210000,20.7,20.7,20.7,20.7,400,0
OAK_A.US,5,20260512,211000,20.76,20.76,20.76,20.76,200,0
OAK_A.US,5,20260512,215000,20.795,20.795,20.795,20.795,605,0
OAK_A.US,5,20260512,215500,20.7,20.764097,20.7,20.76,1113,0
OAK_A.US,5,20260513,165000,20.7,20.7,20.7,20.7,326,0
OAK_A.US,5,20260513,173500,20.7,20.7,20.7,20.7,100,0
OAK_A.US,5,20260513,174000,20.7,20.7,20.7,20.7,200,0
OAK_A.US,5,20260513,180500,20.8,20.8,20.8,20.8,1500,0
OAK_A.US,5,20260513,190000,20.7,20.7,20.7,20.7,140,0
OAK_A.US,5,20260513,192000,20.71,20.77,20.71,20.77,606,0
OAK_A.US,5,20260513,205500,20.76,20.76,20.76,20.76,230,0
OAK_A.US,5,20260513,210500,20.769,20.769,20.769,20.769,100,0
OAK_A.US,5,20260513,215000,20.7,20.7,20.7,20.7,496,0
OAK_A.US,5,20260514,154000,20.7,20.7,20.7,20.7,200,0
OAK_A.US,5,20260514,154500,20.7,20.7001,20.59,20.59,300,0
OAK_A.US,5,20260514,160500,20.7,20.7,20.7,20.7,800,0
OAK_A.US,5,20260514,171500,20.65,20.65,20.65,20.65,100,0
OAK_A.US,5,20260514,172000,20.73,20.73,20.73,20.73,100,0
OAK_A.US,5,20260514,172500,20.73,20.73,20.73,20.73,100,0
OAK_A.US,5,20260514,184000,20.7,20.7,20.7,20.7,400,0
OAK_A.US,5,20260514,184500,20.79,20.79,20.725,20.725,200,0
OAK_A.US,5,20260514,200000,20.65,20.7149,20.65,20.6501,2350,0
OAK_A.US,5,20260514,200500,20.65,20.6501,20.65,20.6501,1392,0
OAK_A.US,5,20260514,201500,20.695,20.695,20.695,20.695,292,0
OAK_A.US,5,20260514,213500,20.65,20.65,20.65,20.65,1020,0
OAK_A.US,5,20260514,214500,20.6672,20.6672,20.6672,20.6672,100,0
OAK_A.US,5,20260514,215500,20.7,20.7,20.7,20.7,304,0
OAK_A.US,5,20260515,161000,20.75,20.84,20.75,20.75,1157,0
OAK_A.US,5,20260515,162000,20.75,20.75,20.75,20.75,500,0
OAK_A.US,5,20260515,163500,20.82,20.85,20.82,20.85,510,0
OAK_A.US,5,20260515,171000,20.75,20.75,20.75,20.75,100,0
OAK_A.US,5,20260515,202000,20.66,20.66,20.66,20.66,200,0
OAK_A.US,5,20260515,213000,20.65,20.65,20.65,20.65,1102,0
OAK_A.US,5,20260515,214000,20.68,20.68,20.68,20.68,244,0
OAK_A.US,5,20260515,215500,20.695,20.7,20.695,20.7,369,0
OAK_A.US,5,20260518,153000,20.67,20.67,20.67,20.67,100,0
OAK_A.US,5,20260518,154000,20.65,20.65,20.65,20.65,100,0
OAK_A.US,5,20260518,161000,20.65,20.65,20.65,20.65,500,0
OAK_A.US,5,20260518,182000,20.77,20.77,20.77,20.77,100,0
OAK_A.US,5,20260518,203000,20.775,20.79,20.775,20.79,878,0
OAK_A.US,5,20260518,204000,20.7991,20.7991,20.7991,20.7991,100,0
OAK_A.US,5,20260518,210000,20.7502,20.7502,20.75,20.75,700,0
OAK_A.US,5,20260518,210500,20.7699,20.7699,20.7699,20.7699,630,0
OAK_A.US,5,20260518,212500,20.75,20.7501,20.735,20.735,313,0
OAK_A.US,5,20260518,213500,20.75,20.75,20.75,20.75,1173,0
OAK_A.US,5,20260518,214500,20.75,20.76,20.75,20.76,441,0
OAK_A.US,5,20260519,154500,20.7482,20.7482,20.7482,20.7482,290,0
OAK_A.US,5,20260519,160000,20.68,20.765,20.68,20.7273,1778,0
OAK_A.US,5,20260519,160500,20.68,20.68,20.68,20.68,200,0
OAK_A.US,5,20260519,171000,20.715,20.75,20.715,20.75,1000,0
OAK_A.US,5,20260519,174000,20.715,20.715,20.715,20.715,100,0
OAK_A.US,5,20260519,175000,20.75,20.75,20.75,20.75,1500,0
OAK_A.US,5,20260519,175500,20.75,20.75,20.75,20.75,263,0
OAK_A.US,5,20260519,182000,20.714,20.75,20.714,20.72,2900,0
OAK_A.US,5,20260519,182500,20.75,20.75,20.735,20.735,2474,0
OAK_A.US,5,20260519,183500,20.75,20.75,20.68,20.68,5953,0
OAK_A.US,5,20260519,184000,20.68,20.69,20.68,20.69,214,0
OAK_A.US,5,20260519,190500,20.6,20.7238,20.6,20.7238,1210,0
OAK_A.US,5,20260519,193000,20.65,20.65,20.65,20.65,100,0
OAK_A.US,5,20260519,193500,20.695,20.695,20.695,20.695,250,0
OAK_A.US,5,20260519,195500,20.7399,20.74,20.65,20.65,750,0
OAK_A.US,5,20260519,210500,20.7268,20.73,20.695,20.695,1080,0
OAK_A.US,5,20260519,211000,20.695,20.695,20.65,20.65,2000,0
OAK_A.US,5,20260519,214500,20.68,20.7094,20.68,20.7094,500,0
OAK_A.US,5,20260519,215000,20.71,20.71,20.7,20.71,300,0
OAK_A.US,5,20260520,153000,20.6,20.6,20.6,20.6,100,0
OAK_A.US,5,20260520,155500,20.84,20.84,20.84,20.84,1000,0
OAK_A.US,5,20260520,180000,20.8216,20.8216,20.715,20.715,850,0
OAK_A.US,5,20260520,182000,20.6023,20.6023,20.6023,20.6023,100,0
OAK_A.US,5,20260520,212000,20.895,20.895,20.895,20.895,100,0
OAK_A.US,5,20260520,212500,20.895,20.895,20.895,20.895,200,0
OAK_A.US,5,20260520,214000,21.075,21.075,20.895,20.895,300,0
OAK_A.US,5,20260521,171000,21.06,21.06,21.06,21.06,100,0
OAK_A.US,5,20260521,171500,20.86,20.86,20.86,20.86,1000,0
OAK_A.US,5,20260521,174000,20.67,20.67,20.67,20.67,100,0
OAK_A.US,5,20260521,182000,20.82,20.82,20.6927,20.82,400,0
OAK_A.US,5,20260521,191500,20.825,20.825,20.6701,20.6701,800,0
OAK_A.US,5,20260521,194000,20.785,20.785,20.785,20.785,164,0
OAK_A.US,5,20260521,195000,20.87,20.87,20.87,20.87,200,0
OAK_A.US,5,20260521,200000,20.6701,20.84,20.6701,20.76,700,0
OAK_A.US,5,20260521,200500,20.68,20.7312,20.65,20.675,1807,0
OAK_A.US,5,20260521,201500,20.73,20.73,20.73,20.73,300,0
OAK_A.US,5,20260521,203000,20.7599,20.7599,20.7599,20.7599,1000,0
OAK_A.US,5,20260521,203500,20.76,20.79,20.76,20.79,801,0
OAK_A.US,5,20260521,212000,20.8647,20.8647,20.8647,20.8647,500,0
OAK_A.US,5,20260521,213000,20.84,20.84,20.84,20.84,250,0
OAK_A.US,5,20260521,215500,20.815,20.815,20.815,20.815,500,0
OAK_A.US,5,20260522,155500,20.875,20.875,20.875,20.875,125,0
OAK_A.US,5,20260522,161500,20.77,20.86,20.77,20.86,800,0
OAK_A.US,5,20260522,164000,20.77,20.77,20.77,20.77,100,0
OAK_A.US,5,20260522,171000,20.8,20.8,20.8,20.8,300,0
OAK_A.US,5,20260522,202000,20.81,20.83,20.8,20.83,500,0
OAK_A.US,5,20260522,214000,20.8,20.821727,20.76173,20.76173,1656,0
OAK_A.US,5,20260522,215500,20.795,20.795,20.795,20.795,240,0
OAK_A.US,5,20260526,162000,20.98,20.98,20.98,20.98,102,0
OAK_A.US,5,20260526,163500,20.9899,20.9899,20.9899,20.9899,200,0
OAK_A.US,5,20260526,164500,20.61,20.9778,20.61,20.9778,681,0
OAK_A.US,5,20260526,171000,20.88,20.89,20.78,20.78,465,0
OAK_A.US,5,20260526,174000,20.66,20.66,20.66,20.66,100,0
OAK_A.US,5,20260526,175000,20.78,20.78,20.78,20.78,350,0
OAK_A.US,5,20260526,181000,20.73,20.785,20.73,20.785,327,0
OAK_A.US,5,20260526,190000,20.86,20.86,20.86,20.86,500,0
OAK_A.US,5,20260526,191500,20.87,20.87,20.87,20.87,693,0
OAK_A.US,5,20260526,192000,20.86,20.86,20.77,20.82,1808,0
OAK_A.US,5,20260526,192500,20.77,20.77,20.76,20.76,922,0
OAK_A.US,5,20260526,195000,20.72,20.72,20.72,20.72,392,0
OAK_A.US,5,20260526,202000,20.76,20.76,20.735,20.735,3455,0
OAK_A.US,5,20260526,202500,20.745,20.77,20.745,20.77,800,0
OAK_A.US,5,20260526,203000,20.77,20.77,20.77,20.77,300,0
OAK_A.US,5,20260526,203500,20.72,20.73,20.7,20.73,1940,0
OAK_A.US,5,20260526,204000,20.69,20.69,20.65,20.65,200,0
OAK_A.US,5,20260526,205500,20.7,20.77,20.6999,20.77,400,0
OAK_A.US,5,20260526,215000,20.83,20.83,20.83,20.83,750,0
OAK_A.US,5,20260527,160000,20.77,20.77,20.62,20.63,3181,0
OAK_A.US,5,20260527,163000,20.84,20.84,20.84,20.84,175,0
OAK_A.US,5,20260527,173000,20.77,20.77,20.77,20.77,200,0
OAK_A.US,5,20260527,175000,20.76,20.76,20.75,20.75,1727,0
OAK_A.US,5,20260527,181500,20.75,20.75,20.75,20.75,500,0
OAK_A.US,5,20260527,191000,20.855,20.855,20.67,20.67,400,0
OAK_A.US,5,20260527,192500,20.725,20.7307,20.725,20.7307,200,0
OAK_A.US,5,20260527,193000,20.725,20.725,20.7,20.717,2999,0
OAK_A.US,5,20260527,215500,20.8795,20.8795,20.8795,20.8795,906,0
OAK_A.US,5,20260528,153000,20.78,20.78,20.78,20.78,100,0
OAK_A.US,5,20260528,163500,21.01,21.03,20.87,21.03,898,0
OAK_A.US,5,20260528,164000,21.02,21.02,21.01,21.02,300,0
OAK_A.US,5,20260528,173000,20.79,20.9,20.79,20.9,706,0
OAK_A.US,5,20260528,192000,20.8491,20.8491,20.8491,20.8491,115,0
OAK_A.US,5,20260528,200000,21.02,21.02,20.98,21.01,990,0
OAK_A.US,5,20260528,202000,21.01,21.01,21.01,21.01,125,0
OAK_A.US,5,20260528,213000,20.99,20.99,20.99,20.99,200,0
OAK_A.US,5,20260529,153000,21.05,21.05,21.05,21.05,479,0
OAK_A.US,5,20260529,160000,21.025,21.025,21.025,21.025,100,0
OAK_A.US,5,20260529,164500,21.0609,21.0609,21.0609,21.0609,100,0
OAK_A.US,5,20260529,165500,21.03,21.06,21.02,21.06,790,0
OAK_A.US,5,20260529,170000,21.0298,21.06,21.0122,21.0122,800,0
OAK_A.US,5,20260529,172000,21,21.08,21,21.08,1929,0
OAK_A.US,5,20260529,182000,21,21,21,21,100,0
OAK_A.US,5,20260529,183000,20.99,21,20.99,21,1300,0
OAK_A.US,5,20260529,190000,20.9844,20.9844,20.9844,20.9844,200,0
OAK_A.US,5,20260529,191000,21.01,21.01,21.01,21.01,400,0
OAK_A.US,5,20260529,201000,21.01,21.01,21.01,21.01,1600,0
OAK_A.US,5,20260529,202000,21.03,21.03,21.03,21.03,350,0
OAK_A.US,5,20260529,205500,21.03,21.05,21.03,21.05,400,0
OAK_A.US,5,20260529,210500,20.99,21,20.99,21,860,0
OAK_A.US,5,20260529,211500,21.01,21.01,21.01,21.01,500,0
OAK_A.US,5,20260529,212500,20.98,20.98,20.98,20.98,540,0
OAK_A.US,5,20260529,214500,21.01,21.01,21.01,21.01,100,0
OAK_A.US,5,20260529,215000,21.03,21.07,21,21,900,0
OAK_A.US,5,20260601,161000,20.61,20.61,20.61,20.61,184,0
OAK_A.US,5,20260601,170500,20.695,20.695,20.695,20.695,194,0
OAK_A.US,5,20260601,181000,20.57,20.57,20.57,20.57,500,0
OAK_A.US,5,20260601,185500,20.7,20.7,20.7,20.7,200,0
OAK_A.US,5,20260601,200500,20.7699,20.7699,20.5801,20.7699,1294,0
OAK_A.US,5,20260601,203500,20.698,20.698,20.698,20.698,100,0
OAK_A.US,5,20260601,215500,20.68,21,20.68,21,3111,0
OAK_A.US,5,20260602,154000,20.9613,20.9613,20.9613,20.9613,100,0
OAK_A.US,5,20260602,165000,20.945,20.9899,20.9,20.945,1300,0
OAK_A.US,5,20260602,170000,20.99,20.99,20.99,20.99,200,0
OAK_A.US,5,20260602,175500,21.04,21.04,21.04,21.04,125,0
OAK_A.US,5,20260602,185000,21,21,21,21,700,0
OAK_A.US,5,20260602,190500,21,21,21,21,1843,0
OAK_A.US,5,20260602,193000,21.02,21.02,21.02,21.02,600,0
OAK_A.US,5,20260602,195000,21.02,21.02,21.02,21.02,200,0
OAK_A.US,5,20260602,195500,21,21.02,21,21.02,4018,0
OAK_A.US,5,20260602,200500,21.05,21.05,21.05,21.05,1980,0
OAK_A.US,5,20260602,215000,21.15,21.15,21.15,21.15,397,0
OAK_A.US,5,20260603,153000,21.18,21.18,21.18,21.18,100,0
OAK_A.US,5,20260603,194500,21.065,21.065,21.065,21.065,375,0
OAK_A.US,5,20260603,200000,20.98,20.98,20.98,20.98,100,0
OAK_A.US,5,20260603,212000,20.98,20.98,20.98,20.98,100,0
OAK_A.US,5,20260603,214000,21.0001,21.0001,21.0001,21.0001,100,0
OAK_A.US,5,20260603,215500,21.02,21.08,21,21.02,1066,0
OAK_A.US,5,20260604,153500,21.1,21.18,21.08,21.18,1094,0
OAK_A.US,5,20260604,154000,21.045,21.045,21.045,21.045,1000,0
OAK_A.US,5,20260604,160000,21.17,21.1899,21.07,21.1899,900,0
OAK_A.US,5,20260604,161500,21.19,21.19,21.19,21.19,100,0
OAK_A.US,5,20260604,162500,21.19,21.21,21.11,21.21,700,0
OAK_A.US,5,20260604,164000,21.28,21.3,21.28,21.3,392,0
OAK_A.US,5,20260604,170000,21.2729,21.2729,21.2729,21.2729,472,0
OAK_A.US,5,20260604,171000,21.225,21.3,21.225,21.225,400,0
OAK_A.US,5,20260604,172000,21.3,21.3,21.3,21.3,170,0
OAK_A.US,5,20260604,173500,21.225,21.2475,21.2129,21.2129,800,0
OAK_A.US,5,20260604,174500,21.3,21.3,21.225,21.241,790,0
OAK_A.US,5,20260604,180500,21.24,21.2457,21.24,21.2457,200,0
OAK_A.US,5,20260604,181500,21.24,21.24,21.24,21.24,250,0
OAK_A.US,5,20260604,193500,21.3,21.3,21.29,21.29,839,0
OAK_A.US,5,20260604,195000,21.2438,21.2438,21.24,21.2438,400,0
OAK_A.US,5,20260604,200500,21.2429,21.29,21.24,21.24,500,0
OAK_A.US,5,20260604,201000,21.21,21.21,21.18,21.18,1100,0
OAK_A.US,5,20260604,201500,21.2,21.2,21.145,21.145,683,0
OAK_A.US,5,20260604,202000,21.145,21.21,21.145,21.2099,400,0
OAK_A.US,5,20260604,202500,21.2099,21.21,21.15,21.21,648,0
OAK_A.US,5,20260604,204000,21.21,21.21,21.16,21.21,600,0
OAK_A.US,5,20260604,204500,21.3,21.3,21.25,21.25,600,0
OAK_A.US,5,20260604,205000,21.2578,21.2578,21.255,21.255,300,0
OAK_A.US,5,20260604,210000,21.3,21.3,21.3,21.3,300,0
OAK_A.US,5,20260604,210500,21.3,21.3,21.3,21.3,1193,0
OAK_A.US,5,20260604,211000,21.26,21.263,21.26,21.26,700,0
OAK_A.US,5,20260604,211500,21.3,21.3,21.26,21.26,1050,0
OAK_A.US,5,20260604,212000,21.2636,21.3,21.2201,21.2619,717,0
OAK_A.US,5,20260604,213000,21.26,21.285,21.26,21.2807,500,0
OAK_A.US,5,20260604,214000,21.3,21.3,21.282,21.2889,1490,0
OAK_A.US,5,20260604,214500,21.2875,21.3,21.2875,21.3,319,0
OAK_A.US,5,20260604,215000,21.285,21.285,21.285,21.285,200,0
OAK_A.US,5,20260604,215500,21.3,21.3,21.28,21.28,300,0
OAK_A.US,5,20260605,153000,21.26,21.26,21.26,21.26,500,0
OAK_A.US,5,20260605,172000,21.27,21.27,21.27,21.27,100,0
OAK_A.US,5,20260605,184000,21.2899,21.2899,21.245,21.245,469,0
OAK_A.US,5,20260605,185000,21.21,21.21,21.2,21.2,500,0
OAK_A.US,5,20260605,205500,21.1,21.1,21.1,21.1,100,0
OAK_A.US,5,20260605,211500,21.1,21.1,21.1,21.1,166,0
OAK_A.US,5,20260605,212000,21.18,21.18,21.1673,21.17,400,0
OAK_A.US,5,20260605,212500,21.1,21.1,21.1,21.1,320,0
OAK_A.US,5,20260605,214500,21.19,21.19,21.19,21.19,298,0
OAK_A.US,5,20260608,153000,21.05,21.05,21.05,21.05,679,0
OAK_A.US,5,20260608,181000,21.095,21.095,21.095,21.095,200,0
OAK_A.US,5,20260608,193000,20.905,20.905,20.905,20.905,125,0
OAK_A.US,5,20260608,211000,21.1,21.1,21.1,21.1,100,0
OAK_A.US,5,20260608,213500,21.1,21.1,21.1,21.1,500,0
OAK_A.US,5,20260608,214000,21.1,21.1,21.1,21.1,991,0
OAK_A.US,5,20260609,153000,21.25,21.25,21.25,21.25,600,0
OAK_A.US,5,20260609,153500,20.995,21.2899,20.995,21.28,1500,0
OAK_A.US,5,20260609,165000,20.76,20.78,20.76,20.78,300,0
OAK_A.US,5,20260609,174000,21.075,21.075,21.075,21.075,240,0
OAK_A.US,5,20260609,180500,20.89,20.89,20.89,20.89,168,0
OAK_A.US,5,20260609,201500,21,21,21,21,200,0
OAK_A.US,5,20260609,203000,20.9601,21,20.9601,21,800,0
OAK_A.US,5,20260609,203500,20.9602,20.9611,20.96,20.96,771,0
OAK_A.US,5,20260609,204000,21,21,20.96,20.96,1100,0
OAK_A.US,5,20260609,213500,20.92,20.92,20.92,20.92,200,0
OAK_A.US,5,20260609,215000,20.915,20.95,20.915,20.95,400,0
OAK_A.US,5,20260610,153000,20.85,20.85,20.85,20.85,100,0
OAK_A.US,5,20260610,161500,21.025,21.025,21.025,21.025,210,0
OAK_A.US,5,20260610,191500,21.025,21.025,21.025,21.025,202,0
OAK_A.US,5,20260610,195000,21.025,21.066,21.025,21.066,2320,0
OAK_A.US,5,20260610,200000,21.2,21.25,21.2,21.2325,1600,0
OAK_A.US,5,20260610,204500,21.2,21.2,21.2,21.2,2402,0
OAK_A.US,5,20260610,210500,21.2,21.2,21.2,21.2,699,0
OAK_A.US,5,20260610,213000,21.2,21.25,21.2,21.2001,2070,0
OAK_A.US,5,20260610,214500,21.225,21.225,21.225,21.225,100,0
OAK_A.US,5,20260611,153000,21.12,21.12,21.12,21.12,100,0
OAK_A.US,5,20260611,153500,21.15,21.15,21.15,21.15,5000,0
OAK_A.US,5,20260611,173500,21.15,21.1501,21.15,21.1501,1998,0
OAK_A.US,5,20260611,214500,21.1506,21.1506,21.15,21.15,999,0
OAK_A.US,5,20260612,153000,21.29,21.29,21.29,21.29,100,0
OAK_A.US,5,20260612,163500,21.28,21.28,21.28,21.28,100,0
OAK_A.US,5,20260612,194000,21.2899,21.2899,21.2899,21.2899,100,0
OAK_A.US,5,20260612,215000,21.2148,21.2148,21.2148,21.2148,100,0
OAK_A.US,5,20260612,215500,21.28,21.28,21.28,21.28,101,0
OAK_A.US,5,20260615,153000,21.3,21.3,21.3,21.3,100,0
OAK_A.US,5,20260615,162000,21.3,21.3,21.3,21.3,4702,0
OAK_A.US,5,20260615,163500,21.3,21.3,21.29,21.29,1000,0
OAK_A.US,5,20260615,171500,21.35,21.35,21.325,21.35,412,0
OAK_A.US,5,20260615,173000,21.4,21.4,21.4,21.4,362,0
OAK_A.US,5,20260615,174000,21.45,21.45,21.45,21.45,1000,0
OAK_A.US,5,20260615,180000,21.5,21.5,21.5,21.5,388,0
OAK_A.US,5,20260615,180500,21.5,21.5,21.47,21.47,2100,0
OAK_A.US,5,20260615,183000,21.49,21.5,21.49,21.5,1742,0
OAK_A.US,5,20260615,184500,21.49,21.49,21.43,21.43,400,0
OAK_A.US,5,20260615,185000,21.5,21.5,21.5,21.5,100,0
OAK_A.US,5,20260615,193500,21.4408,21.4408,21.4408,21.4408,250,0
OAK_A.US,5,20260615,195500,21.5,21.5,21.5,21.5,839,0
OAK_A.US,5,20260615,200500,21.38,21.38,21.34,21.34,600,0
OAK_A.US,5,20260615,212000,21.35,21.35,21.35,21.35,2154,0
OAK_A.US,5,20260615,212500,21.35,21.47,21.326771,21.43,3232,0
OAK_A.US,5,20260615,215000,21.44,21.4699,21.345,21.345,1150,0
OAK_A.US,5,20260616,161000,21.53,21.54,21.53,21.54,500,0
OAK_A.US,5,20260616,163000,21.5722,21.575,21.5722,21.575,200,0
OAK_A.US,5,20260616,164500,21.575,21.575,21.575,21.575,200,0
OAK_A.US,5,20260616,165000,21.575,21.575,21.575,21.575,200,0
OAK_A.US,5,20260616,165500,21.575,21.6,21.575,21.6,500,0
OAK_A.US,5,20260616,175000,21.5823,21.5823,21.5823,21.5823,1500,0
OAK_A.US,5,20260616,175500,21.5406,21.5406,21.5406,21.5406,500,0
OAK_A.US,5,20260616,180500,21.575,21.575,21.575,21.575,250,0
OAK_A.US,5,20260616,182000,21.61,21.61,21.61,21.61,100,0
OAK_A.US,5,20260616,191000,21.575,21.575,21.575,21.575,200,0
OAK_A.US,5,20260616,210500,21.61,21.61,21.6089,21.6089,944,0
OAK_A.US,5,20260617,180500,21.38,21.38,21.38,21.38,102,0
OAK_A.US,5,20260617,182500,21.4265,21.4265,21.4265,21.4265,1000,0
OAK_A.US,5,20260617,183000,21.61,21.61,21.61,21.61,100,0
OAK_A.US,5,20260617,192000,21.59,21.61,21.59,21.61,1400,0
OAK_A.US,5,20260617,205500,21.565,21.5672,21.5201,21.5386,1200,0
OAK_A.US,5,20260617,210000,21.5201,21.565,21.5201,21.565,2000,0
OAK_A.US,5,20260617,212500,21.559566,21.559566,21.559566,21.559566,295,0
OAK_A.US,5,20260618,155000,21.1001,21.1001,21.1001,21.1001,2000,0
OAK_A.US,5,20260618,161000,21.55,21.55,21.55,21.55,200,0
OAK_A.US,5,20260618,163000,21.2785,21.2785,21.2785,21.2785,153,0
OAK_A.US,5,20260618,164500,21.53,21.56,21.51,21.56,600,0
OAK_A.US,5,20260618,170000,21.3327,21.3327,21.3327,21.3327,100,0
OAK_A.US,5,20260618,184500,21.55,21.55,21.47,21.53,2395,0
OAK_A.US,5,20260618,195000,21.4698,21.4698,21.4698,21.4698,200,0
OAK_A.US,5,20260618,215000,21.33,21.33,21.33,21.33,4981,0
OAK_A.US,5,20260622,153000,21.6,21.6,21.6,21.6,250,0
OAK_A.US,5,20260622,160500,21.1676,21.1676,21.1676,21.1676,250,0
OAK_A.US,5,20260622,170500,21.395,21.395,21.395,21.395,100,0
OAK_A.US,5,20260622,175000,21.365,21.365,21.365,21.365,100,0
OAK_A.US,5,20260622,180500,21.21,21.365,21.21,21.365,258,0
OAK_A.US,5,20260622,193000,21.52,21.52,21.365,21.365,400,0
OAK_A.US,5,20260622,194000,21.53,21.53,21.365,21.365,200,0
OAK_A.US,5,20260622,212000,21.365,21.365,21.365,21.365,235,0
OAK_A.US,5,20260622,212500,21.2,21.2,21.2,21.2,365,0
OAK_A.US,5,20260622,215500,21.25,21.25,21.25,21.25,154,0
