<TICKER>,<PER>,<DATE>,<TIME>,<OPEN>,<HIGH>,<LOW>,<CLOSE>,<VOL>,<OPENINT>
OCTB.US,5,20260126,184500,25.8,25.8,25.8,25.8,100,0
OCTB.US,5,20260126,204000,25.81,25.81,25.81,25.81,100,0
OCTB.US,5,20260126,205500,25.81,25.81,25.81,25.81,100,0
OCTB.US,5,20260126,212500,25.7916,25.7916,25.7916,25.7916,144,0
OCTB.US,5,20260127,212000,25.85,25.86,25.85,25.86,2777,0
OCTB.US,5,20260127,215500,25.85,25.85,25.85,25.85,400,0
OCTB.US,5,20260128,162500,25.85,25.85,25.85,25.85,100,0
OCTB.US,5,20260128,200500,25.82,25.85,25.8072,25.8072,10034,0
OCTB.US,5,20260128,215000,25.83,25.85,25.83,25.85,6500,0
OCTB.US,5,20260128,215500,25.86,25.865,25.86,25.865,6600,0
OCTB.US,5,20260129,181500,25.75,25.76,25.75,25.75,88526,0
OCTB.US,5,20260129,215500,25.83,25.83,25.83,25.83,200,0
OCTB.US,5,20260130,172500,25.745,25.745,25.745,25.745,317,0
OCTB.US,5,20260130,183000,25.74,25.74,25.74,25.74,100,0
OCTB.US,5,20260130,205500,25.74,25.74,25.74,25.74,200,0
OCTB.US,5,20260130,211500,25.7299,25.7299,25.7299,25.7299,155,0
OCTB.US,5,20260202,153500,25.77,25.77,25.77,25.77,200,0
OCTB.US,5,20260202,165000,25.8201,25.8201,25.8201,25.8201,320,0
OCTB.US,5,20260202,174000,25.8368,25.8368,25.8368,25.8368,253,0
OCTB.US,5,20260202,174500,25.83,25.83,25.83,25.83,100,0
OCTB.US,5,20260202,203000,25.864,25.864,25.864,25.864,922,0
OCTB.US,5,20260202,203500,25.87,25.87,25.87,25.87,100,0
OCTB.US,5,20260202,204000,25.87,25.87,25.87,25.87,100,0
OCTB.US,5,20260202,205000,25.87,25.87,25.87,25.87,100,0
OCTB.US,5,20260202,205500,25.87,25.87,25.87,25.87,100,0
OCTB.US,5,20260202,215500,25.85,25.85,25.85,25.85,300,0
OCTB.US,5,20260203,181000,25.73,25.73,25.73,25.73,200,0
OCTB.US,5,20260203,183500,25.68,25.71,25.68,25.71,1394,0
OCTB.US,5,20260203,210000,25.65,25.65,25.65,25.65,100,0
OCTB.US,5,20260203,211000,25.65,25.65,25.65,25.65,500,0
OCTB.US,5,20260203,215500,25.71,25.71,25.7,25.7,370,0
OCTB.US,5,20260204,153000,25.71,25.71,25.71,25.71,100,0
OCTB.US,5,20260204,185500,25.59,25.5999,25.59,25.5999,700,0
OCTB.US,5,20260204,204500,25.66,25.66,25.66,25.66,1703,0
OCTB.US,5,20260204,215000,25.67,25.67,25.67,25.67,800,0
OCTB.US,5,20260204,215500,25.64,25.64,25.63,25.63,700,0
OCTB.US,5,20260205,153000,25.525,25.525,25.525,25.525,250,0
OCTB.US,5,20260205,153500,25.53,25.57,25.53,25.57,300,0
OCTB.US,5,20260205,162000,25.46,25.46,25.44,25.44,4130,0
OCTB.US,5,20260205,171000,25.4345,25.4345,25.4345,25.4345,217,0
OCTB.US,5,20260205,195000,25.51,25.51,25.51,25.51,200,0
OCTB.US,5,20260205,195500,25.48,25.483,25.48,25.483,2000,0
OCTB.US,5,20260205,211500,25.53,25.53,25.53,25.53,100,0
OCTB.US,5,20260205,215000,25.45,25.45,25.45,25.45,100,0
OCTB.US,5,20260205,215500,25.46,25.46,25.46,25.46,100,0
OCTB.US,5,20260206,161500,25.63,25.63,25.63,25.63,100,0
OCTB.US,5,20260206,172500,25.7,25.7,25.7,25.7,3127,0
OCTB.US,5,20260206,192500,25.7247,25.7247,25.7247,25.7247,2887,0
OCTB.US,5,20260206,215500,25.78,25.78,25.78,25.78,500,0
OCTB.US,5,20260209,153000,25.71,25.71,25.71,25.71,100,0
OCTB.US,5,20260209,153500,25.77,25.77,25.77,25.77,200,0
OCTB.US,5,20260209,170500,25.84,25.84,25.84,25.84,404,0
OCTB.US,5,20260209,192000,25.84,25.84,25.84,25.84,200,0
OCTB.US,5,20260209,210500,25.84,25.84,25.84,25.84,380,0
OCTB.US,5,20260209,212500,25.85,25.85,25.85,25.85,100,0
OCTB.US,5,20260209,215500,25.86,25.86,25.82,25.82,300,0
OCTB.US,5,20260210,162000,25.89,25.9,25.89,25.89,4718,0
OCTB.US,5,20260211,171000,25.78,25.78,25.78,25.78,697,0
OCTB.US,5,20260211,174000,25.81,25.81,25.81,25.81,100,0
OCTB.US,5,20260211,174500,25.82,25.82,25.82,25.82,100,0
OCTB.US,5,20260211,200000,25.82,25.82,25.82,25.82,1110,0
OCTB.US,5,20260211,200500,25.82,25.82,25.82,25.82,1100,0
OCTB.US,5,20260211,204500,25.82,25.82,25.82,25.82,148,0
OCTB.US,5,20260211,213000,25.81,25.81,25.81,25.81,700,0
OCTB.US,5,20260211,215500,25.82,25.82,25.82,25.82,300,0
OCTB.US,5,20260212,160000,25.84,25.84,25.83,25.84,961,0
OCTB.US,5,20260212,171500,25.665,25.665,25.665,25.665,378,0
OCTB.US,5,20260212,172000,25.65,25.65,25.65,25.65,600,0
OCTB.US,5,20260212,202000,25.67,25.67,25.67,25.67,100,0
OCTB.US,5,20260212,210000,25.67,25.67,25.67,25.67,193,0
OCTB.US,5,20260217,171000,25.6,25.6,25.585,25.585,1574,0
OCTB.US,5,20260217,191000,25.541,25.541,25.541,25.541,256,0
OCTB.US,5,20260217,211500,25.63,25.63,25.63,25.63,100,0
OCTB.US,5,20260217,214500,25.62,25.62,25.62,25.62,300,0
OCTB.US,5,20260217,215500,25.63,25.63,25.63,25.63,800,0
OCTB.US,5,20260218,172000,25.73,25.73,25.73,25.73,508,0
OCTB.US,5,20260218,190500,25.76,25.76,25.76,25.76,100,0
OCTB.US,5,20260218,192000,25.75,25.75,25.75,25.75,100,0
OCTB.US,5,20260218,212000,25.655,25.66,25.655,25.66,10067,0
OCTB.US,5,20260218,215500,25.71,25.71,25.71,25.71,177,0
OCTB.US,5,20260219,211500,25.63,25.63,25.63,25.63,100,0
OCTB.US,5,20260219,215500,25.67,25.67,25.67,25.67,100,0
OCTB.US,5,20260220,174000,25.75,25.75,25.75,25.75,100,0
OCTB.US,5,20260220,185500,25.71,25.71,25.71,25.71,100,0
OCTB.US,5,20260220,211500,25.73,25.73,25.73,25.73,1124,0
OCTB.US,5,20260223,180000,25.62,25.62,25.62,25.62,600,0
OCTB.US,5,20260223,183000,25.6,25.6,25.6,25.6,100,0
OCTB.US,5,20260223,205000,25.61,25.61,25.61,25.61,500,0
OCTB.US,5,20260223,215500,25.62,25.62,25.617,25.617,654,0
OCTB.US,5,20260224,153000,25.56,25.5949,25.56,25.56,1600,0
OCTB.US,5,20260226,210500,25.79,25.79,25.76,25.7899,5991,0
OCTB.US,5,20260226,215500,25.79,25.79,25.79,25.79,300,0
OCTB.US,5,20260227,154000,25.64,25.64,25.64,25.64,390,0
OCTB.US,5,20260227,161500,25.68,25.68,25.67,25.67,1722,0
OCTB.US,5,20260227,171000,25.692,25.692,25.692,25.692,107,0
OCTB.US,5,20260227,172000,25.72,25.72,25.72,25.72,779,0
OCTB.US,5,20260227,174000,25.69,25.69,25.69,25.69,100,0
OCTB.US,5,20260227,192500,25.66,25.66,25.66,25.66,200,0
OCTB.US,5,20260302,162500,25.67,25.67,25.67,25.67,100,0
OCTB.US,5,20260302,194500,25.71,25.71,25.71,25.71,100,0
OCTB.US,5,20260302,212000,25.705,25.705,25.705,25.705,1698,0
OCTB.US,5,20260303,162000,25.39,25.39,25.39,25.39,200,0
OCTB.US,5,20260303,170500,25.44,25.44,25.44,25.44,482,0
OCTB.US,5,20260303,200500,25.6,25.6,25.6,25.6,100,0
OCTB.US,5,20260303,203000,25.6,25.6,25.6,25.6,200,0
OCTB.US,5,20260303,204000,25.63,25.63,25.63,25.63,100,0
OCTB.US,5,20260303,204500,25.65,25.66,25.65,25.66,200,0
OCTB.US,5,20260303,205000,25.65,25.65,25.65,25.65,100,0
OCTB.US,5,20260303,205500,25.64,25.64,25.64,25.64,200,0
OCTB.US,5,20260303,211500,25.61,25.61,25.61,25.61,100,0
OCTB.US,5,20260303,213000,25.62,25.62,25.62,25.62,100,0
OCTB.US,5,20260304,170500,25.7105,25.725,25.7105,25.725,623,0
OCTB.US,5,20260304,171000,25.71,25.71,25.71,25.71,200,0
OCTB.US,5,20260304,174500,25.74,25.74,25.74,25.74,100,0
OCTB.US,5,20260304,183000,25.71,25.71,25.71,25.71,300,0
OCTB.US,5,20260304,202500,25.735,25.735,25.735,25.735,200,0
OCTB.US,5,20260304,210500,25.72,25.72,25.72,25.72,425,0
OCTB.US,5,20260304,214000,25.73,25.73,25.73,25.73,225,0
OCTB.US,5,20260304,215500,25.725,25.725,25.725,25.725,100,0
OCTB.US,5,20260305,162000,25.65,25.65,25.65,25.65,200,0
OCTB.US,5,20260305,164000,25.62,25.62,25.62,25.62,100,0
OCTB.US,5,20260305,164500,25.64,25.64,25.64,25.64,100,0
OCTB.US,5,20260305,174500,25.5801,25.5801,25.58,25.5801,494,0
OCTB.US,5,20260305,183000,25.56,25.56,25.56,25.56,100,0
OCTB.US,5,20260305,204000,25.5199,25.5199,25.5199,25.5199,100,0
OCTB.US,5,20260306,170500,25.48,25.48,25.48,25.48,240,0
OCTB.US,5,20260306,184000,25.44,25.44,25.44,25.44,200,0
OCTB.US,5,20260309,144500,25.25,25.25,25.25,25.25,100,0
OCTB.US,5,20260309,165500,25.355,25.355,25.355,25.355,1980,0
OCTB.US,5,20260309,181500,25.385,25.385,25.385,25.385,100,0
OCTB.US,5,20260309,182000,25.38,25.38,25.37,25.37,200,0
OCTB.US,5,20260309,204000,25.56,25.56,25.56,25.56,100,0
OCTB.US,5,20260310,161500,25.64,25.64,25.64,25.64,3095,0
OCTB.US,5,20260310,174500,25.62,25.62,25.62,25.62,100,0
OCTB.US,5,20260310,183500,25.64,25.64,25.64,25.64,200,0
OCTB.US,5,20260310,190000,25.65,25.66,25.65,25.66,200,0
OCTB.US,5,20260310,190500,25.66,25.66,25.65,25.65,700,0
OCTB.US,5,20260310,191000,25.64,25.64,25.64,25.64,1000,0
OCTB.US,5,20260310,191500,25.61,25.61,25.6,25.6,300,0
OCTB.US,5,20260310,193500,25.58,25.58,25.58,25.58,200,0
OCTB.US,5,20260310,202500,25.56,25.56,25.56,25.56,100,0
OCTB.US,5,20260310,205000,25.53,25.53,25.53,25.53,200,0
OCTB.US,5,20260311,152000,25.54,25.54,25.54,25.54,300,0
OCTB.US,5,20260311,161000,25.51,25.51,25.51,25.51,200,0
OCTB.US,5,20260311,161500,25.51,25.52,25.51,25.52,200,0
OCTB.US,5,20260311,162000,25.52,25.52,25.52,25.52,300,0
OCTB.US,5,20260311,163000,25.49,25.49,25.49,25.49,300,0
OCTB.US,5,20260311,180000,25.54,25.55,25.54,25.55,439,0
OCTB.US,5,20260311,182500,25.53,25.53,25.53,25.53,100,0
OCTB.US,5,20260311,183500,25.51,25.51,25.5,25.5,300,0
OCTB.US,5,20260311,190500,25.48,25.48,25.48,25.48,200,0
OCTB.US,5,20260311,192500,25.51,25.51,25.5,25.5,300,0
OCTB.US,5,20260311,194000,25.509,25.51,25.5,25.505,3300,0
OCTB.US,5,20260311,194500,25.51,25.51,25.5,25.5,200,0
OCTB.US,5,20260311,195500,25.51,25.51,25.51,25.51,100,0
OCTB.US,5,20260311,200000,25.51,25.51,25.51,25.51,200,0
OCTB.US,5,20260311,202500,25.509,25.51,25.4998,25.4998,2000,0
OCTB.US,5,20260311,203000,25.52,25.52,25.519,25.52,1400,0
OCTB.US,5,20260311,203500,25.525,25.525,25.525,25.525,489,0
OCTB.US,5,20260312,154000,25.35,25.35,25.35,25.35,300,0
OCTB.US,5,20260312,161000,25.31,25.31,25.31,25.31,745,0
OCTB.US,5,20260312,161500,25.34,25.34,25.31,25.31,1300,0
OCTB.US,5,20260312,201500,25.3,25.32,25.3,25.3,2500,0
OCTB.US,5,20260312,203000,25.36,25.36,25.36,25.36,100,0
OCTB.US,5,20260312,204000,25.31,25.31,25.31,25.31,200,0
OCTB.US,5,20260312,205000,25.31,25.31,25.31,25.31,400,0
OCTB.US,5,20260313,145000,25.43,25.43,25.43,25.43,100,0
OCTB.US,5,20260313,154000,25.34,25.34,25.34,25.34,100,0
OCTB.US,5,20260313,155500,25.31,25.31,25.3,25.3,200,0
OCTB.US,5,20260313,165500,25.24,25.24,25.24,25.24,300,0
OCTB.US,5,20260313,201500,25.26,25.27,25.26,25.27,1100,0
OCTB.US,5,20260313,202000,25.24,25.25,25.24,25.25,1200,0
OCTB.US,5,20260313,204000,25.21,25.21,25.21,25.21,100,0
OCTB.US,5,20260316,190000,25.38,25.38,25.38,25.38,100,0
OCTB.US,5,20260316,194500,25.41,25.41,25.41,25.41,100,0
OCTB.US,5,20260316,195500,25.4,25.4,25.4,25.4,100,0
OCTB.US,5,20260317,152500,25.455,25.455,25.455,25.455,325,0
OCTB.US,5,20260317,155000,25.4784,25.4784,25.4784,25.4784,259,0
OCTB.US,5,20260317,161000,25.4401,25.4401,25.425,25.425,300,0
OCTB.US,5,20260317,170000,25.42,25.42,25.41,25.42,900,0
OCTB.US,5,20260317,170500,25.41,25.41,25.41,25.41,200,0
OCTB.US,5,20260317,171000,25.43,25.43,25.43,25.43,59509,0
OCTB.US,5,20260317,172500,25.425,25.44,25.425,25.44,2162,0
OCTB.US,5,20260317,173500,25.43,25.43,25.43,25.43,1449,0
OCTB.US,5,20260317,174000,25.45,25.45,25.45,25.45,6673,0
OCTB.US,5,20260317,174500,25.44,25.4507,25.44,25.4507,2803,0
OCTB.US,5,20260317,175500,25.435,25.449,25.435,25.435,1450,0
OCTB.US,5,20260317,180000,25.42,25.42,25.42,25.42,1012,0
OCTB.US,5,20260317,182500,25.46,25.46,25.45,25.46,5400,0
OCTB.US,5,20260317,183000,25.46,25.46,25.46,25.46,400,0
OCTB.US,5,20260317,184000,25.459,25.46,25.453,25.453,914,0
OCTB.US,5,20260317,184500,25.44,25.44,25.44,25.44,104,0
OCTB.US,5,20260317,185000,25.445,25.445,25.445,25.445,107,0
OCTB.US,5,20260317,185500,25.46,25.46,25.46,25.46,172,0
OCTB.US,5,20260317,190500,25.46,25.46,25.46,25.46,257,0
OCTB.US,5,20260317,192500,25.44,25.44,25.44,25.44,1891,0
OCTB.US,5,20260317,193000,25.44,25.45,25.44,25.449,610,0
OCTB.US,5,20260317,193500,25.44,25.44,25.44,25.44,543,0
OCTB.US,5,20260317,194000,25.4438,25.45,25.43,25.43,1659,0
OCTB.US,5,20260317,200500,25.44,25.44,25.44,25.44,200,0
OCTB.US,5,20260317,201000,25.44,25.45,25.44,25.45,600,0
OCTB.US,5,20260317,203000,25.4497,25.4497,25.4497,25.4497,218,0
OCTB.US,5,20260317,203500,25.45,25.45,25.45,25.45,502,0
OCTB.US,5,20260317,204000,25.449,25.449,25.449,25.449,100,0
OCTB.US,5,20260317,205000,25.44,25.45,25.44,25.45,397,0
OCTB.US,5,20260317,205500,25.44,25.44,25.44,25.44,1335,0
OCTB.US,5,20260318,151000,25.35,25.35,25.35,25.35,300,0
OCTB.US,5,20260318,152500,25.32,25.32,25.32,25.32,300,0
OCTB.US,5,20260318,153500,25.33,25.33,25.33,25.33,100,0
OCTB.US,5,20260318,172000,25.34,25.35,25.34,25.35,377,0
OCTB.US,5,20260318,173500,25.32,25.32,25.32,25.32,200,0
OCTB.US,5,20260318,180000,25.31,25.31,25.31,25.31,700,0
OCTB.US,5,20260318,193000,25.29,25.29,25.29,25.29,100,0
OCTB.US,5,20260318,195000,25.26,25.26,25.26,25.26,100,0
OCTB.US,5,20260318,201000,25.279,25.28,25.279,25.28,1349,0
OCTB.US,5,20260318,202000,25.25,25.25,25.25,25.25,100,0
OCTB.US,5,20260318,203000,25.25,25.25,25.25,25.25,100,0
OCTB.US,5,20260318,203500,25.24,25.24,25.24,25.24,100,0
OCTB.US,5,20260318,204500,25.22,25.22,25.22,25.22,100,0
OCTB.US,5,20260318,205000,25.22,25.22,25.22,25.22,100,0
OCTB.US,5,20260318,205500,25.22,25.22,25.22,25.22,200,0
OCTB.US,5,20260319,163000,25.1,25.1,25.1,25.1,172,0
OCTB.US,5,20260319,180000,25.11,25.11,25.11,25.11,100,0
OCTB.US,5,20260320,162000,25.08,25.08,25.08,25.08,1900,0
OCTB.US,5,20260320,192000,25,25,25,25,200,0
OCTB.US,5,20260320,193500,24.97,24.97,24.97,24.97,100,0
OCTB.US,5,20260320,194000,24.97,24.97,24.97,24.97,100,0
OCTB.US,5,20260320,195000,24.95,24.95,24.945,24.945,1100,0
OCTB.US,5,20260323,150000,25.225,25.225,25.2,25.2,1000,0
OCTB.US,5,20260323,165500,25.16,25.16,25.16,25.16,2039,0
OCTB.US,5,20260323,170500,25.159,25.159,25.159,25.159,100,0
OCTB.US,5,20260323,171500,25.15,25.15,25.15,25.15,500,0
OCTB.US,5,20260323,172000,25.14,25.14,25.14,25.14,180,0
OCTB.US,5,20260323,172500,25.11,25.11,25.11,25.11,611,0
OCTB.US,5,20260323,173000,25.12,25.12,25.119,25.12,2000,0
OCTB.US,5,20260323,173500,25.115,25.14,25.115,25.13,1094,0
OCTB.US,5,20260323,180000,25.14,25.14,25.14,25.14,600,0
OCTB.US,5,20260323,184000,25.17,25.17,25.17,25.17,932,0
OCTB.US,5,20260323,201000,25.2,25.2,25.2,25.2,198,0
OCTB.US,5,20260323,203500,25.17,25.17,25.17,25.17,429,0
OCTB.US,5,20260323,205500,25.16,25.16,25.16,25.16,161,0
OCTB.US,5,20260324,154500,25.09,25.09,25.09,25.09,175066,0
OCTB.US,5,20260324,173500,25.12,25.13,25.08,25.12,7919,0
OCTB.US,5,20260324,185500,25.06,25.06,25.06,25.06,474,0
OCTB.US,5,20260324,195000,25.1,25.1,25.1,25.1,4424,0
OCTB.US,5,20260324,195500,25.09,25.09,25.09,25.09,681,0
OCTB.US,5,20260324,205500,25.08,25.08,25.08,25.08,200,0
OCTB.US,5,20260325,145000,25.16,25.16,25.16,25.16,455,0
OCTB.US,5,20260325,151500,25.2,25.2,25.2,25.2,1429,0
OCTB.US,5,20260325,152500,25.17,25.17,25.17,25.17,400,0
OCTB.US,5,20260325,160500,25.18,25.18,25.17,25.17,600,0
OCTB.US,5,20260325,172500,25.18,25.18,25.18,25.18,100,0
OCTB.US,5,20260325,191500,25.18,25.18,25.18,25.18,200,0
OCTB.US,5,20260325,195500,25.17,25.17,25.17,25.17,100,0
OCTB.US,5,20260325,201500,25.17,25.18,25.17,25.1799,2400,0
OCTB.US,5,20260325,202000,25.179,25.18,25.16,25.16,613,0
OCTB.US,5,20260325,202500,25.16,25.16,25.155,25.155,1666,0
OCTB.US,5,20260325,203000,25.169,25.17,25.169,25.17,500,0
OCTB.US,5,20260325,203500,25.14,25.14,25.14,25.14,1669,0
OCTB.US,5,20260325,204500,25.16,25.16,25.16,25.16,300,0
OCTB.US,5,20260325,205000,25.1799,25.1799,25.1799,25.1799,953,0
OCTB.US,5,20260326,161000,25.079,25.079,25.079,25.079,300,0
OCTB.US,5,20260326,172000,25.01,25.01,25.01,25.01,479,0
OCTB.US,5,20260326,174500,24.97,24.97,24.97,24.97,100,0
OCTB.US,5,20260326,194000,24.95,24.95,24.95,24.95,100,0
OCTB.US,5,20260326,200500,24.92,24.926,24.908,24.926,1513,0
OCTB.US,5,20260327,205500,24.64,24.64,24.64,24.64,100,0
OCTB.US,5,20260330,172000,24.71,24.71,24.71,24.71,1600,0
OCTB.US,5,20260330,215500,24.6,24.63,24.6,24.626,799,0
OCTB.US,5,20260331,160500,24.84,24.84,24.84,24.84,502,0
OCTB.US,5,20260331,161500,24.85,24.85,24.85,24.85,100,0
OCTB.US,5,20260331,171000,24.805,24.805,24.805,24.805,281,0
OCTB.US,5,20260331,184000,24.92,24.92,24.92,24.92,300,0
OCTB.US,5,20260331,204500,24.93,24.93,24.93,24.93,940,0
OCTB.US,5,20260331,213000,24.97,24.99,24.97,24.99,383,0
OCTB.US,5,20260331,215500,24.97,24.97,24.97,24.97,100,0
OCTB.US,5,20260401,170000,25.15,25.15,25.15,25.15,127,0
OCTB.US,5,20260401,215500,25.17,25.17,25.17,25.17,100,0
OCTB.US,5,20260402,162000,25.05,25.05,25.05,25.05,200,0
OCTB.US,5,20260402,162500,25.02,25.02,25.02,25.02,270,0
OCTB.US,5,20260402,210500,25.11,25.11,25.11,25.11,678,0
OCTB.US,5,20260402,215500,25.14,25.14,25.14,25.14,100,0
OCTB.US,5,20260406,162500,25.21,25.21,25.21,25.21,105,0
OCTB.US,5,20260406,181500,25.19,25.19,25.19,25.19,482,0
OCTB.US,5,20260406,191000,25.17,25.17,25.17,25.17,500,0
OCTB.US,5,20260406,203500,25.22,25.22,25.22,25.22,730,0
OCTB.US,5,20260406,204500,25.24,25.24,25.24,25.24,100,0
OCTB.US,5,20260406,212000,25.23,25.24,25.23,25.24,10154,0
OCTB.US,5,20260406,215500,25.25,25.25,25.25,25.25,300,0
OCTB.US,5,20260407,155500,25.17,25.17,25.17,25.17,200,0
OCTB.US,5,20260407,160500,25.095,25.095,25.095,25.095,891,0
OCTB.US,5,20260407,163000,25.15,25.15,25.15,25.15,128,0
OCTB.US,5,20260407,170500,25.07,25.0799,25.03,25.03,1400,0
OCTB.US,5,20260407,171000,25.08,25.08,25.08,25.08,200,0
OCTB.US,5,20260407,175500,25.12,25.12,25.12,25.12,200,0
OCTB.US,5,20260407,180000,25.15,25.15,25.15,25.15,1252,0
OCTB.US,5,20260408,174500,25.59,25.59,25.59,25.59,100,0
OCTB.US,5,20260408,193500,25.63,25.63,25.63,25.63,100,0
OCTB.US,5,20260408,210000,25.555,25.555,25.555,25.555,717,0
OCTB.US,5,20260408,211000,25.58,25.58,25.58,25.58,100,0
OCTB.US,5,20260408,215500,25.63,25.63,25.63,25.63,100,0
OCTB.US,5,20260409,153000,25.55,25.55,25.55,25.55,356,0
OCTB.US,5,20260409,155000,25.57,25.57,25.57,25.57,400,0
OCTB.US,5,20260409,163500,25.55,25.55,25.55,25.55,100,0
OCTB.US,5,20260409,215500,25.68,25.68,25.68,25.68,300,0
OCTB.US,5,20260410,170500,25.74,25.74,25.71,25.74,500,0
OCTB.US,5,20260410,184500,25.69,25.69,25.69,25.69,400,0
OCTB.US,5,20260410,190000,25.7,25.7,25.7,25.7,200,0
OCTB.US,5,20260410,215500,25.71,25.71,25.71,25.71,219,0
OCTB.US,5,20260413,154500,25.68,25.68,25.68,25.68,100,0
OCTB.US,5,20260413,170500,25.72,25.72,25.72,25.72,100,0
OCTB.US,5,20260413,183500,25.73,25.76,25.73,25.73,300,0
OCTB.US,5,20260413,210500,25.78,25.78,25.78,25.78,1194,0
OCTB.US,5,20260413,215500,25.86,25.86,25.86,25.86,100,0
OCTB.US,5,20260414,161500,25.93,25.96,25.93,25.96,200,0
OCTB.US,5,20260414,191000,25.995,25.995,25.995,25.995,912,0
OCTB.US,5,20260414,211000,26.02,26.02,26.02,26.02,100,0
OCTB.US,5,20260415,161000,26.06,26.06,26.06,26.06,100,0
OCTB.US,5,20260415,181000,26.09,26.09,26.09,26.09,100,0
OCTB.US,5,20260415,182500,26.1,26.1,26.1,26.1,100,0
OCTB.US,5,20260415,215500,26.14,26.14,26.14,26.14,100,0
OCTB.US,5,20260416,154500,26.11,26.16,26.11,26.135,1342,0
OCTB.US,5,20260416,155500,26.12,26.12,26.12,26.12,100,0
OCTB.US,5,20260416,164000,26.12,26.13,26.12,26.13,300,0
OCTB.US,5,20260417,162500,26.32,26.32,26.32,26.32,100,0
OCTB.US,5,20260417,172500,26.35,26.35,26.35,26.35,100,0
OCTB.US,5,20260420,161000,26.33,26.33,26.28,26.28,550,0
OCTB.US,5,20260420,161500,26.33,26.33,26.33,26.33,100,0
OCTB.US,5,20260421,170500,26.27,26.29,26.27,26.29,822,0
OCTB.US,5,20260421,184000,26.28,26.28,26.28,26.28,100,0
OCTB.US,5,20260422,163000,26.36,26.36,26.36,26.36,100,0
OCTB.US,5,20260422,170500,26.34,26.35,26.29,26.35,800,0
OCTB.US,5,20260422,190000,26.33,26.33,26.33,26.33,600,0
OCTB.US,5,20260422,210000,26.32,26.32,26.32,26.32,100,0
OCTB.US,5,20260423,164500,26.36,26.36,26.36,26.36,200,0
OCTB.US,5,20260424,160000,26.35,26.35,26.35,26.35,100,0
OCTB.US,5,20260424,171000,26.36,26.36,26.36,26.36,220,0
OCTB.US,5,20260427,171000,26.385,26.385,26.385,26.385,152,0
OCTB.US,5,20260427,171500,26.4,26.4,26.4,26.4,100,0
OCTB.US,5,20260427,173000,26.38,26.38,26.38,26.38,152,0
OCTB.US,5,20260427,190000,26.38,26.42,26.38,26.42,200,0
OCTB.US,5,20260428,162500,26.38,26.38,26.38,26.38,100,0
OCTB.US,5,20260428,165500,26.35,26.35,26.35,26.35,100,0
OCTB.US,5,20260428,192000,26.31,26.31,26.31,26.31,100,0
OCTB.US,5,20260428,204500,26.34,26.38,26.34,26.38,200,0
OCTB.US,5,20260428,214000,26.389,26.389,26.389,26.389,100,0
OCTB.US,5,20260429,162500,26.35,26.35,26.35,26.35,169,0
OCTB.US,5,20260430,171500,26.45,26.45,26.45,26.45,2832,0
OCTB.US,5,20260501,194500,26.58,26.58,26.58,26.58,204,0
OCTB.US,5,20260501,210500,26.546,26.546,26.546,26.546,261,0
OCTB.US,5,20260504,154500,26.51,26.51,26.51,26.51,100,0
OCTB.US,5,20260504,200000,26.51,26.51,26.51,26.51,856,0
OCTB.US,5,20260504,212500,26.49,26.49,26.49,26.49,117,0
OCTB.US,5,20260505,170500,26.6094,26.61,26.58,26.61,742,0
OCTB.US,5,20260506,204000,26.71,26.71,26.71,26.71,100,0
OCTB.US,5,20260507,153000,26.745,26.745,26.745,26.745,348,0
OCTB.US,5,20260507,163000,26.74,26.74,26.74,26.74,100,0
OCTB.US,5,20260507,170000,26.7899,26.7899,26.77,26.77,277,0
OCTB.US,5,20260507,192500,26.73,26.73,26.73,26.73,100,0
OCTB.US,5,20260508,211000,26.79,26.79,26.79,26.79,1245,0
OCTB.US,5,20260511,163500,26.8,26.8,26.8,26.8,100,0
OCTB.US,5,20260512,160000,26.77,26.77,26.77,26.77,123,0
OCTB.US,5,20260512,163000,26.75,26.75,26.75,26.75,300,0
OCTB.US,5,20260512,172000,26.72,26.72,26.72,26.72,100,0
OCTB.US,5,20260512,201000,26.74,26.74,26.74,26.74,100,0
OCTB.US,5,20260512,215500,26.8,26.8,26.8,26.8,318,0
OCTB.US,5,20260513,170500,26.79,26.79,26.79,26.79,500,0
OCTB.US,5,20260513,211500,26.85,26.85,26.85,26.85,411,0
OCTB.US,5,20260514,161000,26.85,26.85,26.85,26.85,200,0
OCTB.US,5,20260514,212500,26.925,26.925,26.925,26.925,228,0
OCTB.US,5,20260514,215500,26.9,26.9,26.9,26.9,172,0
OCTB.US,5,20260515,175000,26.83,26.83,26.83,26.83,100,0
OCTB.US,5,20260515,203000,26.85,26.85,26.85,26.85,200,0
OCTB.US,5,20260518,163000,26.83,26.83,26.83,26.83,100,0
OCTB.US,5,20260518,182500,26.8,26.8,26.8,26.8,100,0
OCTB.US,5,20260518,190000,26.8,26.83,26.8,26.83,2591,0
OCTB.US,5,20260518,201000,26.79,26.79,26.79,26.79,100,0
OCTB.US,5,20260518,215500,26.86,26.86,26.86,26.86,400,0
OCTB.US,5,20260519,171000,26.775,26.775,26.775,26.775,1095,0
OCTB.US,5,20260519,205500,26.8,26.8,26.8,26.8,100,0
OCTB.US,5,20260521,161000,26.87,26.87,26.87,26.87,100,0
OCTB.US,5,20260521,184500,26.85,26.85,26.85,26.85,200,0
OCTB.US,5,20260521,205000,26.92,26.92,26.92,26.92,300,0
OCTB.US,5,20260521,213000,26.9,26.9,26.9,26.9,100,0
OCTB.US,5,20260522,162000,26.93,26.93,26.93,26.93,100,0
OCTB.US,5,20260522,170000,26.94,26.98,26.94,26.98,1024,0
OCTB.US,5,20260527,153500,27.01,27.01,27.01,27.01,100,0
OCTB.US,5,20260527,180500,27.03,27.03,27.03,27.03,1742,0
OCTB.US,5,20260528,170000,27.06,27.06,27.06,27.06,435,0
OCTB.US,5,20260528,211000,27.095,27.095,27.095,27.095,3509,0
OCTB.US,5,20260601,172500,27.15,27.15,27.15,27.15,743,0
OCTB.US,5,20260602,175000,27.2,27.2,27.2,27.2,2693,0
OCTB.US,5,20260602,184500,27.19,27.19,27.19,27.19,124,0
OCTB.US,5,20260602,210500,27.2,27.2,27.2,27.2,3500,0
OCTB.US,5,20260603,160500,27.12,27.12,27.12,27.12,800,0
OCTB.US,5,20260603,212000,27.16,27.16,27.15,27.16,600,0
OCTB.US,5,20260603,212500,27.15,27.16,27.15,27.15,900,0
OCTB.US,5,20260604,162500,27.13,27.13,27.13,27.13,744,0
OCTB.US,5,20260604,165500,27.11,27.1101,27.101,27.101,300,0
OCTB.US,5,20260604,210500,27.19,27.19,27.19,27.19,300,0
OCTB.US,5,20260604,211500,27.15,27.15,27.15,27.15,7767,0
OCTB.US,5,20260609,215500,26.88,26.88,26.88,26.88,183,0
OCTB.US,5,20260610,211500,26.739,26.74,26.739,26.74,700,0
OCTB.US,5,20260611,171500,26.71,26.71,26.71,26.71,357,0
OCTB.US,5,20260611,194000,26.84,26.84,26.84,26.84,1000,0
OCTB.US,5,20260611,201500,26.86,26.86,26.86,26.86,11955,0
OCTB.US,5,20260611,212500,26.93,26.93,26.89,26.93,2273,0
OCTB.US,5,20260611,214000,26.95,26.95,26.95,26.95,1900,0
OCTB.US,5,20260612,173000,27,27,27,27,169,0
OCTB.US,5,20260612,210500,26.95,26.95,26.94,26.94,2480,0
OCTB.US,5,20260615,170000,27.19,27.19,27.17,27.17,1600,0
OCTB.US,5,20260615,171000,27.21,27.21,27.21,27.21,2962,0
OCTB.US,5,20260615,210500,27.19,27.19,27.19,27.19,234,0
OCTB.US,5,20260616,172000,27.1725,27.1725,27.1725,27.1725,270,0
OCTB.US,5,20260617,194500,27.12,27.12,27.12,27.12,1081,0
OCTB.US,5,20260617,200000,27.1,27.11,27.1,27.11,200,0
OCTB.US,5,20260618,161000,27.09,27.09,27.09,27.09,100,0
OCTB.US,5,20260618,180500,27.12,27.12,27.12,27.12,239,0
OCTB.US,5,20260618,185000,27.11,27.11,27.11,27.11,800,0
OCTB.US,5,20260618,213500,27.111,27.111,27.111,27.111,100,0
OCTB.US,5,20260622,161500,27.21,27.21,27.21,27.21,100,0
