<TICKER>,<PER>,<DATE>,<TIME>,<OPEN>,<HIGH>,<LOW>,<CLOSE>,<VOL>,<OPENINT>
PCG_X.US,5,20260126,154000,39.41,39.41,39.41,39.41,408,0
PCG_X.US,5,20260126,154500,39.41,39.41,39.41,39.41,1292,0
PCG_X.US,5,20260126,171000,39.51,39.55,39.51,39.55,3993,0
PCG_X.US,5,20260126,173000,39.51,39.51,39.51,39.51,200,0
PCG_X.US,5,20260126,182000,39.47,39.55,39.47,39.55,998,0
PCG_X.US,5,20260126,185000,39.55,39.55,39.55,39.55,100,0
PCG_X.US,5,20260126,193500,39.575,39.575,39.575,39.575,550,0
PCG_X.US,5,20260126,194000,39.59,39.59,39.59,39.59,200,0
PCG_X.US,5,20260126,194500,39.5501,39.5501,39.55,39.55,790,0
PCG_X.US,5,20260126,204000,39.41,39.41,39.41,39.41,137,0
PCG_X.US,5,20260126,212500,39.37,39.37,39.37,39.37,100,0
PCG_X.US,5,20260126,214000,39.39,39.39,39.39,39.39,100,0
PCG_X.US,5,20260126,215000,39.33,39.3501,39.33,39.35,952,0
PCG_X.US,5,20260127,154000,39.58,39.58,39.5799,39.5799,400,0
PCG_X.US,5,20260127,155500,39.59,39.59,39.585,39.585,1500,0
PCG_X.US,5,20260127,160500,39.47,39.47,39.47,39.47,100,0
PCG_X.US,5,20260127,161000,39.393,39.51,39.393,39.51,300,0
PCG_X.US,5,20260127,183500,39.41,39.41,39.35,39.35,200,0
PCG_X.US,5,20260127,185000,39.41,39.41,39.41,39.41,100,0
PCG_X.US,5,20260127,195500,39.29,39.415,39.29,39.36,1400,0
PCG_X.US,5,20260127,201500,39.4,39.4,39.4,39.4,200,0
PCG_X.US,5,20260127,203000,39.25,39.25,39.25,39.25,700,0
PCG_X.US,5,20260127,212500,39.26,39.26,39.26,39.26,314,0
PCG_X.US,5,20260127,213500,39.4,39.4,39.3999,39.3999,200,0
PCG_X.US,5,20260128,155500,39.09,39.2213,39.09,39.2213,880,0
PCG_X.US,5,20260128,161500,39.08,39.08,39.08,39.08,1482,0
PCG_X.US,5,20260128,164500,39.11,39.11,39.11,39.11,300,0
PCG_X.US,5,20260128,165500,39.03,39.03,39.03,39.03,100,0
PCG_X.US,5,20260128,170000,39.115,39.115,39.115,39.115,320,0
PCG_X.US,5,20260128,172500,39.23,39.26,39.23,39.26,1000,0
PCG_X.US,5,20260128,175500,39.2099,39.2099,39.1798,39.1798,770,0
PCG_X.US,5,20260128,180500,39.04,39.05,39.03,39.04,897,0
PCG_X.US,5,20260128,184000,39.08,39.08,39.08,39.08,100,0
PCG_X.US,5,20260128,191500,39.08,39.08,39.08,39.08,100,0
PCG_X.US,5,20260128,193000,39.01,39.01,39.01,39.01,500,0
PCG_X.US,5,20260128,203000,38.94,38.94,38.94,38.94,100,0
PCG_X.US,5,20260128,205000,38.9,38.9,38.9,38.9,300,0
PCG_X.US,5,20260128,213000,38.95,39.005,38.95,39.005,500,0
PCG_X.US,5,20260128,215500,38.94,39.02,38.94,39.02,200,0
PCG_X.US,5,20260129,154500,39.05,39.107,39.05,39.107,400,0
PCG_X.US,5,20260129,162500,39.3601,39.3601,39.36,39.36,200,0
PCG_X.US,5,20260129,170000,39.24,39.26,39.24,39.26,3432,0
PCG_X.US,5,20260129,171500,39.36,39.36,39.36,39.36,100,0
PCG_X.US,5,20260129,182500,39.18,39.18,39.18,39.18,263,0
PCG_X.US,5,20260129,183000,39.15,39.15,39.15,39.15,2074,0
PCG_X.US,5,20260129,183500,39.05,39.05,39.05,39.05,200,0
PCG_X.US,5,20260129,185000,39,39,38.9999,38.9999,200,0
PCG_X.US,5,20260129,194000,39.07,39.07,39.07,39.07,200,0
PCG_X.US,5,20260129,200000,39.1201,39.1201,39.12,39.12,300,0
PCG_X.US,5,20260129,212500,39.271,39.29,39.27,39.29,400,0
PCG_X.US,5,20260129,215500,39.3,39.31,39.28,39.29,1558,0
PCG_X.US,5,20260130,165000,39.51,39.51,39.51,39.51,100,0
PCG_X.US,5,20260130,183500,39.51,39.51,39.51,39.51,325,0
PCG_X.US,5,20260130,202000,39.5999,39.5999,39.5999,39.5999,190,0
PCG_X.US,5,20260130,202500,39.64,39.64,39.64,39.64,200,0
PCG_X.US,5,20260130,203000,39.54,39.54,39.535,39.535,625,0
PCG_X.US,5,20260130,210000,39.56,39.56,39.56,39.56,500,0
PCG_X.US,5,20260130,211500,39.51,39.51,39.51,39.51,100,0
PCG_X.US,5,20260130,212000,39.65,39.69,39.65,39.69,300,0
PCG_X.US,5,20260130,212500,39.7,39.75,39.7,39.75,300,0
PCG_X.US,5,20260130,213000,39.77,39.77,39.77,39.77,300,0
PCG_X.US,5,20260130,213500,39.77,39.77,39.77,39.77,300,0
PCG_X.US,5,20260130,214000,39.77,39.77,39.77,39.77,400,0
PCG_X.US,5,20260130,214500,39.79,39.79,39.79,39.79,2438,0
PCG_X.US,5,20260130,215000,39.87,40.01,39.76,40.01,13402,0
PCG_X.US,5,20260130,215500,40.03,40.62,39.89,39.96,39966,0
PCG_X.US,5,20260202,162500,39.74,39.74,39.73,39.73,200,0
PCG_X.US,5,20260202,165000,39.75,39.75,39.75,39.75,300,0
PCG_X.US,5,20260202,170500,39.72,39.72,39.72,39.72,500,0
PCG_X.US,5,20260202,171500,39.73,39.73,39.64,39.64,2400,0
PCG_X.US,5,20260202,172000,39.66,39.66,39.65,39.65,600,0
PCG_X.US,5,20260202,180000,39.6,39.6,39.6,39.6,640,0
PCG_X.US,5,20260202,182000,39.57,39.57,39.57,39.57,200,0
PCG_X.US,5,20260202,192500,39.5,39.5,39.5,39.5,263,0
PCG_X.US,5,20260202,212000,39.5,39.5,39.5,39.5,400,0
PCG_X.US,5,20260202,213500,39.41,39.4101,39.41,39.4101,368,0
PCG_X.US,5,20260202,215000,39.54,39.6,39.54,39.55,6066,0
PCG_X.US,5,20260202,215500,39.51,39.57,39.5,39.57,10905,0
PCG_X.US,5,20260203,160500,39.73,39.73,39.73,39.73,154,0
PCG_X.US,5,20260203,165500,39.76,39.76,39.76,39.76,420,0
PCG_X.US,5,20260203,171000,39.77,39.77,39.77,39.77,359,0
PCG_X.US,5,20260203,171500,39.69,39.69,39.69,39.69,1500,0
PCG_X.US,5,20260203,175500,39.7181,39.7181,39.7181,39.7181,300,0
PCG_X.US,5,20260203,183500,39.76,39.845,39.76,39.845,3317,0
PCG_X.US,5,20260203,184000,39.74,39.74,39.71,39.71,200,0
PCG_X.US,5,20260203,204500,39.9,39.9,39.9,39.9,100,0
PCG_X.US,5,20260203,210500,39.9,39.95,39.9,39.95,1000,0
PCG_X.US,5,20260203,212500,39.84,39.84,39.84,39.84,100,0
PCG_X.US,5,20260203,213000,39.94,39.94,39.92,39.94,500,0
PCG_X.US,5,20260203,214000,39.8,39.84,39.8,39.84,275,0
PCG_X.US,5,20260204,153000,40.25,40.25,40.2,40.2,1000,0
PCG_X.US,5,20260204,153500,40.19,40.19,40.19,40.19,1800,0
PCG_X.US,5,20260204,160500,40.47,40.47,40.47,40.47,100,0
PCG_X.US,5,20260204,161000,40.42,40.42,40.17,40.185,1584,0
PCG_X.US,5,20260204,163000,40.55,40.55,40.55,40.55,191,0
PCG_X.US,5,20260204,164000,40.785,40.785,40.715,40.715,540,0
PCG_X.US,5,20260204,171500,40.89,40.89,40.89,40.89,100,0
PCG_X.US,5,20260204,172500,40.81,40.81,40.81,40.81,100,0
PCG_X.US,5,20260204,173000,40.71,40.82,40.71,40.82,300,0
PCG_X.US,5,20260204,173500,40.86,40.86,40.86,40.86,410,0
PCG_X.US,5,20260204,175000,41,41,41,41,100,0
PCG_X.US,5,20260204,180000,40.99,40.99,40.99,40.99,1100,0
PCG_X.US,5,20260204,180500,40.99,40.99,40.99,40.99,200,0
PCG_X.US,5,20260204,182000,40.99,40.99,40.99,40.99,434,0
PCG_X.US,5,20260204,183500,41,41,41,41,100,0
PCG_X.US,5,20260204,184000,41,41.02,41,41.02,1285,0
PCG_X.US,5,20260204,192500,41.33,41.33,41.33,41.33,100,0
PCG_X.US,5,20260204,194500,41.18,41.19,41.17,41.17,856,0
PCG_X.US,5,20260204,201000,41.395,41.395,41.395,41.395,100,0
PCG_X.US,5,20260204,203500,41.41,41.41,41.41,41.41,1998,0
PCG_X.US,5,20260204,205000,41.55,41.55,41.55,41.55,100,0
PCG_X.US,5,20260204,212000,41.58,41.58,41.58,41.58,100,0
PCG_X.US,5,20260204,213000,41.46,41.54,41.46,41.5399,409,0
PCG_X.US,5,20260204,213500,41.28,41.28,41.28,41.28,373,0
PCG_X.US,5,20260204,214500,41.53,41.53,41.53,41.53,100,0
PCG_X.US,5,20260204,215500,41.58,41.58,41.58,41.58,100,0
PCG_X.US,5,20260205,163000,41.32,41.32,41.32,41.32,266,0
PCG_X.US,5,20260205,164000,41.23,41.23,41.23,41.23,100,0
PCG_X.US,5,20260205,164500,41.22,41.22,41.22,41.22,1300,0
PCG_X.US,5,20260205,165000,41.17,41.17,41.17,41.17,128,0
PCG_X.US,5,20260205,170000,41.17,41.17,41.17,41.17,1200,0
PCG_X.US,5,20260205,170500,41.2,41.2,41.2,41.2,2461,0
PCG_X.US,5,20260205,172500,41.16,41.16,41.11,41.11,408,0
PCG_X.US,5,20260205,184500,41.4073,41.4073,41.4073,41.4073,33904,0
PCG_X.US,5,20260205,195500,41.45,41.45,41.4,41.4,470,0
PCG_X.US,5,20260205,211000,41.42,41.44,41.42,41.44,600,0
PCG_X.US,5,20260205,214000,41.54,41.54,41.54,41.54,243,0
PCG_X.US,5,20260205,214500,41.45,41.45,41.45,41.45,100,0
PCG_X.US,5,20260205,215000,41.45,41.54,41.45,41.51,2731,0
PCG_X.US,5,20260205,215500,41.51,41.72,41.04,41.04,11685,0
PCG_X.US,5,20260206,153000,42.03,42.03,42.03,42.03,200,0
PCG_X.US,5,20260206,154000,41.82,41.82,41.82,41.82,800,0
PCG_X.US,5,20260206,155500,41.83,41.83,41.83,41.83,200,0
PCG_X.US,5,20260206,160000,41.96,41.96,41.96,41.96,472,0
PCG_X.US,5,20260206,172500,41.35,41.35,41.35,41.35,100,0
PCG_X.US,5,20260206,183500,41.57,41.57,41.57,41.57,100,0
PCG_X.US,5,20260206,201000,41.75,41.75,41.75,41.75,156,0
PCG_X.US,5,20260206,203000,41.65,41.65,41.65,41.65,100,0
PCG_X.US,5,20260206,213000,41.63,41.63,41.63,41.63,300,0
PCG_X.US,5,20260209,165500,41.47,41.47,41.35,41.35,870,0
PCG_X.US,5,20260209,183500,41.35,41.35,41.35,41.35,259,0
PCG_X.US,5,20260209,191500,41.4201,41.4201,41.4201,41.4201,205,0
PCG_X.US,5,20260209,192500,41.625,41.625,41.625,41.625,139,0
PCG_X.US,5,20260209,205500,41.85,41.85,41.85,41.85,100,0
PCG_X.US,5,20260209,213000,41.86,41.86,41.86,41.86,555,0
PCG_X.US,5,20260209,213500,41.85,41.85,41.82,41.82,211,0
PCG_X.US,5,20260209,214000,41.7606,41.7606,41.7606,41.7606,100,0
PCG_X.US,5,20260209,215000,41.62,41.67,41.61,41.6601,656,0
PCG_X.US,5,20260210,163000,41.965,41.965,41.965,41.965,100,0
PCG_X.US,5,20260210,172000,42.06,42.06,42.06,42.06,100,0
PCG_X.US,5,20260210,174000,42.32,42.32,42.32,42.32,200,0
PCG_X.US,5,20260210,174500,42.34,42.34,42.34,42.34,200,0
PCG_X.US,5,20260210,175000,42.34,42.34,42.34,42.34,100,0
PCG_X.US,5,20260210,175500,42.34,42.34,42.34,42.34,100,0
PCG_X.US,5,20260210,180000,42.36,42.38,42.36,42.38,300,0
PCG_X.US,5,20260210,180500,42.36,42.36,42.36,42.36,100,0
PCG_X.US,5,20260210,181000,42.35,42.38,42.255,42.255,600,0
PCG_X.US,5,20260210,181500,42.39,42.41,42.39,42.41,217,0
PCG_X.US,5,20260210,182000,42.4,42.4,42.4,42.4,100,0
PCG_X.US,5,20260210,182500,42.4,42.4,42.4,42.4,100,0
PCG_X.US,5,20260210,183000,42.42,42.42,42.42,42.42,300,0
PCG_X.US,5,20260210,184000,42.42,42.42,42.42,42.42,100,0
PCG_X.US,5,20260210,184500,42.42,42.42,42.42,42.42,100,0
PCG_X.US,5,20260210,185000,42.42,42.42,42.41,42.41,200,0
PCG_X.US,5,20260210,185500,42.41,42.41,42.41,42.41,100,0
PCG_X.US,5,20260210,190000,42.41,42.41,42.41,42.41,100,0
PCG_X.US,5,20260210,190500,42.41,42.41,42.41,42.41,300,0
PCG_X.US,5,20260210,191500,42.41,42.41,42.41,42.41,100,0
PCG_X.US,5,20260210,192000,42.41,42.41,42.41,42.41,300,0
PCG_X.US,5,20260210,192500,42.41,42.41,42.41,42.41,100,0
PCG_X.US,5,20260210,193000,42.42,42.42,42.42,42.42,100,0
PCG_X.US,5,20260210,193500,42.49,42.49,42.49,42.49,300,0
PCG_X.US,5,20260210,194000,42.49,42.49,42.49,42.49,100,0
PCG_X.US,5,20260210,194500,42.49,42.49,42.49,42.49,100,0
PCG_X.US,5,20260210,195000,42.49,42.49,42.49,42.49,531,0
PCG_X.US,5,20260210,195500,42.53,42.53,42.51,42.51,300,0
PCG_X.US,5,20260210,200000,42.51,42.51,42.51,42.51,100,0
PCG_X.US,5,20260210,200500,42.47,42.4799,42.47,42.4799,250,0
PCG_X.US,5,20260210,201000,42.48,42.53,42.48,42.53,300,0
PCG_X.US,5,20260210,201500,42.53,42.53,42.53,42.53,100,0
PCG_X.US,5,20260210,202000,42.53,42.53,42.48,42.49,1600,0
PCG_X.US,5,20260210,202500,42.52,42.57,42.52,42.57,200,0
PCG_X.US,5,20260210,203000,42.57,42.57,42.57,42.57,100,0
PCG_X.US,5,20260210,203500,42.58,42.58,42.58,42.58,100,0
PCG_X.US,5,20260210,213000,42.6,42.6,42.47,42.47,200,0
PCG_X.US,5,20260210,215500,42.575,42.575,42.575,42.575,250,0
PCG_X.US,5,20260211,154500,42.5495,42.5495,42.5495,42.5495,500,0
PCG_X.US,5,20260211,170500,42.93,42.93,42.93,42.93,100,0
PCG_X.US,5,20260211,184500,43.325,43.325,43.325,43.325,100,0
PCG_X.US,5,20260211,191500,43.35,43.35,43.35,43.35,400,0
PCG_X.US,5,20260211,192000,43.18,43.185,43.18,43.185,1299,0
PCG_X.US,5,20260211,192500,43.185,43.185,43.185,43.185,130,0
PCG_X.US,5,20260211,193000,43.32,43.32,43.32,43.32,100,0
PCG_X.US,5,20260211,194000,43.31,43.31,43.31,43.31,100,0
PCG_X.US,5,20260211,195500,43.29,43.29,43.29,43.29,100,0
PCG_X.US,5,20260211,200000,43.28,43.28,43.28,43.28,100,0
PCG_X.US,5,20260211,201000,43.27,43.27,43.27,43.27,100,0
PCG_X.US,5,20260211,202000,43.22,43.22,43.22,43.22,100,0
PCG_X.US,5,20260211,202500,43.23,43.23,43.23,43.23,100,0
PCG_X.US,5,20260211,203500,43.22,43.22,43.22,43.22,100,0
PCG_X.US,5,20260211,204000,43.22,43.22,43.22,43.22,200,0
PCG_X.US,5,20260211,205000,43.22,43.22,43.22,43.22,100,0
PCG_X.US,5,20260211,210000,43.22,43.22,43.09,43.09,300,0
PCG_X.US,5,20260211,211500,43.18,43.18,43.18,43.18,100,0
PCG_X.US,5,20260211,212000,43.19,43.19,43.19,43.19,100,0
PCG_X.US,5,20260211,212500,43.115,43.115,43.115,43.115,159,0
PCG_X.US,5,20260211,213000,43.22,43.22,43.22,43.22,100,0
PCG_X.US,5,20260211,213500,43.22,43.22,43.22,43.22,100,0
PCG_X.US,5,20260211,214500,43.06,43.26,43.05,43.26,400,0
PCG_X.US,5,20260211,215500,43.31,43.31,43.25,43.25,513,0
PCG_X.US,5,20260212,160500,43.95,43.99,43.95,43.99,536,0
PCG_X.US,5,20260212,161500,44.13,44.13,44.13,44.13,100,0
PCG_X.US,5,20260212,163000,44.31,44.31,44.31,44.31,500,0
PCG_X.US,5,20260212,163500,44.36,44.4,44.36,44.4,1575,0
PCG_X.US,5,20260212,164000,44.51,44.51,44.42,44.42,1628,0
PCG_X.US,5,20260212,164500,44.46,44.46,44.46,44.46,1074,0
PCG_X.US,5,20260212,165000,44.59,44.59,44.59,44.59,493,0
PCG_X.US,5,20260212,170000,44.5,44.5,44.5,44.5,143,0
PCG_X.US,5,20260212,170500,44.6,44.6,44.48,44.48,200,0
PCG_X.US,5,20260212,172000,44.28,44.28,44.28,44.28,8705,0
PCG_X.US,5,20260212,173500,44.29,44.29,44.29,44.29,173,0
PCG_X.US,5,20260212,203000,44.24,44.24,44.24,44.24,250,0
PCG_X.US,5,20260212,213500,44.255,44.255,44.255,44.255,200,0
PCG_X.US,5,20260212,214000,44.14,44.14,44.14,44.14,200,0
PCG_X.US,5,20260212,214500,44.02,44.02,44.02,44.02,200,0
PCG_X.US,5,20260212,215500,44.19,44.19,44.19,44.19,107,0
PCG_X.US,5,20260213,153000,43.51,43.85,43.51,43.85,1435,0
PCG_X.US,5,20260213,154500,43.86,43.86,43.86,43.86,815,0
PCG_X.US,5,20260213,155500,43.8,44.24,43.79,44.24,3001,0
PCG_X.US,5,20260213,162500,44.37,44.37,44.37,44.37,100,0
PCG_X.US,5,20260213,165500,43.92,43.92,43.92,43.92,100,0
PCG_X.US,5,20260213,173000,44.21,44.21,44.21,44.21,825,0
PCG_X.US,5,20260213,174000,44.31,44.31,44.3099,44.3099,200,0
PCG_X.US,5,20260213,181500,44.25,44.25,44.25,44.25,100,0
PCG_X.US,5,20260213,183500,44.25,44.25,44.25,44.25,100,0
PCG_X.US,5,20260213,185000,44.12,44.1201,44.12,44.1201,356,0
PCG_X.US,5,20260213,194000,44.24,44.24,44.165,44.23,800,0
PCG_X.US,5,20260213,210000,44.29,44.29,44.29,44.29,100,0
PCG_X.US,5,20260213,212500,44.21,44.39,44.21,44.38,620,0
PCG_X.US,5,20260213,215000,44.54,44.54,44.15,44.48,4944,0
PCG_X.US,5,20260213,215500,44.51,44.73,44.39,44.73,11434,0
PCG_X.US,5,20260217,153000,44.7,44.81,44.7,44.81,1100,0
PCG_X.US,5,20260217,153500,44.7,44.7,44.7,44.7,575,0
PCG_X.US,5,20260217,154000,44.7,44.7,44.7,44.7,167,0
PCG_X.US,5,20260217,160000,44.24,44.24,44.24,44.24,100,0
PCG_X.US,5,20260217,160500,44.29,44.3,44.2,44.2,15000,0
PCG_X.US,5,20260217,162500,44.35,44.35,44.35,44.35,100,0
PCG_X.US,5,20260217,163000,44.33,44.33,44.33,44.33,100,0
PCG_X.US,5,20260217,170500,44.24,44.24,44.24,44.24,100,0
PCG_X.US,5,20260217,172000,44.43,44.43,44.43,44.43,100,0
PCG_X.US,5,20260217,172500,44.45,44.45,44.45,44.45,100,0
PCG_X.US,5,20260217,181500,44.5,44.5,44.5,44.5,100,0
PCG_X.US,5,20260217,182000,44.535,44.5368,44.535,44.5368,701,0
PCG_X.US,5,20260217,182500,44.49,44.49,44.49,44.49,100,0
PCG_X.US,5,20260217,183500,44.49,44.52,44.49,44.52,200,0
PCG_X.US,5,20260217,184000,44.5,44.5,44.5,44.5,100,0
PCG_X.US,5,20260217,190000,44.45,44.45,44.45,44.45,100,0
PCG_X.US,5,20260217,194500,44.26,44.26,44.26,44.26,100,0
PCG_X.US,5,20260217,195500,44.38,44.38,44.38,44.38,100,0
PCG_X.US,5,20260217,202000,44.4755,44.52,44.465,44.465,8100,0
PCG_X.US,5,20260217,202500,44.465,44.465,44.465,44.465,200,0
PCG_X.US,5,20260217,203500,44.455,44.455,44.455,44.455,2161,0
PCG_X.US,5,20260217,204000,44.46,44.46,44.46,44.46,800,0
PCG_X.US,5,20260217,205000,44.4,44.41,44.4,44.4,400,0
PCG_X.US,5,20260217,205500,44.26,44.26,44.26,44.26,100,0
PCG_X.US,5,20260217,210000,44.11,44.11,44.11,44.11,100,0
PCG_X.US,5,20260217,211500,44.245,44.245,44.245,44.245,100,0
PCG_X.US,5,20260217,212000,44.375,44.39,44.245,44.245,3400,0
PCG_X.US,5,20260217,212500,44.39,44.41,44.39,44.39,2899,0
PCG_X.US,5,20260217,214000,44.32,44.32,44.32,44.32,506,0
PCG_X.US,5,20260217,214500,44.255,44.255,44.255,44.255,150,0
PCG_X.US,5,20260217,215000,44.23,44.23,44.04,44.2,3706,0
PCG_X.US,5,20260217,215500,44.21,44.24,44.21,44.24,614,0
PCG_X.US,5,20260218,153000,44.06,44.06,44.06,44.06,300,0
PCG_X.US,5,20260218,154000,44.12,44.12,44.12,44.12,100,0
PCG_X.US,5,20260218,154500,44.05,44.17,43.84,43.84,675,0
PCG_X.US,5,20260218,161000,43.93,43.93,43.93,43.93,100,0
PCG_X.US,5,20260218,161500,43.92,43.92,43.85,43.85,708,0
PCG_X.US,5,20260218,163000,43.91,43.91,43.91,43.91,100,0
PCG_X.US,5,20260218,165000,44.02,44.02,44.02,44.02,100,0
PCG_X.US,5,20260218,171500,43.79,43.79,43.79,43.79,100,0
PCG_X.US,5,20260218,174000,43.78,43.78,43.78,43.78,100,0
PCG_X.US,5,20260218,181000,43.75,43.75,43.75,43.75,100,0
PCG_X.US,5,20260218,183000,43.78,43.78,43.78,43.78,100,0
PCG_X.US,5,20260218,185500,43.8,43.8,43.8,43.8,100,0
PCG_X.US,5,20260218,193000,43.8,43.8,43.79,43.79,804,0
PCG_X.US,5,20260218,195500,43.85,43.85,43.85,43.85,100,0
PCG_X.US,5,20260218,202500,43.85,43.85,43.85,43.85,100,0
PCG_X.US,5,20260218,204500,43.81,43.81,43.81,43.81,100,0
PCG_X.US,5,20260218,210500,43.76,43.76,43.76,43.76,100,0
PCG_X.US,5,20260218,211000,43.98,43.98,43.78,43.78,300,0
PCG_X.US,5,20260218,211500,43.89,43.89,43.89,43.89,167,0
PCG_X.US,5,20260218,212500,43.79,43.79,43.79,43.79,100,0
PCG_X.US,5,20260218,214000,43.76,43.76,43.76,43.76,100,0
PCG_X.US,5,20260218,215500,43.77,44,43.77,44,300,0
PCG_X.US,5,20260219,160000,44.27,44.27,44.27,44.27,106,0
PCG_X.US,5,20260219,161000,44.3,44.3,44.3,44.3,500,0
PCG_X.US,5,20260219,162500,44.36,44.36,44.36,44.36,334,0
PCG_X.US,5,20260219,201500,44.23,44.31,44.15,44.31,1200,0
PCG_X.US,5,20260219,211000,44.27,44.27,44.27,44.27,100,0
PCG_X.US,5,20260219,213500,44.21,44.21,44.21,44.21,228,0
PCG_X.US,5,20260219,214500,44.23,44.23,44.23,44.23,115,0
PCG_X.US,5,20260219,215000,44.2302,44.31,44.2302,44.31,1048,0
PCG_X.US,5,20260219,215500,44.25,44.25,44.25,44.25,100,0
PCG_X.US,5,20260220,153000,44.44,44.44,44.44,44.44,800,0
PCG_X.US,5,20260220,160000,44.6125,44.6125,44.555,44.555,400,0
PCG_X.US,5,20260220,160500,44.44,44.44,44.44,44.44,385,0
PCG_X.US,5,20260220,163000,44.705,44.78,44.705,44.78,400,0
PCG_X.US,5,20260220,174000,44.58,44.58,44.58,44.58,100,0
PCG_X.US,5,20260220,181000,44.6,44.6,44.6,44.6,100,0
PCG_X.US,5,20260220,182500,44.73,44.73,44.73,44.73,100,0
PCG_X.US,5,20260220,183500,44.66,44.66,44.66,44.66,100,0
PCG_X.US,5,20260220,190500,44.73,44.73,44.73,44.73,100,0
PCG_X.US,5,20260220,193500,44.86,44.86,44.86,44.86,100,0
PCG_X.US,5,20260220,195000,44.845,44.845,44.845,44.845,100,0
PCG_X.US,5,20260220,202500,44.74,44.7401,44.74,44.7401,332,0
PCG_X.US,5,20260220,203500,44.785,44.785,44.785,44.785,1400,0
PCG_X.US,5,20260220,204000,44.74,44.74,44.74,44.74,100,0
PCG_X.US,5,20260220,205500,44.74,44.74,44.74,44.74,250,0
PCG_X.US,5,20260220,214500,44.77,44.77,44.77,44.77,365,0
PCG_X.US,5,20260220,215000,44.75,44.75,44.75,44.75,100,0
PCG_X.US,5,20260220,215500,44.72,44.86,44.72,44.86,320,0
PCG_X.US,5,20260223,162500,45.18,45.18,45.18,45.18,820,0
PCG_X.US,5,20260223,165000,45.11,45.2,45.11,45.2,1000,0
PCG_X.US,5,20260223,170000,45.074,45.074,45.074,45.074,250,0
PCG_X.US,5,20260223,172000,44.91,44.91,44.91,44.91,126,0
PCG_X.US,5,20260223,181500,44.85,44.85,44.85,44.85,100,0
PCG_X.US,5,20260223,184000,44.87,44.87,44.87,44.87,100,0
PCG_X.US,5,20260223,191000,44.86,44.86,44.86,44.86,100,0
PCG_X.US,5,20260223,193500,44.86,44.86,44.86,44.86,100,0
PCG_X.US,5,20260223,201000,44.86,44.86,44.86,44.86,100,0
PCG_X.US,5,20260223,204000,44.86,44.86,44.86,44.86,100,0
PCG_X.US,5,20260223,210500,45,45.03,45,45.02,5132,0
PCG_X.US,5,20260223,211000,45.08,45.1,45.08,45.1,1440,0
PCG_X.US,5,20260223,212000,45.06,45.06,45.06,45.06,100,0
PCG_X.US,5,20260223,212500,45.04,45.04,45.04,45.04,200,0
PCG_X.US,5,20260223,213000,45.125,45.125,45.125,45.125,100,0
PCG_X.US,5,20260223,215500,45.06,45.17,45.06,45.1,900,0
PCG_X.US,5,20260224,161500,45.13,45.13,45.13,45.13,200,0
PCG_X.US,5,20260224,175000,45.0428,45.0428,45.01,45.01,500,0
PCG_X.US,5,20260224,180000,45.11,45.12,45.11,45.12,600,0
PCG_X.US,5,20260224,180500,45.16,45.16,45.16,45.16,100,0
PCG_X.US,5,20260224,181500,45.17,45.17,45.15,45.15,2100,0
PCG_X.US,5,20260224,192000,45.255,45.255,45.255,45.255,100,0
PCG_X.US,5,20260224,194500,45.34,45.34,45.34,45.34,314,0
PCG_X.US,5,20260224,195500,45.34,45.34,45.34,45.34,248,0
PCG_X.US,5,20260224,202000,45.4,45.4,45.4,45.4,200,0
PCG_X.US,5,20260224,203500,45.5299,45.5299,45.5299,45.5299,795,0
PCG_X.US,5,20260224,210000,45.36,45.36,45.36,45.36,100,0
PCG_X.US,5,20260224,213500,45.34,45.34,45.34,45.34,200,0
PCG_X.US,5,20260224,214500,45.3856,45.48,45.3856,45.46,955,0
PCG_X.US,5,20260224,215000,45.34,45.42,45.3,45.42,2982,0
PCG_X.US,5,20260224,215500,45.37,45.37,45.31,45.31,8647,0
PCG_X.US,5,20260225,153500,45.27,45.27,45.27,45.27,728,0
PCG_X.US,5,20260225,154000,45.295,45.295,45.295,45.295,200,0
PCG_X.US,5,20260225,192000,45.31,45.31,45.31,45.31,100,0
PCG_X.US,5,20260225,195500,45.26,45.26,45.26,45.26,300,0
PCG_X.US,5,20260225,214000,45.3,45.3,45.3,45.3,164,0
PCG_X.US,5,20260225,214500,45.3,45.3,45.3,45.3,100,0
PCG_X.US,5,20260225,215500,45.32,45.33,45.32,45.33,454,0
PCG_X.US,5,20260226,161500,45.34,45.3401,45.33,45.3301,754,0
PCG_X.US,5,20260226,174000,45.4,45.4,45.4,45.4,100,0
PCG_X.US,5,20260226,213500,45.62,45.62,45.62,45.62,100,0
PCG_X.US,5,20260226,215000,45.79,45.9,45.74,45.79,3520,0
PCG_X.US,5,20260226,215500,45.79,45.81,45.69,45.8,9824,0
PCG_X.US,5,20260227,155500,45.56,45.56,45.56,45.56,100,0
PCG_X.US,5,20260227,160000,45.59,45.59,45.59,45.59,100,0
PCG_X.US,5,20260227,161000,45.68,45.68,45.68,45.68,100,0
PCG_X.US,5,20260227,163000,45.72,45.79,45.72,45.79,203,0
PCG_X.US,5,20260227,165000,45.78,45.78,45.78,45.78,500,0
PCG_X.US,5,20260227,170000,45.82,45.82,45.82,45.82,100,0
PCG_X.US,5,20260227,171000,45.91,45.91,45.91,45.91,100,0
PCG_X.US,5,20260227,172500,45.95,45.95,45.95,45.95,700,0
PCG_X.US,5,20260227,173000,45.9785,46.04,45.93,46.04,3913,0
PCG_X.US,5,20260227,173500,45.94,45.94,45.94,45.94,100,0
PCG_X.US,5,20260227,174000,45.88,45.88,45.88,45.88,300,0
PCG_X.US,5,20260227,175000,46.03,46.05,46.03,46.03,941,0
PCG_X.US,5,20260227,183000,45.9,45.9,45.9,45.9,100,0
PCG_X.US,5,20260227,184000,45.865,45.865,45.865,45.865,600,0
PCG_X.US,5,20260227,185000,45.71,45.71,45.71,45.71,100,0
PCG_X.US,5,20260227,190500,45.7,45.7,45.7,45.7,800,0
PCG_X.US,5,20260227,191000,45.73,45.73,45.73,45.73,100,0
PCG_X.US,5,20260227,191500,45.7,45.73,45.66,45.71,800,0
PCG_X.US,5,20260227,192000,45.62,45.7,45.62,45.7,500,0
PCG_X.US,5,20260227,192500,45.7,45.7,45.38,45.48,1900,0
PCG_X.US,5,20260227,193000,45.61,45.61,45.61,45.61,700,0
PCG_X.US,5,20260227,193500,45.15,45.59,44.79,45.57,1600,0
PCG_X.US,5,20260227,194500,45.57,45.57,45.57,45.57,100,0
PCG_X.US,5,20260227,195000,45.55,45.57,45.55,45.57,1200,0
PCG_X.US,5,20260227,195500,45.64,45.64,45.64,45.64,100,0
PCG_X.US,5,20260227,200000,45.48,45.66,45.48,45.66,1100,0
PCG_X.US,5,20260227,201000,45.71,45.76,45.34,45.76,1700,0
PCG_X.US,5,20260227,201500,45.69,45.69,45.69,45.69,900,0
PCG_X.US,5,20260227,202500,45.66,45.66,45.66,45.66,788,0
PCG_X.US,5,20260227,203000,45.64,45.64,45.64,45.64,583,0
PCG_X.US,5,20260227,203500,45.66,45.7,45.3,45.67,1568,0
PCG_X.US,5,20260227,204000,45.72,45.74,45.72,45.72,1565,0
PCG_X.US,5,20260227,205000,45.69,45.69,45.66,45.66,560,0
PCG_X.US,5,20260227,205500,45.66,45.71,45.33,45.71,1435,0
PCG_X.US,5,20260227,210000,45.75,45.79,45.75,45.79,200,0
PCG_X.US,5,20260227,210500,45.7801,45.7801,45.71,45.71,1620,0
PCG_X.US,5,20260227,211000,45.82,45.82,45.82,45.82,200,0
PCG_X.US,5,20260227,211500,45.87,45.87,45.87,45.87,1000,0
PCG_X.US,5,20260227,212000,45.87,45.9775,45.87,45.9775,212,0
PCG_X.US,5,20260227,212500,45.74,45.8,45.74,45.8,1400,0
PCG_X.US,5,20260227,213500,45.84,45.84,45.8,45.8,500,0
PCG_X.US,5,20260227,214000,45.76,45.78,45.76,45.78,1200,0
PCG_X.US,5,20260227,214500,45.82,45.82,45.8,45.8,1200,0
PCG_X.US,5,20260227,215000,45.85,45.86,45.75,45.76,13664,0
PCG_X.US,5,20260227,215500,45.77,45.805,45.33,45.33,185948,0
PCG_X.US,5,20260302,154000,45.55,45.55,45.55,45.55,200,0
PCG_X.US,5,20260302,155000,45.55,45.5877,45.55,45.55,840,0
PCG_X.US,5,20260302,155500,45.68,45.68,45.68,45.68,233,0
PCG_X.US,5,20260302,160500,45.65,45.65,45.65,45.65,360,0
PCG_X.US,5,20260302,161000,45.65,45.65,45.65,45.65,1039,0
PCG_X.US,5,20260302,162000,45.77,45.77,45.77,45.77,263,0
PCG_X.US,5,20260302,170000,45.75,45.85,45.75,45.85,200,0
PCG_X.US,5,20260302,170500,45.9792,45.9792,45.95,45.95,750,0
PCG_X.US,5,20260302,173500,45.875,45.875,45.875,45.875,1300,0
PCG_X.US,5,20260302,174000,45.9,45.92,45.9,45.92,8000,0
PCG_X.US,5,20260302,174500,45.92,45.965,45.92,45.965,800,0
PCG_X.US,5,20260302,175000,45.83,45.8301,45.83,45.8301,200,0
PCG_X.US,5,20260302,180000,45.95,45.95,45.95,45.95,200,0
PCG_X.US,5,20260302,180500,45.975,45.975,45.975,45.975,200,0
PCG_X.US,5,20260302,182000,45.975,45.975,45.975,45.975,200,0
PCG_X.US,5,20260302,183500,45.965,45.965,45.965,45.965,200,0
PCG_X.US,5,20260302,184000,45.9,45.9,45.9,45.9,119,0
PCG_X.US,5,20260302,190500,45.76,45.7601,45.76,45.7601,400,0
PCG_X.US,5,20260302,193000,45.76,45.76,45.76,45.76,700,0
PCG_X.US,5,20260302,195000,45.8,45.8,45.8,45.8,176,0
PCG_X.US,5,20260302,201000,45.99,45.99,45.99,45.99,1000,0
PCG_X.US,5,20260302,213500,46.0246,46.0246,46.0246,46.0246,152,0
PCG_X.US,5,20260302,214000,45.94,45.94,45.94,45.94,100,0
PCG_X.US,5,20260302,215500,46.01,46.01,46.01,46.01,478,0
PCG_X.US,5,20260303,153000,45.35,45.35,45.35,45.35,144,0
PCG_X.US,5,20260303,153500,45.33,45.33,45.33,45.33,505,0
PCG_X.US,5,20260303,161500,45.1396,45.1396,45.1396,45.1396,156,0
PCG_X.US,5,20260303,162000,45.16,45.16,45.16,45.16,100,0
PCG_X.US,5,20260303,162500,45.18,45.25,45.18,45.25,234,0
PCG_X.US,5,20260303,163000,45.25,45.25,45.25,45.25,759,0
PCG_X.US,5,20260303,164000,45.36,45.36,45.36,45.36,1976,0
PCG_X.US,5,20260303,173000,45.48,45.48,45.48,45.48,200,0
PCG_X.US,5,20260303,181500,45.59,45.59,45.4801,45.4801,317,0
PCG_X.US,5,20260303,191000,45.76,45.76,45.76,45.76,790,0
PCG_X.US,5,20260303,204000,45.8912,45.8912,45.8912,45.8912,700,0
PCG_X.US,5,20260303,204500,45.86,45.86,45.86,45.86,100,0
PCG_X.US,5,20260303,205000,45.86,45.86,45.86,45.86,100,0
PCG_X.US,5,20260303,211500,45.91,45.91,45.91,45.91,500,0
PCG_X.US,5,20260303,212500,45.97,45.97,45.97,45.97,100,0
PCG_X.US,5,20260303,213500,45.7922,45.82,45.71,45.71,1425,0
PCG_X.US,5,20260303,214500,45.94,45.94,45.93,45.94,400,0
PCG_X.US,5,20260303,215000,45.71,45.73,45.71,45.73,300,0
PCG_X.US,5,20260304,153500,45.5,45.5,45.5,45.5,100,0
PCG_X.US,5,20260304,162000,45.835,45.835,45.835,45.835,530,0
PCG_X.US,5,20260304,171000,45.59,45.59,45.59,45.59,100,0
PCG_X.US,5,20260304,175500,45.55,45.55,45.55,45.55,100,0
PCG_X.US,5,20260304,185000,45.71,45.71,45.71,45.71,100,0
PCG_X.US,5,20260304,191000,45.55,45.55,45.55,45.55,1200,0
PCG_X.US,5,20260304,194500,45.57,45.57,45.57,45.57,549,0
PCG_X.US,5,20260304,210000,45.5,45.62,45.5,45.53,950,0
PCG_X.US,5,20260304,211000,45.55,45.57,45.55,45.57,400,0
PCG_X.US,5,20260304,213000,45.55,45.55,45.55,45.55,100,0
PCG_X.US,5,20260304,213500,45.78,45.8,45.56,45.8,1328,0
PCG_X.US,5,20260304,215000,45.79,45.79,45.68,45.79,842,0
PCG_X.US,5,20260305,153000,45.44,45.44,45.44,45.44,385,0
PCG_X.US,5,20260305,153500,44.5,44.5,44.5,44.5,111,0
PCG_X.US,5,20260305,160000,44.58,44.58,44.58,44.58,100,0
PCG_X.US,5,20260305,161000,44.75,44.75,44.75,44.75,504,0
PCG_X.US,5,20260305,165000,44.56,44.56,44.56,44.56,100,0
PCG_X.US,5,20260305,170500,44.45,44.45,44.45,44.45,100,0
PCG_X.US,5,20260305,174000,44.18,44.18,44.18,44.18,100,0
PCG_X.US,5,20260305,184000,44.14,44.14,44.14,44.14,100,0
PCG_X.US,5,20260305,184500,44.16,44.16,44.16,44.16,100,0
PCG_X.US,5,20260305,192000,44.26,44.26,44.26,44.26,200,0
PCG_X.US,5,20260305,204500,44.305,44.305,44.305,44.305,100,0
PCG_X.US,5,20260305,212500,44.3,44.3,44.3,44.3,141,0
PCG_X.US,5,20260305,213000,44.44,44.56,44.44,44.56,300,0
PCG_X.US,5,20260305,213500,44.45,44.45,44.45,44.45,100,0
PCG_X.US,5,20260306,164000,44.2,44.2,44.2,44.2,100,0
PCG_X.US,5,20260306,172000,44.07,44.07,44.07,44.07,100,0
PCG_X.US,5,20260306,172500,44.03,44.03,44.03,44.03,339,0
PCG_X.US,5,20260306,182000,44.16,44.16,44.16,44.16,1365,0
PCG_X.US,5,20260306,191000,44.19,44.2,44.19,44.2,200,0
PCG_X.US,5,20260306,195000,44.1919,44.1919,44.1919,44.1919,250,0
PCG_X.US,5,20260306,210000,44.24,44.3,44.23,44.27,3979,0
PCG_X.US,5,20260306,212500,44.35,44.35,44.35,44.35,337,0
PCG_X.US,5,20260306,213500,44.43,44.43,44.43,44.43,100,0
PCG_X.US,5,20260309,143000,44.94,44.94,44.5425,44.5425,1236,0
PCG_X.US,5,20260309,153000,44.1,44.1,44.1,44.1,500,0
PCG_X.US,5,20260309,154000,44.1,44.1,44.1,44.1,300,0
PCG_X.US,5,20260309,155000,44.2,44.28,44.2,44.28,331,0
PCG_X.US,5,20260309,155500,44.28,44.28,44.27,44.27,1930,0
PCG_X.US,5,20260309,160000,44.28,44.2802,44.28,44.2802,657,0
PCG_X.US,5,20260309,161000,44.38,44.38,44.38,44.38,100,0
PCG_X.US,5,20260309,163000,44.42,44.42,44.42,44.42,200,0
PCG_X.US,5,20260309,163500,44.42,44.42,44.42,44.42,100,0
PCG_X.US,5,20260309,205500,44.43,44.455,44.43,44.44,1540,0
PCG_X.US,5,20260310,151000,44.36,44.36,44.36,44.36,100,0
PCG_X.US,5,20260310,154500,44.4,44.4,44.4,44.4,100,0
PCG_X.US,5,20260310,162500,44.5373,44.5373,44.5373,44.5373,750,0
PCG_X.US,5,20260310,173000,44.68,44.68,44.63,44.63,593,0
PCG_X.US,5,20260310,202000,44.63,44.76,44.63,44.72,971,0
PCG_X.US,5,20260310,203000,44.57,44.57,44.57,44.57,639,0
PCG_X.US,5,20260310,204500,44.51,44.51,44.51,44.51,100,0
PCG_X.US,5,20260311,143000,44.57,44.57,44.57,44.57,263,0
PCG_X.US,5,20260311,152500,44.49,44.49,44.48,44.48,400,0
PCG_X.US,5,20260311,160000,44.68,44.68,44.64,44.64,200,0
PCG_X.US,5,20260311,161000,44.67,44.67,44.67,44.67,100,0
PCG_X.US,5,20260311,163000,44.72,44.72,44.72,44.72,100,0
PCG_X.US,5,20260311,165000,44.575,44.575,44.55,44.55,5207,0
PCG_X.US,5,20260311,165500,44.53,44.57,44.53,44.57,200,0
PCG_X.US,5,20260311,171000,44.545,44.6,44.545,44.6,3005,0
PCG_X.US,5,20260311,172500,44.57,44.57,44.57,44.57,100,0
PCG_X.US,5,20260311,174500,44.53,44.53,44.53,44.53,100,0
PCG_X.US,5,20260311,180500,44.58,44.58,44.58,44.58,100,0
PCG_X.US,5,20260311,185000,44.38,44.38,44.38,44.38,100,0
PCG_X.US,5,20260311,195000,44.59,44.59,44.59,44.59,219,0
PCG_X.US,5,20260311,195500,44.48,44.48,44.48,44.48,100,0
PCG_X.US,5,20260311,200500,44.5899,44.5899,44.5899,44.5899,1000,0
PCG_X.US,5,20260311,201500,44.472,44.472,44.472,44.472,600,0
PCG_X.US,5,20260311,202500,44.3545,44.3545,44.335,44.35,1063,0
PCG_X.US,5,20260311,203000,44.26,44.26,44.26,44.26,100,0
PCG_X.US,5,20260311,203500,44.365,44.365,44.365,44.365,160,0
PCG_X.US,5,20260311,204000,44.365,44.47,44.345,44.47,1464,0
PCG_X.US,5,20260311,205000,44.42,44.44,44.42,44.44,675,0
PCG_X.US,5,20260312,151500,44.45,44.45,44.41,44.41,811,0
PCG_X.US,5,20260312,154000,44.5,44.5,44.5,44.5,2924,0
PCG_X.US,5,20260312,165500,44.4,44.4,44.4,44.4,263,0
PCG_X.US,5,20260312,172500,44.36,44.36,44.36,44.36,100,0
PCG_X.US,5,20260312,173000,44.36,44.36,44.36,44.36,940,0
PCG_X.US,5,20260312,173500,44.35,44.35,44.35,44.35,25000,0
PCG_X.US,5,20260312,175500,44.42,44.42,44.42,44.42,1200,0
PCG_X.US,5,20260312,180500,44.48,44.48,44.48,44.48,1643,0
PCG_X.US,5,20260312,185000,44.52,44.52,44.32,44.37,2860,0
PCG_X.US,5,20260312,185500,44.36,44.36,44.35,44.35,800,0
PCG_X.US,5,20260312,191500,44.37,44.4,44.37,44.4,959,0
PCG_X.US,5,20260312,193000,44.14,44.14,44.14,44.14,100,0
PCG_X.US,5,20260312,201000,44.22,44.22,44.22,44.22,213,0
PCG_X.US,5,20260312,202000,44.28,44.28,44.28,44.28,100,0
PCG_X.US,5,20260312,204000,44.32,44.32,44.29,44.29,360,0
PCG_X.US,5,20260312,205000,44.17,44.17,44.17,44.17,100,0
PCG_X.US,5,20260312,205500,44.15,44.15,44.13,44.13,400,0
PCG_X.US,5,20260313,164000,44.67,44.67,44.67,44.67,600,0
PCG_X.US,5,20260313,165000,44.66,44.66,44.58,44.58,500,0
PCG_X.US,5,20260313,193500,44.66,44.66,44.63,44.63,800,0
PCG_X.US,5,20260313,194500,44.65,44.65,44.65,44.65,200,0
PCG_X.US,5,20260313,200500,44.81,44.81,44.7,44.7,685,0
PCG_X.US,5,20260313,202500,44.49,44.4901,44.49,44.4901,286,0
PCG_X.US,5,20260313,204000,44.36,44.36,44.34,44.34,715,0
PCG_X.US,5,20260313,204500,44.32,44.32,44.32,44.32,213,0
PCG_X.US,5,20260313,205000,44.45,44.45,44.45,44.45,400,0
PCG_X.US,5,20260316,144000,44.64,44.65,44.64,44.65,600,0
PCG_X.US,5,20260316,145000,44.65,44.6501,44.65,44.6501,200,0
PCG_X.US,5,20260316,145500,44.77,44.79,44.77,44.79,600,0
PCG_X.US,5,20260316,150000,44.8,44.8,44.8,44.8,520,0
PCG_X.US,5,20260316,151000,44.955,44.955,44.955,44.955,100,0
PCG_X.US,5,20260316,153500,44.91,44.91,44.91,44.91,200,0
PCG_X.US,5,20260316,160500,44.63,44.63,44.59,44.59,3100,0
PCG_X.US,5,20260316,162500,44.75,44.75,44.75,44.75,410,0
PCG_X.US,5,20260316,173000,44.7,44.7,44.7,44.7,100,0
PCG_X.US,5,20260316,180000,44.57,44.57,44.57,44.57,100,0
PCG_X.US,5,20260316,183000,44.71,44.71,44.705,44.705,200,0
PCG_X.US,5,20260316,184000,44.72,44.72,44.72,44.72,100,0
PCG_X.US,5,20260316,184500,44.71,44.71,44.705,44.705,200,0
PCG_X.US,5,20260316,185500,44.72,44.72,44.7,44.71,2159,0
PCG_X.US,5,20260316,190000,44.68,44.68,44.68,44.68,520,0
PCG_X.US,5,20260316,190500,44.71,44.72,44.71,44.71,2100,0
PCG_X.US,5,20260316,191000,44.7425,44.77,44.7425,44.77,1120,0
PCG_X.US,5,20260316,191500,44.68,44.68,44.68,44.68,1039,0
PCG_X.US,5,20260316,194000,44.67,44.67,44.65,44.67,702,0
PCG_X.US,5,20260316,194500,44.64,44.64,44.63,44.6301,400,0
PCG_X.US,5,20260316,195000,44.71,44.71,44.7,44.7,1100,0
PCG_X.US,5,20260316,195500,44.7,44.7,44.7,44.7,500,0
PCG_X.US,5,20260316,201000,44.6,44.6,44.59,44.6,1000,0
PCG_X.US,5,20260316,203000,44.69,44.695,44.69,44.695,1100,0
PCG_X.US,5,20260317,150000,44.89,44.89,44.89,44.89,160,0
PCG_X.US,5,20260317,151500,44.81,44.81,44.81,44.81,1209,0
PCG_X.US,5,20260317,162500,44.855,44.855,44.855,44.855,100,0
PCG_X.US,5,20260317,164000,44.79,44.7901,44.79,44.7901,250,0
PCG_X.US,5,20260317,170000,44.78,44.78,44.78,44.78,200,0
PCG_X.US,5,20260317,190000,44.805,44.805,44.805,44.805,100,0
PCG_X.US,5,20260317,190500,44.79,44.8,44.79,44.8,900,0
PCG_X.US,5,20260317,192000,44.67,44.67,44.67,44.67,100,0
PCG_X.US,5,20260317,195000,44.74,44.74,44.74,44.74,500,0
PCG_X.US,5,20260317,202500,44.74,44.785,44.7,44.785,589,0
PCG_X.US,5,20260317,205000,44.57,44.695,44.57,44.695,443,0
PCG_X.US,5,20260317,205500,44.6214,44.6214,44.6214,44.6214,250,0
PCG_X.US,5,20260318,160000,44.54,44.54,44.54,44.54,154,0
PCG_X.US,5,20260318,174000,44.5707,44.5707,44.5707,44.5707,250,0
PCG_X.US,5,20260318,191500,44.48,44.48,44.47,44.47,320,0
PCG_X.US,5,20260318,200500,44.46,44.46,44.46,44.46,400,0
PCG_X.US,5,20260318,203000,44.52,44.52,44.505,44.505,520,0
PCG_X.US,5,20260318,203500,44.5,44.5,44.5,44.5,100,0
PCG_X.US,5,20260318,205000,44.46,44.46,44.46,44.46,197,0
PCG_X.US,5,20260319,145500,44.49,44.49,44.49,44.49,100,0
PCG_X.US,5,20260319,150000,44.52,44.52,44.52,44.52,1973,0
PCG_X.US,5,20260319,152000,44.4,44.4,44.4,44.4,760,0
PCG_X.US,5,20260319,153500,44.44,44.44,44.44,44.44,100,0
PCG_X.US,5,20260319,163000,44.39,44.39,44.39,44.39,100,0
PCG_X.US,5,20260319,165500,44.42,44.42,44.42,44.42,127,0
PCG_X.US,5,20260319,173500,44.11,44.11,44.11,44.11,100,0
PCG_X.US,5,20260319,182000,44.1,44.11,44.07,44.082,7934,0
PCG_X.US,5,20260319,182500,44.05,44.0501,44.04,44.0501,1700,0
PCG_X.US,5,20260319,184500,44.03,44.03,44.03,44.03,100,0
PCG_X.US,5,20260319,185000,44.01,44.01,44.01,44.01,200,0
PCG_X.US,5,20260319,190000,44.08,44.08,44.08,44.08,199,0
PCG_X.US,5,20260319,190500,44.12,44.15,44.12,44.1425,2782,0
PCG_X.US,5,20260319,191000,44.15,44.17,44.14,44.16,400,0
PCG_X.US,5,20260319,193000,44.12,44.12,44.12,44.12,570,0
PCG_X.US,5,20260319,193500,44.13,44.29,44.13,44.225,1135,0
PCG_X.US,5,20260319,200000,44.22,44.25,44.22,44.25,420,0
PCG_X.US,5,20260319,200500,44.32,44.32,44.32,44.32,791,0
PCG_X.US,5,20260319,202000,44.32,44.32,44.32,44.32,100,0
PCG_X.US,5,20260319,203000,44.3,44.3,44.3,44.3,700,0
PCG_X.US,5,20260319,203500,44.3,44.3,44.3,44.3,100,0
PCG_X.US,5,20260319,204500,44.3,44.3001,44.3,44.3,400,0
PCG_X.US,5,20260319,205000,44.28,44.28,44.28,44.28,183,0
PCG_X.US,5,20260319,205500,44.31,44.32,44.31,44.32,615,0
PCG_X.US,5,20260320,143500,44.28,44.28,44.28,44.28,11290,0
PCG_X.US,5,20260320,152000,43.84,43.86,43.84,43.86,320,0
PCG_X.US,5,20260320,160000,43.58,43.58,43.58,43.58,100,0
PCG_X.US,5,20260320,160500,43.53,43.53,43.49,43.49,210,0
PCG_X.US,5,20260320,161500,43.5,43.52,43.4,43.4,7087,0
PCG_X.US,5,20260320,162000,43.41,43.41,43.41,43.41,100,0
PCG_X.US,5,20260320,163000,43.45,43.45,43.44,43.45,1200,0
PCG_X.US,5,20260320,172000,43.405,43.47,43.405,43.405,1300,0
PCG_X.US,5,20260320,172500,43.35,43.35,43.35,43.35,100,0
PCG_X.US,5,20260320,173000,43.34,43.34,43.34,43.34,241,0
PCG_X.US,5,20260320,175000,43.44,43.51,43.44,43.51,2140,0
PCG_X.US,5,20260320,180500,43.5,43.51,43.44,43.51,992,0
PCG_X.US,5,20260320,181500,43.43,43.43,43.43,43.43,112,0
PCG_X.US,5,20260320,183000,43.46,43.46,43.46,43.46,320,0
PCG_X.US,5,20260320,192500,43.31,43.31,43.31,43.31,100,0
PCG_X.US,5,20260320,193500,43.17,43.17,43.17,43.17,100,0
PCG_X.US,5,20260320,194500,43.14,43.14,43.14,43.14,100,0
PCG_X.US,5,20260320,201500,42.95,42.95,42.95,42.95,329,0
PCG_X.US,5,20260320,202000,42.95,43.055,42.95,43.055,587,0
PCG_X.US,5,20260320,202500,43,43,42.99,42.99,731,0
PCG_X.US,5,20260320,203000,42.915,42.915,42.915,42.915,100,0
PCG_X.US,5,20260320,204500,42.88,42.88,42.88,42.88,100,0
PCG_X.US,5,20260320,205000,42.85,42.86,42.85,42.85,312,0
PCG_X.US,5,20260320,205500,42.79,42.79,42.77,42.77,360,0
PCG_X.US,5,20260323,150500,42.3,42.3,42.3,42.3,500,0
PCG_X.US,5,20260323,152000,42.29,42.3,42.29,42.29,300,0
PCG_X.US,5,20260323,162000,42.6,42.6,42.6,42.6,135,0
PCG_X.US,5,20260323,163000,42.67,42.7,42.67,42.7,696,0
PCG_X.US,5,20260323,165000,42.6,42.6,42.6,42.6,122,0
PCG_X.US,5,20260323,172500,42.67,42.67,42.67,42.67,100,0
PCG_X.US,5,20260323,183500,42.81,42.81,42.81,42.81,100,0
PCG_X.US,5,20260323,195500,43.13,43.13,43.13,43.13,102,0
PCG_X.US,5,20260323,200000,43,43,43,43,100,0
PCG_X.US,5,20260323,202000,42.85,42.85,42.85,42.85,400,0
PCG_X.US,5,20260323,202500,42.72,42.815,42.7,42.815,423,0
PCG_X.US,5,20260323,205000,42.75,42.79,42.66,42.74,3289,0
PCG_X.US,5,20260323,205500,42.76,42.81,42.73,42.81,3978,0
PCG_X.US,5,20260324,143500,43.53,43.56,43.43,43.56,700,0
PCG_X.US,5,20260324,153500,43,43.01,42.97,43,13158,0
PCG_X.US,5,20260324,161000,43.04,43.04,43.04,43.04,184,0
PCG_X.US,5,20260324,161500,43.07,43.07,43.07,43.07,100,0
PCG_X.US,5,20260324,162000,43.05,43.05,43.05,43.05,100,0
PCG_X.US,5,20260324,162500,43.09,43.09,43.09,43.09,156,0
PCG_X.US,5,20260324,173000,43.16,43.16,43.16,43.16,100,0
PCG_X.US,5,20260324,190000,42.9,42.9,42.9,42.9,275,0
PCG_X.US,5,20260324,200000,42.97,43.06,42.96,42.97,5600,0
PCG_X.US,5,20260324,200500,42.98,42.98,42.98,42.98,200,0
PCG_X.US,5,20260324,201000,42.93,42.93,42.93,42.93,908,0
PCG_X.US,5,20260324,204500,42.8401,42.8401,42.83,42.83,1376,0
PCG_X.US,5,20260324,205000,42.83,42.83,42.73,42.78,8326,0
PCG_X.US,5,20260324,205500,42.78,42.78,42.69,42.74,3695,0
PCG_X.US,5,20260325,153500,42.93,42.93,42.93,42.93,100,0
PCG_X.US,5,20260325,161000,43.12,43.12,43.12,43.12,133,0
PCG_X.US,5,20260325,162000,42.98,42.98,42.98,42.98,100,0
PCG_X.US,5,20260325,163000,43.04,43.04,43.04,43.04,100,0
PCG_X.US,5,20260325,183500,43.09,43.13,43.09,43.13,1700,0
PCG_X.US,5,20260325,190000,43,43,43,43,100,0
PCG_X.US,5,20260325,191000,42.98,42.98,42.98,42.98,100,0
PCG_X.US,5,20260325,192000,42.97,42.97,42.97,42.97,100,0
PCG_X.US,5,20260325,193000,43.14,43.14,42.92,42.92,300,0
PCG_X.US,5,20260325,193500,42.92,42.92,42.92,42.92,354,0
PCG_X.US,5,20260325,194000,42.88,42.88,42.88,42.88,100,0
PCG_X.US,5,20260325,195000,42.86,42.86,42.85,42.85,200,0
PCG_X.US,5,20260325,195500,42.86,42.86,42.86,42.86,100,0
PCG_X.US,5,20260325,200000,42.86,42.86,42.86,42.86,100,0
PCG_X.US,5,20260325,200500,42.935,42.935,42.88,42.88,2000,0
PCG_X.US,5,20260325,201000,42.86,42.86,42.86,42.86,100,0
PCG_X.US,5,20260325,201500,42.9,42.9,42.9,42.9,100,0
PCG_X.US,5,20260325,202000,42.93,42.93,42.93,42.93,100,0
PCG_X.US,5,20260325,202500,42.9,42.9,42.9,42.9,100,0
PCG_X.US,5,20260325,203000,42.9,42.9,42.9,42.9,675,0
PCG_X.US,5,20260325,203500,42.9,42.9,42.86,42.86,200,0
PCG_X.US,5,20260325,204000,42.9,42.9,42.9,42.9,100,0
PCG_X.US,5,20260325,204500,42.86,42.86,42.86,42.86,100,0
PCG_X.US,5,20260325,205000,42.88,42.88,42.85,42.85,300,0
PCG_X.US,5,20260325,205500,42.85,42.85,42.81,42.81,600,0
PCG_X.US,5,20260326,150000,42.99,42.99,42.99,42.99,100,0
PCG_X.US,5,20260326,151500,42.97,42.97,42.97,42.97,100,0
PCG_X.US,5,20260326,160500,42.73,42.73,42.73,42.73,200,0
PCG_X.US,5,20260326,161500,42.76,42.76,42.76,42.76,100,0
PCG_X.US,5,20260326,165500,42.61,42.61,42.61,42.61,100,0
PCG_X.US,5,20260326,171500,42.675,42.675,42.675,42.675,100,0
PCG_X.US,5,20260326,173000,42.6,42.6,42.6,42.6,100,0
PCG_X.US,5,20260326,183000,42.67,42.72,42.67,42.705,2780,0
PCG_X.US,5,20260326,185000,42.71,42.71,42.71,42.71,100,0
PCG_X.US,5,20260326,185500,42.65,42.65,42.65,42.65,100,0
PCG_X.US,5,20260326,190000,42.67,42.67,42.67,42.67,100,0
PCG_X.US,5,20260326,190500,42.69,42.69,42.69,42.69,100,0
PCG_X.US,5,20260326,191000,42.69,42.69,42.69,42.69,100,0
PCG_X.US,5,20260326,191500,42.67,42.67,42.67,42.67,100,0
PCG_X.US,5,20260326,192000,42.67,42.67,42.67,42.67,100,0
PCG_X.US,5,20260326,192500,42.69,42.69,42.69,42.69,200,0
PCG_X.US,5,20260326,193000,42.75,42.75,42.75,42.75,100,0
PCG_X.US,5,20260326,193500,42.77,42.77,42.73,42.73,200,0
PCG_X.US,5,20260326,194000,42.695,42.695,42.695,42.695,100,0
PCG_X.US,5,20260326,194500,42.66,42.66,42.66,42.66,100,0
PCG_X.US,5,20260326,195000,42.66,42.66,42.63,42.63,200,0
PCG_X.US,5,20260326,195500,42.61,42.61,42.61,42.61,100,0
PCG_X.US,5,20260326,200000,42.63,42.63,42.63,42.63,100,0
PCG_X.US,5,20260326,200500,42.57,42.57,42.55,42.55,200,0
PCG_X.US,5,20260326,201000,42.53,42.53,42.53,42.53,100,0
PCG_X.US,5,20260326,201500,42.51,42.61,42.51,42.61,1165,0
PCG_X.US,5,20260326,202000,42.55,42.67,42.55,42.67,300,0
PCG_X.US,5,20260326,202500,42.53,42.53,42.53,42.53,200,0
PCG_X.US,5,20260326,203000,42.53,42.53,42.53,42.53,200,0
PCG_X.US,5,20260326,203500,42.53,42.53,42.53,42.53,300,0
PCG_X.US,5,20260326,204000,42.53,42.66,42.53,42.65,2122,0
PCG_X.US,5,20260326,205000,42.57,42.6268,42.54,42.625,1464,0
PCG_X.US,5,20260326,205500,42.57,42.62,42.57,42.61,900,0
PCG_X.US,5,20260327,143000,42.45,42.45,42.45,42.45,100,0
PCG_X.US,5,20260327,152500,42.94,42.94,42.94,42.94,100,0
PCG_X.US,5,20260327,153500,42.94,43.06,42.94,42.95,1232,0
PCG_X.US,5,20260327,154000,42.92,43.14,42.92,43.14,550,0
PCG_X.US,5,20260327,154500,42.88,42.88,42.88,42.88,100,0
PCG_X.US,5,20260327,155500,42.89,42.89,42.89,42.89,100,0
PCG_X.US,5,20260327,160000,42.96,42.96,42.96,42.96,100,0
PCG_X.US,5,20260327,160500,42.87,42.87,42.87,42.87,100,0
PCG_X.US,5,20260327,161000,42.89,42.89,42.89,42.89,100,0
PCG_X.US,5,20260327,161500,42.9,42.9,42.9,42.9,330,0
PCG_X.US,5,20260327,162000,42.87,42.87,42.87,42.87,100,0
PCG_X.US,5,20260327,162500,42.85,42.85,42.85,42.85,100,0
PCG_X.US,5,20260327,163000,42.89,42.89,42.89,42.89,100,0
PCG_X.US,5,20260327,163500,42.9,42.9,42.9,42.9,100,0
PCG_X.US,5,20260327,164500,42.92,42.92,42.92,42.92,100,0
PCG_X.US,5,20260327,165000,42.89,42.89,42.89,42.89,100,0
PCG_X.US,5,20260327,182500,42.66,42.66,42.66,42.66,170,0
PCG_X.US,5,20260327,183500,42.66,42.66,42.66,42.66,100,0
PCG_X.US,5,20260327,204000,42.36,42.36,42.31,42.31,864,0
PCG_X.US,5,20260327,205000,42.24,42.27,42.24,42.27,317,0
PCG_X.US,5,20260327,205500,42.34,42.4,42.33,42.4,2620,0
PCG_X.US,5,20260330,153000,42.37,42.37,42.37,42.37,100,0
PCG_X.US,5,20260330,183500,43.04,43.04,43.04,43.04,100,0
PCG_X.US,5,20260330,185500,43.03,43.03,43.03,43.03,100,0
PCG_X.US,5,20260330,194000,43.035,43.035,42.96,42.97,1050,0
PCG_X.US,5,20260330,195500,42.91,42.9101,42.91,42.9101,350,0
PCG_X.US,5,20260330,200000,42.87,42.88,42.87,42.88,245,0
PCG_X.US,5,20260330,205000,42.9,42.9,42.9,42.9,350,0
PCG_X.US,5,20260330,211000,42.78,42.78,42.78,42.78,983,0
PCG_X.US,5,20260330,211500,42.8,42.8,42.8,42.8,170,0
PCG_X.US,5,20260330,213000,42.76,42.76,42.76,42.76,370,0
PCG_X.US,5,20260330,213500,42.78,42.78,42.78,42.78,220,0
PCG_X.US,5,20260330,214500,42.81,42.81,42.81,42.81,100,0
PCG_X.US,5,20260330,215000,42.85,42.87,42.85,42.87,200,0
PCG_X.US,5,20260330,215500,42.9,42.9,42.9,42.9,100,0
PCG_X.US,5,20260331,153000,42.86,42.86,42.86,42.86,100,0
PCG_X.US,5,20260331,154000,42.9,42.9,42.9,42.9,100,0
PCG_X.US,5,20260331,154500,42.92,42.92,42.92,42.92,100,0
PCG_X.US,5,20260331,155000,42.92,42.92,42.92,42.92,100,0
PCG_X.US,5,20260331,155500,42.91,42.91,42.91,42.91,100,0
PCG_X.US,5,20260331,160000,42.9,42.9,42.9,42.9,100,0
PCG_X.US,5,20260331,161000,42.88,42.88,42.88,42.88,100,0
PCG_X.US,5,20260331,161500,42.88,42.88,42.88,42.88,100,0
PCG_X.US,5,20260331,162000,42.93,42.93,42.93,42.93,100,0
PCG_X.US,5,20260331,162500,42.95,42.97,42.95,42.97,200,0
PCG_X.US,5,20260331,163000,42.91,42.91,42.91,42.91,100,0
PCG_X.US,5,20260331,163500,42.86,42.86,42.86,42.86,100,0
PCG_X.US,5,20260331,164000,42.9,42.9,42.9,42.9,100,0
PCG_X.US,5,20260331,164500,42.79,42.79,42.79,42.79,100,0
PCG_X.US,5,20260331,165500,42.81,42.81,42.81,42.81,460,0
PCG_X.US,5,20260331,171000,42.89,42.89,42.88,42.88,200,0
PCG_X.US,5,20260331,171500,42.86,42.86,42.86,42.86,100,0
PCG_X.US,5,20260331,172500,42.83,42.83,42.83,42.83,100,0
PCG_X.US,5,20260331,173000,42.79,42.79,42.79,42.79,100,0
PCG_X.US,5,20260331,173500,42.83,42.83,42.83,42.83,100,0
PCG_X.US,5,20260331,174500,42.9,42.9,42.9,42.9,100,0
PCG_X.US,5,20260331,175500,42.86,42.86,42.86,42.86,100,0
PCG_X.US,5,20260331,180000,42.88,42.88,42.88,42.88,100,0
PCG_X.US,5,20260331,181000,42.88,42.88,42.88,42.88,100,0
PCG_X.US,5,20260331,182000,42.83,42.83,42.83,42.83,100,0
PCG_X.US,5,20260331,183000,42.86,42.86,42.86,42.86,100,0
PCG_X.US,5,20260331,183500,42.91,42.92,42.91,42.92,250,0
PCG_X.US,5,20260331,184000,43.06,43.07,43.045,43.07,1005,0
PCG_X.US,5,20260331,185000,42.95,42.95,42.95,42.95,100,0
PCG_X.US,5,20260331,190000,42.95,42.95,42.95,42.95,100,0
PCG_X.US,5,20260331,190500,42.88,42.88,42.83,42.83,600,0
PCG_X.US,5,20260331,191000,42.86,42.86,42.86,42.86,200,0
PCG_X.US,5,20260331,191500,42.88,42.9,42.84,42.84,1300,0
PCG_X.US,5,20260331,192000,42.84,42.84,42.83,42.83,400,0
PCG_X.US,5,20260331,192500,42.835,42.84,42.83,42.83,1400,0
PCG_X.US,5,20260331,193500,42.86,42.88,42.86,42.88,3318,0
PCG_X.US,5,20260331,194000,42.93,43,42.93,43,600,0
PCG_X.US,5,20260331,194500,42.97,42.97,42.97,42.97,1100,0
PCG_X.US,5,20260331,195000,42.97,42.97,42.97,42.97,172,0
PCG_X.US,5,20260331,195500,42.95,42.95,42.93,42.95,1200,0
PCG_X.US,5,20260331,200500,42.98,42.98,42.93,42.97,1300,0
PCG_X.US,5,20260331,201500,42.91,42.93,42.9,42.93,1100,0
PCG_X.US,5,20260331,202000,42.91,42.91,42.91,42.91,250,0
PCG_X.US,5,20260331,202500,42.84,42.86,42.8,42.81,1400,0
PCG_X.US,5,20260331,203000,42.84,42.84,42.84,42.84,100,0
PCG_X.US,5,20260331,203500,42.85,42.9,42.84,42.9,1400,0
PCG_X.US,5,20260331,204000,42.91,42.91,42.91,42.91,491,0
PCG_X.US,5,20260331,204500,42.96,42.97,42.95,42.97,1700,0
PCG_X.US,5,20260331,205000,43.04,43.04,43.04,43.04,1000,0
PCG_X.US,5,20260331,205500,43.02,43.02,43.02,43.02,100,0
PCG_X.US,5,20260331,210000,42.91,43.07,42.91,43.07,1975,0
PCG_X.US,5,20260331,210500,43,43,43,43,300,0
PCG_X.US,5,20260331,211000,42.99,43.07,42.99,43.07,2155,0
PCG_X.US,5,20260331,211500,43.08,43.11,43.08,43.11,2118,0
PCG_X.US,5,20260331,212000,43.11,43.11,43.07,43.11,1700,0
PCG_X.US,5,20260331,212500,43.12,43.12,43.12,43.12,450,0
PCG_X.US,5,20260331,213000,43.12,43.14,43.12,43.14,1100,0
PCG_X.US,5,20260331,213500,43.14,43.16,42.98,43.16,2516,0
PCG_X.US,5,20260331,214000,43.18,43.18,43.14,43.16,450,0
PCG_X.US,5,20260331,214500,43.14,43.195,43.05,43.18,1465,0
PCG_X.US,5,20260331,215000,43.19,43.19,42.98,43.06,20273,0
PCG_X.US,5,20260331,215500,43.09,43.14,43.01,43.14,18765,0
PCG_X.US,5,20260401,183500,43.27,43.27,43.27,43.27,211,0
PCG_X.US,5,20260401,190500,43.33,43.33,43.33,43.33,100,0
PCG_X.US,5,20260401,192000,43.38,43.38,43.365,43.365,200,0
PCG_X.US,5,20260401,205500,43.34,43.3401,43.33,43.3301,400,0
PCG_X.US,5,20260401,211500,43.38,43.38,43.38,43.38,657,0
PCG_X.US,5,20260401,214500,43.495,43.495,43.495,43.495,136,0
PCG_X.US,5,20260401,215500,43.41,43.49,43.41,43.42,850,0
PCG_X.US,5,20260402,162500,43.52,43.52,43.52,43.52,100,0
PCG_X.US,5,20260402,212000,43.33,43.57,43.33,43.55,2737,0
PCG_X.US,5,20260402,212500,43.45,43.55,43.45,43.45,897,0
PCG_X.US,5,20260402,214500,43.3,43.55,43.3,43.54,627,0
PCG_X.US,5,20260402,215500,43.55,43.555,43.55,43.555,2900,0
PCG_X.US,5,20260406,153500,43.45,43.45,43.45,43.45,500,0
PCG_X.US,5,20260406,162000,43.51,43.51,43.51,43.51,200,0
PCG_X.US,5,20260406,173500,43.42,43.42,43.42,43.42,100,0
PCG_X.US,5,20260406,174500,43.5,43.5,43.5,43.5,100,0
PCG_X.US,5,20260406,185500,43.37,43.37,43.37,43.37,100,0
PCG_X.US,5,20260406,194000,43.35,43.35,43.35,43.35,1750,0
PCG_X.US,5,20260406,194500,43.38,43.38,43.28,43.28,700,0
PCG_X.US,5,20260406,195000,43.315,43.35,43.315,43.35,200,0
PCG_X.US,5,20260406,195500,43.3075,43.35,43.3075,43.35,700,0
PCG_X.US,5,20260406,200000,43.35,43.35,43.35,43.35,721,0
PCG_X.US,5,20260406,211000,43.29,43.29,43.29,43.29,736,0
PCG_X.US,5,20260406,215500,43.335,43.42,43.335,43.3561,1320,0
PCG_X.US,5,20260407,162000,43.08,43.08,43.08,43.08,100,0
PCG_X.US,5,20260407,162500,43,43,43,43,100,0
PCG_X.US,5,20260407,171000,43.085,43.085,43.085,43.085,300,0
PCG_X.US,5,20260407,173000,42.94,42.94,42.94,42.94,124,0
PCG_X.US,5,20260407,180000,43.114,43.16,43.114,43.13,584,0
PCG_X.US,5,20260407,180500,43.12,43.12,43.12,43.12,100,0
PCG_X.US,5,20260407,183500,43.17,43.17,43.17,43.17,100,0
PCG_X.US,5,20260407,184500,43.16,43.16,43.16,43.16,100,0
PCG_X.US,5,20260407,185000,43.21,43.21,43.17,43.17,230,0
PCG_X.US,5,20260407,185500,43.11,43.11,43.11,43.11,100,0
PCG_X.US,5,20260407,194500,43.08,43.08,43.08,43.08,400,0
PCG_X.US,5,20260407,201000,43.125,43.125,43.125,43.125,100,0
PCG_X.US,5,20260407,202500,43.185,43.185,43.185,43.185,100,0
PCG_X.US,5,20260407,203500,43.17,43.17,43.17,43.17,140,0
PCG_X.US,5,20260407,211000,43.14,43.14,43.14,43.14,100,0
PCG_X.US,5,20260407,211500,43.2,43.25,43.2,43.25,310,0
PCG_X.US,5,20260407,212500,43.25,43.25,43.25,43.25,100,0
PCG_X.US,5,20260407,213500,43.25,43.25,43.25,43.25,100,0
PCG_X.US,5,20260407,214000,43.22,43.22,43.22,43.22,200,0
PCG_X.US,5,20260407,214500,43.26,43.26,43.26,43.26,105,0
PCG_X.US,5,20260407,215000,43.32,43.36,43.18,43.36,662,0
PCG_X.US,5,20260407,215500,43.35,43.35,43.32,43.32,200,0
PCG_X.US,5,20260408,163500,43.7,43.7,43.7,43.7,200,0
PCG_X.US,5,20260408,173000,43.92,43.92,43.92,43.92,100,0
PCG_X.US,5,20260408,173500,43.99,43.99,43.95,43.95,2500,0
PCG_X.US,5,20260408,175000,44.25,44.25,44.25,44.25,100,0
PCG_X.US,5,20260408,192500,44.41,44.41,44.41,44.41,600,0
PCG_X.US,5,20260408,193000,44.4,44.44,44.4,44.43,1450,0
PCG_X.US,5,20260408,201000,44.46,44.46,44.46,44.46,100,0
PCG_X.US,5,20260408,211500,44.34,44.34,44.34,44.34,614,0
PCG_X.US,5,20260408,212000,44.3601,44.3601,44.3601,44.3601,250,0
PCG_X.US,5,20260408,213000,44.4935,44.4935,44.4935,44.4935,824,0
PCG_X.US,5,20260408,213500,44.5,44.5,44.5,44.5,666,0
PCG_X.US,5,20260408,214500,44.55,44.55,44.53,44.55,1895,0
PCG_X.US,5,20260408,215000,44.6,44.6,44.6,44.6,291,0
PCG_X.US,5,20260408,215500,44.72,44.72,44.72,44.72,134,0
PCG_X.US,5,20260409,153000,44.4,44.4,44.4,44.4,100,0
PCG_X.US,5,20260409,153500,44.93,44.93,44.93,44.93,111,0
PCG_X.US,5,20260409,154500,44.92,45.02,44.92,45.02,422,0
PCG_X.US,5,20260409,182500,45.225,45.225,45.225,45.225,181,0
PCG_X.US,5,20260409,185500,45.25,45.25,45.25,45.25,100,0
PCG_X.US,5,20260409,194500,45.3,45.3,45.3,45.3,300,0
PCG_X.US,5,20260409,204000,45.1209,45.1209,45.1209,45.1209,375,0
PCG_X.US,5,20260409,211000,45.1607,45.23,45.1607,45.23,700,0
PCG_X.US,5,20260409,212000,45.229,45.229,45.229,45.229,150,0
PCG_X.US,5,20260409,212500,45.38,45.39,45.37,45.38,1600,0
PCG_X.US,5,20260409,214500,45.255,45.255,45.255,45.255,400,0
PCG_X.US,5,20260409,215500,45.13,45.19,45.05,45.18,2073,0
PCG_X.US,5,20260410,153000,45.25,45.25,45.25,45.25,400,0
PCG_X.US,5,20260410,155000,45.01,45.01,45.01,45.01,100,0
PCG_X.US,5,20260410,173500,45.06,45.06,45.06,45.06,100,0
PCG_X.US,5,20260410,174000,45.1,45.1,45.1,45.1,100,0
PCG_X.US,5,20260410,175000,45.15,45.15,45.15,45.15,100,0
PCG_X.US,5,20260410,190000,45.12,45.12,45.12,45.12,400,0
PCG_X.US,5,20260410,192500,45.15,45.15,45.15,45.15,200,0
PCG_X.US,5,20260410,204000,45.01,45.01,45.01,45.01,200,0
PCG_X.US,5,20260410,211000,44.97,44.97,44.97,44.97,400,0
PCG_X.US,5,20260410,211500,44.99,45,44.99,45,405,0
PCG_X.US,5,20260410,215000,44.88,44.8803,44.84,44.87,2900,0
PCG_X.US,5,20260413,154000,44.48,44.48,44.48,44.48,111,0
PCG_X.US,5,20260413,154500,44.38,44.38,44.38,44.38,100,0
PCG_X.US,5,20260413,155500,44.44,44.44,44.44,44.44,198,0
PCG_X.US,5,20260413,163000,43.77,43.77,43.77,43.77,100,0
PCG_X.US,5,20260413,184500,43.375,43.375,43.375,43.375,200,0
PCG_X.US,5,20260413,190500,43.28,43.28,43.28,43.28,200,0
PCG_X.US,5,20260413,191000,43.28,43.28,43.28,43.28,200,0
PCG_X.US,5,20260413,193500,42.9899,42.99,42.9526,42.9526,1176,0
PCG_X.US,5,20260413,195000,42.89,42.89,42.89,42.89,100,0
PCG_X.US,5,20260413,200500,42.94,42.94,42.94,42.94,377,0
PCG_X.US,5,20260413,202000,42.89,42.89,42.89,42.89,100,0
PCG_X.US,5,20260413,203500,42.89,42.92,42.8117,42.92,800,0
PCG_X.US,5,20260413,205000,43.01,43.01,43.01,43.01,100,0
PCG_X.US,5,20260413,205500,43.12,43.21,43.12,43.21,1007,0
PCG_X.US,5,20260413,210500,43.11,43.11,43.11,43.11,100,0
PCG_X.US,5,20260413,211000,43.06,43.06,43.06,43.06,200,0
PCG_X.US,5,20260413,211500,43.25,43.25,43.25,43.25,200,0
PCG_X.US,5,20260413,212000,43.27,43.27,43.27,43.27,250,0
PCG_X.US,5,20260413,213000,43.24,43.24,43.24,43.24,100,0
PCG_X.US,5,20260413,214000,43.23,43.34,43.23,43.34,200,0
PCG_X.US,5,20260413,215000,43.43,43.48,43.4,43.48,4850,0
PCG_X.US,5,20260413,215500,43.405,43.55,43.19,43.19,5318,0
PCG_X.US,5,20260414,153000,43.33,43.335,43.18,43.18,4780,0
PCG_X.US,5,20260414,153500,43.275,43.275,43.275,43.275,2500,0
PCG_X.US,5,20260414,154000,43.33,43.33,43.33,43.33,2500,0
PCG_X.US,5,20260414,160000,43.5,43.5,43.5,43.5,100,0
PCG_X.US,5,20260414,161500,43.57,43.585,43.57,43.57,14700,0
PCG_X.US,5,20260414,162000,43.53,43.6,43.53,43.6,5301,0
PCG_X.US,5,20260414,165000,43.63,43.63,43.63,43.63,178,0
PCG_X.US,5,20260414,170500,43.445,43.445,43.445,43.445,100,0
PCG_X.US,5,20260414,171500,43.5,43.61,43.5,43.59,350,0
PCG_X.US,5,20260414,174000,43.48,43.48,43.48,43.48,200,0
PCG_X.US,5,20260414,180000,43.36,43.37,43.36,43.37,532,0
PCG_X.US,5,20260414,183000,43.39,43.39,43.36,43.36,832,0
PCG_X.US,5,20260414,183500,43.37,43.37,43.325,43.325,1103,0
PCG_X.US,5,20260414,190000,43.3001,43.3001,43.3001,43.3001,247,0
PCG_X.US,5,20260414,191000,43.36,43.36,43.36,43.36,250,0
PCG_X.US,5,20260414,200500,43.41,43.41,43.41,43.41,100,0
PCG_X.US,5,20260414,203500,43.28,43.28,43.28,43.28,1400,0
PCG_X.US,5,20260414,204500,43.39,43.39,43.39,43.39,125,0
PCG_X.US,5,20260414,205500,43.3,43.3,43.3,43.3,114,0
PCG_X.US,5,20260414,211500,43.26,43.26,43.26,43.26,355,0
PCG_X.US,5,20260414,212000,43.3001,43.3001,43.3001,43.3001,100,0
PCG_X.US,5,20260414,213000,43.37,43.37,43.37,43.37,200,0
PCG_X.US,5,20260414,213500,43.25,43.25,43.25,43.25,300,0
PCG_X.US,5,20260414,214500,43.25,43.25,43.25,43.25,587,0
PCG_X.US,5,20260414,215000,43.33,43.37,43.26,43.28,5100,0
PCG_X.US,5,20260414,215500,43.29,43.33,43.22,43.33,9714,0
PCG_X.US,5,20260415,153000,43.06,43.06,43.06,43.06,111,0
PCG_X.US,5,20260415,162500,43.05,43.05,43.05,43.05,100,0
PCG_X.US,5,20260415,163000,42.9,42.9,42.9,42.9,762,0
PCG_X.US,5,20260415,164500,43.08,43.08,43.08,43.08,139,0
PCG_X.US,5,20260415,173500,42.81,42.81,42.81,42.81,240,0
PCG_X.US,5,20260415,174000,42.78,42.78,42.78,42.78,110,0
PCG_X.US,5,20260415,200000,42.97,42.97,42.97,42.97,100,0
PCG_X.US,5,20260415,201000,42.9,42.9,42.9,42.9,100,0
PCG_X.US,5,20260415,213000,43.01,43.01,43.01,43.01,200,0
PCG_X.US,5,20260415,213500,42.8,42.8,42.8,42.8,200,0
PCG_X.US,5,20260415,214500,42.85,42.85,42.85,42.85,800,0
PCG_X.US,5,20260415,215500,42.96,42.99,42.96,42.99,2600,0
PCG_X.US,5,20260416,154500,42.91,42.91,42.91,42.91,450,0
PCG_X.US,5,20260416,160000,43.1599,43.1599,43.1599,43.1599,150,0
PCG_X.US,5,20260416,160500,43,43,43,43,100,0
PCG_X.US,5,20260416,165500,42.97,42.97,42.97,42.97,100,0
PCG_X.US,5,20260416,171500,43,43,43,43,100,0
PCG_X.US,5,20260416,172000,43,43,43,43,100,0
PCG_X.US,5,20260416,172500,42.945,42.945,42.945,42.945,100,0
PCG_X.US,5,20260416,175000,42.94,42.9401,42.94,42.9401,350,0
PCG_X.US,5,20260416,180000,42.95,42.95,42.95,42.95,100,0
PCG_X.US,5,20260416,182000,42.81,42.81,42.81,42.81,100,0
PCG_X.US,5,20260416,184000,42.72,42.74,42.72,42.74,1200,0
PCG_X.US,5,20260416,184500,42.72,42.72,42.72,42.72,100,0
PCG_X.US,5,20260416,185500,42.61,42.61,42.61,42.61,100,0
PCG_X.US,5,20260416,192500,42.65,42.65,42.65,42.65,100,0
PCG_X.US,5,20260416,193000,42.71,42.8,42.71,42.8,450,0
PCG_X.US,5,20260416,200000,42.81,42.81,42.81,42.81,100,0
PCG_X.US,5,20260416,202500,42.85,42.85,42.85,42.85,183,0
PCG_X.US,5,20260416,203000,42.76,42.78,42.76,42.78,313,0
PCG_X.US,5,20260416,205000,42.82,42.84,42.82,42.83,800,0
PCG_X.US,5,20260416,205500,42.81,42.81,42.81,42.81,100,0
PCG_X.US,5,20260416,210500,42.9,42.9,42.9,42.9,206,0
PCG_X.US,5,20260416,211500,42.91,42.91,42.91,42.91,200,0
PCG_X.US,5,20260416,212000,42.83,42.83,42.83,42.83,100,0
PCG_X.US,5,20260416,213000,42.83,42.83,42.83,42.83,100,0
PCG_X.US,5,20260416,213500,42.76,42.76,42.76,42.76,100,0
PCG_X.US,5,20260416,214000,42.78,42.78,42.78,42.78,100,0
PCG_X.US,5,20260416,215000,42.78,42.84,42.78,42.84,2285,0
PCG_X.US,5,20260416,215500,42.82,42.97,42.8101,42.97,5087,0
PCG_X.US,5,20260417,153000,42.8,42.8,42.8,42.8,200,0
PCG_X.US,5,20260417,161000,42.42,42.42,42.42,42.42,100,0
PCG_X.US,5,20260417,170000,42.39,42.39,42.39,42.39,250,0
PCG_X.US,5,20260417,175000,42.36,42.36,42.36,42.36,100,0
PCG_X.US,5,20260417,181000,42.55,42.55,42.46,42.46,1894,0
PCG_X.US,5,20260417,190500,42.4,42.4,42.4,42.4,2167,0
PCG_X.US,5,20260417,201000,42.49,42.49,42.49,42.49,100,0
PCG_X.US,5,20260417,201500,42.55,42.55,42.55,42.55,184,0
PCG_X.US,5,20260417,202500,42.51,42.57,42.5,42.57,1100,0
PCG_X.US,5,20260417,204500,42.57,42.57,42.57,42.57,592,0
PCG_X.US,5,20260417,205500,42.61,42.61,42.61,42.61,216,0
PCG_X.US,5,20260417,210000,42.61,42.61,42.61,42.61,400,0
PCG_X.US,5,20260417,210500,42.61,42.61,42.61,42.61,300,0
PCG_X.US,5,20260417,211000,42.58,42.58,42.56,42.56,414,0
PCG_X.US,5,20260417,213500,42.63,42.63,42.63,42.63,100,0
PCG_X.US,5,20260417,214000,42.6072,42.6072,42.6072,42.6072,222,0
PCG_X.US,5,20260417,214500,42.55,42.55,42.55,42.55,100,0
PCG_X.US,5,20260417,215000,42.66,42.66,42.66,42.66,200,0
PCG_X.US,5,20260417,215500,42.69,42.82,42.69,42.82,3421,0
PCG_X.US,5,20260420,153000,42.53,42.53,42.53,42.53,100,0
PCG_X.US,5,20260420,153500,42.67,42.67,42.67,42.67,740,0
PCG_X.US,5,20260420,162500,43.01,43.02,43,43.01,1402,0
PCG_X.US,5,20260420,165500,43.07,43.07,43.07,43.07,100,0
PCG_X.US,5,20260420,172000,43.11,43.11,43.11,43.11,100,0
PCG_X.US,5,20260420,174500,43.02,43.02,43.02,43.02,100,0
PCG_X.US,5,20260420,180500,42.96,42.96,42.96,42.96,100,0
PCG_X.US,5,20260420,182500,42.89,42.89,42.89,42.89,100,0
PCG_X.US,5,20260420,185000,42.85,42.85,42.85,42.85,100,0
PCG_X.US,5,20260420,191500,42.94,42.94,42.94,42.94,100,0
PCG_X.US,5,20260420,194000,42.87,42.87,42.87,42.87,100,0
PCG_X.US,5,20260420,200500,42.85,42.85,42.85,42.85,100,0
PCG_X.US,5,20260420,203500,42.81,42.81,42.81,42.81,100,0
PCG_X.US,5,20260420,211000,42.76,42.7601,42.76,42.7601,258,0
PCG_X.US,5,20260420,213000,42.76,42.85,42.76,42.85,366,0
PCG_X.US,5,20260420,213500,42.7,42.7,42.7,42.7,100,0
PCG_X.US,5,20260420,214500,42.7,42.73,42.7,42.7,800,0
PCG_X.US,5,20260420,215500,42.76,42.78,42.74,42.78,869,0
PCG_X.US,5,20260421,153000,42.95,42.95,42.95,42.95,619,0
PCG_X.US,5,20260421,155000,42.69,42.69,42.69,42.69,100,0
PCG_X.US,5,20260421,161000,42.595,42.595,42.595,42.595,100,0
PCG_X.US,5,20260421,161500,42.59,42.59,42.59,42.59,100,0
PCG_X.US,5,20260421,163000,42.62,42.62,42.62,42.62,100,0
PCG_X.US,5,20260421,164500,42.61,42.61,42.61,42.61,250,0
PCG_X.US,5,20260421,165000,42.59,42.59,42.59,42.59,100,0
PCG_X.US,5,20260421,171500,42.425,42.425,42.425,42.425,100,0
PCG_X.US,5,20260421,173500,42.385,42.385,42.385,42.385,100,0
PCG_X.US,5,20260421,180000,42.51,42.51,42.51,42.51,100,0
PCG_X.US,5,20260421,180500,42.55,42.55,42.55,42.55,100,0
PCG_X.US,5,20260421,182500,42.55,42.55,42.55,42.55,100,0
PCG_X.US,5,20260421,185500,42.5,42.5,42.5,42.5,100,0
PCG_X.US,5,20260421,192500,42.45,42.45,42.45,42.45,100,0
PCG_X.US,5,20260421,195500,42.39,42.39,42.39,42.39,100,0
PCG_X.US,5,20260421,201000,42.41,42.41,42.41,42.41,100,0
PCG_X.US,5,20260421,201500,42.52,42.52,42.52,42.52,250,0
PCG_X.US,5,20260421,202000,42.36,42.36,42.36,42.36,100,0
PCG_X.US,5,20260421,204000,42.29,42.29,42.29,42.29,100,0
PCG_X.US,5,20260421,210500,42.29,42.29,42.29,42.29,920,0
PCG_X.US,5,20260421,212000,42.31,42.31,42.31,42.31,200,0
PCG_X.US,5,20260421,213500,42.23,42.23,42.23,42.23,100,0
PCG_X.US,5,20260421,214500,42.32,42.32,42.18,42.18,556,0
PCG_X.US,5,20260421,215000,42.23,42.23,42.23,42.23,100,0
PCG_X.US,5,20260421,215500,42.23,42.23,42.23,42.23,100,0
PCG_X.US,5,20260422,153000,42.28,42.64,42.28,42.64,300,0
PCG_X.US,5,20260422,163000,42.615,42.615,42.615,42.615,331,0
PCG_X.US,5,20260422,163500,42.47,42.47,42.47,42.47,108,0
PCG_X.US,5,20260422,164500,42.57,42.59,42.57,42.5899,300,0
PCG_X.US,5,20260422,165500,42.51,42.51,42.51,42.51,100,0
PCG_X.US,5,20260422,170000,42.45,42.45,42.45,42.45,100,0
PCG_X.US,5,20260422,170500,42.49,42.49,42.49,42.49,100,0
PCG_X.US,5,20260422,171500,42.47,42.47,42.47,42.47,100,0
PCG_X.US,5,20260422,172500,42.47,42.47,42.47,42.47,100,0
PCG_X.US,5,20260422,173000,42.41,42.41,42.41,42.41,202,0
PCG_X.US,5,20260422,173500,42.38,42.38,42.38,42.38,391,0
PCG_X.US,5,20260422,181500,42.31,42.31,42.31,42.31,400,0
PCG_X.US,5,20260422,183500,42.27,42.27,42.27,42.27,333,0
PCG_X.US,5,20260422,190000,42.24,42.24,42.24,42.24,326,0
PCG_X.US,5,20260422,191500,42.2,42.2,42.2,42.2,100,0
PCG_X.US,5,20260422,193000,42.195,42.195,42.195,42.195,178,0
PCG_X.US,5,20260422,194500,42.16,42.16,42.16,42.16,330,0
PCG_X.US,5,20260422,201000,42.16,42.16,42.11,42.11,588,0
PCG_X.US,5,20260422,210500,42.15,42.16,42.15,42.16,210,0
PCG_X.US,5,20260422,212000,41.97,41.97,41.97,41.97,100,0
PCG_X.US,5,20260422,213000,42.02,42.02,41.945,41.945,472,0
PCG_X.US,5,20260422,214000,41.91,41.99,41.9009,41.99,650,0
PCG_X.US,5,20260422,214500,41.97,41.97,41.97,41.97,275,0
PCG_X.US,5,20260422,215000,41.91,41.94,41.91,41.94,300,0
PCG_X.US,5,20260422,215500,42,42.08,41.97,42.07,1209,0
PCG_X.US,5,20260423,161500,42.43,42.43,42.43,42.43,100,0
PCG_X.US,5,20260423,162000,42.595,42.595,42.595,42.595,100,0
PCG_X.US,5,20260423,163000,42.72,42.72,42.62,42.62,357,0
PCG_X.US,5,20260423,163500,42.62,42.62,42.4,42.4,925,0
PCG_X.US,5,20260423,170000,42.31,42.31,42.25,42.28,561,0
PCG_X.US,5,20260423,170500,42.2,42.2,42,42,840,0
PCG_X.US,5,20260423,171500,41.855,41.855,41.855,41.855,100,0
PCG_X.US,5,20260423,172000,42.05,42.05,42.05,42.05,323,0
PCG_X.US,5,20260423,173000,42.06,42.06,42.06,42.06,100,0
PCG_X.US,5,20260423,174500,42.18,42.18,42.18,42.18,100,0
PCG_X.US,5,20260423,175000,42.29,42.29,42.19,42.19,615,0
PCG_X.US,5,20260423,180500,42.18,42.18,42.18,42.18,100,0
PCG_X.US,5,20260423,182000,42.045,42.045,42.045,42.045,100,0
PCG_X.US,5,20260423,184000,42.14,42.14,42.14,42.14,200,0
PCG_X.US,5,20260423,184500,42.16,42.16,42.16,42.16,274,0
PCG_X.US,5,20260423,185500,42.18,42.18,42.18,42.18,100,0
PCG_X.US,5,20260423,191000,42.025,42.17,42.025,42.17,300,0
PCG_X.US,5,20260423,192500,42.14,42.14,42.14,42.14,100,0
PCG_X.US,5,20260423,193000,42.17,42.17,42.17,42.17,106,0
PCG_X.US,5,20260423,193500,42.19,42.19,42.19,42.19,158,0
PCG_X.US,5,20260423,194000,42.09,42.09,42.07,42.07,400,0
PCG_X.US,5,20260423,195000,42.27,42.27,42.27,42.27,100,0
PCG_X.US,5,20260423,200000,42.15,42.15,42.15,42.15,165,0
PCG_X.US,5,20260423,200500,42.22,42.22,42.22,42.22,100,0
PCG_X.US,5,20260423,201500,42.3,42.3,42.3,42.3,300,0
PCG_X.US,5,20260423,202500,42.17,42.17,42.17,42.17,676,0
PCG_X.US,5,20260423,204000,41.935,41.935,41.935,41.935,100,0
PCG_X.US,5,20260423,204500,42.02,42.02,42.02,42.02,100,0
PCG_X.US,5,20260423,210000,41.93,41.93,41.93,41.93,100,0
PCG_X.US,5,20260423,210500,41.94,42.01,41.94,42.01,200,0
PCG_X.US,5,20260423,211000,42.01,42.02,42.01,42.02,575,0
PCG_X.US,5,20260423,211500,42.15,42.15,42.02,42.02,200,0
PCG_X.US,5,20260423,212000,42.01,42.0101,41.99,41.99,394,0
PCG_X.US,5,20260423,212500,42.13,42.13,42.13,42.13,300,0
PCG_X.US,5,20260423,213000,42.05,42.05,42.04,42.04,200,0
PCG_X.US,5,20260423,214000,42.06,42.06,41.89,41.89,234,0
PCG_X.US,5,20260423,214500,41.885,42,41.885,41.9,300,0
PCG_X.US,5,20260423,215000,41.92,42.16,41.92,42.15,4616,0
PCG_X.US,5,20260423,215500,42.16,42.18,42.06,42.18,9739,0
PCG_X.US,5,20260424,170500,42.03,42.05,41.88,41.88,1219,0
PCG_X.US,5,20260424,171000,41.945,41.945,41.945,41.945,100,0
PCG_X.US,5,20260424,173000,41.865,41.865,41.865,41.865,100,0
PCG_X.US,5,20260424,174500,41.86,41.86,41.86,41.86,100,0
PCG_X.US,5,20260424,175000,41.78,41.78,41.77,41.78,567,0
PCG_X.US,5,20260424,184000,41.77,41.77,41.77,41.77,100,0
PCG_X.US,5,20260424,193500,41.69,41.69,41.69,41.69,100,0
PCG_X.US,5,20260424,201000,41.68,41.68,41.68,41.68,100,0
PCG_X.US,5,20260424,202000,41.75,41.75,41.75,41.75,100,0
PCG_X.US,5,20260424,205000,41.73,41.73,41.73,41.73,201,0
PCG_X.US,5,20260424,210500,41.81,41.81,41.81,41.81,100,0
PCG_X.US,5,20260424,211000,41.8,41.8,41.8,41.8,200,0
PCG_X.US,5,20260424,212000,41.67,41.67,41.67,41.67,100,0
PCG_X.US,5,20260424,212500,41.725,41.725,41.725,41.725,100,0
PCG_X.US,5,20260424,214000,41.67,41.67,41.67,41.67,107,0
PCG_X.US,5,20260424,214500,41.64,41.64,41.64,41.64,445,0
PCG_X.US,5,20260424,215500,41.635,41.71,41.635,41.7,407,0
PCG_X.US,5,20260427,153000,41.83,41.94,41.83,41.94,440,0
PCG_X.US,5,20260427,200500,41.53,41.55,41.53,41.55,200,0
PCG_X.US,5,20260427,204500,41.55,41.55,41.55,41.55,100,0
PCG_X.US,5,20260427,205500,41.49,41.49,41.49,41.49,100,0
PCG_X.US,5,20260427,211500,41.48,41.48,41.48,41.48,100,0
PCG_X.US,5,20260427,213000,41.28,41.28,41.28,41.28,302,0
PCG_X.US,5,20260427,213500,41.3,41.3,41.3,41.3,134,0
PCG_X.US,5,20260427,215000,41.31,41.315,41.3,41.315,672,0
PCG_X.US,5,20260427,215500,41.295,41.325,41.295,41.32,692,0
PCG_X.US,5,20260428,160500,41.21,41.21,41.21,41.21,124,0
PCG_X.US,5,20260428,181500,41.31,41.31,41.31,41.31,300,0
PCG_X.US,5,20260428,190500,41.325,41.33,41.325,41.33,210,0
PCG_X.US,5,20260428,192500,41.41,41.42,41.38,41.38,1369,0
PCG_X.US,5,20260428,195500,41.33,41.33,41.33,41.33,158,0
PCG_X.US,5,20260428,202500,41.23,41.23,41.23,41.23,100,0
PCG_X.US,5,20260428,204000,41.22,41.22,41.22,41.22,100,0
PCG_X.US,5,20260428,205000,41.25,41.25,41.25,41.25,170,0
PCG_X.US,5,20260428,205500,41.215,41.25,41.215,41.25,365,0
PCG_X.US,5,20260428,210500,41.105,41.19,41.105,41.16,13240,0
PCG_X.US,5,20260428,211000,41.18,41.19,41.16,41.16,6588,0
PCG_X.US,5,20260428,211500,41.05,41.085,41.05,41.085,400,0
PCG_X.US,5,20260428,212000,41.085,41.085,41.085,41.085,200,0
PCG_X.US,5,20260428,214000,41.14,41.14,41.14,41.14,430,0
PCG_X.US,5,20260428,215500,41.18,41.25,41.18,41.245,410,0
PCG_X.US,5,20260429,153500,41.01,41.31,41.01,41.29,700,0
PCG_X.US,5,20260429,163500,41.27,41.27,41.27,41.27,100,0
PCG_X.US,5,20260429,170000,41.25,41.25,41.25,41.25,100,0
PCG_X.US,5,20260429,170500,41.4,41.4,41.4,41.4,400,0
PCG_X.US,5,20260429,172500,41.26,41.26,41.26,41.26,100,0
PCG_X.US,5,20260429,174500,41.22,41.22,41.22,41.22,100,0
PCG_X.US,5,20260429,180500,41.38,41.38,41.38,41.38,100,0
PCG_X.US,5,20260429,182500,41.41,41.41,41.41,41.41,100,0
PCG_X.US,5,20260429,184500,41.42,41.42,41.42,41.42,100,0
PCG_X.US,5,20260429,190500,41.39,41.39,41.39,41.39,100,0
PCG_X.US,5,20260429,192500,41.28,41.3,41.28,41.3,799,0
PCG_X.US,5,20260429,195500,41.27,41.27,41.27,41.27,100,0
PCG_X.US,5,20260429,200500,41.23,41.23,41.23,41.23,100,0
PCG_X.US,5,20260429,204000,41.13,41.13,41.13,41.13,100,0
PCG_X.US,5,20260429,210500,41.17,41.17,41.17,41.17,100,0
PCG_X.US,5,20260429,211000,41.18,41.18,41.18,41.18,100,0
PCG_X.US,5,20260429,211500,41.16,41.16,41.16,41.16,100,0
PCG_X.US,5,20260429,212000,41.16,41.16,41.16,41.16,100,0
PCG_X.US,5,20260429,212500,41.17,41.17,41.17,41.17,100,0
PCG_X.US,5,20260429,213500,41.16,41.16,41.16,41.16,100,0
PCG_X.US,5,20260429,214500,41.17,41.17,41.17,41.17,100,0
PCG_X.US,5,20260429,215000,41.23,41.305,41.22,41.25,643,0
PCG_X.US,5,20260429,215500,41.29,41.29,41.29,41.29,319,0
PCG_X.US,5,20260430,153000,41.18,41.18,41.18,41.18,100,0
PCG_X.US,5,20260430,153500,41.31,41.31,41.3,41.31,1914,0
PCG_X.US,5,20260430,154000,41.54,41.54,41.54,41.54,500,0
PCG_X.US,5,20260430,154500,41.345,41.345,41.345,41.345,100,0
PCG_X.US,5,20260430,160500,41.47,41.47,41.47,41.47,324,0
PCG_X.US,5,20260430,165000,41.79,41.79,41.79,41.79,333,0
PCG_X.US,5,20260430,170000,41.83,41.83,41.83,41.83,500,0
PCG_X.US,5,20260430,193000,41.71,41.71,41.71,41.71,300,0
PCG_X.US,5,20260430,194500,41.78,41.78,41.78,41.78,100,0
PCG_X.US,5,20260430,195000,41.77,41.77,41.77,41.77,100,0
PCG_X.US,5,20260430,200000,41.77,41.77,41.77,41.77,100,0
PCG_X.US,5,20260430,201000,41.6525,41.6525,41.6525,41.6525,30000,0
PCG_X.US,5,20260430,201500,41.85,41.85,41.85,41.85,100,0
PCG_X.US,5,20260430,202500,41.83,41.83,41.73,41.73,400,0
PCG_X.US,5,20260430,203500,41.8,41.8,41.8,41.8,100,0
PCG_X.US,5,20260430,204500,41.84,41.84,41.84,41.84,100,0
PCG_X.US,5,20260430,205000,41.89,41.89,41.89,41.89,100,0
PCG_X.US,5,20260430,210500,41.88,41.88,41.88,41.88,100,0
PCG_X.US,5,20260430,211500,41.88,41.88,41.88,41.88,100,0
PCG_X.US,5,20260430,212000,41.95,41.95,41.95,41.95,100,0
PCG_X.US,5,20260430,213500,41.84,41.84,41.84,41.84,100,0
PCG_X.US,5,20260430,214500,41.82,41.84,41.82,41.84,400,0
PCG_X.US,5,20260430,215000,41.84,41.92,41.77,41.89,16687,0
PCG_X.US,5,20260430,215500,42.02,42.11,42,42.06,70191,0
PCG_X.US,5,20260501,153000,42.23,42.23,42.23,42.23,100,0
PCG_X.US,5,20260501,154000,41.945,41.945,41.945,41.945,100,0
PCG_X.US,5,20260501,170000,41.84,41.84,41.83,41.83,300,0
PCG_X.US,5,20260501,173000,41.83,41.83,41.83,41.83,136,0
PCG_X.US,5,20260501,181500,41.93,41.93,41.93,41.93,100,0
PCG_X.US,5,20260501,211000,41.51,41.51,41.5,41.5,400,0
PCG_X.US,5,20260501,212000,41.5019,41.5019,41.5019,41.5019,153,0
PCG_X.US,5,20260501,215500,41.6,41.62,41.59,41.62,494,0
PCG_X.US,5,20260504,153000,41.59,41.59,41.59,41.59,100,0
PCG_X.US,5,20260504,154000,41.19,41.19,41.19,41.19,155,0
PCG_X.US,5,20260504,181000,41.11,41.11,41.11,41.11,100,0
PCG_X.US,5,20260504,185000,41.01,41.01,41.01,41.01,300,0
PCG_X.US,5,20260504,191000,41.0399,41.0399,41.0399,41.0399,165,0
PCG_X.US,5,20260504,192500,40.95,40.95,40.95,40.95,800,0
PCG_X.US,5,20260504,200000,40.87,40.87,40.86,40.86,200,0
PCG_X.US,5,20260504,204500,40.99,40.99,40.99,40.99,400,0
PCG_X.US,5,20260504,205500,40.99,40.99,40.99,40.99,100,0
PCG_X.US,5,20260504,213000,40.98,40.99,40.98,40.99,200,0
PCG_X.US,5,20260504,215000,40.98,41.015,40.9301,40.96,4038,0
PCG_X.US,5,20260504,215500,40.96,41.21,40.94,40.94,14954,0
PCG_X.US,5,20260505,153000,41.03,41.03,41.03,41.03,210,0
PCG_X.US,5,20260505,162000,41.38,41.38,41.38,41.38,100,0
PCG_X.US,5,20260505,191000,41.48,41.48,41.48,41.48,333,0
PCG_X.US,5,20260505,193500,41.6,41.6,41.6,41.6,200,0
PCG_X.US,5,20260505,213500,41.51,41.65,41.51,41.65,300,0
PCG_X.US,5,20260505,214000,41.63,41.63,41.63,41.63,500,0
PCG_X.US,5,20260505,215500,41.31,41.31,41.31,41.31,100,0
PCG_X.US,5,20260506,153000,41.3,41.3,41.3,41.3,353,0
PCG_X.US,5,20260506,154000,40.9,40.9,40.9,40.9,194,0
PCG_X.US,5,20260506,160500,40.84,40.84,40.84,40.84,200,0
PCG_X.US,5,20260506,161000,40.86,40.86,40.84,40.84,1053,0
PCG_X.US,5,20260506,162000,41.06,41.08,41.06,41.0799,1800,0
PCG_X.US,5,20260506,163000,41.12,41.14,41.12,41.14,1276,0
PCG_X.US,5,20260506,175500,40.94,40.94,40.94,40.94,139,0
PCG_X.US,5,20260506,191000,40.8801,40.8801,40.8801,40.8801,172,0
PCG_X.US,5,20260506,200000,40.91,40.91,40.91,40.91,121,0
PCG_X.US,5,20260506,205500,40.9801,40.9801,40.9801,40.9801,250,0
PCG_X.US,5,20260506,210500,41.185,41.185,41.185,41.185,100,0
PCG_X.US,5,20260506,212500,41.14,41.14,41.14,41.14,100,0
PCG_X.US,5,20260506,213000,41.17,41.17,41.17,41.17,200,0
PCG_X.US,5,20260506,214000,41.14,41.14,41.14,41.14,100,0
PCG_X.US,5,20260506,215000,41.21,41.21,41.21,41.21,235,0
PCG_X.US,5,20260506,215500,41.15,41.15,41.14,41.14,500,0
PCG_X.US,5,20260507,153500,40.93,40.93,40.82,40.82,1247,0
PCG_X.US,5,20260507,161000,40.97,40.97,40.97,40.97,100,0
PCG_X.US,5,20260507,162500,40.89,40.89,40.89,40.89,179,0
PCG_X.US,5,20260507,171500,41.28,41.28,41.28,41.28,100,0
PCG_X.US,5,20260507,173000,41.26,41.26,41.26,41.26,100,0
PCG_X.US,5,20260507,174500,41.25,41.25,41.25,41.25,100,0
PCG_X.US,5,20260507,175000,41.23,41.23,41.23,41.23,100,0
PCG_X.US,5,20260507,175500,41.14,41.28,41.14,41.28,600,0
PCG_X.US,5,20260507,181500,41.28,41.28,41.28,41.28,100,0
PCG_X.US,5,20260507,183000,41.23,41.23,41.06,41.06,700,0
PCG_X.US,5,20260507,184500,41.01,41.06,40.94,40.94,2000,0
PCG_X.US,5,20260507,185000,41.06,41.06,40.9,40.9,403,0
PCG_X.US,5,20260507,190000,41.03,41.03,41.03,41.03,100,0
PCG_X.US,5,20260507,191000,40.99,40.99,40.99,40.99,100,0
PCG_X.US,5,20260507,192000,40.99,40.99,40.99,40.99,100,0
PCG_X.US,5,20260507,192500,40.9,40.9,40.9,40.9,200,0
PCG_X.US,5,20260507,194500,40.92,40.92,40.92,40.92,100,0
PCG_X.US,5,20260507,195500,40.825,40.825,40.825,40.825,490,0
PCG_X.US,5,20260507,200000,40.825,40.825,40.825,40.825,250,0
PCG_X.US,5,20260507,200500,40.92,40.92,40.92,40.92,200,0
PCG_X.US,5,20260507,202500,41.01,41.01,41.01,41.01,200,0
PCG_X.US,5,20260507,205000,41.08,41.08,41.08,41.08,100,0
PCG_X.US,5,20260507,210000,40.995,40.995,40.89,40.89,997,0
PCG_X.US,5,20260507,210500,41.12,41.14,41.12,41.14,200,0
PCG_X.US,5,20260507,211000,41.04,41.04,41,41,1000,0
PCG_X.US,5,20260507,211500,41.13,41.13,41.13,41.13,100,0
PCG_X.US,5,20260507,212500,40.96,41.01,40.96,41.01,437,0
PCG_X.US,5,20260507,213500,41.17,41.17,41.17,41.17,100,0
PCG_X.US,5,20260507,214000,41.16,41.16,41,41.01,400,0
PCG_X.US,5,20260507,215000,41.14,41.16,41.01,41.1,4564,0
PCG_X.US,5,20260507,215500,41,41.21,41,41.19,12910,0
PCG_X.US,5,20260508,153000,41.15,41.15,41.15,41.15,100,0
PCG_X.US,5,20260508,154500,41.015,41.015,41.015,41.015,1215,0
PCG_X.US,5,20260508,161000,41.27,41.27,41.27,41.27,110,0
PCG_X.US,5,20260508,161500,41.27,41.27,41.27,41.27,402,0
PCG_X.US,5,20260508,162000,41.27,41.28,41.27,41.28,354,0
PCG_X.US,5,20260508,163000,41.31,41.31,41.3,41.3,200,0
PCG_X.US,5,20260508,164500,41.25,41.32,41.25,41.32,353,0
PCG_X.US,5,20260508,170000,41.25,41.25,41.25,41.25,200,0
PCG_X.US,5,20260508,170500,41.19,41.19,41.19,41.19,100,0
PCG_X.US,5,20260508,172500,41.3,41.3,41.3,41.3,200,0
PCG_X.US,5,20260508,174000,41.35,41.39,41.35,41.39,200,0
PCG_X.US,5,20260508,174500,41.41,41.41,41.41,41.41,100,0
PCG_X.US,5,20260508,175500,41.43,41.43,41.43,41.43,100,0
PCG_X.US,5,20260508,180500,41.43,41.43,41.43,41.43,219,0
PCG_X.US,5,20260508,182000,41.38,41.38,41.38,41.38,200,0
PCG_X.US,5,20260508,183000,41.32,41.32,41.32,41.32,200,0
PCG_X.US,5,20260508,184500,41.38,41.38,41.38,41.38,200,0
PCG_X.US,5,20260508,190000,41.4,41.4,41.4,41.4,163,0
PCG_X.US,5,20260508,190500,41.38,41.38,41.38,41.38,100,0
PCG_X.US,5,20260508,191500,41.31,41.34,41.3,41.3,752,0
PCG_X.US,5,20260508,194500,41.3,41.3,41.29,41.29,300,0
PCG_X.US,5,20260508,195000,41.3,41.3,41.245,41.245,1400,0
PCG_X.US,5,20260508,200000,41.235,41.235,41.19,41.19,1000,0
PCG_X.US,5,20260508,200500,41.19,41.2,41.19,41.19,323,0
PCG_X.US,5,20260508,201000,41.19,41.19,41.17,41.19,500,0
PCG_X.US,5,20260508,201500,41.14,41.14,41.14,41.14,251,0
PCG_X.US,5,20260508,202500,41.18,41.18,41.18,41.18,200,0
PCG_X.US,5,20260508,203500,41.18,41.18,41.18,41.18,100,0
PCG_X.US,5,20260508,204500,41.2,41.2,41.2,41.2,200,0
PCG_X.US,5,20260508,205000,41.12,41.12,41.11,41.12,817,0
PCG_X.US,5,20260508,210500,41.15,41.15,41.15,41.15,200,0
PCG_X.US,5,20260508,212000,41.18,41.36,41.18,41.36,300,0
PCG_X.US,5,20260508,213000,41.27,41.27,41.27,41.27,200,0
PCG_X.US,5,20260508,213500,41.29,41.29,41.29,41.29,200,0
PCG_X.US,5,20260508,214000,41.25,41.25,41.22,41.24,600,0
PCG_X.US,5,20260508,214500,41.22,41.23,41.18,41.18,1879,0
PCG_X.US,5,20260508,215500,41.02,41.02,40.82,40.97,1813,0
PCG_X.US,5,20260511,153000,40.98,40.98,40.98,40.98,100,0
PCG_X.US,5,20260511,153500,41.18,41.23,41.18,41.2,500,0
PCG_X.US,5,20260511,163000,41.2501,41.2501,41.2501,41.2501,513,0
PCG_X.US,5,20260511,163500,41.38,41.38,41.38,41.38,100,0
PCG_X.US,5,20260511,164500,41.36,41.36,41.29,41.29,366,0
PCG_X.US,5,20260511,165000,41.29,41.29,41.29,41.29,100,0
PCG_X.US,5,20260511,170000,41.34,41.34,41.34,41.34,100,0
PCG_X.US,5,20260511,171000,41.29,41.29,41.29,41.29,100,0
PCG_X.US,5,20260511,171500,41.27,41.27,41.27,41.27,100,0
PCG_X.US,5,20260511,172500,41.29,41.29,41.29,41.29,100,0
PCG_X.US,5,20260511,173500,41.36,41.36,41.36,41.36,100,0
PCG_X.US,5,20260511,175000,41.25,41.315,41.25,41.25,1000,0
PCG_X.US,5,20260511,180000,41.38,41.38,41.38,41.38,200,0
PCG_X.US,5,20260511,181500,41.38,41.38,41.38,41.38,100,0
PCG_X.US,5,20260511,182500,41.24,41.34,41.24,41.34,200,0
PCG_X.US,5,20260511,184000,41.39,41.39,41.39,41.39,100,0
PCG_X.US,5,20260511,185000,41.34,41.34,41.34,41.34,100,0
PCG_X.US,5,20260511,190000,41.36,41.36,41.36,41.36,100,0
PCG_X.US,5,20260511,191000,41.36,41.36,41.36,41.36,100,0
PCG_X.US,5,20260511,191500,41.395,41.395,41.36,41.36,384,0
PCG_X.US,5,20260511,195000,41.32,41.32,41.32,41.32,100,0
PCG_X.US,5,20260511,195500,41.295,41.295,41.295,41.295,324,0
PCG_X.US,5,20260511,203000,41.32,41.32,41.32,41.32,100,0
PCG_X.US,5,20260511,204000,41.32,41.32,41.32,41.32,100,0
PCG_X.US,5,20260511,205000,41.295,41.295,41.295,41.295,320,0
PCG_X.US,5,20260511,210500,41.295,41.295,41.295,41.295,238,0
PCG_X.US,5,20260511,211500,41.24,41.24,41.24,41.24,105,0
PCG_X.US,5,20260511,212500,41.24,41.24,41.24,41.24,100,0
PCG_X.US,5,20260511,214000,41.23,41.23,41.23,41.23,373,0
PCG_X.US,5,20260511,215000,41.08,41.08,41.08,41.08,100,0
PCG_X.US,5,20260512,154500,41.28,41.28,41.28,41.28,100,0
PCG_X.US,5,20260512,161000,41.54,41.54,41.54,41.54,103,0
PCG_X.US,5,20260512,163500,41.55,41.56,41.4,41.5,5582,0
PCG_X.US,5,20260512,173000,41.59,41.59,41.59,41.59,250,0
PCG_X.US,5,20260512,201000,42,42,42,42,354,0
PCG_X.US,5,20260512,202500,42,42,41.98,41.98,355,0
PCG_X.US,5,20260512,203000,41.94,41.96,41.94,41.96,1548,0
PCG_X.US,5,20260512,205000,41.97,41.97,41.97,41.97,100,0
PCG_X.US,5,20260512,210500,42.12,42.12,42.12,42.12,156,0
PCG_X.US,5,20260512,211500,42.1575,42.24,42.1575,42.24,777,0
PCG_X.US,5,20260512,212000,42.21,42.21,42.21,42.21,100,0
PCG_X.US,5,20260512,212500,42.39,42.39,42.31,42.31,948,0
PCG_X.US,5,20260512,214500,42.32,42.36,42.32,42.36,900,0
PCG_X.US,5,20260512,215000,42.36,42.36,42.29,42.29,2816,0
PCG_X.US,5,20260512,215500,42.34,42.34,42.27,42.3,3107,0
PCG_X.US,5,20260513,155000,41.94,41.96,41.94,41.96,1493,0
PCG_X.US,5,20260513,155500,42,42.07,42,42.07,1363,0
PCG_X.US,5,20260513,172000,41.72,41.72,41.72,41.72,700,0
PCG_X.US,5,20260513,172500,41.75,41.75,41.75,41.75,100,0
PCG_X.US,5,20260513,173000,41.75,41.75,41.75,41.75,100,0
PCG_X.US,5,20260513,182500,41.85,41.85,41.76,41.76,1016,0
PCG_X.US,5,20260513,184500,41.85,41.85,41.85,41.85,200,0
PCG_X.US,5,20260513,203500,41.835,41.835,41.835,41.835,123,0
PCG_X.US,5,20260513,205000,41.86,41.86,41.86,41.86,300,0
PCG_X.US,5,20260513,213000,41.85,41.93,41.85,41.93,204,0
PCG_X.US,5,20260513,213500,41.94,41.94,41.94,41.94,100,0
PCG_X.US,5,20260513,215500,41.88,41.88,41.87,41.87,300,0
PCG_X.US,5,20260514,153000,41.84,41.84,41.84,41.84,100,0
PCG_X.US,5,20260514,161000,41.96,41.96,41.96,41.96,100,0
PCG_X.US,5,20260514,161500,41.9607,41.9607,41.9607,41.9607,500,0
PCG_X.US,5,20260514,175000,41.83,41.83,41.83,41.83,100,0
PCG_X.US,5,20260514,184000,41.9,41.9,41.9,41.9,165,0
PCG_X.US,5,20260514,193000,41.95,41.95,41.95,41.95,500,0
PCG_X.US,5,20260514,210000,42.05,42.05,42.05,42.05,132,0
PCG_X.US,5,20260514,211500,42.01,42.01,42.01,42.01,177,0
PCG_X.US,5,20260514,215500,42.17,42.17,42.17,42.17,300,0
PCG_X.US,5,20260515,153000,42,42,40.97,40.97,2285,0
PCG_X.US,5,20260515,153500,41.06,41.06,41.06,41.06,100,0
PCG_X.US,5,20260515,162000,41.09,41.09,41.09,41.09,100,0
PCG_X.US,5,20260515,212000,40.45,40.45,40.45,40.45,200,0
PCG_X.US,5,20260515,213000,40.44,40.44,40.44,40.44,100,0
PCG_X.US,5,20260515,213500,40.53,40.53,40.53,40.53,250,0
PCG_X.US,5,20260515,214500,40.52,40.52,40.34,40.41,1385,0
PCG_X.US,5,20260515,215000,40.43,40.43,40.43,40.43,1000,0
PCG_X.US,5,20260515,215500,40.33,40.33,40.31,40.31,213,0
PCG_X.US,5,20260518,160500,40.61,40.61,40.61,40.61,100,0
PCG_X.US,5,20260518,161000,40.615,40.615,40.615,40.615,200,0
PCG_X.US,5,20260518,192000,40.51,40.51,40.51,40.51,250,0
PCG_X.US,5,20260518,194500,40.3501,40.3501,40.3501,40.3501,500,0
PCG_X.US,5,20260518,205500,40.32,40.32,40.32,40.32,112,0
PCG_X.US,5,20260518,210500,39.385,39.385,39.385,39.385,300,0
PCG_X.US,5,20260518,211500,39.13,39.58,39.13,39.46,4173,0
PCG_X.US,5,20260518,213000,39,39,38.977,38.977,983,0
PCG_X.US,5,20260518,214500,39.82,39.82,39.82,39.82,100,0
PCG_X.US,5,20260518,215500,39.87,39.87,39.87,39.87,406,0
PCG_X.US,5,20260519,154000,40.12,40.12,40.12,40.12,100,0
PCG_X.US,5,20260519,162500,40.5799,40.5799,40.5799,40.5799,500,0
PCG_X.US,5,20260519,165500,40.5599,40.5599,40.5599,40.5599,700,0
PCG_X.US,5,20260519,174000,40.4,40.4,40.4,40.4,165,0
PCG_X.US,5,20260519,182000,40.58,40.58,40.58,40.58,108,0
PCG_X.US,5,20260519,185500,40.55,40.55,40.55,40.55,116,0
PCG_X.US,5,20260519,210500,40.57,40.57,40.57,40.57,100,0
PCG_X.US,5,20260519,212000,40.64,40.66,40.64,40.66,415,0
PCG_X.US,5,20260519,214000,40.685,40.685,40.6,40.6,850,0
PCG_X.US,5,20260519,215000,40.76,40.91,40.76,40.85,4990,0
PCG_X.US,5,20260519,215500,40.91,40.93,40.82,40.82,1839,0
PCG_X.US,5,20260520,155000,41.08,41.08,41.08,41.08,100,0
PCG_X.US,5,20260520,170500,40.585,40.585,40.585,40.585,500,0
PCG_X.US,5,20260520,174500,40.56,40.56,40.56,40.56,185,0
PCG_X.US,5,20260520,180000,40.51,40.53,40.51,40.53,500,0
PCG_X.US,5,20260520,204000,40.55,40.55,40.55,40.55,100,0
PCG_X.US,5,20260520,210500,40.62,40.62,40.62,40.62,100,0
PCG_X.US,5,20260520,211000,40.68,40.68,40.68,40.68,152,0
PCG_X.US,5,20260520,213000,40.59,40.665,40.59,40.6,493,0
PCG_X.US,5,20260520,214000,40.665,40.665,40.665,40.665,197,0
PCG_X.US,5,20260521,153000,40.75,40.75,40.75,40.75,100,0
PCG_X.US,5,20260521,154500,40.49,40.49,40.49,40.49,523,0
PCG_X.US,5,20260521,164500,40.92,40.97,40.92,40.97,1300,0
PCG_X.US,5,20260521,192500,41.405,41.405,41.405,41.405,200,0
PCG_X.US,5,20260521,193000,41.56,41.56,41.15,41.15,228,0
PCG_X.US,5,20260521,195000,41.03,41.03,41.03,41.03,720,0
PCG_X.US,5,20260521,195500,40.97,40.97,40.97,40.97,400,0
PCG_X.US,5,20260521,204500,41.03,41.03,41.03,41.03,100,0
PCG_X.US,5,20260521,205000,40.96,40.96,40.94,40.94,205,0
PCG_X.US,5,20260521,214500,40.88,40.88,40.88,40.88,340,0
PCG_X.US,5,20260521,215000,40.99,41.0399,40.94,40.94,1341,0
PCG_X.US,5,20260521,215500,41.01,41.01,40.86,40.86,200,0
PCG_X.US,5,20260522,153000,40.6,40.6,40.6,40.6,100,0
PCG_X.US,5,20260522,155500,40.72,40.72,40.7013,40.72,800,0
PCG_X.US,5,20260522,165500,40.63,40.63,40.63,40.63,300,0
PCG_X.US,5,20260522,194000,40.8902,40.8902,40.89,40.89,400,0
PCG_X.US,5,20260522,212000,41.045,41.045,41.045,41.045,250,0
PCG_X.US,5,20260522,215500,41.07,41.07,41.07,41.07,162,0
PCG_X.US,5,20260526,153000,41.085,41.1,41.085,41.1,501,0
PCG_X.US,5,20260526,165000,41.23,41.23,41.23,41.23,1555,0
PCG_X.US,5,20260526,170500,41.05,41.05,41.05,41.05,1100,0
PCG_X.US,5,20260526,172500,40.91,40.92,40.91,40.92,200,0
PCG_X.US,5,20260526,195000,41.195,41.195,41.195,41.195,100,0
PCG_X.US,5,20260526,213500,40.95,41.0299,40.95,41.0299,2089,0
PCG_X.US,5,20260527,155500,41.07,41.07,41.07,41.07,950,0
PCG_X.US,5,20260527,160000,41.02,41.02,41.02,41.02,299,0
PCG_X.US,5,20260527,162500,41.19,41.19,41.19,41.19,100,0
PCG_X.US,5,20260527,202000,41.21,41.21,41.21,41.21,254,0
PCG_X.US,5,20260527,211500,41.09,41.09,41.09,41.09,211,0
PCG_X.US,5,20260527,212000,41.14,41.14,41.14,41.14,600,0
PCG_X.US,5,20260527,212500,41.13,41.13,41.13,41.13,153,0
PCG_X.US,5,20260527,214000,41.225,41.225,41.225,41.225,100,0
PCG_X.US,5,20260527,215000,41.23,41.25,41.23,41.23,7453,0
PCG_X.US,5,20260527,215500,41.14,41.18,41.1,41.1,800,0
PCG_X.US,5,20260528,153000,41.08,41.08,40.2801,40.2801,800,0
PCG_X.US,5,20260528,165500,40.96,40.96,40.96,40.96,500,0
PCG_X.US,5,20260528,192000,41.05,41.06,41,41,500,0
PCG_X.US,5,20260528,195500,40.95,40.95,40.93,40.935,700,0
PCG_X.US,5,20260528,212000,40.82,40.82,40.82,40.82,100,0
PCG_X.US,5,20260528,214500,40.8,40.8,40.8,40.8,200,0
PCG_X.US,5,20260529,161500,40.65,40.73,40.65,40.7299,486,0
PCG_X.US,5,20260529,170500,40.47,40.5,40.42,40.42,1208,0
PCG_X.US,5,20260529,172500,40.585,40.585,40.585,40.585,300,0
PCG_X.US,5,20260529,173000,40.59,40.59,40.59,40.59,307,0
PCG_X.US,5,20260529,175500,40.63,40.63,40.59,40.59,700,0
PCG_X.US,5,20260529,180000,40.57,40.57,40.57,40.57,290,0
PCG_X.US,5,20260529,191000,40.6,40.6,40.6,40.6,343,0
PCG_X.US,5,20260529,192500,40.45,40.45,40.45,40.45,850,0
PCG_X.US,5,20260529,195000,40.44,40.44,40.44,40.44,100,0
PCG_X.US,5,20260529,195500,40.46,40.46,40.46,40.46,100,0
PCG_X.US,5,20260529,200000,40.53,40.53,40.53,40.53,100,0
PCG_X.US,5,20260529,201000,40.57,40.57,40.57,40.57,200,0
PCG_X.US,5,20260529,202000,40.55,40.55,40.55,40.55,200,0
PCG_X.US,5,20260529,203500,40.55,40.55,40.55,40.55,100,0
PCG_X.US,5,20260529,204500,40.64,40.64,40.64,40.64,200,0
PCG_X.US,5,20260529,205500,40.65,40.65,40.65,40.65,100,0
PCG_X.US,5,20260529,211000,40.66,40.66,40.58,40.58,700,0
PCG_X.US,5,20260529,211500,40.52,40.52,40.52,40.52,200,0
PCG_X.US,5,20260529,212500,40.57,40.6,40.57,40.6,335,0
PCG_X.US,5,20260529,213500,40.525,40.525,40.525,40.525,200,0
PCG_X.US,5,20260529,214500,40.54,40.61,40.54,40.61,706,0
PCG_X.US,5,20260529,215000,40.58,40.62,40.58,40.58,900,0
PCG_X.US,5,20260529,215500,40.58,40.7,40.58,40.59,2865,0
PCG_X.US,5,20260601,153000,40.64,40.64,40.64,40.64,210,0
PCG_X.US,5,20260601,162500,40.64,40.64,40.64,40.64,100,0
PCG_X.US,5,20260601,171500,40.62,40.68,40.62,40.68,2274,0
PCG_X.US,5,20260601,191500,40.68,40.68,40.68,40.68,100,0
PCG_X.US,5,20260601,192000,40.67,40.67,40.67,40.67,400,0
PCG_X.US,5,20260601,194000,40.71,40.71,40.71,40.71,100,0
PCG_X.US,5,20260601,200000,40.77,40.77,40.77,40.77,136,0
PCG_X.US,5,20260601,212000,40.62,40.62,40.62,40.62,187,0
PCG_X.US,5,20260601,215500,40.41,40.51,40.41,40.47,900,0
PCG_X.US,5,20260602,153000,40.66,40.66,40.66,40.66,150,0
PCG_X.US,5,20260602,162000,40.94,40.94,40.94,40.94,100,0
PCG_X.US,5,20260602,164500,40.6601,40.6601,40.6601,40.6601,900,0
PCG_X.US,5,20260602,165000,40.85,40.85,40.85,40.85,905,0
PCG_X.US,5,20260602,170000,40.85,40.85,40.85,40.85,100,0
PCG_X.US,5,20260602,173500,41.14,41.14,41.14,41.14,200,0
PCG_X.US,5,20260602,175000,41.25,41.25,41.25,41.25,100,0
PCG_X.US,5,20260602,182000,41.31,41.31,41.3,41.31,600,0
PCG_X.US,5,20260602,183500,41.285,41.285,41.285,41.285,100,0
PCG_X.US,5,20260602,185500,41.41,41.42,41.41,41.41,600,0
PCG_X.US,5,20260602,201000,41.3683,41.3683,41.3683,41.3683,200,0
PCG_X.US,5,20260602,202000,41.26,41.26,41.26,41.26,100,0
PCG_X.US,5,20260602,211000,41.28,41.28,41.28,41.28,100,0
PCG_X.US,5,20260602,212000,41.2,41.2,41.2,41.2,1099,0
PCG_X.US,5,20260602,213500,41.205,41.3111,41.205,41.3111,238,0
PCG_X.US,5,20260602,215000,41.34,41.37,41.32,41.35,5600,0
PCG_X.US,5,20260602,215500,41.31,41.31,41.125,41.27,14890,0
PCG_X.US,5,20260603,153000,41.42,41.42,41.42,41.42,100,0
PCG_X.US,5,20260603,153500,41.5,41.5,41.5,41.5,150,0
PCG_X.US,5,20260603,155000,41.835,41.835,41.77,41.77,500,0
PCG_X.US,5,20260603,155500,41.7992,41.7992,41.7992,41.7992,44000,0
PCG_X.US,5,20260603,160500,41.77,41.77,41.77,41.77,100,0
PCG_X.US,5,20260603,164500,41.81,41.81,41.81,41.81,100,0
PCG_X.US,5,20260603,170500,41.855,41.855,41.855,41.855,100,0
PCG_X.US,5,20260603,172000,41.85,41.85,41.85,41.85,250,0
PCG_X.US,5,20260603,172500,41.7601,41.7601,41.7601,41.7601,315,0
PCG_X.US,5,20260603,180000,41.8,41.8,41.8,41.8,1304,0
PCG_X.US,5,20260603,185500,41.76,41.76,41.76,41.76,100,0
PCG_X.US,5,20260603,204500,41.6,41.6,41.6,41.6,140,0
PCG_X.US,5,20260603,212500,41.7,41.7,41.7,41.7,200,0
PCG_X.US,5,20260603,213500,41.65,41.65,41.65,41.65,100,0
PCG_X.US,5,20260603,214500,41.63,41.63,41.63,41.63,113,0
PCG_X.US,5,20260603,215500,41.81,41.81,41.81,41.81,200,0
PCG_X.US,5,20260604,161500,41.66,41.66,41.66,41.66,762,0
PCG_X.US,5,20260604,180500,41.41,41.41,41.41,41.41,100,0
PCG_X.US,5,20260604,182500,41.41,41.41,41.41,41.41,167,0
PCG_X.US,5,20260604,190000,41.43,41.43,41.43,41.43,200,0
PCG_X.US,5,20260604,192000,41.41,41.41,41.41,41.41,4600,0
PCG_X.US,5,20260604,194500,41.4,41.4,41.4,41.4,100,0
PCG_X.US,5,20260604,201500,41.4355,41.4355,41.4355,41.4355,70000,0
PCG_X.US,5,20260604,214500,41.45,41.45,41.45,41.45,106,0
PCG_X.US,5,20260604,215000,41.45,41.45,41.45,41.45,100,0
PCG_X.US,5,20260605,153000,41.41,41.41,41.41,41.41,100,0
PCG_X.US,5,20260605,154500,41.91,41.91,41.91,41.91,800,0
PCG_X.US,5,20260605,162000,42.17,42.17,42.17,42.17,100,0
PCG_X.US,5,20260605,173500,42.12,42.12,42.12,42.12,500,0
PCG_X.US,5,20260605,174000,42.11,42.11,42.11,42.11,100,0
PCG_X.US,5,20260605,183500,42.02,42.02,42.02,42.02,100,0
PCG_X.US,5,20260605,184500,42.1,42.1,42.1,42.1,557,0
PCG_X.US,5,20260605,192500,42.04,42.0401,42.04,42.0401,314,0
PCG_X.US,5,20260605,202500,42.2218,42.2218,42.2218,42.2218,600,0
PCG_X.US,5,20260605,203500,42.18,42.18,42.18,42.18,209,0
PCG_X.US,5,20260605,204000,42.22,42.22,42.17,42.17,356,0
PCG_X.US,5,20260605,204500,42.2,42.2,42.2,42.2,100,0
PCG_X.US,5,20260605,215500,41.98,41.98,41.98,41.98,100,0
PCG_X.US,5,20260608,154000,41.8,41.8,41.8,41.8,100,0
PCG_X.US,5,20260608,155000,41.8,41.8,41.8,41.8,701,0
PCG_X.US,5,20260608,173000,41.14,41.14,41.14,41.14,100,0
PCG_X.US,5,20260608,180500,41.1,41.1,41.1,41.1,248,0
PCG_X.US,5,20260608,184500,41.1,41.1,41.1,41.1,828,0
PCG_X.US,5,20260608,190000,41.1,41.1,41.1,41.1,509,0
PCG_X.US,5,20260608,214000,40.81,40.81,40.81,40.81,547,0
PCG_X.US,5,20260608,215500,40.81,40.81,40.81,40.81,100,0
PCG_X.US,5,20260609,153000,40.73,40.73,40.73,40.73,100,0
PCG_X.US,5,20260609,162000,40.94,40.94,40.94,40.94,748,0
PCG_X.US,5,20260609,163000,40.98,40.98,40.98,40.98,359,0
PCG_X.US,5,20260609,164500,40.97,40.97,40.97,40.97,100,0
PCG_X.US,5,20260609,165000,40.98,40.98,40.98,40.98,100,0
PCG_X.US,5,20260609,172000,41.13,41.14,41.13,41.14,846,0
PCG_X.US,5,20260609,175500,41.18,41.18,41.18,41.18,100,0
PCG_X.US,5,20260609,184000,41.366,41.366,41.366,41.366,764,0
PCG_X.US,5,20260609,185000,41.35,41.35,41.35,41.35,100,0
PCG_X.US,5,20260609,210000,41.18,41.18,41.18,41.18,200,0
PCG_X.US,5,20260609,211000,41.11,41.11,41.11,41.11,450,0
PCG_X.US,5,20260609,211500,41.1,41.1,41.1,41.1,400,0
PCG_X.US,5,20260609,215000,41.1573,41.1573,41.13,41.13,503,0
PCG_X.US,5,20260609,215500,40.93,40.93,40.93,40.93,600,0
PCG_X.US,5,20260610,155500,41.14,41.14,41.14,41.14,100,0
PCG_X.US,5,20260610,162000,41.22,41.22,41.19,41.19,600,0
PCG_X.US,5,20260610,180500,41.44,41.44,41.44,41.44,325,0
PCG_X.US,5,20260610,181000,41.44,41.44,41.44,41.44,100,0
PCG_X.US,5,20260610,185500,41.475,41.475,41.475,41.475,131,0
PCG_X.US,5,20260610,193500,41.22,41.3,41.22,41.3,617,0
PCG_X.US,5,20260610,204500,41.295,41.295,41.295,41.295,250,0
PCG_X.US,5,20260610,210000,41.23,41.24,41.23,41.24,325,0
PCG_X.US,5,20260610,213500,41.34,41.34,41.34,41.34,520,0
PCG_X.US,5,20260610,214000,41.16,41.16,41.16,41.16,132,0
PCG_X.US,5,20260610,215500,41.3,41.3,41.3,41.3,100,0
PCG_X.US,5,20260611,161500,41.33,41.46,41.33,41.46,600,0
PCG_X.US,5,20260611,162500,41.54,41.54,41.54,41.54,400,0
PCG_X.US,5,20260611,185000,41.48,41.4848,41.48,41.4848,100100,0
PCG_X.US,5,20260611,190000,41.48,41.48,41.48,41.48,470,0
PCG_X.US,5,20260611,190500,41.42,41.42,41.42,41.42,100,0
PCG_X.US,5,20260611,191500,41.46,41.46,41.46,41.46,100,0
PCG_X.US,5,20260611,192500,41.52,41.52,41.47,41.49,900,0
PCG_X.US,5,20260611,201000,41.525,41.59,41.525,41.58,1789,0
PCG_X.US,5,20260611,202000,41.57,41.57,41.57,41.57,100,0
PCG_X.US,5,20260611,202500,41.57,41.57,41.57,41.57,400,0
PCG_X.US,5,20260611,204500,41.55,41.55,41.55,41.55,325,0
PCG_X.US,5,20260611,213000,41.55,41.55,41.52,41.52,200,0
PCG_X.US,5,20260611,213500,41.55,41.55,41.55,41.55,100,0
PCG_X.US,5,20260611,214500,41.48,41.48,41.45,41.48,700,0
PCG_X.US,5,20260611,215000,41.47,41.47,41.47,41.47,800,0
PCG_X.US,5,20260612,155000,41.68,41.68,41.68,41.68,299,0
PCG_X.US,5,20260612,160500,41.7,41.7,41.7,41.7,100,0
PCG_X.US,5,20260612,173500,41.55,41.55,41.55,41.55,100,0
PCG_X.US,5,20260612,175500,41.62,41.62,41.62,41.62,200,0
PCG_X.US,5,20260612,193000,41.5,41.5,41.5,41.5,100,0
PCG_X.US,5,20260612,200000,41.57,41.57,41.55,41.57,1200,0
PCG_X.US,5,20260612,201000,41.54,41.54,41.53,41.53,200,0
PCG_X.US,5,20260612,212000,41.655,41.655,41.655,41.655,142,0
PCG_X.US,5,20260612,212500,41.465,41.465,41.465,41.465,100,0
PCG_X.US,5,20260612,213000,41.57,41.57,41.57,41.57,130,0
PCG_X.US,5,20260612,213500,41.618,41.618,41.618,41.618,213,0
PCG_X.US,5,20260612,214500,41.6,41.6,41.6,41.6,195,0
PCG_X.US,5,20260612,215500,41.53,41.57,41.53,41.57,800,0
PCG_X.US,5,20260615,153500,41.2,41.2,41.2,41.2,100,0
PCG_X.US,5,20260615,155500,40.65,40.65,40.65,40.65,100,0
PCG_X.US,5,20260615,164500,40.825,40.825,40.825,40.825,200,0
PCG_X.US,5,20260615,165500,40.765,40.82,40.765,40.82,534,0
PCG_X.US,5,20260615,181000,41.005,41.005,41.005,41.005,272,0
PCG_X.US,5,20260615,185500,41.185,41.185,41.185,41.185,300,0
PCG_X.US,5,20260615,193000,41.18,41.18,41.18,41.18,250,0
PCG_X.US,5,20260615,195000,41.145,41.145,41.145,41.145,125,0
PCG_X.US,5,20260615,195500,41.125,41.14,41.125,41.14,800,0
PCG_X.US,5,20260615,203000,41.02,41.02,41.02,41.02,100,0
PCG_X.US,5,20260615,210000,41,41,41,41,200,0
PCG_X.US,5,20260615,212500,40.9737,40.9737,40.9737,40.9737,629,0
PCG_X.US,5,20260615,213000,40.91,40.91,40.91,40.91,100,0
PCG_X.US,5,20260615,214500,40.88,40.88,40.88,40.88,400,0
PCG_X.US,5,20260615,215500,40.97,40.97,40.97,40.97,100,0
PCG_X.US,5,20260616,155500,41.33,41.33,41.33,41.33,200,0
PCG_X.US,5,20260616,160000,41.48,41.5,41.48,41.5,200,0
PCG_X.US,5,20260616,162500,41.625,41.625,41.625,41.625,100,0
PCG_X.US,5,20260616,172000,41.4301,41.4301,41.4301,41.4301,121,0
PCG_X.US,5,20260616,173500,41.51,41.5401,41.51,41.5401,890,0
PCG_X.US,5,20260616,184000,41.59,41.59,41.59,41.59,100,0
PCG_X.US,5,20260616,185000,41.53,41.54,41.53,41.54,800,0
PCG_X.US,5,20260616,204000,41.47,41.47,41.47,41.47,300,0
PCG_X.US,5,20260616,205500,41.4,41.4,41.4,41.4,198,0
PCG_X.US,5,20260616,210000,41.4,41.4,41.4,41.4,188,0
PCG_X.US,5,20260616,212000,41.315,41.315,41.315,41.315,166,0
PCG_X.US,5,20260617,160000,40.99,41.04,40.99,41.04,300,0
PCG_X.US,5,20260617,162000,41.07,41.07,41.07,41.07,200,0
PCG_X.US,5,20260617,180500,41.05,41.05,41.05,41.05,100,0
PCG_X.US,5,20260617,181000,41.055,41.055,41.04,41.04,300,0
PCG_X.US,5,20260617,181500,41.04,41.04,41.04,41.04,100,0
PCG_X.US,5,20260617,200000,40.87,40.87,40.87,40.87,900,0
PCG_X.US,5,20260617,200500,40.82,40.82,40.82,40.82,100,0
PCG_X.US,5,20260617,204500,40.92,40.92,40.92,40.92,298,0
PCG_X.US,5,20260617,205500,40.92,40.92,40.92,40.92,162,0
PCG_X.US,5,20260617,210000,40.87,40.87,40.87,40.87,300,0
PCG_X.US,5,20260618,153000,40.67,40.67,40.67,40.67,100,0
PCG_X.US,5,20260618,162500,40.93,40.93,40.93,40.93,200,0
PCG_X.US,5,20260618,163000,40.91,40.91,40.91,40.91,100,0
PCG_X.US,5,20260618,165500,41.23,41.23,41.23,41.23,118,0
PCG_X.US,5,20260618,214500,40.74,40.98,40.74,40.98,400,0
PCG_X.US,5,20260618,215500,41.285,41.285,41.285,41.285,252,0
PCG_X.US,5,20260622,153000,41.25,41.25,41.25,41.25,100,0
PCG_X.US,5,20260622,161000,40.8,40.995,40.8,40.995,300,0
PCG_X.US,5,20260622,164000,40.95,40.95,40.95,40.95,100,0
PCG_X.US,5,20260622,165000,41.01,41.04,41.01,41.01,600,0
PCG_X.US,5,20260622,165500,40.99,40.99,40.99,40.99,100,0
PCG_X.US,5,20260622,170000,40.99,40.99,40.99,40.99,100,0
PCG_X.US,5,20260622,170500,40.95,40.95,40.95,40.95,100,0
PCG_X.US,5,20260622,172000,40.99,40.99,40.99,40.99,100,0
PCG_X.US,5,20260622,184500,41.07,41.07,41.07,41.07,573,0
PCG_X.US,5,20260622,190000,40.97,40.97,40.97,40.97,200,0
PCG_X.US,5,20260622,190500,40.97,40.97,40.97,40.97,200,0
PCG_X.US,5,20260622,192500,40.96,40.96,40.96,40.96,100,0
PCG_X.US,5,20260622,205000,41.11,41.11,41.11,41.11,145,0
PCG_X.US,5,20260622,212000,40.96,40.96,40.96,40.96,100,0
PCG_X.US,5,20260622,213000,40.91,40.92,40.91,40.92,400,0
PCG_X.US,5,20260622,215000,40.93,40.96,40.93,40.96,600,0
PCG_X.US,5,20260622,215500,40.99,40.99,40.94,40.96,2300,0
