<TICKER>,<PER>,<DATE>,<TIME>,<OPEN>,<HIGH>,<LOW>,<CLOSE>,<VOL>,<OPENINT>
PMIO.US,5,20260126,203000,51.31,51.31,51.3099,51.3099,460,0
PMIO.US,5,20260128,184000,51.3,51.3,51.3,51.3,400,0
PMIO.US,5,20260128,190500,51.321,51.324,51.321,51.324,272,0
PMIO.US,5,20260128,193000,51.33,51.33,51.33,51.33,400,0
PMIO.US,5,20260128,203500,51.3036,51.32,51.3007,51.32,300,0
PMIO.US,5,20260128,215500,51.345,51.345,51.345,51.345,100,0
PMIO.US,5,20260129,164500,51.315,51.315,51.315,51.315,100,0
PMIO.US,5,20260129,172000,51.3125,51.3125,51.3125,51.3125,584,0
PMIO.US,5,20260129,175000,51.35,51.35,51.35,51.35,100,0
PMIO.US,5,20260129,195500,51.335,51.335,51.335,51.335,292,0
PMIO.US,5,20260129,215500,51.36,51.36,51.36,51.36,100,0
PMIO.US,5,20260130,153000,51.35,51.35,51.35,51.35,100,0
PMIO.US,5,20260130,180000,51.39,51.39,51.39,51.39,100,0
PMIO.US,5,20260130,182500,51.4,51.4,51.4,51.4,100,0
PMIO.US,5,20260130,194000,51.41,51.41,51.41,51.41,100,0
PMIO.US,5,20260130,200500,51.415,51.415,51.385,51.385,5065,0
PMIO.US,5,20260130,215000,51.41,51.99,51.39,51.42,19884,0
PMIO.US,5,20260202,160000,51.225,51.225,51.225,51.225,100,0
PMIO.US,5,20260202,162000,51.24,51.24,51.24,51.24,100,0
PMIO.US,5,20260202,170500,51.25,51.82,51.25,51.5599,9805,0
PMIO.US,5,20260202,180000,51.29,51.29,51.29,51.29,100,0
PMIO.US,5,20260202,185000,51.27,51.282,51.27,51.282,200,0
PMIO.US,5,20260202,191500,51.28,51.31,51.28,51.28,2917,0
PMIO.US,5,20260202,194000,51.3,51.3,51.3,51.3,100,0
PMIO.US,5,20260202,203500,51.3,51.3,51.3,51.3,100,0
PMIO.US,5,20260202,215500,51.29,51.29,51.29,51.29,100,0
PMIO.US,5,20260203,153000,51.27,51.27,51.2673,51.2673,200,0
PMIO.US,5,20260203,154000,51.265,51.265,51.265,51.265,100,0
PMIO.US,5,20260203,160500,51.265,51.265,51.265,51.265,100,0
PMIO.US,5,20260203,165500,51.265,51.265,51.265,51.265,100,0
PMIO.US,5,20260203,192000,51.265,51.265,51.26,51.26,645,0
PMIO.US,5,20260203,193000,51.28,51.28,51.28,51.28,100,0
PMIO.US,5,20260203,211000,51.29,51.29,51.2795,51.2795,1000,0
PMIO.US,5,20260204,153000,51.27,51.27,51.27,51.27,100,0
PMIO.US,5,20260204,160500,51.28,51.28,51.28,51.28,100,0
PMIO.US,5,20260204,173500,51.295,51.295,51.295,51.295,100,0
PMIO.US,5,20260204,200500,51.3,51.3,51.2999,51.2999,1560,0
PMIO.US,5,20260204,203000,51.29,51.29,51.29,51.29,100,0
PMIO.US,5,20260204,203500,51.29,51.29,51.29,51.29,100,0
PMIO.US,5,20260204,204000,51.3,51.3,51.3,51.3,200,0
PMIO.US,5,20260204,204500,51.3,51.3,51.3,51.3,100,0
PMIO.US,5,20260204,205000,51.31,51.31,51.31,51.31,200,0
PMIO.US,5,20260204,205500,51.31,51.31,51.31,51.31,200,0
PMIO.US,5,20260205,154000,51.38,51.38,51.38,51.38,224,0
PMIO.US,5,20260205,155000,51.38,51.38,51.38,51.38,224,0
PMIO.US,5,20260205,160000,51.39,51.39,51.39,51.39,288,0
PMIO.US,5,20260205,161000,51.37,51.37,51.37,51.37,216,0
PMIO.US,5,20260205,162000,51.39,51.39,51.39,51.39,248,0
PMIO.US,5,20260205,162500,51.33,51.33,51.33,51.33,163,0
PMIO.US,5,20260205,163000,51.37,51.37,51.37,51.37,224,0
PMIO.US,5,20260205,164000,51.36,51.36,51.36,51.36,288,0
PMIO.US,5,20260205,165500,51.36,51.36,51.36,51.36,288,0
PMIO.US,5,20260205,170500,51.38,51.38,51.38,51.38,288,0
PMIO.US,5,20260205,171500,51.4,51.4,51.4,51.4,288,0
PMIO.US,5,20260205,172000,51.39,51.39,51.39,51.39,100,0
PMIO.US,5,20260205,173000,51.39,51.39,51.39,51.39,224,0
PMIO.US,5,20260205,174000,51.39,51.39,51.39,51.39,216,0
PMIO.US,5,20260205,175000,51.39,51.39,51.39,51.39,288,0
PMIO.US,5,20260205,180000,51.39,51.39,51.39,51.39,288,0
PMIO.US,5,20260205,181000,51.39,51.39,51.39,51.39,224,0
PMIO.US,5,20260205,181500,51.39,51.39,51.373,51.373,1362,0
PMIO.US,5,20260205,182000,51.39,51.41,51.39,51.41,324,0
PMIO.US,5,20260205,183000,51.4,51.4,51.4,51.4,300,0
PMIO.US,5,20260205,184500,51.4,51.4,51.4,51.4,300,0
PMIO.US,5,20260205,185500,51.4,51.4,51.4,51.4,224,0
PMIO.US,5,20260205,190500,51.43,51.43,51.43,51.43,224,0
PMIO.US,5,20260205,191500,51.43,51.43,51.43,51.43,300,0
PMIO.US,5,20260205,193000,51.43,51.43,51.43,51.43,288,0
PMIO.US,5,20260205,194000,51.43,51.43,51.43,51.43,300,0
PMIO.US,5,20260205,195000,51.43,51.43,51.43,51.43,288,0
PMIO.US,5,20260205,200500,51.42,51.42,51.42,51.42,300,0
PMIO.US,5,20260205,201500,51.42,51.42,51.42,51.42,288,0
PMIO.US,5,20260205,202500,51.419,51.419,51.419,51.419,250,0
PMIO.US,5,20260205,203000,51.42,51.42,51.42,51.42,300,0
PMIO.US,5,20260205,204000,51.42,51.42,51.42,51.42,288,0
PMIO.US,5,20260205,205500,51.42,51.42,51.42,51.42,288,0
PMIO.US,5,20260205,210500,51.41,51.41,51.41,51.41,400,0
PMIO.US,5,20260205,212000,51.42,51.42,51.42,51.42,316,0
PMIO.US,5,20260205,212500,51.42,51.42,51.42,51.42,259,0
PMIO.US,5,20260205,214000,51.42,51.42,51.42,51.42,224,0
PMIO.US,5,20260205,214500,51.41,51.41,51.41,51.41,100,0
PMIO.US,5,20260205,215500,51.41,51.41,51.41,51.41,208,0
PMIO.US,5,20260206,153000,51.41,51.41,51.41,51.41,100,0
PMIO.US,5,20260206,171000,51.345,51.345,51.345,51.345,2000,0
PMIO.US,5,20260206,175000,51.37,51.37,51.37,51.37,100,0
PMIO.US,5,20260206,210000,51.385,51.385,51.385,51.385,700,0
PMIO.US,5,20260206,214000,51.369,51.369,51.369,51.369,100,0
PMIO.US,5,20260206,215000,51.36,51.36,51.36,51.36,100,0
PMIO.US,5,20260209,153500,51.38,51.38,51.38,51.38,100,0
PMIO.US,5,20260209,154500,51.38,51.38,51.36,51.36,300,0
PMIO.US,5,20260209,161000,51.405,51.405,51.4,51.4,200,0
PMIO.US,5,20260209,161500,51.405,51.405,51.38,51.38,417,0
PMIO.US,5,20260209,163500,51.4,51.4,51.4,51.4,100,0
PMIO.US,5,20260209,175500,51.4,51.41,51.385,51.41,900,0
PMIO.US,5,20260209,182500,51.41,51.41,51.41,51.41,500,0
PMIO.US,5,20260209,191500,51.41,51.41,51.41,51.41,200,0
PMIO.US,5,20260209,192000,51.41,51.41,51.41,51.41,100,0
PMIO.US,5,20260209,204000,51.405,51.405,51.405,51.405,2000,0
PMIO.US,5,20260209,210500,51.43,51.45,51.4299,51.45,300,0
PMIO.US,5,20260210,153000,51.48,51.48,51.48,51.48,1000,0
PMIO.US,5,20260210,153500,51.468,51.468,51.468,51.468,499,0
PMIO.US,5,20260210,155500,51.49,51.49,51.49,51.49,100,0
PMIO.US,5,20260210,163000,51.49,51.49,51.49,51.49,100,0
PMIO.US,5,20260210,171500,51.5,51.5,51.5,51.5,100,0
PMIO.US,5,20260210,181500,51.48,51.48,51.48,51.48,100,0
PMIO.US,5,20260210,182500,51.48,51.48,51.48,51.48,300,0
PMIO.US,5,20260210,185000,51.48,51.48,51.48,51.48,100,0
PMIO.US,5,20260210,202000,51.475,51.475,51.475,51.475,600,0
PMIO.US,5,20260210,205000,51.475,51.475,51.475,51.475,1000,0
PMIO.US,5,20260210,212000,51.4799,51.4799,51.4799,51.4799,971,0
PMIO.US,5,20260210,215500,51.47,51.48,51.47,51.48,800,0
PMIO.US,5,20260211,154000,51.405,51.41,51.405,51.41,20150,0
PMIO.US,5,20260211,160500,51.42,51.42,51.415,51.415,400,0
PMIO.US,5,20260211,161000,51.42,51.42,51.415,51.415,500,0
PMIO.US,5,20260211,171500,51.4199,51.4199,51.4199,51.4199,2655,0
PMIO.US,5,20260211,190000,51.5833,51.5833,51.42,51.42,491,0
PMIO.US,5,20260211,194500,51.42,51.42,51.42,51.42,252,0
PMIO.US,5,20260211,204500,51.4582,51.4582,51.4582,51.4582,4862,0
PMIO.US,5,20260211,213500,51.449,51.46,51.449,51.46,1300,0
PMIO.US,5,20260211,214000,51.47,51.48,51.47,51.48,1700,0
PMIO.US,5,20260212,162000,51.48,51.48,51.48,51.48,100,0
PMIO.US,5,20260212,173500,51.45,51.45,51.45,51.45,500,0
PMIO.US,5,20260212,192000,51.5394,51.5394,51.5394,51.5394,490,0
PMIO.US,5,20260212,214500,51.54,51.55,51.54,51.55,1067,0
PMIO.US,5,20260213,183500,51.545,51.545,51.545,51.545,116,0
PMIO.US,5,20260217,193500,51.59,51.59,51.59,51.59,100,0
PMIO.US,5,20260217,194000,51.59,51.59,51.59,51.59,1000,0
PMIO.US,5,20260217,205500,51.62,51.62,51.62,51.62,100,0
PMIO.US,5,20260217,211000,51.6,51.6,51.6,51.6,582,0
PMIO.US,5,20260217,212500,51.63,51.63,51.63,51.63,583,0
PMIO.US,5,20260217,213500,51.6123,51.6123,51.6123,51.6123,100,0
PMIO.US,5,20260217,214500,51.62,51.63,51.62,51.63,1300,0
PMIO.US,5,20260217,215500,51.62,51.63,51.62,51.63,900,0
PMIO.US,5,20260218,155500,51.565,51.565,51.565,51.565,1000,0
PMIO.US,5,20260218,160500,51.587,51.587,51.587,51.587,1000,0
PMIO.US,5,20260218,161000,51.585,51.585,51.585,51.585,1300,0
PMIO.US,5,20260218,163500,51.585,51.585,51.585,51.585,232,0
PMIO.US,5,20260218,165500,51.6099,51.6099,51.6099,51.6099,194,0
PMIO.US,5,20260218,175500,51.595,51.595,51.595,51.595,1000,0
PMIO.US,5,20260218,180000,51.6,51.61,51.6,51.61,1000,0
PMIO.US,5,20260218,180500,51.62,51.62,51.62,51.62,100,0
PMIO.US,5,20260218,183000,51.62,51.62,51.62,51.62,100,0
PMIO.US,5,20260218,191000,51.615,51.615,51.615,51.615,400,0
PMIO.US,5,20260218,192500,51.6145,51.6145,51.6145,51.6145,300,0
PMIO.US,5,20260218,200000,51.615,51.62,51.615,51.62,700,0
PMIO.US,5,20260218,203000,51.62,51.62,51.62,51.62,1075,0
PMIO.US,5,20260218,214500,51.63,51.635,51.63,51.635,200,0
PMIO.US,5,20260219,153000,51.6,51.6,51.6,51.6,1452,0
PMIO.US,5,20260219,183500,51.6127,51.6127,51.6127,51.6127,388,0
PMIO.US,5,20260219,194000,51.63,51.63,51.63,51.63,275,0
PMIO.US,5,20260219,203000,51.65,51.65,51.65,51.65,300,0
PMIO.US,5,20260220,160500,51.66,51.66,51.66,51.66,500,0
PMIO.US,5,20260220,162000,51.67,51.67,51.67,51.67,100,0
PMIO.US,5,20260220,214000,51.67,51.67,51.67,51.67,500,0
PMIO.US,5,20260223,153500,51.682,51.6872,51.68,51.68,562,0
PMIO.US,5,20260223,154500,51.67,51.67,51.67,51.67,100,0
PMIO.US,5,20260223,171000,51.71,51.71,51.71,51.71,200,0
PMIO.US,5,20260223,204000,51.68,51.68,51.68,51.68,380,0
PMIO.US,5,20260223,212500,51.72,51.72,51.72,51.72,800,0
PMIO.US,5,20260224,161000,51.68,51.68,51.68,51.68,225,0
PMIO.US,5,20260224,174000,51.7165,51.7165,51.7165,51.7165,200,0
PMIO.US,5,20260225,160000,51.75,51.75,51.75,51.75,100,0
PMIO.US,5,20260225,164500,51.75,51.75,51.7499,51.7499,750,0
PMIO.US,5,20260225,184500,51.76,51.76,51.7599,51.7599,770,0
PMIO.US,5,20260225,192500,51.7489,51.7489,51.7489,51.7489,100,0
PMIO.US,5,20260225,205000,51.77,51.77,51.77,51.77,100,0
PMIO.US,5,20260226,155500,51.77,51.77,51.77,51.77,100,0
PMIO.US,5,20260226,184500,51.79,51.79,51.79,51.79,2302,0
PMIO.US,5,20260226,210000,51.8,51.8,51.7999,51.7999,600,0
PMIO.US,5,20260226,213500,51.83,51.83,51.83,51.83,100,0
PMIO.US,5,20260227,195000,51.822,51.822,51.822,51.822,428,0
PMIO.US,5,20260227,211500,51.84,51.84,51.8399,51.8399,200,0
PMIO.US,5,20260227,212000,51.8202,51.8202,51.8202,51.8202,100,0
PMIO.US,5,20260227,213500,51.8515,51.8515,51.845,51.845,200,0
PMIO.US,5,20260302,153000,51.59,51.59,51.59,51.59,234,0
PMIO.US,5,20260302,174500,51.595,51.595,51.595,51.595,100,0
PMIO.US,5,20260302,181500,51.595,51.61,51.595,51.61,11051,0
PMIO.US,5,20260302,203000,51.5999,51.6,51.5999,51.6,200,0
PMIO.US,5,20260302,211500,51.5963,51.6,51.5963,51.6,200,0
PMIO.US,5,20260303,173500,51.36,51.36,51.36,51.36,300,0
PMIO.US,5,20260303,180500,51.35,51.35,51.35,51.35,101,0
PMIO.US,5,20260303,190500,51.35,51.35,51.35,51.35,1414,0
PMIO.US,5,20260303,194000,51.35,51.35,51.35,51.35,147,0
PMIO.US,5,20260303,201000,51.37,51.41,51.37,51.41,7600,0
PMIO.US,5,20260303,203000,51.3799,51.3799,51.3799,51.3799,570,0
PMIO.US,5,20260303,214000,51.38,51.49,51.38,51.49,1000,0
PMIO.US,5,20260304,182500,51.4,51.4,51.4,51.4,1000,0
PMIO.US,5,20260304,185500,51.392,51.392,51.392,51.392,200,0
PMIO.US,5,20260304,193500,51.38,51.38,51.38,51.38,141,0
PMIO.US,5,20260304,202500,51.399,51.399,51.399,51.399,300,0
PMIO.US,5,20260304,203000,51.4,51.4,51.4,51.4,100,0
PMIO.US,5,20260304,203500,51.41,51.41,51.41,51.41,100,0
PMIO.US,5,20260304,204000,51.42,51.42,51.42,51.42,100,0
PMIO.US,5,20260304,204500,51.43,51.43,51.41,51.41,200,0
PMIO.US,5,20260304,205000,51.41,51.41,51.41,51.41,100,0
PMIO.US,5,20260304,205500,51.42,51.42,51.42,51.42,200,0
PMIO.US,5,20260304,211000,51.39,51.39,51.39,51.39,191,0
PMIO.US,5,20260304,214500,51.39,51.39,51.39,51.39,100,0
PMIO.US,5,20260305,153000,51.32,51.32,51.32,51.32,100,0
PMIO.US,5,20260305,155000,51.275,51.275,51.275,51.275,100,0
PMIO.US,5,20260306,204500,51.31,51.3299,51.31,51.31,800,0
PMIO.US,5,20260306,214000,51.32,51.32,51.32,51.32,154,0
PMIO.US,5,20260306,214500,51.325,51.325,51.325,51.325,274,0
PMIO.US,5,20260309,145000,51.29,51.29,51.29,51.29,3500,0
PMIO.US,5,20260309,204000,51.31,51.31,51.31,51.31,357,0
PMIO.US,5,20260310,174000,51.37,51.37,51.37,51.37,300,0
PMIO.US,5,20260311,203000,51.2899,51.2899,51.2899,51.2899,195,0
PMIO.US,5,20260312,152500,51.2,51.2,51.2,51.2,195,0
PMIO.US,5,20260312,185500,51.11,51.11,51.11,51.11,100,0
PMIO.US,5,20260312,191000,51.11,51.11,51.11,51.11,500,0
PMIO.US,5,20260312,205500,51.1,51.1,51.1,51.1,100,0
PMIO.US,5,20260313,161500,51.135,51.135,51.135,51.135,1500,0
PMIO.US,5,20260313,184000,51.12,51.1201,51.12,51.1201,4500,0
PMIO.US,5,20260316,181000,51.175,51.19,51.175,51.175,400,0
PMIO.US,5,20260316,190500,51.16,51.16,51.16,51.16,500,0
PMIO.US,5,20260316,194500,51.21,51.21,51.21,51.21,100,0
PMIO.US,5,20260316,201000,51.21,51.21,51.21,51.21,500,0
PMIO.US,5,20260317,203500,51.2,51.21,51.185,51.185,1546,0
PMIO.US,5,20260318,193500,51.125,51.125,51.125,51.125,100,0
PMIO.US,5,20260318,195500,51.0905,51.115,51.08,51.09,1000,0
PMIO.US,5,20260319,144500,51.04,51.04,51.04,51.04,332,0
PMIO.US,5,20260319,150000,51.085,51.085,51.085,51.085,391,0
PMIO.US,5,20260319,171500,51.03,51.03,51.03,51.03,196,0
PMIO.US,5,20260319,180000,51.17,51.2,51.1,51.1955,600,0
PMIO.US,5,20260319,180500,51.16,51.1855,51.06,51.1855,3200,0
PMIO.US,5,20260320,143000,51,51,51,51,199,0
PMIO.US,5,20260320,145000,50.95,50.95,50.95,50.95,100,0
PMIO.US,5,20260320,145500,50.91,50.91,50.89,50.89,925,0
PMIO.US,5,20260320,153500,50.8,50.8,50.8,50.8,100,0
PMIO.US,5,20260320,170000,50.77,50.77,50.77,50.77,100,0
PMIO.US,5,20260320,174500,50.76,50.76,50.76,50.76,100,0
PMIO.US,5,20260320,201500,50.7499,50.7499,50.7499,50.7499,533,0
PMIO.US,5,20260320,203500,50.745,50.745,50.745,50.745,1552,0
PMIO.US,5,20260323,200000,50.82,50.83,50.82,50.8299,400,0
PMIO.US,5,20260323,203500,50.79,50.82,50.79,50.8199,320,0
PMIO.US,5,20260324,194000,50.5501,50.6,50.5501,50.5999,1727,0
PMIO.US,5,20260324,205500,50.55,50.55,50.54,50.54,200,0
PMIO.US,5,20260325,145000,50.565,50.565,50.565,50.565,209,0
PMIO.US,5,20260326,172500,50.55,50.55,50.55,50.55,260,0
PMIO.US,5,20260326,173000,50.58,50.58,50.58,50.58,200,0
PMIO.US,5,20260326,192500,50.56,50.67,50.5599,50.67,1300,0
PMIO.US,5,20260326,205500,50.555,50.555,50.55,50.55,203,0
PMIO.US,5,20260327,143500,50.505,50.505,50.5,50.505,1113,0
PMIO.US,5,20260327,161500,50.505,50.505,50.505,50.505,600,0
PMIO.US,5,20260327,162000,50.505,50.505,50.505,50.505,140,0
PMIO.US,5,20260330,174000,50.6,50.6,50.5999,50.5999,560,0
PMIO.US,5,20260330,200500,50.52,50.57,50.43,50.5699,2860,0
PMIO.US,5,20260330,205000,50.56,50.56,50.56,50.56,100,0
PMIO.US,5,20260330,205500,50.56,50.58,50.56,50.58,1150,0
PMIO.US,5,20260330,213500,50.58,50.58,50.58,50.58,100,0
PMIO.US,5,20260331,154000,50.45,50.45,50.45,50.45,100,0
PMIO.US,5,20260401,162500,50.605,50.605,50.605,50.605,125,0
PMIO.US,5,20260401,165000,50.6,50.6,50.6,50.6,174,0
PMIO.US,5,20260401,173500,50.585,50.6,50.585,50.6,200,0
PMIO.US,5,20260401,215500,50.65,50.65,50.65,50.65,100,0
PMIO.US,5,20260402,164000,50.635,50.635,50.635,50.635,500,0
PMIO.US,5,20260406,164500,50.62,50.62,50.62,50.62,552,0
PMIO.US,5,20260406,211500,50.67,50.67,50.67,50.67,557,0
PMIO.US,5,20260407,163000,50.63,50.63,50.58,50.63,3070,0
PMIO.US,5,20260407,164000,50.61,50.61,50.606,50.606,400,0
PMIO.US,5,20260407,173500,50.6,50.73,50.585,50.6,2100,0
PMIO.US,5,20260409,213000,50.83,50.8301,50.72,50.7201,1500,0
PMIO.US,5,20260409,215000,50.8499,50.8499,50.8499,50.8499,120,0
PMIO.US,5,20260410,164000,50.85,50.85,50.85,50.85,800,0
PMIO.US,5,20260410,173500,50.83,50.83,50.83,50.83,1560,0
PMIO.US,5,20260413,153000,50.81,50.815,50.81,50.815,200,0
PMIO.US,5,20260413,155000,50.865,50.865,50.865,50.865,200,0
PMIO.US,5,20260413,160500,50.88,50.88,50.88,50.88,250,0
PMIO.US,5,20260413,162500,50.88,50.88,50.88,50.88,165,0
PMIO.US,5,20260414,162500,50.83,50.83,50.82,50.83,369,0
PMIO.US,5,20260414,175000,50.81,50.81,50.765,50.8068,1780,0
PMIO.US,5,20260414,183000,50.765,50.765,50.765,50.765,100,0
PMIO.US,5,20260414,194000,50.82,50.82,50.82,50.82,108,0
PMIO.US,5,20260414,200000,50.81,50.81,50.71,50.71,2414,0
PMIO.US,5,20260414,201500,50.81,50.81,50.81,50.81,100,0
PMIO.US,5,20260415,153500,50.845,50.845,50.845,50.845,119,0
PMIO.US,5,20260415,162000,50.87,50.87,50.87,50.87,100,0
PMIO.US,5,20260415,181000,50.97,50.97,50.97,50.97,421,0
PMIO.US,5,20260415,204500,50.8,50.8,50.49,50.4901,4910,0
PMIO.US,5,20260417,171500,50.99,50.99,50.99,50.99,259,0
PMIO.US,5,20260417,175000,51,51,51,51,137,0
PMIO.US,5,20260417,190000,51.0284,51.0284,51.0284,51.0284,3389,0
PMIO.US,5,20260420,165000,50.98,50.98,50.98,50.98,100,0
PMIO.US,5,20260420,170000,50.9701,50.9701,50.97,50.97,200,0
PMIO.US,5,20260420,183000,50.9703,50.9703,50.9703,50.9703,300,0
PMIO.US,5,20260420,211000,50.98,50.98,50.9799,50.98,1400,0
PMIO.US,5,20260422,181000,51.0493,51.0493,51.0493,51.0493,300,0
PMIO.US,5,20260423,162500,51.01,51.0202,51.01,51.0202,200,0
PMIO.US,5,20260423,165500,50.95,50.9901,50.95,50.9901,200,0
PMIO.US,5,20260423,195000,50.99,50.99,50.9899,50.9899,200,0
PMIO.US,5,20260423,201500,50.99,51.01,50.99,50.99,402,0
PMIO.US,5,20260423,211000,50.995,50.995,50.995,50.995,395,0
PMIO.US,5,20260423,211500,51.01,51.0399,50.995,51.01,1123,0
PMIO.US,5,20260424,160500,51.105,51.105,51.105,51.105,100,0
PMIO.US,5,20260424,161000,51.11,51.11,51.11,51.11,100,0
PMIO.US,5,20260424,162000,51.08,51.08,51.08,51.08,100,0
PMIO.US,5,20260424,164000,51.045,51.045,51.045,51.045,153,0
PMIO.US,5,20260424,174000,51.105,51.105,51.105,51.105,100,0
PMIO.US,5,20260424,182500,51.09,51.115,51.09,51.115,200,0
PMIO.US,5,20260424,192000,51.115,51.115,51.115,51.115,100,0
PMIO.US,5,20260424,195000,51.115,51.115,51.115,51.115,100,0
PMIO.US,5,20260424,202000,51.07,51.07,51.07,51.07,465,0
PMIO.US,5,20260424,204000,51.065,51.065,51.065,51.065,100,0
PMIO.US,5,20260427,154500,51.09,51.09,51.09,51.09,587,0
PMIO.US,5,20260427,155000,51.09,51.09,51.09,51.09,100,0
PMIO.US,5,20260427,190500,51.05,51.05,51.05,51.05,100,0
PMIO.US,5,20260427,210000,51.03,51.06,51.03,51.06,2938,0
PMIO.US,5,20260427,211500,51.05,51.06,51.035,51.059,3837,0
PMIO.US,5,20260428,153000,51.01,51.01,51.01,51.01,100,0
PMIO.US,5,20260428,201500,51.02,51.02,51.02,51.02,100,0
PMIO.US,5,20260428,203500,51.02,51.02,51.02,51.02,450,0
PMIO.US,5,20260428,204500,51.02,51.02,51.02,51.02,100,0
PMIO.US,5,20260428,211000,51.04,51.04,51.04,51.04,100,0
PMIO.US,5,20260428,212000,51.03,51.03,51.03,51.03,100,0
PMIO.US,5,20260428,214500,51.04,51.04,51.04,51.04,100,0
PMIO.US,5,20260428,215500,51.04,51.04,51.04,51.04,100,0
PMIO.US,5,20260429,153000,50.97,50.97,50.97,50.97,100,0
PMIO.US,5,20260430,162500,50.715,50.715,50.715,50.715,300,0
PMIO.US,5,20260430,180500,50.73,50.73,50.73,50.73,100,0
PMIO.US,5,20260430,185000,50.74,50.74,50.7315,50.7315,200,0
PMIO.US,5,20260430,193000,50.77,50.77,50.77,50.77,100,0
PMIO.US,5,20260430,195000,50.77,50.77,50.765,50.77,932,0
PMIO.US,5,20260430,202500,50.745,50.745,50.745,50.745,1097,0
PMIO.US,5,20260501,161000,50.775,50.775,50.775,50.775,479,0
PMIO.US,5,20260501,161500,50.8,50.8,50.8,50.8,173,0
PMIO.US,5,20260501,185000,50.78,50.78,50.78,50.78,600,0
PMIO.US,5,20260504,154500,50.72,50.72,50.72,50.72,100,0
PMIO.US,5,20260504,163500,50.76,50.76,50.76,50.76,100,0
PMIO.US,5,20260504,190000,50.65,50.65,50.65,50.65,200,0
PMIO.US,5,20260504,214500,50.675,50.675,50.675,50.675,394,0
PMIO.US,5,20260505,211000,50.7399,50.74,50.7399,50.74,580,0
PMIO.US,5,20260505,212500,50.73,50.73,50.73,50.73,100,0
PMIO.US,5,20260505,215000,50.7399,50.7399,50.7399,50.7399,3158,0
PMIO.US,5,20260506,153000,50.83,50.865,50.83,50.865,839,0
PMIO.US,5,20260506,154000,50.86,50.86,50.86,50.86,200,0
PMIO.US,5,20260506,190000,50.8798,50.9,50.8798,50.88,350,0
PMIO.US,5,20260506,201000,50.86,50.86,50.86,50.86,500,0
PMIO.US,5,20260507,164500,50.89,50.89,50.89,50.89,140,0
PMIO.US,5,20260507,172000,50.87,50.87,50.87,50.87,477,0
PMIO.US,5,20260507,184000,50.88,50.99,50.8799,50.99,3194,0
PMIO.US,5,20260507,184500,50.8795,50.8795,50.8795,50.8795,665,0
PMIO.US,5,20260507,195500,50.86,50.86,50.86,50.86,100,0
PMIO.US,5,20260508,163500,50.95,50.95,50.95,50.95,100,0
PMIO.US,5,20260508,181000,50.91,50.91,50.9099,50.9099,200,0
PMIO.US,5,20260508,194500,50.91,50.91,50.91,50.91,242,0
PMIO.US,5,20260508,195500,50.93,51.0399,50.93,50.97,2100,0
PMIO.US,5,20260508,203500,50.93,50.97,50.93,50.97,1864,0
PMIO.US,5,20260511,154500,50.935,50.935,50.935,50.935,100,0
PMIO.US,5,20260511,162000,50.96,50.96,50.96,50.96,100,0
PMIO.US,5,20260511,204000,50.95,50.95,50.95,50.95,100,0
PMIO.US,5,20260511,210000,50.9599,50.9599,50.9599,50.9599,150,0
PMIO.US,5,20260511,212500,50.96,50.96,50.9599,50.9599,200,0
PMIO.US,5,20260512,153000,50.92,50.92,50.92,50.92,214,0
PMIO.US,5,20260512,162500,50.83,50.83,50.83,50.83,300,0
PMIO.US,5,20260512,182000,50.849,50.849,50.84,50.84,500,0
PMIO.US,5,20260512,204500,50.859,50.86,50.859,50.86,300,0
PMIO.US,5,20260512,205500,50.85,51.08,50.85,50.89,13000,0
PMIO.US,5,20260512,212000,50.89,50.89,50.89,50.89,100,0
PMIO.US,5,20260512,215000,50.9,50.9,50.9,50.9,2100,0
PMIO.US,5,20260513,184000,50.8399,50.84,50.83,50.8399,3340,0
PMIO.US,5,20260513,190000,50.79,50.79,50.79,50.79,1480,0
PMIO.US,5,20260513,191000,50.855,50.855,50.855,50.855,100,0
PMIO.US,5,20260513,211500,50.76,50.76,50.76,50.76,8000,0
PMIO.US,5,20260513,214500,50.83,50.83,50.8,50.8,394,0
PMIO.US,5,20260513,215500,50.8,50.8,50.8,50.8,500,0
PMIO.US,5,20260514,162500,50.84,50.84,50.84,50.84,360,0
PMIO.US,5,20260514,172000,50.84,50.84,50.84,50.84,613,0
PMIO.US,5,20260514,174000,50.8492,50.8593,50.8492,50.8593,500,0
PMIO.US,5,20260514,210000,50.82,50.82,50.82,50.82,100,0
PMIO.US,5,20260515,160500,50.59,50.5901,50.59,50.5901,311,0
PMIO.US,5,20260515,161500,50.59,50.59,50.59,50.59,800,0
PMIO.US,5,20260515,163000,50.615,50.615,50.615,50.615,100,0
PMIO.US,5,20260515,192000,50.62,50.62,50.62,50.62,500,0
PMIO.US,5,20260515,194500,50.66,50.72,50.51,50.51,3665,0
PMIO.US,5,20260515,214500,50.67,50.67,50.67,50.67,109,0
PMIO.US,5,20260518,153000,50.7,50.7,50.7,50.7,100,0
PMIO.US,5,20260518,155000,50.7,50.7,50.7,50.7,100,0
PMIO.US,5,20260518,164000,50.665,50.665,50.665,50.665,116,0
PMIO.US,5,20260518,164500,50.6401,50.6401,50.6401,50.6401,993,0
PMIO.US,5,20260518,195000,50.67,50.67,50.67,50.67,300,0
PMIO.US,5,20260518,202500,50.63,50.63,50.63,50.63,400,0
PMIO.US,5,20260518,205500,50.655,50.655,50.655,50.655,400,0
PMIO.US,5,20260518,210500,50.72,50.72,50.69,50.69,500,0
PMIO.US,5,20260519,155500,50.61,50.61,50.61,50.61,100,0
PMIO.US,5,20260519,174000,50.53,50.53,50.53,50.53,200,0
PMIO.US,5,20260519,195000,50.55,50.5501,50.55,50.5501,200,0
PMIO.US,5,20260520,153500,50.63,50.63,50.63,50.63,100,0
PMIO.US,5,20260520,162000,50.645,50.645,50.645,50.645,200,0
PMIO.US,5,20260520,171500,50.65,50.65,50.65,50.65,1307,0
PMIO.US,5,20260520,172000,50.67,50.67,50.67,50.67,100,0
PMIO.US,5,20260520,172500,50.61,50.62,50.61,50.62,1500,0
PMIO.US,5,20260520,175000,50.63,50.63,50.63,50.63,100,0
PMIO.US,5,20260520,181000,50.56,50.6084,50.53,50.6084,16400,0
PMIO.US,5,20260520,185000,50.61,50.61,50.61,50.61,310,0
PMIO.US,5,20260520,215000,50.66,50.665,50.66,50.665,234,0
PMIO.US,5,20260521,153000,50.61,50.61,50.61,50.61,100,0
PMIO.US,5,20260521,153500,50.61,50.61,50.61,50.61,100,0
PMIO.US,5,20260521,160500,50.66,50.66,50.66,50.66,1800,0
PMIO.US,5,20260521,165500,50.6601,50.6601,50.6601,50.6601,10000,0
PMIO.US,5,20260521,170500,50.665,50.665,50.665,50.665,200,0
PMIO.US,5,20260521,173000,50.665,50.665,50.665,50.665,200,0
PMIO.US,5,20260521,180500,50.665,50.665,50.665,50.665,100,0
PMIO.US,5,20260521,191000,50.665,50.665,50.665,50.665,100,0
PMIO.US,5,20260521,194500,50.69,50.69,50.69,50.69,127,0
PMIO.US,5,20260521,204500,50.69,50.69,50.64,50.64,2299,0
PMIO.US,5,20260521,210500,50.66,50.66,50.66,50.66,10000,0
PMIO.US,5,20260522,154500,50.73,50.73,50.73,50.73,100,0
PMIO.US,5,20260522,180500,50.69,50.6901,50.69,50.6901,200,0
PMIO.US,5,20260522,181500,50.6416,50.6416,50.6416,50.6416,420,0
PMIO.US,5,20260522,191000,50.6689,50.6699,50.6689,50.6699,730,0
PMIO.US,5,20260522,201000,50.6689,50.6689,50.64,50.64,2073,0
PMIO.US,5,20260522,213500,50.6699,50.6699,50.6699,50.6699,205,0
PMIO.US,5,20260522,214000,50.66,50.66,50.655,50.655,800,0
PMIO.US,5,20260522,214500,50.63,50.63,50.63,50.63,100,0
PMIO.US,5,20260526,154000,50.816,50.816,50.816,50.816,197,0
PMIO.US,5,20260526,154500,50.83,50.83,50.83,50.83,100,0
PMIO.US,5,20260526,155000,50.79,50.79,50.79,50.79,200,0
PMIO.US,5,20260526,180000,50.81,50.81,50.81,50.81,200,0
PMIO.US,5,20260526,202000,50.83,50.83,50.8,50.8,1100,0
PMIO.US,5,20260526,214500,50.8382,50.8382,50.8382,50.8382,200,0
PMIO.US,5,20260526,215000,50.83,50.83,50.83,50.83,100,0
PMIO.US,5,20260526,215500,50.83,50.83,50.83,50.83,100,0
PMIO.US,5,20260527,153000,50.86,50.86,50.86,50.86,600,0
PMIO.US,5,20260527,155000,50.88,50.88,50.88,50.88,100,0
PMIO.US,5,20260527,161500,50.89,50.89,50.89,50.89,200,0
PMIO.US,5,20260527,165500,50.91,50.91,50.91,50.91,100,0
PMIO.US,5,20260527,174000,50.89,50.89,50.89,50.89,100,0
PMIO.US,5,20260527,181000,50.89,50.89,50.89,50.89,100,0
PMIO.US,5,20260527,182500,50.8997,50.8997,50.73,50.73,8948,0
PMIO.US,5,20260527,202000,50.92,50.92,50.92,50.92,200,0
PMIO.US,5,20260528,153500,50.89,50.89,50.89,50.89,193,0
PMIO.US,5,20260528,155000,50.88,50.88,50.88,50.88,100,0
PMIO.US,5,20260528,161500,51.0199,51.0199,51.0199,51.0199,196,0
PMIO.US,5,20260528,183000,51.005,51.005,51.005,51.005,100,0
PMIO.US,5,20260528,193000,51.005,51.005,51.005,51.005,3100,0
PMIO.US,5,20260528,193500,51.01,51.01,51.01,51.01,489,0
PMIO.US,5,20260528,202000,50.94,50.9612,50.94,50.9612,200,0
PMIO.US,5,20260528,203000,50.94,50.94,50.93,50.9301,900,0
PMIO.US,5,20260528,205000,50.955,50.955,50.955,50.955,2389,0
PMIO.US,5,20260529,162500,50.87,50.87,50.87,50.87,100,0
PMIO.US,5,20260529,163000,50.89,50.89,50.89,50.89,100,0
PMIO.US,5,20260529,172500,50.92,50.92,50.92,50.92,100,0
PMIO.US,5,20260529,203000,50.93,50.94,50.91,50.91,3026,0
PMIO.US,5,20260529,205500,50.92,50.92,50.92,50.92,100,0
PMIO.US,5,20260529,211500,50.915,50.915,50.915,50.915,150,0
PMIO.US,5,20260529,213000,50.915,50.915,50.915,50.915,294,0
PMIO.US,5,20260601,161500,50.82,50.85,50.82,50.85,1099,0
PMIO.US,5,20260601,180000,50.91,50.91,50.91,50.91,132,0
PMIO.US,5,20260601,185500,50.93,50.93,50.93,50.93,100,0
PMIO.US,5,20260602,153000,50.98,50.98,50.98,50.98,490,0
PMIO.US,5,20260602,171500,50.96,50.99,50.9487,50.99,5668,0
PMIO.US,5,20260602,173000,50.99,50.99,50.9487,50.9487,524,0
PMIO.US,5,20260602,174500,50.95,50.95,50.95,50.95,225,0
PMIO.US,5,20260602,181000,50.96,50.96,50.96,50.96,100,0
PMIO.US,5,20260602,183500,50.955,50.955,50.955,50.955,100,0
PMIO.US,5,20260602,184000,50.959,50.959,50.959,50.959,400,0
PMIO.US,5,20260602,185000,50.965,50.965,50.95,50.95,1723,0
PMIO.US,5,20260602,191000,50.955,50.955,50.955,50.955,200,0
PMIO.US,5,20260602,193500,50.955,50.955,50.955,50.955,338,0
PMIO.US,5,20260603,154500,50.87,50.87,50.87,50.87,100,0
PMIO.US,5,20260603,162000,50.915,50.915,50.915,50.915,500,0
PMIO.US,5,20260605,154500,50.91,50.91,50.91,50.91,100,0
PMIO.US,5,20260605,155000,50.925,50.925,50.925,50.925,400,0
PMIO.US,5,20260605,164000,50.925,50.925,50.925,50.925,100,0
PMIO.US,5,20260605,175000,50.93,50.93,50.93,50.93,100,0
PMIO.US,5,20260605,200000,50.97,50.97,50.95,50.95,380,0
PMIO.US,5,20260605,200500,50.95,50.95,50.95,50.95,190,0
PMIO.US,5,20260605,201000,50.95,50.95,50.95,50.95,200,0
PMIO.US,5,20260608,153000,51.08,51.08,51.08,51.08,2000,0
PMIO.US,5,20260608,153500,51.07,51.07,51.07,51.07,100,0
PMIO.US,5,20260608,154000,51.07,51.07,51.07,51.07,600,0
PMIO.US,5,20260608,154500,51.07,51.07,51.07,51.07,300,0
PMIO.US,5,20260608,160000,51.06,51.06,51.06,51.06,100,0
PMIO.US,5,20260608,180500,50.995,50.995,50.995,50.995,300,0
PMIO.US,5,20260608,190500,50.99,50.99,50.97,50.99,1369,0
PMIO.US,5,20260608,191000,50.995,50.995,50.995,50.995,200,0
PMIO.US,5,20260608,204000,51.01,51.03,50.98,50.98,1100,0
PMIO.US,5,20260608,204500,51.01,51.01,50.98,50.98,1220,0
PMIO.US,5,20260608,212000,50.99,50.99,50.99,50.99,100,0
PMIO.US,5,20260609,154500,51.07,51.07,51.07,51.07,100,0
PMIO.US,5,20260609,163500,51.085,51.085,51.085,51.085,200,0
PMIO.US,5,20260609,172500,51.045,51.045,51.045,51.045,390,0
PMIO.US,5,20260609,175000,51.04,51.04,51.04,51.04,100,0
PMIO.US,5,20260609,194000,51.07,51.07,51.07,51.07,100,0
PMIO.US,5,20260609,205500,51.08,51.08,51.08,51.08,200,0
PMIO.US,5,20260609,210500,51.1,51.1,51.1,51.1,100,0
PMIO.US,5,20260610,160000,51.0794,51.08,51.03,51.08,1800,0
PMIO.US,5,20260610,161000,51.07,51.07,51.07,51.07,100,0
PMIO.US,5,20260610,195000,51.11,51.12,51,51.02,700,0
PMIO.US,5,20260610,200500,51.015,51.015,51.015,51.015,200,0
PMIO.US,5,20260610,202000,51.029,51.029,51.029,51.029,100,0
PMIO.US,5,20260610,204000,51.02,51.02,51.02,51.02,400,0
PMIO.US,5,20260611,165500,51.02,51.02,51.02,51.02,6900,0
PMIO.US,5,20260611,180500,51.015,51.015,51.015,51.015,250,0
PMIO.US,5,20260611,181500,50.99,50.99,50.99,50.99,100,0
PMIO.US,5,20260611,214000,51.15,51.15,51.15,51.15,501,0
PMIO.US,5,20260612,153000,51.23,51.23,51.23,51.23,301,0
PMIO.US,5,20260612,160500,51.0194,51.0194,51.0194,51.0194,845,0
PMIO.US,5,20260612,191000,51.02,51.02,51.02,51.02,200,0
PMIO.US,5,20260612,195500,51.02,51.02,51.02,51.02,100,0
PMIO.US,5,20260612,202500,51.035,51.06,51.035,51.06,1281,0
PMIO.US,5,20260615,164000,51.12,51.12,51.12,51.12,100,0
PMIO.US,5,20260615,174500,51.14,51.21,51.115,51.115,400,0
PMIO.US,5,20260616,154000,51.12,51.12,51.12,51.12,200,0
PMIO.US,5,20260616,160000,51.06,51.06,51.06,51.06,100,0
PMIO.US,5,20260616,184500,51.16,51.16,51.16,51.16,1000,0
PMIO.US,5,20260616,215000,51.115,51.115,51.115,51.115,120,0
PMIO.US,5,20260617,194500,51.115,51.115,51.115,51.115,391,0
PMIO.US,5,20260617,195500,51.11,51.11,51.11,51.11,490,0
PMIO.US,5,20260617,200500,51.0599,51.0599,51.0353,51.0353,987,0
PMIO.US,5,20260618,153000,51,51,51,51,510,0
PMIO.US,5,20260618,160000,51.08,51.08,51.08,51.08,100,0
PMIO.US,5,20260618,200500,51.16,51.16,51.135,51.16,1100,0
PMIO.US,5,20260618,202500,51.1699,51.1699,51.1699,51.1699,200,0
PMIO.US,5,20260618,203500,51.16,51.16,51.16,51.16,488,0
PMIO.US,5,20260618,212500,51.165,51.165,51.165,51.165,170,0
PMIO.US,5,20260622,155500,51.16,51.16,51.1599,51.1599,200,0
PMIO.US,5,20260622,171000,51.14,51.14,51.14,51.14,586,0
PMIO.US,5,20260622,181000,51.105,51.105,51.105,51.105,200,0
