<TICKER>,<PER>,<DATE>,<TIME>,<OPEN>,<HIGH>,<LOW>,<CLOSE>,<VOL>,<OPENINT>
RCTR.US,5,20260126,155000,36.746,36.76,36.746,36.76,443,0
RCTR.US,5,20260126,163000,36.445,36.445,36.445,36.445,103,0
RCTR.US,5,20260126,164000,36.39,36.39,36.39,36.39,100,0
RCTR.US,5,20260126,164500,36.435,36.435,36.435,36.435,100,0
RCTR.US,5,20260126,171500,36.385,36.385,36.385,36.385,1375,0
RCTR.US,5,20260126,172000,36.385,36.385,36.38,36.38,909,0
RCTR.US,5,20260126,172500,36.38,36.38,36.38,36.38,100,0
RCTR.US,5,20260126,173500,36.1815,36.1815,36.1815,36.1815,532,0
RCTR.US,5,20260126,174500,36.12,36.12,36.12,36.12,500,0
RCTR.US,5,20260126,182500,36.3744,36.3744,36.3744,36.3744,133,0
RCTR.US,5,20260126,183500,36.45,36.45,36.45,36.45,100,0
RCTR.US,5,20260126,200000,36.34,36.34,36.34,36.34,100,0
RCTR.US,5,20260126,204500,36.21,36.21,36.21,36.21,329,0
RCTR.US,5,20260126,214000,36.1599,36.1599,36.1599,36.1599,150,0
RCTR.US,5,20260127,154500,36.39,36.39,36.3899,36.3899,200,0
RCTR.US,5,20260127,165000,36.57,36.57,36.57,36.57,273,0
RCTR.US,5,20260127,170500,36.6,36.605,36.6,36.6,300,0
RCTR.US,5,20260127,192500,36.9,36.9,36.9,36.9,300,0
RCTR.US,5,20260127,194500,36.92,36.92,36.92,36.92,100,0
RCTR.US,5,20260127,195000,37.0099,37.0099,37.0099,37.0099,7000,0
RCTR.US,5,20260127,195500,36.958,36.958,36.958,36.958,2000,0
RCTR.US,5,20260127,203000,36.89,36.89,36.89,36.89,300,0
RCTR.US,5,20260127,203500,36.99,36.99,36.955,36.955,300,0
RCTR.US,5,20260127,204000,37.01,37.01,36.885,36.885,300,0
RCTR.US,5,20260127,210000,36.88,36.88,36.88,36.88,150,0
RCTR.US,5,20260127,215000,37.03,37.03,37.005,37.005,212,0
RCTR.US,5,20260127,215500,36.92,36.92,36.92,36.92,400,0
RCTR.US,5,20260128,161000,36.84,36.84,36.8,36.8,600,0
RCTR.US,5,20260128,161500,36.795,36.795,36.795,36.795,100,0
RCTR.US,5,20260128,163500,36.95,36.95,36.85,36.85,200,0
RCTR.US,5,20260128,173000,36.906,36.906,36.906,36.906,543,0
RCTR.US,5,20260128,174000,36.98,36.98,36.98,36.98,100,0
RCTR.US,5,20260128,193000,37.18,37.18,37.18,37.18,1606,0
RCTR.US,5,20260128,203000,37.155,37.155,37.155,37.155,100,0
RCTR.US,5,20260128,210000,37.525,37.58,37.49,37.58,12817,0
RCTR.US,5,20260128,212000,37.505,37.505,37.505,37.505,200,0
RCTR.US,5,20260128,215500,37.62,37.62,37.62,37.62,100,0
RCTR.US,5,20260129,153500,37.57,37.57,37.54,37.54,365,0
RCTR.US,5,20260129,155000,37.5001,37.5001,37.5001,37.5001,100,0
RCTR.US,5,20260129,155500,37.5,37.5,37.5,37.5,600,0
RCTR.US,5,20260129,161000,37.15,37.15,37.15,37.15,100,0
RCTR.US,5,20260129,162000,37.045,37.045,37.045,37.045,100,0
RCTR.US,5,20260129,164500,37.035,37.035,37.03,37.03,200,0
RCTR.US,5,20260129,174000,36.72,36.72,36.72,36.72,400,0
RCTR.US,5,20260129,180000,36.795,36.795,36.795,36.795,100,0
RCTR.US,5,20260129,182500,37,37,37,37,100,0
RCTR.US,5,20260129,183500,37.0625,37.0625,37.0625,37.0625,100,0
RCTR.US,5,20260129,185000,37.01,37.01,37,37,200,0
RCTR.US,5,20260129,191500,37.01,37.01,36.9282,36.9282,200,0
RCTR.US,5,20260129,194000,37.01,37.01,37.01,37.01,100,0
RCTR.US,5,20260129,201500,36.95,36.95,36.95,36.95,144,0
RCTR.US,5,20260129,203500,37.05,37.05,37.025,37.025,300,0
RCTR.US,5,20260129,210000,36.99,37,36.99,37,500,0
RCTR.US,5,20260129,211500,37.01,37.01,37,37,250,0
RCTR.US,5,20260129,214500,37.035,37.035,37.035,37.035,163,0
RCTR.US,5,20260129,215500,37.23,37.23,37.23,37.23,100,0
RCTR.US,5,20260130,162000,36.67,36.67,36.67,36.67,470,0
RCTR.US,5,20260130,162500,36.6,36.6,36.6,36.6,100,0
RCTR.US,5,20260130,174500,36.35,36.35,36.35,36.35,200,0
RCTR.US,5,20260130,184000,36.14,36.14,36.14,36.14,200,0
RCTR.US,5,20260130,191500,36,36,36,36,260,0
RCTR.US,5,20260130,193000,36.02,36.02,36.02,36.02,210,0
RCTR.US,5,20260130,194000,35.73,35.83,35.72,35.83,2046,0
RCTR.US,5,20260130,194500,35.91,35.91,35.91,35.91,138,0
RCTR.US,5,20260130,203000,36.12,36.12,36.12,36.12,200,0
RCTR.US,5,20260130,210500,36.17,36.17,36.17,36.17,2031,0
RCTR.US,5,20260130,211500,36,36,36,36,200,0
RCTR.US,5,20260130,214000,35.92,35.9201,35.87,35.87,7471,0
RCTR.US,5,20260130,214500,35.92,35.92,35.92,35.92,600,0
RCTR.US,5,20260202,154500,35.7417,35.7417,35.7417,35.7417,550,0
RCTR.US,5,20260202,164500,35.7989,35.7989,35.7989,35.7989,225,0
RCTR.US,5,20260202,165500,35.7,35.7,35.7,35.7,100,0
RCTR.US,5,20260202,170000,35.67,35.67,35.67,35.67,200,0
RCTR.US,5,20260202,212000,35.74,35.74,35.74,35.74,6872,0
RCTR.US,5,20260203,153500,36.232,36.232,36.232,36.232,275,0
RCTR.US,5,20260203,161500,36.25,36.25,36.25,36.25,100,0
RCTR.US,5,20260203,163000,36.56,36.56,36.56,36.56,2149,0
RCTR.US,5,20260203,164000,36.41,36.41,36.41,36.41,1365,0
RCTR.US,5,20260203,164500,36.5,36.58,36.49,36.58,3297,0
RCTR.US,5,20260203,174000,36.4482,36.4482,36.4482,36.4482,146,0
RCTR.US,5,20260203,185000,36.26,36.26,36.26,36.26,244,0
RCTR.US,5,20260203,202000,36.1434,36.1434,36.1434,36.1434,276,0
RCTR.US,5,20260203,212000,36.33,36.33,36.33,36.33,100,0
RCTR.US,5,20260204,161500,35.9976,35.9976,35.9976,35.9976,649,0
RCTR.US,5,20260204,163000,35.48,35.56,35.48,35.56,200,0
RCTR.US,5,20260204,170000,35.29,35.29,35.29,35.29,140,0
RCTR.US,5,20260204,170500,35.28,35.28,35.28,35.28,200,0
RCTR.US,5,20260204,173000,35.16,35.16,35.16,35.16,650,0
RCTR.US,5,20260204,174500,35.01,35.01,35,35,1116,0
RCTR.US,5,20260204,182000,34.98,35.0966,34.98,35.0966,1049,0
RCTR.US,5,20260204,195000,34.7241,34.7241,34.7241,34.7241,100,0
RCTR.US,5,20260204,204000,35,35,35,35,273,0
RCTR.US,5,20260204,214000,35.25,35.25,35.25,35.25,100,0
RCTR.US,5,20260205,161000,34.57,34.57,34.57,34.57,1600,0
RCTR.US,5,20260205,162500,34.47,34.47,34.47,34.47,100,0
RCTR.US,5,20260205,164000,34.605,34.605,34.605,34.605,145,0
RCTR.US,5,20260205,171000,34.4,34.4,34.4,34.4,100,0
RCTR.US,5,20260205,180000,34.69,34.8,34.69,34.8,2800,0
RCTR.US,5,20260205,182500,34.68,34.68,34.68,34.68,100,0
RCTR.US,5,20260205,185000,34.735,34.735,34.735,34.735,288,0
RCTR.US,5,20260205,191000,34.64,34.64,34.64,34.64,200,0
RCTR.US,5,20260205,192000,34.6125,34.635,34.6125,34.635,409,0
RCTR.US,5,20260205,193500,34.58,34.58,34.58,34.58,100,0
RCTR.US,5,20260205,194500,34.52,34.52,34.52,34.52,100,0
RCTR.US,5,20260205,201000,34.5001,34.5001,34.5001,34.5001,300,0
RCTR.US,5,20260205,202500,34.6923,34.6923,34.6923,34.6923,200,0
RCTR.US,5,20260205,212500,34.5625,34.5625,34.5625,34.5625,200,0
RCTR.US,5,20260205,213000,34.48,34.48,34.48,34.48,100,0
RCTR.US,5,20260205,215000,34.6,34.6,34.6,34.6,185,0
RCTR.US,5,20260205,215500,34.475,34.475,34.475,34.475,173,0
RCTR.US,5,20260206,154000,35.305,35.305,35.305,35.305,353,0
RCTR.US,5,20260206,154500,35.3376,35.3376,35.3376,35.3376,184,0
RCTR.US,5,20260206,160000,35.405,35.405,35.405,35.405,197,0
RCTR.US,5,20260206,182000,35.755,35.755,35.7539,35.7539,232,0
RCTR.US,5,20260206,191500,35.77,35.77,35.77,35.77,2700,0
RCTR.US,5,20260209,153500,36.2,36.2,36.2,36.2,100,0
RCTR.US,5,20260209,163500,36.75,36.75,36.75,36.75,500,0
RCTR.US,5,20260209,164500,36.79,36.79,36.79,36.79,110,0
RCTR.US,5,20260209,180000,36.92,36.93,36.92,36.93,500,0
RCTR.US,5,20260209,192000,36.88,36.88,36.81,36.81,300,0
RCTR.US,5,20260209,201000,36.95,36.95,36.95,36.95,308,0
RCTR.US,5,20260209,201500,37.1,37.1,37.1,37.1,100,0
RCTR.US,5,20260209,205500,37.045,37.115,37.045,37.115,450,0
RCTR.US,5,20260209,213500,37.01,37.01,37.01,37.01,100,0
RCTR.US,5,20260209,214000,37.02,37.1299,37.02,37.1299,236,0
RCTR.US,5,20260210,154500,36.76,36.76,36.76,36.76,400,0
RCTR.US,5,20260210,161500,36.7301,36.7301,36.7301,36.7301,500,0
RCTR.US,5,20260210,170500,36.83,36.83,36.71,36.71,436,0
RCTR.US,5,20260210,172500,36.83,36.83,36.83,36.83,100,0
RCTR.US,5,20260210,173000,36.9448,36.9448,36.9448,36.9448,100,0
RCTR.US,5,20260210,175000,36.83,36.83,36.83,36.83,100,0
RCTR.US,5,20260210,182500,37.06,37.06,37.06,37.06,146,0
RCTR.US,5,20260210,191500,37.06,37.06,37.06,37.06,100,0
RCTR.US,5,20260210,192500,36.83,36.83,36.83,36.83,100,0
RCTR.US,5,20260210,193000,36.78,36.78,36.78,36.78,135,0
RCTR.US,5,20260210,194000,36.87,36.87,36.87,36.87,135,0
RCTR.US,5,20260210,194500,36.855,36.87,36.855,36.87,1000,0
RCTR.US,5,20260210,212500,36.8,36.8,36.8,36.8,127,0
RCTR.US,5,20260210,215000,36.8,36.8,36.8,36.8,200,0
RCTR.US,5,20260211,153000,37.28,37.28,37.28,37.28,400,0
RCTR.US,5,20260211,160000,36.74,36.74,36.74,36.74,294,0
RCTR.US,5,20260211,161000,36.64,36.64,36.64,36.64,200,0
RCTR.US,5,20260211,164500,36.565,36.565,36.565,36.565,100,0
RCTR.US,5,20260211,171000,36.73,36.73,36.73,36.73,200,0
RCTR.US,5,20260211,172000,36.79,36.79,36.79,36.79,200,0
RCTR.US,5,20260211,174000,36.86,36.86,36.86,36.86,200,0
RCTR.US,5,20260211,174500,36.875,36.875,36.875,36.875,270,0
RCTR.US,5,20260211,185500,36.846,36.846,36.846,36.846,100,0
RCTR.US,5,20260211,195500,36.67,36.67,36.67,36.67,100,0
RCTR.US,5,20260211,200000,36.92,36.92,36.92,36.92,140,0
RCTR.US,5,20260211,212000,36.945,36.945,36.945,36.945,250,0
RCTR.US,5,20260211,212500,37.0499,37.0499,37.0499,37.0499,100,0
RCTR.US,5,20260211,214500,36.93,36.935,36.93,36.935,1501,0
RCTR.US,5,20260211,215000,36.94,36.94,36.94,36.94,100,0
RCTR.US,5,20260211,215500,36.945,36.945,36.94,36.94,600,0
RCTR.US,5,20260212,153000,37.07,37.07,37.07,37.07,185,0
RCTR.US,5,20260212,163000,37.2,37.2,37.2,37.2,540,0
RCTR.US,5,20260212,164000,36.95,36.95,36.95,36.95,100,0
RCTR.US,5,20260212,171500,36.72,36.72,36.72,36.72,100,0
RCTR.US,5,20260212,173500,36.61,36.61,36.61,36.61,100,0
RCTR.US,5,20260212,182000,36.61,36.61,36.61,36.61,200,0
RCTR.US,5,20260212,185500,36.59,36.59,36.59,36.59,100,0
RCTR.US,5,20260212,194500,36.6361,36.73,36.6361,36.73,200,0
RCTR.US,5,20260212,213000,36.54,36.54,36.54,36.54,172,0
RCTR.US,5,20260212,214000,36.69,36.695,36.69,36.695,291,0
RCTR.US,5,20260213,155500,36.545,36.545,36.545,36.545,110,0
RCTR.US,5,20260213,164000,36.94,36.94,36.94,36.94,100,0
RCTR.US,5,20260213,165500,36.9074,36.9074,36.9074,36.9074,100,0
RCTR.US,5,20260213,171500,36.87,36.87,36.87,36.87,668,0
RCTR.US,5,20260213,172000,36.8,36.8,36.8,36.8,100,0
RCTR.US,5,20260213,173000,36.91,36.91,36.91,36.91,170,0
RCTR.US,5,20260213,174000,36.935,36.935,36.935,36.935,100,0
RCTR.US,5,20260213,190500,37.035,37.035,37.035,37.035,100,0
RCTR.US,5,20260213,205500,37,37,37,37,407,0
RCTR.US,5,20260213,210000,36.943,36.943,36.943,36.943,135,0
RCTR.US,5,20260213,212000,36.905,36.905,36.905,36.905,932,0
RCTR.US,5,20260217,153000,36.43,36.43,36.43,36.43,100,0
RCTR.US,5,20260217,162500,36.45,36.45,36.45,36.45,100,0
RCTR.US,5,20260217,165000,36.5,36.5,36.5,36.5,100,0
RCTR.US,5,20260217,171000,36.8888,36.8888,36.8888,36.8888,125,0
RCTR.US,5,20260217,175500,36.85,36.85,36.85,36.85,100,0
RCTR.US,5,20260217,202500,36.92,36.92,36.92,36.92,100,0
RCTR.US,5,20260218,160000,37.23,37.27,37.23,37.27,984,0
RCTR.US,5,20260218,171000,37.24,37.2401,37.24,37.2401,200,0
RCTR.US,5,20260218,172500,37.24,37.24,37.24,37.24,100,0
RCTR.US,5,20260218,175000,37.25,37.25,37.25,37.25,200,0
RCTR.US,5,20260218,184000,37.17,37.17,37.12,37.12,784,0
RCTR.US,5,20260218,202500,37.05,37.05,37.05,37.05,100,0
RCTR.US,5,20260218,212000,36.84,36.84,36.84,36.84,100,0
RCTR.US,5,20260219,155000,36.84,36.84,36.84,36.84,200,0
RCTR.US,5,20260219,161000,36.99,36.99,36.99,36.99,1000,0
RCTR.US,5,20260219,171000,37.27,37.27,37.27,37.27,270,0
RCTR.US,5,20260219,173500,37.31,37.31,37.31,37.31,107,0
RCTR.US,5,20260219,174500,37.19,37.19,37.19,37.19,100,0
RCTR.US,5,20260219,192000,37.07,37.07,37.07,37.07,100,0
RCTR.US,5,20260219,204500,37.17,37.17,37.17,37.17,135,0
RCTR.US,5,20260219,205000,37.2125,37.2125,37.2125,37.2125,135,0
RCTR.US,5,20260219,205500,37.18,37.18,37.18,37.18,300,0
RCTR.US,5,20260219,210000,37.2475,37.2475,37.2475,37.2475,241,0
RCTR.US,5,20260219,215500,37.32,37.32,37.32,37.32,100,0
RCTR.US,5,20260220,154500,37.62,37.62,37.5568,37.5568,300,0
RCTR.US,5,20260220,160500,37.6,37.6,37.6,37.6,150,0
RCTR.US,5,20260220,161000,37.63,37.63,37.61,37.61,200,0
RCTR.US,5,20260220,163000,37.69,37.69,37.655,37.655,1000,0
RCTR.US,5,20260220,165000,37.72,37.72,37.72,37.72,150,0
RCTR.US,5,20260220,173000,37.63,37.63,37.6,37.6,200,0
RCTR.US,5,20260220,192000,37.49,37.49,37.49,37.49,531,0
RCTR.US,5,20260220,193500,37.48,37.48,37.48,37.48,100,0
RCTR.US,5,20260220,211500,37.6525,37.6525,37.6525,37.6525,100,0
RCTR.US,5,20260220,215500,37.8339,37.8339,37.62,37.62,200,0
RCTR.US,5,20260223,164500,37.43,37.43,37.43,37.43,200,0
RCTR.US,5,20260223,165000,37.4,37.4,37.4,37.4,100,0
RCTR.US,5,20260223,183000,37.2,37.2,37.2,37.2,200,0
RCTR.US,5,20260223,200000,37.29,37.29,37.29,37.29,100,0
RCTR.US,5,20260223,203500,37.28,37.28,37.28,37.28,428,0
RCTR.US,5,20260224,162500,37.52,37.52,37.52,37.52,200,0
RCTR.US,5,20260224,163000,37.58,37.58,37.58,37.58,100,0
RCTR.US,5,20260224,165000,37.5,37.5,37.5,37.5,200,0
RCTR.US,5,20260224,180000,37.67,37.67,37.67,37.67,500,0
RCTR.US,5,20260224,181000,37.65,37.65,37.65,37.65,100,0
RCTR.US,5,20260224,210000,37.78,37.78,37.78,37.78,100,0
RCTR.US,5,20260224,212000,37.7801,37.7801,37.7801,37.7801,240,0
RCTR.US,5,20260224,215500,37.82,37.82,37.82,37.82,100,0
RCTR.US,5,20260225,154500,38.16,38.2,38.16,38.2,800,0
RCTR.US,5,20260225,172500,38.2,38.255,38.2,38.255,209,0
RCTR.US,5,20260225,180500,38.37,38.4694,38.37,38.4694,300,0
RCTR.US,5,20260225,203500,38.465,38.465,38.465,38.465,199,0
RCTR.US,5,20260225,212000,38.38,38.38,38.38,38.38,100,0
RCTR.US,5,20260225,215500,38.3,38.3,38.12,38.12,402,0
RCTR.US,5,20260226,155500,38.075,38.075,38.075,38.075,1308,0
RCTR.US,5,20260226,161000,37.93,37.93,37.93,37.93,100,0
RCTR.US,5,20260226,173500,38.23,38.23,38.23,38.23,160,0
RCTR.US,5,20260226,184000,38,38,38,38,156,0
RCTR.US,5,20260226,201000,38.235,38.235,38.235,38.235,131,0
RCTR.US,5,20260226,215500,38.42,38.42,38.42,38.42,100,0
RCTR.US,5,20260227,154500,38.33,38.33,38.33,38.33,200,0
RCTR.US,5,20260227,161500,38.305,38.305,38.305,38.305,155,0
RCTR.US,5,20260227,182000,38.3299,38.3299,38.3299,38.3299,156,0
RCTR.US,5,20260227,191000,38.153,38.153,38.153,38.153,125,0
RCTR.US,5,20260227,192000,38.09,38.09,38.09,38.09,100,0
RCTR.US,5,20260227,211000,38.14,38.14,38.14,38.14,115,0
RCTR.US,5,20260302,161500,38.32,38.32,38.28,38.28,300,0
RCTR.US,5,20260302,162500,38.325,38.325,38.325,38.325,136,0
RCTR.US,5,20260302,172500,38.38,38.38,38.38,38.38,100,0
RCTR.US,5,20260302,175000,38.5384,38.5384,38.5384,38.5384,125,0
RCTR.US,5,20260302,203000,38.695,38.695,38.65,38.65,632,0
RCTR.US,5,20260302,210500,38.6,38.6,38.6,38.6,100,0
RCTR.US,5,20260302,214500,38.53,38.53,38.53,38.53,200,0
RCTR.US,5,20260302,215000,38.54,38.56,38.54,38.56,837,0
RCTR.US,5,20260303,153000,36.73,36.73,36.73,36.73,200,0
RCTR.US,5,20260303,154000,36.01,36.01,36.01,36.01,900,0
RCTR.US,5,20260303,154500,35.86,35.87,35.86,35.87,1800,0
RCTR.US,5,20260303,155000,35.75,35.75,35.74,35.74,1800,0
RCTR.US,5,20260303,162500,35.72,35.72,35.72,35.72,100,0
RCTR.US,5,20260303,182000,36.7099,36.7099,36.7099,36.7099,419,0
RCTR.US,5,20260303,203500,36.69,36.69,36.69,36.69,260,0
RCTR.US,5,20260303,214000,36.825,36.825,36.825,36.825,102,0
RCTR.US,5,20260303,215000,36.81,36.81,36.8,36.8,200,0
RCTR.US,5,20260304,153500,36.55,36.56,36.55,36.56,220,0
RCTR.US,5,20260304,162500,37.05,37.05,37.05,37.05,100,0
RCTR.US,5,20260304,172000,36.91,36.91,36.91,36.91,100,0
RCTR.US,5,20260304,174500,37,37,37,37,100,0
RCTR.US,5,20260304,193000,37.15,37.15,37.14,37.14,615,0
RCTR.US,5,20260304,193500,37.067,37.067,37.067,37.067,273,0
RCTR.US,5,20260304,202500,37.29,37.29,37.2899,37.2899,422,0
RCTR.US,5,20260304,205500,37.18,37.18,37.18,37.18,164,0
RCTR.US,5,20260304,215500,37.15,37.15,37.15,37.15,171,0
RCTR.US,5,20260305,162000,36.72,36.72,36.72,36.72,100,0
RCTR.US,5,20260305,180500,36.257,36.257,36.257,36.257,200,0
RCTR.US,5,20260305,185000,35.845,35.845,35.845,35.845,275,0
RCTR.US,5,20260305,213000,36.206,36.206,36.16,36.16,300,0
RCTR.US,5,20260306,162000,35.9201,35.9201,35.9201,35.9201,110,0
RCTR.US,5,20260306,165500,36.215,36.215,36.215,36.215,279,0
RCTR.US,5,20260306,175000,36.18,36.2,36.18,36.2,998,0
RCTR.US,5,20260306,183500,36.04,36.04,36.04,36.04,100,0
RCTR.US,5,20260306,213000,35.79,35.79,35.79,35.79,100,0
RCTR.US,5,20260306,213500,35.665,35.665,35.665,35.665,125,0
RCTR.US,5,20260306,214000,35.86,35.86,35.86,35.86,100,0
RCTR.US,5,20260309,143000,35.6,35.6,35.6,35.6,100,0
RCTR.US,5,20260309,151000,35.0901,35.0901,35.0901,35.0901,288,0
RCTR.US,5,20260309,161500,35.6,35.6,35.5999,35.5999,200,0
RCTR.US,5,20260309,202500,36.65,36.65,36.63,36.65,500,0
RCTR.US,5,20260310,200000,36.94,36.94,36.94,36.94,226,0
RCTR.US,5,20260310,205000,36.75,36.75,36.75,36.75,100,0
RCTR.US,5,20260311,143500,36.394,36.394,36.394,36.394,135,0
RCTR.US,5,20260311,152500,36.56,36.56,36.56,36.56,130,0
RCTR.US,5,20260311,155500,36.615,36.615,36.615,36.615,100,0
RCTR.US,5,20260311,162000,36.55,36.55,36.55,36.55,100,0
RCTR.US,5,20260311,205500,36.5,36.5,36.5,36.5,1001,0
RCTR.US,5,20260312,171500,36.28,36.2887,36.26,36.2887,964,0
RCTR.US,5,20260312,185000,36.24,36.36,36.24,36.36,962,0
RCTR.US,5,20260312,194500,36.31,36.31,36.31,36.31,1312,0
RCTR.US,5,20260313,155000,35.94,35.94,35.94,35.94,249,0
RCTR.US,5,20260313,164000,35.87,35.87,35.87,35.87,100,0
RCTR.US,5,20260313,171500,35.775,35.775,35.775,35.775,135,0
RCTR.US,5,20260313,175000,35.8696,35.8696,35.8696,35.8696,450,0
RCTR.US,5,20260313,185500,35.76,35.76,35.76,35.76,300,0
RCTR.US,5,20260316,150500,36.205,36.205,36.205,36.205,200,0
RCTR.US,5,20260316,154500,36.07,36.07,36.07,36.07,100,0
RCTR.US,5,20260316,165000,35.9401,35.9401,35.9401,35.9401,140,0
RCTR.US,5,20260316,172000,36.03,36.03,36.03,36.03,110,0
RCTR.US,5,20260316,204000,36.125,36.125,36.125,36.125,250,0
RCTR.US,5,20260316,205500,36.29,36.29,36.29,36.29,129,0
RCTR.US,5,20260317,143500,36.29,36.29,36.25,36.26,1450,0
RCTR.US,5,20260317,160500,36.28,36.28,36.28,36.28,200,0
RCTR.US,5,20260317,165500,36.26,36.26,36.26,36.26,259,0
RCTR.US,5,20260318,152500,36.38,36.38,36.38,36.38,100,0
RCTR.US,5,20260318,162500,36.52,36.54,36.51,36.54,472,0
RCTR.US,5,20260318,193000,36.4,36.4,36.39,36.39,312,0
RCTR.US,5,20260318,194000,36.65,36.65,36.65,36.65,303,0
RCTR.US,5,20260318,205500,36.29,36.29,36.29,36.29,205,0
RCTR.US,5,20260319,143000,35.54,35.54,35.51,35.51,200,0
RCTR.US,5,20260320,173000,35,35,35,35,200,0
RCTR.US,5,20260320,175500,35,35,35,35,100,0
RCTR.US,5,20260320,180000,35,35,35,35,100,0
RCTR.US,5,20260320,191000,34.705,34.705,34.705,34.705,100,0
RCTR.US,5,20260320,193000,34.5114,34.5114,34.5114,34.5114,145,0
RCTR.US,5,20260320,193500,34.5,34.5,34.5,34.5,410,0
RCTR.US,5,20260320,194500,34.33,34.58,34.33,34.4499,1045,0
RCTR.US,5,20260320,205500,34.288,34.45,34.288,34.45,372,0
RCTR.US,5,20260323,145000,35.285,35.285,35.285,35.285,300,0
RCTR.US,5,20260323,170500,35.17,35.17,35.17,35.17,250,0
RCTR.US,5,20260323,180500,35.03,35.03,35.03,35.03,750,0
RCTR.US,5,20260323,202000,35.4,35.4,35.4,35.4,100,0
RCTR.US,5,20260324,161500,35.2,35.2,35.2,35.2,100,0
RCTR.US,5,20260324,171500,35.2,35.219,35.13,35.13,569,0
RCTR.US,5,20260324,174500,35.3,35.3,35.3,35.3,100,0
RCTR.US,5,20260324,180500,35.05,35.05,35.05,35.05,100,0
RCTR.US,5,20260324,185500,35.06,35.06,35.06,35.06,100,0
RCTR.US,5,20260324,192000,35.13,35.13,35.13,35.13,123,0
RCTR.US,5,20260325,161500,35.91,35.91,35.73,35.73,235,0
RCTR.US,5,20260325,183500,35.88,35.88,35.88,35.88,300,0
RCTR.US,5,20260326,144500,35.36,35.36,35.36,35.36,100,0
RCTR.US,5,20260326,152500,35.3131,35.3131,35.3131,35.3131,172,0
RCTR.US,5,20260326,153500,35.14,35.14,35.14,35.14,100,0
RCTR.US,5,20260326,164000,34.84,34.96,34.84,34.96,974,0
RCTR.US,5,20260326,165000,34.95,34.95,34.95,34.95,585,0
RCTR.US,5,20260326,170000,34.95,34.95,34.95,34.95,216,0
RCTR.US,5,20260326,171000,34.97,34.97,34.97,34.97,313,0
RCTR.US,5,20260326,174000,34.69,34.69,34.69,34.69,284,0
RCTR.US,5,20260326,180000,34.755,34.86,34.755,34.86,314,0
RCTR.US,5,20260326,205500,34.69,34.69,34.69,34.69,141,0
RCTR.US,5,20260327,151500,34.51,34.51,34.51,34.51,100,0
RCTR.US,5,20260327,182000,34.69,34.69,34.69,34.69,5769,0
RCTR.US,5,20260327,182500,34.69,34.69,34.69,34.69,495,0
RCTR.US,5,20260327,193500,34.55,34.55,34.55,34.55,100,0
RCTR.US,5,20260327,194500,34.57,34.57,34.57,34.57,100,0
RCTR.US,5,20260327,200500,34.53,34.53,34.5256,34.53,1442,0
RCTR.US,5,20260327,202500,34.56,34.56,34.56,34.56,100,0
RCTR.US,5,20260327,204000,34.51,34.51,34.51,34.51,100,0
RCTR.US,5,20260327,205000,34.49,34.49,34.49,34.49,100,0
RCTR.US,5,20260330,153000,34.75,34.75,34.75,34.75,373,0
RCTR.US,5,20260330,162500,34.32,34.32,34.32,34.32,100,0
RCTR.US,5,20260330,173500,34.36,34.36,34.36,34.36,500,0
RCTR.US,5,20260330,192500,34,34.025,33.99,34.025,7540,0
RCTR.US,5,20260330,213500,33.76,33.76,33.63,33.63,877,0
RCTR.US,5,20260330,214000,33.9,33.9,33.9,33.9,340,0
RCTR.US,5,20260331,172500,33.986,34.04,33.96,34.04,600,0
RCTR.US,5,20260331,173000,34.01,34.01,34.01,34.01,400,0
RCTR.US,5,20260331,183500,34.05,34.05,34.05,34.05,1000,0
RCTR.US,5,20260331,204500,34.73,34.73,34.73,34.73,100,0
RCTR.US,5,20260331,211000,34.5,34.5,34.5,34.5,102,0
RCTR.US,5,20260401,153000,35,35.05,35,35.05,900,0
RCTR.US,5,20260401,182500,36.04,36.04,36.04,36.04,100,0
RCTR.US,5,20260401,210000,35.6442,35.6442,35.6442,35.6442,150,0
RCTR.US,5,20260401,211000,35.6001,35.6001,35.6001,35.6001,300,0
RCTR.US,5,20260401,212500,35.785,35.785,35.785,35.785,151,0
RCTR.US,5,20260401,215500,35.78,35.78,35.78,35.78,124,0
RCTR.US,5,20260402,204500,35.435,35.435,35.435,35.435,100,0
RCTR.US,5,20260406,202000,35.45,35.45,35.45,35.45,185,0
RCTR.US,5,20260407,173000,35.05,35.05,35.05,35.05,280,0
RCTR.US,5,20260407,214500,35.255,35.255,35.255,35.255,325,0
RCTR.US,5,20260408,153000,37.05,37.05,37.05,37.05,522,0
RCTR.US,5,20260408,162000,36.85,36.85,36.85,36.85,100,0
RCTR.US,5,20260408,163500,36.48,36.48,36.48,36.48,250,0
RCTR.US,5,20260408,180500,36.7349,36.7349,36.7349,36.7349,150,0
RCTR.US,5,20260408,181000,36.71,36.71,36.71,36.71,100,0
RCTR.US,5,20260408,195000,36.805,36.805,36.805,36.805,354,0
RCTR.US,5,20260409,163000,36.65,36.65,36.65,36.65,100,0
RCTR.US,5,20260409,163500,36.63,36.63,36.63,36.63,100,0
RCTR.US,5,20260409,174500,36.9,36.9,36.9,36.9,100,0
RCTR.US,5,20260409,201500,36.78,36.78,36.78,36.78,200,0
RCTR.US,5,20260409,202500,36.9,36.91,36.88,36.91,658,0
RCTR.US,5,20260409,215000,36.7899,36.7899,36.7899,36.7899,438,0
RCTR.US,5,20260410,163500,37,37,36.9999,36.9999,200,0
RCTR.US,5,20260410,170000,36.6701,36.6701,36.6701,36.6701,301,0
RCTR.US,5,20260410,202000,36.73,36.73,36.73,36.73,100,0
RCTR.US,5,20260413,172500,36.53,36.65,36.53,36.65,650,0
RCTR.US,5,20260413,175500,36.47,36.47,36.47,36.47,140,0
RCTR.US,5,20260413,185500,36.788,36.788,36.788,36.788,280,0
RCTR.US,5,20260413,191500,36.91,36.91,36.91,36.91,100,0
RCTR.US,5,20260414,153000,37.38,37.38,37.38,37.38,163,0
RCTR.US,5,20260414,184500,37.42,37.42,37.42,37.42,120,0
RCTR.US,5,20260414,215000,37.4,37.4,37.4,37.4,186,0
RCTR.US,5,20260414,215500,37.53,37.53,37.53,37.53,186,0
RCTR.US,5,20260415,154000,37.3701,37.3701,37.3701,37.3701,288,0
RCTR.US,5,20260415,162500,37.77,37.77,37.77,37.77,100,0
RCTR.US,5,20260415,170000,37.83,37.83,37.83,37.83,100,0
RCTR.US,5,20260415,170500,37.725,37.725,37.725,37.725,100,0
RCTR.US,5,20260415,192000,37.37,37.37,37.37,37.37,1000,0
RCTR.US,5,20260416,155500,37.655,37.655,37.655,37.655,200,0
RCTR.US,5,20260416,185000,37.69,37.69,37.69,37.69,500,0
RCTR.US,5,20260416,191500,37.61,37.61,37.61,37.61,100,0
RCTR.US,5,20260417,154500,37.865,37.865,37.865,37.865,100,0
RCTR.US,5,20260417,160500,38.0498,38.05,37.905,37.905,1000,0
RCTR.US,5,20260417,164500,38.47,38.47,38.45,38.45,221,0
RCTR.US,5,20260417,170000,38.35,38.35,38.26,38.26,330,0
RCTR.US,5,20260417,170500,38.23,38.23,38.21,38.21,200,0
RCTR.US,5,20260420,202000,37.52,37.52,37.52,37.52,850,0
RCTR.US,5,20260420,202500,37.52,37.52,37.52,37.52,100,0
RCTR.US,5,20260420,203000,37.6342,37.6342,37.6342,37.6342,100,0
RCTR.US,5,20260420,205500,37.6,37.6,37.6,37.6,100,0
RCTR.US,5,20260421,153000,37.28,37.28,37.28,37.28,100,0
RCTR.US,5,20260421,160000,37.12,37.12,37.12,37.12,100,0
RCTR.US,5,20260421,161500,37.31,37.31,37.255,37.255,300,0
RCTR.US,5,20260421,210500,36.7,36.7,36.69,36.69,250,0
RCTR.US,5,20260421,214000,36.64,36.64,36.54,36.56,1000,0
RCTR.US,5,20260421,215000,36.33,36.41,36.33,36.33,3476,0
RCTR.US,5,20260422,162000,37.44,37.44,37.44,37.44,100,0
RCTR.US,5,20260422,171500,37.18,37.18,37.18,37.18,454,0
RCTR.US,5,20260423,160000,38.05,38.05,38.05,38.05,400,0
RCTR.US,5,20260423,163500,37.99,37.99,37.99,37.99,260,0
RCTR.US,5,20260423,165000,38.11,38.11,38.11,38.11,320,0
RCTR.US,5,20260423,210500,37.86,37.86,37.86,37.86,315,0
RCTR.US,5,20260424,153000,38.24,38.24,38.24,38.24,461,0
RCTR.US,5,20260424,203500,37.93,37.93,37.93,37.93,100,0
RCTR.US,5,20260424,212000,38.1,38.1,38.1,38.1,491,0
RCTR.US,5,20260427,183000,37.89,37.89,37.89,37.89,388,0
RCTR.US,5,20260427,183500,38,38,37.9999,37.9999,650,0
RCTR.US,5,20260427,191000,38,38,38,38,100,0
RCTR.US,5,20260427,204000,37.97,38.105,37.97,38.105,1400,0
RCTR.US,5,20260427,204500,38.105,38.105,38.105,38.105,350,0
RCTR.US,5,20260427,205000,38.105,38.105,38.105,38.105,350,0
RCTR.US,5,20260427,212500,38.0201,38.0201,38.0201,38.0201,550,0
RCTR.US,5,20260428,190500,37.3299,37.3299,37.3299,37.3299,550,0
RCTR.US,5,20260428,201500,37.46,37.46,37.46,37.46,700,0
RCTR.US,5,20260428,202000,37.23,37.23,37.23,37.23,700,0
RCTR.US,5,20260428,202500,37.47,37.47,37.2001,37.2001,700,0
RCTR.US,5,20260428,211500,37.46,37.47,37.45,37.45,5146,0
RCTR.US,5,20260429,180500,36.92,36.92,36.92,36.92,100,0
RCTR.US,5,20260429,201500,36.69,36.69,36.69,36.69,135,0
RCTR.US,5,20260429,215000,36.6955,36.6955,36.6955,36.6955,110,0
RCTR.US,5,20260430,163000,37.525,37.525,37.525,37.525,500,0
RCTR.US,5,20260430,170000,37.66,37.66,37.66,37.66,300,0
RCTR.US,5,20260430,174000,37.8,37.8,37.8,37.8,500,0
RCTR.US,5,20260430,183500,37.9,37.9,37.9,37.9,100,0
RCTR.US,5,20260430,184000,37.89,37.92,37.89,37.92,200,0
RCTR.US,5,20260430,184500,37.91,37.91,37.91,37.91,100,0
RCTR.US,5,20260430,185000,37.91,37.91,37.89,37.89,200,0
RCTR.US,5,20260430,185500,37.87,37.87,37.87,37.87,100,0
RCTR.US,5,20260430,190000,37.89,37.89,37.89,37.89,200,0
RCTR.US,5,20260430,190500,37.89,37.89,37.89,37.89,100,0
RCTR.US,5,20260430,191000,37.89,37.91,37.89,37.91,200,0
RCTR.US,5,20260430,191500,37.89,37.89,37.89,37.89,100,0
RCTR.US,5,20260430,192000,37.89,37.89,37.89,37.89,200,0
RCTR.US,5,20260430,192500,37.88,37.88,37.88,37.88,100,0
RCTR.US,5,20260430,193000,37.93,37.96,37.93,37.96,200,0
RCTR.US,5,20260430,193500,37.98,37.98,37.98,37.98,100,0
RCTR.US,5,20260430,194000,37.96,37.96,37.95,37.95,200,0
RCTR.US,5,20260430,194500,37.96,37.98,37.96,37.98,200,0
RCTR.US,5,20260430,195000,37.96,37.96,37.95,37.95,200,0
RCTR.US,5,20260430,195500,37.97,37.97,37.97,37.97,100,0
RCTR.US,5,20260430,200000,37.99,37.99,37.99,37.99,100,0
RCTR.US,5,20260430,215500,38.145,38.145,38.145,38.145,250,0
RCTR.US,5,20260501,153000,38.05,38.05,38.05,38.05,542,0
RCTR.US,5,20260501,161500,38.18,38.2,38.17,38.17,1203,0
RCTR.US,5,20260501,163000,38.23,38.24,38.23,38.24,1000,0
RCTR.US,5,20260501,163500,38.23,38.24,38.23,38.23,803,0
RCTR.US,5,20260501,164000,38.23,38.23,38.23,38.23,700,0
RCTR.US,5,20260501,165000,38.19,38.21,38.19,38.19,1305,0
RCTR.US,5,20260501,170000,38.23,38.23,38.23,38.23,200,0
RCTR.US,5,20260501,184500,38.26,38.35,38.26,38.35,1500,0
RCTR.US,5,20260501,190500,38.47,38.47,38.47,38.47,500,0
RCTR.US,5,20260501,194500,38.23,38.42,38.22,38.42,1400,0
RCTR.US,5,20260501,195000,38.42,38.42,38.41,38.42,1000,0
RCTR.US,5,20260501,202000,38.06,38.07,38.06,38.06,430,0
RCTR.US,5,20260501,213500,38.33,38.33,38.33,38.33,156,0
RCTR.US,5,20260501,215500,38.11,38.11,38.09,38.11,1187,0
RCTR.US,5,20260504,153000,37.84,37.84,37.84,37.84,142,0
RCTR.US,5,20260504,174500,37.69,37.69,37.6863,37.69,300,0
RCTR.US,5,20260504,194000,37.63,37.6301,37.63,37.6301,200,0
RCTR.US,5,20260504,212500,37.8899,37.8899,37.8899,37.8899,183,0
RCTR.US,5,20260504,214000,37.87,37.87,37.87,37.87,100,0
RCTR.US,5,20260504,214500,37.78,37.78,37.78,37.78,132,0
RCTR.US,5,20260505,153500,38.12,38.12,38.12,38.12,394,0
RCTR.US,5,20260505,181000,37.91,37.91,37.91,37.91,143,0
RCTR.US,5,20260505,181500,37.965,37.969,37.965,37.969,584,0
RCTR.US,5,20260505,185500,37.93,37.93,37.93,37.93,100,0
RCTR.US,5,20260505,193000,37.9999,37.9999,37.9999,37.9999,159,0
RCTR.US,5,20260505,204500,37.92,37.92,37.92,37.92,626,0
RCTR.US,5,20260505,210000,37.91,37.91,37.91,37.91,986,0
RCTR.US,5,20260505,215500,37.755,37.755,37.755,37.755,250,0
RCTR.US,5,20260506,153000,38.33,38.33,38.33,38.33,538,0
RCTR.US,5,20260506,160000,38.175,38.175,38.175,38.175,261,0
RCTR.US,5,20260506,183000,38.5,38.5,38.5,38.5,167,0
RCTR.US,5,20260506,213000,38.89,38.89,38.89,38.89,120,0
RCTR.US,5,20260507,153000,38.99,38.99,38.99,38.99,200,0
RCTR.US,5,20260507,162000,38.7199,38.7199,38.585,38.585,2235,0
RCTR.US,5,20260507,194500,38.085,38.085,38.085,38.085,500,0
RCTR.US,5,20260507,203000,38.085,38.085,38.085,38.085,199,0
RCTR.US,5,20260507,204500,38.085,38.085,37.73,37.95,1689,0
RCTR.US,5,20260507,205500,37.925,37.925,37.925,37.925,150,0
RCTR.US,5,20260507,213500,37.966,37.966,37.9638,37.9638,482,0
RCTR.US,5,20260507,214500,38.03,38.03,38.03,38.03,100,0
RCTR.US,5,20260507,215000,38.0799,38.0799,38.0799,38.0799,185,0
RCTR.US,5,20260507,215500,37.945,37.945,37.945,37.945,300,0
RCTR.US,5,20260508,154500,37.85,37.85,37.85,37.85,132,0
RCTR.US,5,20260508,163500,37.605,37.605,37.605,37.605,100,0
RCTR.US,5,20260508,164000,37.61,37.61,37.61,37.61,267,0
RCTR.US,5,20260508,173000,37.65,37.65,37.65,37.65,400,0
RCTR.US,5,20260508,184500,37.64,37.64,37.64,37.64,200,0
RCTR.US,5,20260508,185000,37.61,37.61,37.61,37.61,100,0
RCTR.US,5,20260508,191000,37.46,37.46,37.46,37.46,155,0
RCTR.US,5,20260508,200500,37.79,37.8,37.51,37.5101,500,0
RCTR.US,5,20260508,204500,37.63,37.73,37.52,37.625,1767,0
RCTR.US,5,20260508,210000,37.59,37.59,37.59,37.59,300,0
RCTR.US,5,20260508,215500,37.62,37.62,37.52,37.61,700,0
RCTR.US,5,20260511,153000,37.4,37.4,37.4,37.4,100,0
RCTR.US,5,20260511,175000,37.89,37.89,37.89,37.89,270,0
RCTR.US,5,20260511,180000,38.01,38.01,38.01,38.01,100,0
RCTR.US,5,20260511,184000,37.84,37.84,37.84,37.84,100,0
RCTR.US,5,20260511,192500,37.99,37.99,37.99,37.99,100,0
RCTR.US,5,20260511,204000,38.04,38.04,38.04,38.04,420,0
RCTR.US,5,20260511,211500,38.08,38.08,38.08,38.08,1314,0
RCTR.US,5,20260512,154000,37.26,37.26,37.26,37.26,201,0
RCTR.US,5,20260512,164000,37.05,37.05,37.05,37.05,203,0
RCTR.US,5,20260512,203000,37.08,37.08,36.99,36.99,13558,0
RCTR.US,5,20260512,211500,37.05,37.05,36.97,36.97,1304,0
RCTR.US,5,20260512,213000,36.98,36.98,36.89,36.89,3393,0
RCTR.US,5,20260513,153500,36.54,36.54,36.54,36.54,119,0
RCTR.US,5,20260513,164500,36.57,36.57,36.57,36.57,220,0
RCTR.US,5,20260513,172000,36.74,36.74,36.74,36.74,100,0
RCTR.US,5,20260513,190500,36.76,36.76,36.7061,36.7061,1150,0
RCTR.US,5,20260513,193000,36.69,36.69,36.69,36.69,100,0
RCTR.US,5,20260514,153000,36.53,36.53,36.09,36.38,852,0
RCTR.US,5,20260514,153500,36.22,36.22,36.22,36.22,150,0
RCTR.US,5,20260514,164000,36.125,36.125,36.125,36.125,143,0
RCTR.US,5,20260514,175000,36.2948,36.3221,36.2948,36.3221,200,0
RCTR.US,5,20260514,180500,36.24,36.24,36.24,36.24,209,0
RCTR.US,5,20260514,182000,36.275,36.275,36.275,36.275,137,0
RCTR.US,5,20260514,192000,36.25,36.25,36.25,36.25,400,0
RCTR.US,5,20260514,195500,36.16,36.16,36.16,36.16,100,0
RCTR.US,5,20260514,203000,36.13,36.13,36.13,36.13,1058,0
RCTR.US,5,20260514,212500,36.36,36.38,36.36,36.38,325,0
RCTR.US,5,20260515,153000,35.5,35.5,35.5,35.5,117,0
RCTR.US,5,20260515,153500,35.51,35.51,35.51,35.51,500,0
RCTR.US,5,20260515,154500,35.5,35.5,35.5,35.5,383,0
RCTR.US,5,20260515,165500,35.41,35.41,35.41,35.41,200,0
RCTR.US,5,20260515,183500,35.225,35.225,35.225,35.225,152,0
RCTR.US,5,20260515,202500,35.32,35.32,35.32,35.32,300,0
RCTR.US,5,20260515,213500,35.3,35.3,35.3,35.3,100,0
RCTR.US,5,20260515,214000,35.2701,35.2701,35.2701,35.2701,400,0
RCTR.US,5,20260518,153000,35.57,35.57,35.57,35.57,541,0
RCTR.US,5,20260518,163500,34.99,35,34.99,35,200,0
RCTR.US,5,20260518,164500,35.01,35.01,35.01,35.01,145,0
RCTR.US,5,20260518,202000,34.7104,34.7104,34.7104,34.7104,100,0
RCTR.US,5,20260518,202500,34.7899,34.7899,34.7899,34.7899,230,0
RCTR.US,5,20260518,214500,35.0099,35.0099,34.95,34.95,340,0
RCTR.US,5,20260519,153500,34.58,34.58,34.58,34.58,144,0
RCTR.US,5,20260519,173500,34.5,34.5,34.5,34.5,100,0
RCTR.US,5,20260519,184000,34.6782,34.6782,34.6782,34.6782,3000,0
RCTR.US,5,20260519,191500,34.86,34.86,34.5701,34.6699,7657,0
RCTR.US,5,20260519,195000,34.49,34.49,34.49,34.49,100,0
RCTR.US,5,20260519,202000,34.6799,34.6799,34.6799,34.6799,451,0
RCTR.US,5,20260519,202500,34.68,34.68,34.615,34.615,200,0
RCTR.US,5,20260519,205000,34.5,34.5,34.5,34.5,100,0
RCTR.US,5,20260519,213000,34.44,34.5784,34.44,34.5784,1006,0
RCTR.US,5,20260519,213500,34.5699,34.5699,34.5699,34.5699,200,0
RCTR.US,5,20260520,155500,34.83,34.83,34.83,34.83,100,0
RCTR.US,5,20260520,194000,35.241,35.241,35.241,35.241,100,0
RCTR.US,5,20260520,213500,35.4,35.4,35.4,35.4,560,0
RCTR.US,5,20260521,153000,35.05,35.05,35.05,35.05,471,0
RCTR.US,5,20260521,153500,35.16,35.16,35.16,35.16,100,0
RCTR.US,5,20260521,164500,35.29,35.29,35.29,35.29,100,0
RCTR.US,5,20260521,181500,35.36,35.3601,35.36,35.3601,200,0
RCTR.US,5,20260521,210500,35.78,35.78,35.78,35.78,300,0
RCTR.US,5,20260522,155500,36,36,35.9999,35.9999,800,0
RCTR.US,5,20260522,164000,35.875,35.875,35.875,35.875,220,0
RCTR.US,5,20260522,192000,36.12,36.12,36.12,36.12,140,0
RCTR.US,5,20260522,195500,36.125,36.125,36.125,36.125,670,0
RCTR.US,5,20260522,212000,35.945,35.945,35.945,35.945,600,0
RCTR.US,5,20260526,153000,36.51,36.51,36.51,36.51,210,0
RCTR.US,5,20260526,154500,36.5,36.5,36.5,36.5,100,0
RCTR.US,5,20260526,163000,36.72,36.72,36.72,36.72,100,0
RCTR.US,5,20260526,163500,36.65,36.65,36.65,36.65,100,0
RCTR.US,5,20260526,164500,36.67,36.75,36.67,36.75,267,0
RCTR.US,5,20260526,165000,36.68,36.68,36.68,36.68,100,0
RCTR.US,5,20260526,170000,36.64,36.64,36.64,36.64,100,0
RCTR.US,5,20260526,170500,36.57,36.57,36.57,36.57,100,0
RCTR.US,5,20260526,171500,36.54,36.54,36.54,36.54,100,0
RCTR.US,5,20260526,172000,36.48,36.48,36.48,36.48,100,0
RCTR.US,5,20260526,172500,36.5,36.5,36.49,36.49,200,0
RCTR.US,5,20260526,173000,36.49,36.49,36.49,36.49,100,0
RCTR.US,5,20260526,173500,36.49,36.49,36.49,36.49,100,0
RCTR.US,5,20260526,174000,36.53,36.53,36.53,36.53,100,0
RCTR.US,5,20260526,175000,36.5,36.5,36.5,36.5,100,0
RCTR.US,5,20260526,175500,36.46,36.46,36.46,36.46,100,0
RCTR.US,5,20260526,180000,36.53,36.53,36.53,36.53,100,0
RCTR.US,5,20260526,181000,36.52,36.52,36.52,36.52,100,0
RCTR.US,5,20260526,181500,36.52,36.52,36.52,36.52,100,0
RCTR.US,5,20260526,182500,36.57,36.57,36.57,36.57,100,0
RCTR.US,5,20260526,183000,36.57,36.57,36.57,36.57,100,0
RCTR.US,5,20260526,184000,36.52,36.52,36.52,36.52,100,0
RCTR.US,5,20260526,184500,36.53,36.53,36.53,36.53,100,0
RCTR.US,5,20260526,185500,36.49,36.49,36.49,36.49,100,0
RCTR.US,5,20260526,190500,36.52,36.52,36.52,36.52,100,0
RCTR.US,5,20260526,191000,36.59,36.595,36.56,36.56,900,0
RCTR.US,5,20260526,192000,36.55,36.55,36.55,36.55,100,0
RCTR.US,5,20260526,193000,36.5,36.5,36.5,36.5,100,0
RCTR.US,5,20260526,193500,36.55,36.64,36.55,36.6399,710,0
RCTR.US,5,20260526,194500,36.53,36.53,36.53,36.53,100,0
RCTR.US,5,20260526,195500,36.53,36.53,36.53,36.53,100,0
RCTR.US,5,20260526,200000,36.53,36.53,36.53,36.53,100,0
RCTR.US,5,20260526,201000,36.54,36.54,36.54,36.54,100,0
RCTR.US,5,20260526,202000,36.54,36.54,36.54,36.54,100,0
RCTR.US,5,20260526,203500,36.49,36.49,36.49,36.49,100,0
RCTR.US,5,20260526,204000,36.48,36.48,36.48,36.48,100,0
RCTR.US,5,20260526,205000,36.5,36.5,36.5,36.5,100,0
RCTR.US,5,20260526,205500,36.56,36.56,36.46,36.46,709,0
RCTR.US,5,20260526,210500,36.51,36.51,36.51,36.51,100,0
RCTR.US,5,20260526,211000,36.51,36.51,36.51,36.51,100,0
RCTR.US,5,20260526,212000,36.48,36.48,36.48,36.48,100,0
RCTR.US,5,20260526,212500,36.48,36.48,36.48,36.48,100,0
RCTR.US,5,20260526,213000,36.49,36.49,36.49,36.49,100,0
RCTR.US,5,20260526,213500,36.49,36.49,36.49,36.49,100,0
RCTR.US,5,20260526,214000,36.49,36.49,36.47,36.47,200,0
RCTR.US,5,20260526,214500,36.48,36.48,36.48,36.48,100,0
RCTR.US,5,20260526,215000,36.49,36.5,36.49,36.5,200,0
RCTR.US,5,20260526,215500,36.49,36.49,36.45,36.45,754,0
RCTR.US,5,20260527,153000,36.74,36.74,36.218,36.228,1851,0
RCTR.US,5,20260527,153500,36.144,36.17,36.005,36.005,682,0
RCTR.US,5,20260527,154000,36.01,36.01,36.01,36.01,300,0
RCTR.US,5,20260527,160500,35.98,35.98,35.98,35.98,100,0
RCTR.US,5,20260527,161000,36.03,36.04,36.03,36.04,200,0
RCTR.US,5,20260527,164500,35.91,35.91,35.91,35.91,100,0
RCTR.US,5,20260527,171000,35.98,35.98,35.98,35.98,100,0
RCTR.US,5,20260527,195500,35.935,35.935,35.935,35.935,100,0
RCTR.US,5,20260527,212500,35.9589,35.9589,35.9589,35.9589,200,0
RCTR.US,5,20260528,170000,35.84,35.84,35.84,35.84,100,0
RCTR.US,5,20260528,170500,35.89,35.89,35.89,35.89,100,0
RCTR.US,5,20260528,171000,35.88,35.88,35.88,35.88,100,0
RCTR.US,5,20260528,171500,35.88,35.88,35.88,35.88,100,0
RCTR.US,5,20260528,172000,35.92,35.92,35.92,35.92,100,0
RCTR.US,5,20260528,172500,35.98,35.98,35.98,35.98,100,0
RCTR.US,5,20260528,173000,35.94,35.94,35.94,35.94,100,0
RCTR.US,5,20260528,173500,35.98,35.98,35.98,35.98,100,0
RCTR.US,5,20260528,174500,35.99,35.99,35.99,35.99,100,0
RCTR.US,5,20260528,175000,35.98,35.98,35.98,35.98,100,0
RCTR.US,5,20260528,175500,35.98,35.98,35.98,35.98,100,0
RCTR.US,5,20260528,180500,36.02,36.02,36.02,36.02,100,0
RCTR.US,5,20260528,181000,36.04,36.04,36.04,36.04,100,0
RCTR.US,5,20260528,182000,36.05,36.05,36.05,36.05,100,0
RCTR.US,5,20260528,182500,36.06,36.06,36.06,36.06,100,0
RCTR.US,5,20260528,183500,36.05,36.05,36.05,36.05,100,0
RCTR.US,5,20260528,184000,36.03,36.03,36.03,36.03,100,0
RCTR.US,5,20260528,185500,36.08,36.08,36.08,36.08,100,0
RCTR.US,5,20260528,190500,36.01,36.01,36.01,36.01,100,0
RCTR.US,5,20260528,191000,35.99,35.99,35.99,35.99,100,0
RCTR.US,5,20260528,192000,35.97,35.97,35.97,35.97,100,0
RCTR.US,5,20260528,193000,35.95,35.95,35.95,35.95,100,0
RCTR.US,5,20260528,194000,35.96,35.96,35.96,35.96,100,0
RCTR.US,5,20260528,194500,35.98,35.98,35.98,35.98,100,0
RCTR.US,5,20260528,195500,36.05,36.05,35.97,35.97,200,0
RCTR.US,5,20260528,200500,36,36,36,36,100,0
RCTR.US,5,20260528,201000,35.98,35.98,35.98,35.98,100,0
RCTR.US,5,20260528,202000,35.97,35.97,35.97,35.97,100,0
RCTR.US,5,20260528,203000,35.95,35.95,35.95,35.95,100,0
RCTR.US,5,20260528,203500,35.93,35.93,35.93,35.93,100,0
RCTR.US,5,20260528,204000,35.98,35.98,35.98,35.98,300,0
RCTR.US,5,20260528,204500,35.91,35.91,35.91,35.91,100,0
RCTR.US,5,20260528,205000,35.9,35.9,35.9,35.9,100,0
RCTR.US,5,20260528,210000,35.89,35.89,35.89,35.89,100,0
RCTR.US,5,20260528,210500,35.91,35.91,35.91,35.91,100,0
RCTR.US,5,20260528,211000,35.9,35.9,35.9,35.9,100,0
RCTR.US,5,20260528,212000,35.86,35.86,35.86,35.86,100,0
RCTR.US,5,20260528,212500,35.88,35.88,35.88,35.88,100,0
RCTR.US,5,20260528,213000,36.0199,36.0199,35.87,35.87,294,0
RCTR.US,5,20260528,213500,35.88,35.88,35.88,35.88,100,0
RCTR.US,5,20260528,214000,35.88,35.88,35.88,35.88,100,0
RCTR.US,5,20260528,214500,36.02,36.02,35.88,35.88,40109,0
RCTR.US,5,20260528,215000,35.89,35.89,35.89,35.89,100,0
RCTR.US,5,20260528,215500,35.87,35.87,35.86,35.86,849,0
RCTR.US,5,20260529,174000,35.8201,35.8201,35.8201,35.8201,200,0
RCTR.US,5,20260529,213000,35.93,35.93,35.93,35.93,600,0
RCTR.US,5,20260529,214000,35.96,35.96,35.96,35.96,100,0
RCTR.US,5,20260529,214500,35.94,35.94,35.94,35.94,195,0
RCTR.US,5,20260601,175500,35.34,35.34,35.34,35.34,200,0
RCTR.US,5,20260601,182500,35.28,35.2801,35.28,35.2801,600,0
RCTR.US,5,20260601,212500,35.494,35.494,35.494,35.494,197,0
RCTR.US,5,20260602,153000,35.2,35.2,35.2,35.2,107,0
RCTR.US,5,20260602,172000,35.85,35.85,35.85,35.85,497,0
RCTR.US,5,20260603,163000,35.65,35.65,35.65,35.65,280,0
RCTR.US,5,20260603,210500,35.255,35.255,35.255,35.255,283,0
RCTR.US,5,20260603,212500,35.23,35.23,35.23,35.23,284,0
RCTR.US,5,20260604,191500,35.18,35.18,35.18,35.18,142,0
RCTR.US,5,20260604,192000,35.3,35.3,35.17,35.17,1400,0
RCTR.US,5,20260604,202000,35.33,35.33,35.33,35.33,100,0
RCTR.US,5,20260604,211500,35.19,35.19,35.19,35.19,200,0
RCTR.US,5,20260604,213000,35.31,35.31,35.31,35.31,400,0
RCTR.US,5,20260604,214000,35.39,35.39,35.39,35.39,1700,0
RCTR.US,5,20260604,214500,35.39,35.39,35.39,35.39,100,0
RCTR.US,5,20260605,191000,34.0001,34.0001,34.0001,34.0001,168,0
RCTR.US,5,20260605,194500,34.09,34.09,34.09,34.09,100,0
RCTR.US,5,20260605,195000,34.0001,34.0001,33.91,33.9872,1967,0
RCTR.US,5,20260605,202000,33.92,33.93,33.92,33.93,1947,0
RCTR.US,5,20260605,210500,33.84,33.84,33.84,33.84,100,0
RCTR.US,5,20260605,211500,33.69,33.69,33.69,33.69,784,0
RCTR.US,5,20260605,214500,33.66,33.85,33.66,33.85,248,0
RCTR.US,5,20260605,215500,33.86,33.86,33.86,33.86,244,0
RCTR.US,5,20260608,153000,34.15,34.15,34.15,34.15,301,0
RCTR.US,5,20260608,172500,34.2199,34.2199,34.2199,34.2199,438,0
RCTR.US,5,20260608,175500,34.14,34.14,34.14,34.14,100,0
RCTR.US,5,20260608,204000,34.01,34.02,33.89,33.89,6134,0
RCTR.US,5,20260608,210000,33.93,33.93,33.93,33.93,188,0
RCTR.US,5,20260608,212000,33.79,33.79,33.79,33.79,504,0
RCTR.US,5,20260608,212500,33.91,33.91,33.91,33.91,100,0
RCTR.US,5,20260608,215000,33.92,33.92,33.92,33.92,100,0
RCTR.US,5,20260609,153000,33.82,33.82,33.82,33.82,352,0
RCTR.US,5,20260609,172500,33.22,33.22,33.22,33.22,100,0
RCTR.US,5,20260609,174500,33.13,33.13,33.08,33.08,4616,0
RCTR.US,5,20260609,183000,32.9099,32.91,32.865,32.865,1208,0
RCTR.US,5,20260609,185000,32.6401,32.6401,32.6401,32.6401,451,0
RCTR.US,5,20260609,192500,33.16,33.16,33.16,33.16,139,0
RCTR.US,5,20260609,202500,33.25,33.3,33.25,33.3,200,0
RCTR.US,5,20260609,204500,33.275,33.275,33.275,33.275,567,0
RCTR.US,5,20260609,211000,33.34,33.34,33.34,33.34,200,0
RCTR.US,5,20260610,154000,32.89,32.9,32.89,32.9,3844,0
RCTR.US,5,20260610,154500,32.9,33.31,32.9,33.202,3400,0
RCTR.US,5,20260610,155000,33.152,33.152,33.152,33.152,987,0
RCTR.US,5,20260610,160000,33.04,33.04,33.04,33.04,100,0
RCTR.US,5,20260610,182500,32.71,32.71,32.71,32.71,300,0
RCTR.US,5,20260610,192000,32.45,32.45,32.44,32.44,290,0
RCTR.US,5,20260610,195500,32.595,32.595,32.595,32.595,190,0
RCTR.US,5,20260611,170500,32.8306,32.8306,32.8,32.8,300,0
RCTR.US,5,20260611,171500,32.96,32.96,32.96,32.96,200,0
RCTR.US,5,20260611,174500,32.97,32.97,32.97,32.97,100,0
RCTR.US,5,20260611,190000,32.87,32.87,32.87,32.87,300,0
RCTR.US,5,20260611,193000,33.07,33.07,33.07,33.07,200,0
RCTR.US,5,20260611,205500,33.34,33.35,33.34,33.35,1190,0
RCTR.US,5,20260611,213500,33.52,33.52,33.52,33.52,109,0
RCTR.US,5,20260611,214000,33.4301,33.4301,33.4301,33.4301,408,0
RCTR.US,5,20260612,153500,33.5712,33.5712,33.5712,33.5712,100,0
RCTR.US,5,20260612,161000,33.78,33.78,33.78,33.78,133,0
RCTR.US,5,20260612,162000,33.795,33.795,33.795,33.795,100,0
RCTR.US,5,20260612,184500,33.74,33.74,33.74,33.74,299,0
RCTR.US,5,20260612,191000,33.845,33.845,33.845,33.845,110,0
RCTR.US,5,20260615,153000,34.68,34.68,34.68,34.68,100,0
RCTR.US,5,20260615,160000,34.82,34.82,34.8199,34.8199,600,0
RCTR.US,5,20260615,163500,34.82,34.82,34.82,34.82,100,0
RCTR.US,5,20260615,164500,34.85,34.85,34.85,34.85,120,0
RCTR.US,5,20260615,172000,34.9,34.9,34.9,34.9,100,0
RCTR.US,5,20260615,173500,34.95,34.95,34.95,34.95,100,0
RCTR.US,5,20260615,174000,34.91,34.91,34.91,34.91,23824,0
RCTR.US,5,20260615,175000,34.91,34.91,34.91,34.91,14893,0
RCTR.US,5,20260615,180000,34.96,34.96,34.96,34.96,143,0
RCTR.US,5,20260615,181500,34.97,34.97,34.97,34.97,299,0
RCTR.US,5,20260615,182500,34.95,34.95,34.95,34.95,100,0
RCTR.US,5,20260615,190500,34.97,34.97,34.97,34.97,142,0
RCTR.US,5,20260615,191500,34.97,34.97,34.97,34.97,142,0
RCTR.US,5,20260615,193000,34.97,34.97,34.97,34.97,142,0
RCTR.US,5,20260615,201000,34.885,34.885,34.885,34.885,107,0
RCTR.US,5,20260615,202000,34.97,34.97,34.97,34.97,142,0
RCTR.US,5,20260615,203000,34.86,34.96,34.86,34.96,62116,0
RCTR.US,5,20260615,203500,34.97,34.99,34.97,34.99,220,0
RCTR.US,5,20260615,211500,34.86,34.8601,34.86,34.8601,340,0
RCTR.US,5,20260615,212000,34.94,34.94,34.94,34.94,100,0
RCTR.US,5,20260615,213000,35,35,34.9165,34.9165,1277,0
RCTR.US,5,20260615,215500,34.9,34.9,34.9,34.9,200,0
RCTR.US,5,20260616,153000,34.98,34.98,34.98,34.98,311,0
RCTR.US,5,20260616,154000,35.47,35.47,35.47,35.47,100,0
RCTR.US,5,20260616,161500,35.33,35.3301,35.33,35.3301,504,0
RCTR.US,5,20260616,165500,35.28,35.28,35.28,35.28,100,0
RCTR.US,5,20260616,173000,35.24,35.24,35.24,35.24,11035,0
RCTR.US,5,20260616,192500,35.2,35.2,35.2,35.2,206,0
RCTR.US,5,20260616,203000,35.297,35.297,35.297,35.297,299,0
RCTR.US,5,20260616,203500,35.36,35.36,35.36,35.36,150,0
RCTR.US,5,20260616,204000,35.34,35.34,35.34,35.34,100,0
RCTR.US,5,20260616,215000,35.13,35.13,35.13,35.13,100,0
RCTR.US,5,20260617,213000,35.093,35.093,34.88,35.04,449,0
RCTR.US,5,20260617,214000,34.9283,34.9283,34.9283,34.9283,535,0
RCTR.US,5,20260617,215000,35,35.1,35,35.085,10300,0
RCTR.US,5,20260617,215500,35.22,35.22,35.22,35.22,100,0
RCTR.US,5,20260618,160000,35.0801,35.0801,35.0801,35.0801,416,0
RCTR.US,5,20260618,182500,35.59,35.59,35.59,35.59,100,0
RCTR.US,5,20260618,184500,35.3301,35.3301,35.3301,35.3301,200,0
RCTR.US,5,20260618,203500,35.44,35.44,35.44,35.44,100,0
RCTR.US,5,20260622,153000,35.29,35.29,35.29,35.29,209,0
RCTR.US,5,20260622,155000,35.3,35.3,35.3,35.3,171,0
RCTR.US,5,20260622,173500,35.42,35.42,35.42,35.42,100,0
RCTR.US,5,20260622,174500,35.41,35.41,35.41,35.41,200,0
RCTR.US,5,20260622,175500,35.22,35.22,35.22,35.22,1365,0
RCTR.US,5,20260622,181500,35.23,35.23,35.23,35.23,100,0
RCTR.US,5,20260622,191000,35.42,35.42,35.42,35.42,100,0
RCTR.US,5,20260622,201000,35.41,35.41,35.41,35.41,142,0
RCTR.US,5,20260622,202500,35.5,35.52,35.5,35.52,411,0
RCTR.US,5,20260622,213500,35.295,35.295,35.295,35.295,141,0
RCTR.US,5,20260622,214500,35.32,35.32,35.32,35.32,100,0
RCTR.US,5,20260622,215000,35.36,35.36,35.36,35.36,200,0
