<TICKER>,<PER>,<DATE>,<TIME>,<OPEN>,<HIGH>,<LOW>,<CLOSE>,<VOL>,<OPENINT>
RWLC.US,5,20260126,161500,33.6,33.6,33.6,33.6,100,0
RWLC.US,5,20260126,164000,33.575,33.575,33.569,33.569,1682,0
RWLC.US,5,20260126,170000,33.59,33.59,33.59,33.59,100,0
RWLC.US,5,20260126,181500,33.58,33.68,33.58,33.68,1945,0
RWLC.US,5,20260127,154000,33.75,33.75,33.75,33.75,100,0
RWLC.US,5,20260127,160000,33.82,33.87,33.82,33.87,300,0
RWLC.US,5,20260127,180000,33.9252,33.9252,33.9252,33.9252,873,0
RWLC.US,5,20260127,192000,33.99,33.99,33.99,33.99,719,0
RWLC.US,5,20260127,195000,34.03,34.04,34,34.03,700,0
RWLC.US,5,20260127,195500,33.98,33.98,33.98,33.98,190,0
RWLC.US,5,20260127,202500,33.986,33.986,33.986,33.986,253,0
RWLC.US,5,20260127,214000,33.97,33.97,33.97,33.97,434,0
RWLC.US,5,20260127,215000,34.0088,34.0088,34.0088,34.0088,147,0
RWLC.US,5,20260128,172000,34.065,34.065,34.065,34.065,552,0
RWLC.US,5,20260128,174000,34.07,34.07,34.07,34.07,100,0
RWLC.US,5,20260128,175000,34.02,34.02,34.02,34.02,100,0
RWLC.US,5,20260128,183000,34.06,34.06,34.06,34.06,100,0
RWLC.US,5,20260128,193000,34.02,34.07,34.02,34.07,768,0
RWLC.US,5,20260128,200000,34.005,34.005,34.005,34.005,180,0
RWLC.US,5,20260129,154000,34.16,34.16,34.16,34.16,100,0
RWLC.US,5,20260129,160000,34.01,34.01,34.01,34.01,100,0
RWLC.US,5,20260129,162000,33.99,33.99,33.99,33.99,100,0
RWLC.US,5,20260129,162500,34.05,34.05,34.05,34.05,100,0
RWLC.US,5,20260129,163000,33.93,33.93,33.93,33.93,200,0
RWLC.US,5,20260129,164000,33.88,33.88,33.88,33.88,826,0
RWLC.US,5,20260129,170500,34.03,34.03,34.03,34.03,200,0
RWLC.US,5,20260129,171000,34.0499,34.0499,34.0499,34.0499,154,0
RWLC.US,5,20260129,193500,33.8,33.8,33.8,33.8,200,0
RWLC.US,5,20260129,215500,33.96,33.96,33.96,33.96,200,0
RWLC.US,5,20260130,153000,33.85,33.85,32.01,33.71,1291,0
RWLC.US,5,20260130,154500,33.93,33.93,33.93,33.93,100,0
RWLC.US,5,20260130,162500,33.84,33.84,33.84,33.84,184,0
RWLC.US,5,20260130,171500,33.79,33.79,33.79,33.79,100,0
RWLC.US,5,20260130,174500,33.765,33.765,33.765,33.765,131,0
RWLC.US,5,20260130,175000,33.74,33.761,33.74,33.761,406,0
RWLC.US,5,20260130,175500,33.7699,33.7699,33.7699,33.7699,947,0
RWLC.US,5,20260130,180000,33.73,33.74,33.73,33.74,300,0
RWLC.US,5,20260130,192000,33.58,33.58,33.58,33.58,200,0
RWLC.US,5,20260130,200000,33.72,33.72,33.72,33.72,100,0
RWLC.US,5,20260202,160000,33.78,33.78,33.78,33.78,206,0
RWLC.US,5,20260202,171500,33.785,33.785,33.785,33.785,378,0
RWLC.US,5,20260202,181000,33.7201,33.9,33.7201,33.9,2439,0
RWLC.US,5,20260202,193500,33.885,33.885,33.885,33.885,118,0
RWLC.US,5,20260203,162000,33.82,33.87,33.77,33.78,1100,0
RWLC.US,5,20260203,163000,33.76,33.77,33.72,33.77,2918,0
RWLC.US,5,20260203,173000,33.74,33.74,33.73,33.73,2382,0
RWLC.US,5,20260203,173500,33.8292,33.8292,33.8292,33.8292,148,0
RWLC.US,5,20260203,174000,33.71,33.71,33.71,33.71,588,0
RWLC.US,5,20260203,193000,33.5,33.5,33.5,33.5,100,0
RWLC.US,5,20260203,193500,33.48,33.48,33.48,33.48,1217,0
RWLC.US,5,20260203,200000,33.435,33.48,33.435,33.48,1500,0
RWLC.US,5,20260204,160000,33.47,33.47,33.47,33.47,200,0
RWLC.US,5,20260204,162500,33.49,33.54,33.49,33.49,417,0
RWLC.US,5,20260204,170000,33.34,33.34,33.34,33.34,400,0
RWLC.US,5,20260204,170500,33.29,33.29,33.29,33.29,100,0
RWLC.US,5,20260204,174500,33.29,33.29,33.29,33.29,100,0
RWLC.US,5,20260204,181000,33.49,33.49,33.29,33.31,3409,0
RWLC.US,5,20260204,183500,33.16,33.16,33.16,33.16,200,0
RWLC.US,5,20260204,194000,33.08,33.08,33.08,33.08,100,0
RWLC.US,5,20260204,203000,33.22,33.22,33.22,33.22,100,0
RWLC.US,5,20260204,204500,33.335,33.335,33.335,33.335,131,0
RWLC.US,5,20260205,153000,33.09,33.09,33.09,33.09,100,0
RWLC.US,5,20260205,154500,33.05,33.05,33.05,33.05,200,0
RWLC.US,5,20260205,163500,33.09,33.09,33.03,33.03,300,0
RWLC.US,5,20260206,155000,33.29,33.29,33.29,33.29,200,0
RWLC.US,5,20260206,180500,33.5299,33.5299,33.5299,33.5299,165,0
RWLC.US,5,20260206,200000,33.55,33.55,33.55,33.55,100,0
RWLC.US,5,20260206,215000,33.56,33.61,33.56,33.61,200,0
RWLC.US,5,20260209,155000,33.57,33.57,33.57,33.57,380,0
RWLC.US,5,20260209,183000,33.71,33.71,33.71,33.71,139,0
RWLC.US,5,20260209,184000,33.72,33.72,33.72,33.72,1892,0
RWLC.US,5,20260210,163500,33.74,33.74,33.7399,33.7399,400,0
RWLC.US,5,20260210,164500,33.68,33.68,33.68,33.68,935,0
RWLC.US,5,20260210,165500,33.68,33.68,33.68,33.68,100,0
RWLC.US,5,20260210,170500,33.68,33.68,33.68,33.68,400,0
RWLC.US,5,20260210,171500,33.74,33.74,33.68,33.68,5912,0
RWLC.US,5,20260210,180000,33.64,33.64,33.64,33.64,579,0
RWLC.US,5,20260210,180500,33.69,33.69,33.61,33.62,1810,0
RWLC.US,5,20260210,194000,33.64,33.64,33.554,33.554,671,0
RWLC.US,5,20260211,153500,33.6,33.6,33.6,33.6,200,0
RWLC.US,5,20260211,160500,33.58,33.58,33.58,33.58,200,0
RWLC.US,5,20260211,162500,33.38,33.38,33.38,33.38,219,0
RWLC.US,5,20260211,165000,33.43,33.43,33.43,33.43,100,0
RWLC.US,5,20260211,172000,33.53,33.53,33.53,33.53,431,0
RWLC.US,5,20260211,175000,33.53,33.5533,33.53,33.5533,266,0
RWLC.US,5,20260211,175500,33.53,33.53,33.53,33.53,1930,0
RWLC.US,5,20260211,181500,33.53,33.53,33.47,33.47,221,0
RWLC.US,5,20260211,192000,33.5537,33.5537,33.5537,33.5537,129,0
RWLC.US,5,20260211,195000,33.53,33.53,33.53,33.53,243,0
RWLC.US,5,20260211,200000,33.4801,33.64,33.48,33.64,384,0
RWLC.US,5,20260211,200500,33.58,33.58,33.58,33.58,2181,0
RWLC.US,5,20260211,205000,33.63,33.63,33.63,33.63,164,0
RWLC.US,5,20260211,213000,33.57,33.57,33.57,33.57,100,0
RWLC.US,5,20260211,215000,33.57,33.57,33.57,33.57,100,0
RWLC.US,5,20260211,215500,33.52,33.52,33.52,33.52,100,0
RWLC.US,5,20260212,161500,33.65,33.65,33.65,33.65,100,0
RWLC.US,5,20260212,163500,33.615,33.615,33.615,33.615,100,0
RWLC.US,5,20260212,171000,33.43,33.43,33.38,33.38,200,0
RWLC.US,5,20260212,172000,33.22,33.22,33.22,33.22,100,0
RWLC.US,5,20260212,172500,33.29,33.3,33.26,33.26,1500,0
RWLC.US,5,20260212,174500,33.22,33.22,33.22,33.22,937,0
RWLC.US,5,20260212,181500,33.34,33.34,33.34,33.34,100,0
RWLC.US,5,20260212,183500,33.3,33.3,33.3,33.3,100,0
RWLC.US,5,20260212,185000,33.26,33.26,33.26,33.26,100,0
RWLC.US,5,20260212,192500,33.32,33.32,33.32,33.32,100,0
RWLC.US,5,20260212,193500,33.3395,33.3395,33.3395,33.3395,155,0
RWLC.US,5,20260212,195500,33.34,33.34,33.34,33.34,100,0
RWLC.US,5,20260212,200500,33.34,33.39,33.34,33.39,200,0
RWLC.US,5,20260212,203000,33.38,33.38,33.38,33.38,100,0
RWLC.US,5,20260212,210500,33.34,33.34,33.34,33.34,100,0
RWLC.US,5,20260212,212500,33.38,33.38,33.38,33.38,100,0
RWLC.US,5,20260212,215000,33.2,33.37,33.2,33.37,200,0
RWLC.US,5,20260212,215500,33.38,33.38,33.38,33.38,100,0
RWLC.US,5,20260213,153000,33.1,33.1,33.1,33.1,200,0
RWLC.US,5,20260213,161000,33.02,33.07,33.02,33.07,500,0
RWLC.US,5,20260213,165500,33.07,33.07,33.07,33.07,100,0
RWLC.US,5,20260213,172000,33.19,33.209,33.06,33.06,771,0
RWLC.US,5,20260213,183000,33.195,33.195,33.195,33.195,149,0
RWLC.US,5,20260213,202000,33.26,33.26,33.2599,33.2599,200,0
RWLC.US,5,20260217,153500,33.06,33.06,33.06,33.06,200,0
RWLC.US,5,20260217,170500,32.97,32.97,32.97,32.97,100,0
RWLC.US,5,20260217,171000,32.97,32.97,32.97,32.97,100,0
RWLC.US,5,20260217,174000,33.04,33.16,33.04,33.07,709,0
RWLC.US,5,20260217,183000,33.005,33.005,33.005,33.005,122,0
RWLC.US,5,20260217,192000,33.07,33.07,33.07,33.07,100,0
RWLC.US,5,20260218,165000,33.28,33.29,33.2799,33.29,1378,0
RWLC.US,5,20260218,174000,33.25,33.25,33.25,33.25,2928,0
RWLC.US,5,20260218,181000,33.32,33.32,33.32,33.32,1354,0
RWLC.US,5,20260218,194500,33.37,33.37,33.37,33.37,100,0
RWLC.US,5,20260219,153000,33.24,33.24,33.24,33.24,100,0
RWLC.US,5,20260219,155500,33.17,33.17,33.17,33.17,200,0
RWLC.US,5,20260219,163000,33.21,33.21,33.21,33.21,100,0
RWLC.US,5,20260219,175500,33.09,33.09,33.09,33.09,649,0
RWLC.US,5,20260220,153000,33.1,33.1,33.1,33.1,100,0
RWLC.US,5,20260220,154000,33.1,33.1,33.1,33.1,100,0
RWLC.US,5,20260220,160000,33.1,33.15,33.1,33.15,200,0
RWLC.US,5,20260220,181500,33.2,33.2,33.15,33.15,200,0
RWLC.US,5,20260220,183000,33.32,33.32,33.32,33.32,100,0
RWLC.US,5,20260220,200000,33.33,33.33,33.33,33.33,300,0
RWLC.US,5,20260220,202000,33.33,33.33,33.33,33.33,100,0
RWLC.US,5,20260220,203500,33.285,33.285,33.285,33.285,245,0
RWLC.US,5,20260223,153500,33.281,33.281,33.281,33.281,171,0
RWLC.US,5,20260223,162500,33.28,33.28,33.28,33.28,100,0
RWLC.US,5,20260223,163500,33.23,33.23,33.23,33.23,1807,0
RWLC.US,5,20260223,164000,33.21,33.21,33.12,33.185,6256,0
RWLC.US,5,20260223,165500,33.17,33.17,33.17,33.17,100,0
RWLC.US,5,20260223,172000,33.11,33.11,33.11,33.11,588,0
RWLC.US,5,20260223,174000,33.11,33.1364,33.11,33.1364,2389,0
RWLC.US,5,20260223,175500,33.042,33.11,33.04,33.04,1000,0
RWLC.US,5,20260223,180000,33.04,33.04,33.04,33.04,413,0
RWLC.US,5,20260223,180500,33.04,33.04,33.04,33.04,100,0
RWLC.US,5,20260223,191000,33.04,33.04,33.04,33.04,100,0
RWLC.US,5,20260223,191500,33.04,33.04,33.04,33.04,2206,0
RWLC.US,5,20260223,192500,33.22,33.22,33.22,33.22,100,0
RWLC.US,5,20260223,201000,33.19,33.19,33.08,33.08,200,0
RWLC.US,5,20260223,211500,33.14,33.14,33.14,33.14,100,0
RWLC.US,5,20260223,215500,33.18,33.18,33.18,33.18,100,0
RWLC.US,5,20260224,155000,33.28,33.28,33.28,33.28,100,0
RWLC.US,5,20260224,160000,33.12,33.12,33.12,33.12,100,0
RWLC.US,5,20260224,163000,33.27,33.27,33.27,33.27,1895,0
RWLC.US,5,20260224,171000,33.28,33.28,33.28,33.28,100,0
RWLC.US,5,20260224,173500,33.15,33.33,33.15,33.32,2257,0
RWLC.US,5,20260224,181000,33.38,33.38,33.38,33.38,100,0
RWLC.US,5,20260224,192000,33.25,33.25,33.25,33.25,348,0
RWLC.US,5,20260224,202500,33.345,33.345,33.345,33.345,709,0
RWLC.US,5,20260224,215500,33.38,33.38,33.38,33.38,100,0
RWLC.US,5,20260225,154500,33.59,33.59,33.59,33.59,100,0
RWLC.US,5,20260225,162500,33.66,33.7099,33.66,33.7099,380,0
RWLC.US,5,20260225,165500,33.595,33.595,33.595,33.595,100,0
RWLC.US,5,20260225,175500,33.6599,33.6599,33.64,33.64,2387,0
RWLC.US,5,20260225,201500,33.615,33.615,33.615,33.615,575,0
RWLC.US,5,20260225,215500,33.71,33.71,33.71,33.71,100,0
RWLC.US,5,20260226,160000,33.5,33.5,33.5,33.5,100,0
RWLC.US,5,20260226,161500,33.5,33.51,33.5,33.51,200,0
RWLC.US,5,20260226,163500,33.4,33.45,33.26,33.45,1162,0
RWLC.US,5,20260226,170500,33.51,33.56,33.51,33.53,2726,0
RWLC.US,5,20260226,174000,33.535,33.535,33.535,33.535,114,0
RWLC.US,5,20260226,180500,33.47,33.5295,33.4,33.5295,658,0
RWLC.US,5,20260226,193500,33.45,33.45,33.45,33.45,1000,0
RWLC.US,5,20260226,201000,33.485,33.485,33.485,33.485,380,0
RWLC.US,5,20260227,153000,33.525,33.525,33.525,33.525,438,0
RWLC.US,5,20260227,160000,33.2811,33.2811,33.2811,33.2811,460,0
RWLC.US,5,20260227,170500,33.53,33.54,33.53,33.53,300,0
RWLC.US,5,20260227,180000,33.48,33.48,33.48,33.48,136,0
RWLC.US,5,20260227,180500,33.48,33.4801,33.478,33.478,780,0
RWLC.US,5,20260302,153500,33.39,33.39,33.32,33.32,200,0
RWLC.US,5,20260302,174000,33.47,33.47,33.47,33.47,200,0
RWLC.US,5,20260302,175000,33.51,33.51,33.51,33.51,742,0
RWLC.US,5,20260302,175500,33.51,33.51,33.51,33.51,241,0
RWLC.US,5,20260302,190500,33.525,33.59,33.525,33.59,1239,0
RWLC.US,5,20260302,201000,33.6,33.6,33.6,33.6,1293,0
RWLC.US,5,20260303,153000,33.05,33.05,33.05,33.05,200,0
RWLC.US,5,20260303,161500,32.82,32.82,32.82,32.82,300,0
RWLC.US,5,20260303,170000,32.81,32.81,32.81,32.81,200,0
RWLC.US,5,20260303,183500,33.04,33.04,33.04,33.04,119,0
RWLC.US,5,20260303,184000,33.03,33.03,33.03,33.03,100,0
RWLC.US,5,20260304,160500,33.3,33.3,33.3,33.3,100,0
RWLC.US,5,20260304,181500,33.43,33.5,33.43,33.5,951,0
RWLC.US,5,20260304,183500,33.47,33.47,33.47,33.47,2798,0
RWLC.US,5,20260305,155000,33.49,33.49,33.49,33.49,100,0
RWLC.US,5,20260305,163500,33.43,33.4399,33.43,33.4399,749,0
RWLC.US,5,20260305,164500,33.44,33.44,33.43,33.435,7006,0
RWLC.US,5,20260305,165500,33.43,33.435,33.43,33.43,1966,0
RWLC.US,5,20260305,171000,33.395,33.3951,33.3,33.3,1104,0
RWLC.US,5,20260305,171500,33.3001,33.37,33.2,33.32,3942,0
RWLC.US,5,20260305,173000,33.19,33.19,33.19,33.19,200,0
RWLC.US,5,20260305,180000,33.26,33.26,33.26,33.26,200,0
RWLC.US,5,20260305,180500,33.18,33.2138,33.18,33.2138,855,0
RWLC.US,5,20260305,181500,33.18,33.18,33.18,33.18,300,0
RWLC.US,5,20260305,183000,33.18,33.18,33.18,33.18,100,0
RWLC.US,5,20260305,192500,33.1,33.1,33.1,33.1,642,0
RWLC.US,5,20260305,193500,33.15,33.15,33.15,33.15,1047,0
RWLC.US,5,20260305,200000,33.145,33.18,33.145,33.1594,944,0
RWLC.US,5,20260306,154000,32.9,33.005,32.9,33.005,328,0
RWLC.US,5,20260306,154500,32.95,32.95,32.75,32.75,300,0
RWLC.US,5,20260306,161000,32.73,32.73,32.72,32.72,277990,0
RWLC.US,5,20260306,161500,32.73,32.73,32.73,32.73,25099,0
RWLC.US,5,20260306,183000,32.93,32.93,32.93,32.93,1194,0
RWLC.US,5,20260306,185500,32.86,32.86,32.86,32.86,300,0
RWLC.US,5,20260306,192000,32.81,32.81,32.81,32.81,100,0
RWLC.US,5,20260309,143000,32.67,32.67,32.67,32.67,200,0
RWLC.US,5,20260309,145500,32.52,32.52,32.52,32.52,100,0
RWLC.US,5,20260309,151000,32.46,32.46,32.46,32.46,100,0
RWLC.US,5,20260309,151500,32.51,32.51,32.51,32.51,200,0
RWLC.US,5,20260309,153500,32.56,32.56,32.56,32.56,100,0
RWLC.US,5,20260309,154000,32.52,32.52,32.52,32.52,723,0
RWLC.US,5,20260309,154500,32.52,32.52,32.52,32.52,191,0
RWLC.US,5,20260309,162500,32.63,32.68,32.63,32.68,200,0
RWLC.US,5,20260309,163500,32.74,32.74,32.74,32.74,234,0
RWLC.US,5,20260309,164000,32.67,32.67,32.67,32.67,234,0
RWLC.US,5,20260309,174500,32.74,32.74,32.74,32.74,100,0
RWLC.US,5,20260309,191500,32.75,32.75,32.75,32.75,1000,0
RWLC.US,5,20260309,200500,32.705,32.705,32.705,32.705,120,0
RWLC.US,5,20260310,143500,33.2,33.2,33.2,33.2,200,0
RWLC.US,5,20260310,152000,33.01,33.01,33.01,33.01,7729,0
RWLC.US,5,20260310,164000,33.2,33.21,33.2,33.2,10400,0
RWLC.US,5,20260310,164500,33.2,33.255,33.2,33.24,7130,0
RWLC.US,5,20260310,165500,33.23,33.23,33.22,33.22,400,0
RWLC.US,5,20260310,175000,33.2803,33.2803,33.2803,33.2803,288,0
RWLC.US,5,20260310,183500,33.3,33.3,33.3,33.3,300,0
RWLC.US,5,20260310,191500,33.09,33.09,33.09,33.09,166,0
RWLC.US,5,20260310,193000,33.17,33.17,33.13,33.13,39363,0
RWLC.US,5,20260310,202500,33.11,33.11,33.11,33.11,200,0
RWLC.US,5,20260310,203000,33.09,33.09,33.09,33.09,200,0
RWLC.US,5,20260310,203500,33.04,33.0401,33.04,33.0401,800,0
RWLC.US,5,20260310,205000,33.04,33.07,33.04,33.07,200,0
RWLC.US,5,20260310,205500,33.01,33.01,32.99,32.99,200,0
RWLC.US,5,20260311,143000,33.2,33.2,33.2,33.2,200,0
RWLC.US,5,20260311,152500,33.02,33.02,33.02,33.02,100,0
RWLC.US,5,20260311,165000,32.94,32.94,32.94,32.94,911,0
RWLC.US,5,20260311,170000,33.01,33.02,33.01,33.0199,554,0
RWLC.US,5,20260311,173000,32.94,32.94,32.94,32.94,100,0
RWLC.US,5,20260311,183500,32.92,33,32.92,32.92,400,0
RWLC.US,5,20260311,203000,33.04,33.04,33.04,33.04,100,0
RWLC.US,5,20260311,205500,32.95,32.95,32.95,32.95,100,0
RWLC.US,5,20260312,144000,32.9,32.9,32.7,32.7,200,0
RWLC.US,5,20260312,144500,32.75,32.75,32.75,32.75,200,0
RWLC.US,5,20260312,153000,32.71,32.71,32.59,32.59,3662,0
RWLC.US,5,20260312,170000,32.74,32.74,32.74,32.74,16981,0
RWLC.US,5,20260312,170500,32.64,32.64,32.64,32.64,400,0
RWLC.US,5,20260312,185500,32.64,32.64,32.64,32.64,200,0
RWLC.US,5,20260312,192000,32.6406,32.6406,32.64,32.64,631,0
RWLC.US,5,20260312,194500,32.57,32.57,32.57,32.57,330,0
RWLC.US,5,20260312,205000,32.6,32.6,32.6,32.6,100,0
RWLC.US,5,20260312,205500,32.615,32.615,32.56,32.56,300,0
RWLC.US,5,20260313,153500,32.81,32.81,32.75,32.75,938,0
RWLC.US,5,20260313,154000,32.66,32.74,32.66,32.74,300,0
RWLC.US,5,20260313,170500,32.59,32.59,32.52,32.52,1195,0
RWLC.US,5,20260313,181500,32.58,32.58,32.58,32.58,100,0
RWLC.US,5,20260313,182500,32.52,32.52,32.52,32.52,100,0
RWLC.US,5,20260313,185000,32.45,32.45,32.45,32.45,100,0
RWLC.US,5,20260313,191000,32.64,32.64,32.64,32.64,1700,0
RWLC.US,5,20260313,202500,32.44,32.44,32.44,32.44,100,0
RWLC.US,5,20260313,203500,32.4,32.41,32.4,32.41,200,0
RWLC.US,5,20260313,205500,32.4,32.4,32.4,32.4,100,0
RWLC.US,5,20260316,154500,32.79,32.79,32.79,32.79,100,0
RWLC.US,5,20260316,171000,32.755,32.755,32.755,32.755,242,0
RWLC.US,5,20260316,171500,32.68,32.83,32.68,32.83,3438,0
RWLC.US,5,20260316,172000,32.67,32.67,32.67,32.67,200,0
RWLC.US,5,20260316,172500,32.63,32.63,32.63,32.63,100,0
RWLC.US,5,20260316,194500,32.78,32.78,32.78,32.78,200,0
RWLC.US,5,20260316,202000,32.72,32.72,32.72,32.72,100,0
RWLC.US,5,20260317,145000,33.9,33.9,33.9,33.9,200,0
RWLC.US,5,20260317,154000,33.02,33.02,33,33,2470,0
RWLC.US,5,20260317,170500,33,33,33,33,132,0
RWLC.US,5,20260317,190000,32.9,32.92,32.9,32.92,319,0
RWLC.US,5,20260317,190500,32.97,32.97,32.97,32.97,764,0
RWLC.US,5,20260317,191000,32.96,32.96,32.96,32.96,100,0
RWLC.US,5,20260317,193000,32.9,32.9,32.9,32.9,100,0
RWLC.US,5,20260318,143500,32.89,32.89,32.89,32.89,100,0
RWLC.US,5,20260318,144000,32.7,32.7,32.7,32.7,100,0
RWLC.US,5,20260318,173500,32.6,32.75,32.59,32.71,2118,0
RWLC.US,5,20260318,174500,32.74,32.74,32.74,32.74,100,0
RWLC.US,5,20260318,181000,32.66,32.66,32.66,32.66,200,0
RWLC.US,5,20260318,195000,32.6,32.6,32.6,32.6,200,0
RWLC.US,5,20260318,195500,32.6299,32.6299,32.6299,32.6299,144,0
RWLC.US,5,20260318,200000,32.55,32.55,32.55,32.55,600,0
RWLC.US,5,20260318,202000,32.575,32.575,32.55,32.55,600,0
RWLC.US,5,20260319,145500,32.33,32.44,32.33,32.37,7657,0
RWLC.US,5,20260319,152000,32.31,32.31,32.31,32.31,100,0
RWLC.US,5,20260319,162500,32.34,32.34,32.34,32.34,303,0
RWLC.US,5,20260319,163500,32.3,32.3,32.3,32.3,200,0
RWLC.US,5,20260319,184000,32.205,32.205,32.205,32.205,1341,0
RWLC.US,5,20260319,190000,32.205,32.205,32.19,32.19,577,0
RWLC.US,5,20260319,190500,32.24,32.28,32.24,32.28,868,0
RWLC.US,5,20260319,192500,32.38,32.38,32.38,32.38,200,0
RWLC.US,5,20260319,195500,32.28,32.41,32.2502,32.41,2193,0
RWLC.US,5,20260319,202500,32.45,32.45,32.45,32.45,200,0
RWLC.US,5,20260319,204500,32.35,32.51,32.34,32.49,10247,0
RWLC.US,5,20260319,205500,32.475,32.5,32.29,32.29,882,0
RWLC.US,5,20260320,151000,32.15,32.15,32.14,32.15,461,0
RWLC.US,5,20260320,152500,32,32,32,32,122,0
RWLC.US,5,20260320,164500,32.19,32.2,32.18,32.18,1018,0
RWLC.US,5,20260320,170500,32.1,32.2,32.01,32.1,7711,0
RWLC.US,5,20260320,174500,32.1,32.1001,31.96,31.96,1600,0
RWLC.US,5,20260320,175500,32.05,32.05,31.96,31.98,5867,0
RWLC.US,5,20260320,190500,32.04,32.0401,32.01,32.01,900,0
RWLC.US,5,20260320,192000,32,32,32,32,200,0
RWLC.US,5,20260320,203500,31.83,31.83,31.83,31.83,200,0
RWLC.US,5,20260323,163500,32.525,32.525,32.4601,32.5,4472,0
RWLC.US,5,20260323,164000,32.495,32.495,32.46,32.4838,544,0
RWLC.US,5,20260323,172500,32.21,32.21,32.21,32.21,200,0
RWLC.US,5,20260323,182000,32.22,32.22,32.22,32.22,16858,0
RWLC.US,5,20260323,184500,32.29,32.3499,32.23,32.23,400,0
RWLC.US,5,20260323,190500,32.4699,32.4699,32.4699,32.4699,248,0
RWLC.US,5,20260323,205000,32.35,32.35,32.3,32.3,200,0
RWLC.US,5,20260324,154000,31.98,31.98,31.98,31.98,314,0
RWLC.US,5,20260324,155500,32.16,32.16,32.16,32.16,200,0
RWLC.US,5,20260324,162500,32.19,32.19,32.19,32.19,218,0
RWLC.US,5,20260324,203000,32.25,32.25,32.25,32.25,100,0
RWLC.US,5,20260324,205500,32.18,32.18,32.18,32.18,100,0
RWLC.US,5,20260325,153500,32.49,32.49,32.49,32.49,1494,0
RWLC.US,5,20260325,161000,32.33,32.33,32.33,32.33,100,0
RWLC.US,5,20260325,161500,32.26,32.26,32.26,32.26,400,0
RWLC.US,5,20260325,164500,32.29,32.29,32.29,32.29,7806,0
RWLC.US,5,20260325,165000,32.47,32.47,32.24,32.24,693,0
RWLC.US,5,20260325,165500,32.355,32.355,32.355,32.355,7368,0
RWLC.US,5,20260325,195500,32.31,32.31,32.31,32.31,100,0
RWLC.US,5,20260326,144000,32.13,32.13,32.13,32.13,100,0
RWLC.US,5,20260326,162500,32.09,32.09,32.06,32.09,464,0
RWLC.US,5,20260326,175500,32.07,32.07,31.89,31.89,1655,0
RWLC.US,5,20260326,182000,31.87,31.87,31.87,31.87,100,0
RWLC.US,5,20260326,191000,31.78,31.78,31.78,31.78,388,0
RWLC.US,5,20260326,194000,31.78,31.78,31.78,31.78,155,0
RWLC.US,5,20260327,152500,31.51,31.55,31.51,31.55,800,0
RWLC.US,5,20260327,153500,31.46,31.46,31.46,31.46,200,0
RWLC.US,5,20260327,172000,31.47,31.47,31.46,31.46,732,0
RWLC.US,5,20260327,180500,31.41,31.41,31.41,31.41,231,0
RWLC.US,5,20260327,190500,31.3,31.3,31.3,31.3,107,0
RWLC.US,5,20260327,191000,31.26,31.26,31.25,31.2502,800,0
RWLC.US,5,20260327,203500,31.15,31.1501,31.11,31.1501,1200,0
RWLC.US,5,20260330,164000,31.2,31.2,31.2,31.2,150,0
RWLC.US,5,20260330,164500,31.38,31.39,31.38,31.38,1436,0
RWLC.US,5,20260330,173500,31.16,31.16,31.16,31.16,100,0
RWLC.US,5,20260330,175500,31.21,31.21,31.21,31.21,223,0
RWLC.US,5,20260330,180000,31.269,31.2699,31.269,31.2699,565,0
RWLC.US,5,20260330,181000,31.27,31.27,31.16,31.16,2016,0
RWLC.US,5,20260330,192500,31.15,31.15,31.15,31.15,200,0
RWLC.US,5,20260330,201500,31.11,31.11,31.11,31.11,160,0
RWLC.US,5,20260330,202000,31.11,31.11,31.11,31.11,268,0
RWLC.US,5,20260331,164000,31.45,31.45,31.45,31.45,6815,0
RWLC.US,5,20260331,164500,31.385,31.385,31.385,31.385,100,0
RWLC.US,5,20260331,171000,31.49,31.5699,31.44,31.45,971,0
RWLC.US,5,20260331,175500,31.47,31.47,31.47,31.47,300,0
RWLC.US,5,20260331,182500,31.51,31.64,31.51,31.51,385,0
RWLC.US,5,20260331,184000,31.64,31.64,31.64,31.64,100,0
RWLC.US,5,20260331,184500,31.71,31.71,31.71,31.71,1100,0
RWLC.US,5,20260331,202000,31.83,31.83,31.83,31.83,170,0
RWLC.US,5,20260331,215000,31.91,31.91,31.91,31.91,100,0
RWLC.US,5,20260401,153000,31.99,31.99,31.99,31.99,576,0
RWLC.US,5,20260401,183000,32.38,32.38,32.3,32.3,300,0
RWLC.US,5,20260401,183500,32.39,32.45,32.38,32.45,1411,0
RWLC.US,5,20260401,190500,32.29,32.29,32.29,32.29,211,0
RWLC.US,5,20260401,215500,32.03,32.04,32.03,32.03,650,0
RWLC.US,5,20260402,154500,31.5,31.5,31.5,31.5,200,0
RWLC.US,5,20260402,155500,31.65,31.65,31.65,31.65,200,0
RWLC.US,5,20260402,160000,31.7,31.8,31.7,31.8,500,0
RWLC.US,5,20260402,161000,31.84,31.84,31.84,31.84,671,0
RWLC.US,5,20260402,163000,31.95,31.95,31.8922,31.8922,252,0
RWLC.US,5,20260402,164500,32.15,32.15,32.15,32.15,200,0
RWLC.US,5,20260402,180000,32.175,32.175,32.175,32.175,162,0
RWLC.US,5,20260402,180500,32.175,32.175,32.175,32.175,459,0
RWLC.US,5,20260402,195000,32.05,32.05,32.05,32.05,100,0
RWLC.US,5,20260402,200500,32.215,32.26,32.05,32.05,933,0
RWLC.US,5,20260402,201000,32.025,32.025,32.025,32.025,362,0
RWLC.US,5,20260402,215500,32.1,32.1,32.02,32.02,452,0
RWLC.US,5,20260406,153000,32.16,32.16,32.16,32.16,600,0
RWLC.US,5,20260406,163000,32.49,32.57,32.49,32.57,1031,0
RWLC.US,5,20260406,175500,32.36,32.36,32.36,32.36,296,0
RWLC.US,5,20260406,190000,32.45,32.45,32.45,32.45,522,0
RWLC.US,5,20260406,190500,32.28,32.45,32.2701,32.45,2901,0
RWLC.US,5,20260406,200500,32.5,32.5,32.5,32.5,106,0
RWLC.US,5,20260406,201500,32.32,32.32,32.32,32.32,100,0
RWLC.US,5,20260407,161000,32.14,32.14,32.14,32.14,100,0
RWLC.US,5,20260407,162000,32.19,32.2599,32.165,32.2495,1534,0
RWLC.US,5,20260407,165500,32.14,32.14,32.14,32.14,100,0
RWLC.US,5,20260407,170500,32.07,32.07,32.07,32.07,200,0
RWLC.US,5,20260407,174000,32.08,32.08,32.03,32.03,1266,0
RWLC.US,5,20260407,180000,32.18,32.18,32.18,32.18,200,0
RWLC.US,5,20260407,183000,32.18,32.27,32.17,32.18,2124,0
RWLC.US,5,20260407,202000,32.379,32.379,32.33,32.33,276,0
RWLC.US,5,20260407,204500,32.24,32.24,32.24,32.24,200,0
RWLC.US,5,20260408,160000,33.23,33.23,33.23,33.23,6332,0
RWLC.US,5,20260408,160500,33.23,33.23,33.23,33.23,7634,0
RWLC.US,5,20260408,164500,33.2199,33.2199,33.2199,33.2199,459,0
RWLC.US,5,20260408,165000,33.13,33.13,33.13,33.13,654,0
RWLC.US,5,20260408,182000,33.11,33.17,33.1,33.12,2193,0
RWLC.US,5,20260408,194000,33.19,33.19,33.19,33.19,100,0
RWLC.US,5,20260408,202000,33.07,33.07,33.07,33.07,100,0
RWLC.US,5,20260409,163500,33.24,33.24,33.24,33.24,1324,0
RWLC.US,5,20260409,180500,33.32,33.32,33.32,33.32,100,0
RWLC.US,5,20260409,181000,33.2434,33.2434,33.2434,33.2434,190,0
RWLC.US,5,20260409,194500,33.4059,33.4059,33.4059,33.4059,149,0
RWLC.US,5,20260409,201500,33.3,33.3,33.3,33.3,754,0
RWLC.US,5,20260409,215500,33.25,33.25,33.25,33.25,232,0
RWLC.US,5,20260410,162500,33.39,33.39,33.39,33.39,1660,0
RWLC.US,5,20260410,184000,33.19,33.19,33.19,33.19,200,0
RWLC.US,5,20260410,194000,33.23,33.23,33.23,33.23,100,0
RWLC.US,5,20260410,194500,33.12,33.1201,33.12,33.1201,657,0
RWLC.US,5,20260413,164500,33.225,33.225,33.225,33.225,702,0
RWLC.US,5,20260413,180000,33.23,33.23,33.22,33.22,3340,0
RWLC.US,5,20260413,180500,33.34,33.35,33.26,33.26,656,0
RWLC.US,5,20260413,183000,33.25,33.25,33.25,33.25,207,0
RWLC.US,5,20260414,154500,33.75,33.75,33.75,33.75,686,0
RWLC.US,5,20260414,163500,33.73,33.73,33.73,33.73,191,0
RWLC.US,5,20260414,164500,33.79,33.79,33.79,33.79,593,0
RWLC.US,5,20260414,174000,33.87,33.87,33.87,33.87,153,0
RWLC.US,5,20260414,175000,33.875,33.95,33.8,33.8,748,0
RWLC.US,5,20260414,175500,33.81,33.81,33.81,33.81,100,0
RWLC.US,5,20260414,200500,33.945,33.945,33.88,33.88,725,0
RWLC.US,5,20260415,173500,33.99,33.99,33.8301,33.84,9467,0
RWLC.US,5,20260415,175000,33.98,33.98,33.98,33.98,100,0
RWLC.US,5,20260415,175500,34.04,34.04,33.98,33.98,712,0
RWLC.US,5,20260415,194500,34.12,34.12,34.12,34.12,693,0
RWLC.US,5,20260415,215000,34.19,34.19,34.19,34.19,100,0
RWLC.US,5,20260415,215500,34.19,34.19,34.19,34.19,100,0
RWLC.US,5,20260416,155000,34.235,34.235,34.18,34.18,216,0
RWLC.US,5,20260416,162000,34.23,34.23,34.2299,34.2299,1000,0
RWLC.US,5,20260416,184000,34.15,34.2099,34.11,34.2099,4240,0
RWLC.US,5,20260416,184500,34.27,34.27,34.15,34.15,693,0
RWLC.US,5,20260416,195000,34.18,34.2149,34.14,34.2149,986,0
RWLC.US,5,20260417,160000,34.61,34.61,34.61,34.61,4100,0
RWLC.US,5,20260417,163500,34.59,34.67,34.59,34.67,908,0
RWLC.US,5,20260417,182500,34.5818,34.71,34.5818,34.71,1525,0
RWLC.US,5,20260417,190500,34.7,34.7,34.7,34.7,100,0
RWLC.US,5,20260417,201500,34.67,34.67,34.67,34.67,200,0
RWLC.US,5,20260420,164500,34.595,34.595,34.595,34.595,207,0
RWLC.US,5,20260420,174000,34.57,34.57,34.56,34.56,200,0
RWLC.US,5,20260421,162000,34.54,34.54,34.54,34.54,4624,0
RWLC.US,5,20260421,180000,34.32,34.32,34.32,34.32,1016,0
RWLC.US,5,20260421,185500,34.45,34.45,34.39,34.39,363,0
RWLC.US,5,20260421,190000,34.3309,34.41,34.3309,34.41,870,0
RWLC.US,5,20260421,202500,34.46,34.46,34.46,34.46,462,0
RWLC.US,5,20260421,213500,34.46,34.46,34.46,34.46,100,0
RWLC.US,5,20260421,214000,34.39,34.39,34.34,34.34,816,0
RWLC.US,5,20260422,161000,34.65,34.65,34.65,34.65,200,0
RWLC.US,5,20260422,162500,34.72,34.72,34.7199,34.7199,200,0
RWLC.US,5,20260422,180500,34.59,34.64,34.54,34.54,1823,0
RWLC.US,5,20260422,190000,34.549,34.55,34.47,34.47,1112,0
RWLC.US,5,20260422,194000,34.602,34.602,34.602,34.602,571,0
RWLC.US,5,20260422,194500,34.58,34.63,34.55,34.63,1706,0
RWLC.US,5,20260423,153000,34.67,34.67,34.67,34.67,2583,0
RWLC.US,5,20260423,154000,34.52,34.52,34.52,34.52,100,0
RWLC.US,5,20260423,163000,34.66,34.66,34.66,34.66,5918,0
RWLC.US,5,20260423,175000,34.7099,34.7099,34.7099,34.7099,364,0
RWLC.US,5,20260423,200500,34.5599,34.5599,34.39,34.39,830,0
RWLC.US,5,20260423,201000,34.5794,34.5794,34.5794,34.5794,179,0
RWLC.US,5,20260423,203000,34.41,34.41,34.41,34.41,100,0
RWLC.US,5,20260424,163000,34.475,34.475,34.475,34.475,682,0
RWLC.US,5,20260424,163500,34.55,34.55,34.55,34.55,408,0
RWLC.US,5,20260424,181500,34.635,34.73,34.635,34.635,1205,0
RWLC.US,5,20260424,193500,34.604,34.604,34.604,34.604,542,0
RWLC.US,5,20260424,194000,34.7,34.7,34.6999,34.6999,200,0
RWLC.US,5,20260427,163000,34.7,34.715,34.65,34.71,2524,0
RWLC.US,5,20260427,164000,34.71,34.74,34.71,34.74,2133,0
RWLC.US,5,20260427,180000,34.57,34.57,34.57,34.57,1200,0
RWLC.US,5,20260427,190500,34.665,34.665,34.665,34.665,127,0
RWLC.US,5,20260427,191000,34.6001,34.6001,34.6001,34.6001,151,0
RWLC.US,5,20260427,191500,34.73,34.78,34.7,34.71,1900,0
RWLC.US,5,20260427,201500,34.6317,34.7589,34.6317,34.7589,288,0
RWLC.US,5,20260428,170500,34.54,34.54,34.51,34.51,300,0
RWLC.US,5,20260428,180000,34.41,34.41,34.41,34.41,608,0
RWLC.US,5,20260428,192000,34.445,34.445,34.445,34.445,109,0
RWLC.US,5,20260429,164000,34.555,34.63,34.555,34.63,995,0
RWLC.US,5,20260429,172000,34.49,34.49,34.49,34.49,5261,0
RWLC.US,5,20260429,175500,34.56,34.5699,34.495,34.5699,1105,0
RWLC.US,5,20260429,180500,34.49,34.57,34.49,34.57,3570,0
RWLC.US,5,20260429,193000,34.47,34.47,34.44,34.44,1189,0
RWLC.US,5,20260429,193500,34.49,34.49,34.49,34.49,509,0
RWLC.US,5,20260429,200000,34.5,34.5,34.5,34.5,100,0
RWLC.US,5,20260430,170000,34.88,34.88,34.88,34.88,6030,0
RWLC.US,5,20260430,170500,34.91,34.93,34.84,34.84,2333,0
RWLC.US,5,20260430,201000,35.0999,35.15,35.03,35.03,988,0
RWLC.US,5,20260430,210000,35.18,35.18,35.18,35.18,160,0
RWLC.US,5,20260501,165000,35.39,35.39,35.39,35.39,8139,0
RWLC.US,5,20260501,174000,35.45,35.45,35.4499,35.4499,1728,0
RWLC.US,5,20260501,215500,35.37,35.37,35.37,35.37,200,0
RWLC.US,5,20260504,163500,35.43,35.43,35.43,35.43,256,0
RWLC.US,5,20260504,165500,35.416,35.416,35.416,35.416,620,0
RWLC.US,5,20260504,181000,35.3099,35.3099,35.1788,35.26,1011,0
RWLC.US,5,20260505,164500,35.6,35.6,35.6,35.6,106,0
RWLC.US,5,20260505,183000,35.765,35.789,35.75,35.789,314,0
RWLC.US,5,20260505,183500,35.73,35.78,35.73,35.78,200,0
RWLC.US,5,20260505,184000,35.78,35.78,35.69,35.69,1375,0
RWLC.US,5,20260506,163000,35.85,35.89,35.8499,35.89,600,0
RWLC.US,5,20260506,163500,35.84,35.84,35.84,35.84,590,0
RWLC.US,5,20260506,165500,35.84,35.84,35.84,35.84,850,0
RWLC.US,5,20260506,175500,35.98,35.98,35.97,35.97,557,0
RWLC.US,5,20260506,180000,35.89,35.89,35.89,35.89,543,0
RWLC.US,5,20260506,193000,35.84,35.84,35.84,35.84,360,0
RWLC.US,5,20260506,201500,35.8001,35.81,35.8001,35.81,348,0
RWLC.US,5,20260506,202000,35.8,35.8,35.8,35.8,130,0
RWLC.US,5,20260506,203000,35.81,35.81,35.81,35.81,900,0
RWLC.US,5,20260506,212000,35.85,35.85,35.85,35.85,100,0
RWLC.US,5,20260506,215500,35.97,35.97,35.97,35.97,100,0
RWLC.US,5,20260507,153500,35.8,35.8,35.8,35.8,100,0
RWLC.US,5,20260507,171500,35.98,35.98,35.98,35.98,1976,0
RWLC.US,5,20260507,175500,35.92,35.92,35.92,35.92,200,0
RWLC.US,5,20260507,200500,35.74,35.74,35.74,35.74,281,0
RWLC.US,5,20260508,154500,35.94,35.94,35.94,35.94,100,0
RWLC.US,5,20260508,170000,36.08,36.08,36.08,36.08,826,0
RWLC.US,5,20260508,180500,36.1285,36.1285,36.1285,36.1285,161,0
RWLC.US,5,20260508,200000,36.0409,36.0409,36.0409,36.0409,123,0
RWLC.US,5,20260508,212000,36.13,36.13,36.13,36.13,100,0
RWLC.US,5,20260508,215000,36.04,36.04,36.03,36.03,886,0
RWLC.US,5,20260511,164500,36.2,36.2,36.2,36.2,100,0
RWLC.US,5,20260511,171500,36.275,36.275,36.275,36.275,307,0
RWLC.US,5,20260511,172000,36.37,36.37,36.35,36.35,310,0
RWLC.US,5,20260511,184000,36.31,36.31,36.31,36.31,200,0
RWLC.US,5,20260511,194000,36.3,36.3,36.3,36.3,419,0
RWLC.US,5,20260511,194500,36.27,36.33,36.27,36.33,722,0
RWLC.US,5,20260511,215500,36.26,36.32,36.26,36.32,200,0
RWLC.US,5,20260512,153000,36.03,36.19,36.03,36.19,400,0
RWLC.US,5,20260512,163500,36.11,36.16,36.03,36.16,13615,0
RWLC.US,5,20260512,175000,36,36.12,36,36.12,2404,0
RWLC.US,5,20260512,180000,35.9101,36.12,35.8436,36.05,1795,0
RWLC.US,5,20260512,183500,36.11,36.11,36.04,36.04,307,0
RWLC.US,5,20260512,190000,36.01,36.01,36.01,36.01,200,0
RWLC.US,5,20260512,191500,36.07,36.07,36.07,36.07,200,0
RWLC.US,5,20260512,192000,36.09,36.09,36.09,36.09,200,0
RWLC.US,5,20260512,192500,36.12,36.12,36.12,36.12,100,0
RWLC.US,5,20260512,195000,36.13,36.13,36.13,36.13,200,0
RWLC.US,5,20260512,200000,35.98,35.98,35.98,35.98,190,0
RWLC.US,5,20260512,201500,36.19,36.19,36.19,36.19,100,0
RWLC.US,5,20260512,202000,36.15,36.15,36.15,36.15,400,0
RWLC.US,5,20260512,202500,36.18,36.18,36.18,36.18,100,0
RWLC.US,5,20260512,215500,36.23,36.23,36.23,36.23,200,0
RWLC.US,5,20260513,161500,36.19,36.19,36.19,36.19,450,0
RWLC.US,5,20260513,164500,36.27,36.34,36.27,36.32,3783,0
RWLC.US,5,20260513,171500,36.32,36.32,36.32,36.32,100,0
RWLC.US,5,20260513,174000,36.285,36.36,36.285,36.36,1857,0
RWLC.US,5,20260513,175000,36.37,36.37,36.37,36.37,107,0
RWLC.US,5,20260513,182500,36.42,36.44,36.42,36.44,200,0
RWLC.US,5,20260513,185000,36.5,36.5,36.5,36.5,100,0
RWLC.US,5,20260513,191000,36.52,36.52,36.52,36.52,691,0
RWLC.US,5,20260513,193500,36.46,36.46,36.45,36.45,2166,0
RWLC.US,5,20260513,195000,36.42,36.42,36.42,36.42,106,0
RWLC.US,5,20260513,195500,36.4,36.4,36.38,36.38,6038,0
RWLC.US,5,20260513,200500,36.39,36.44,36.3699,36.37,14616,0
RWLC.US,5,20260513,201000,36.38,36.45,36.38,36.44,2312,0
RWLC.US,5,20260513,210500,36.54,36.54,36.54,36.54,597,0
RWLC.US,5,20260513,211500,36.45,36.45,36.45,36.45,100,0
RWLC.US,5,20260513,213000,36.61,36.61,36.61,36.61,100,0
RWLC.US,5,20260513,215000,36.55,36.55,36.55,36.55,100,0
RWLC.US,5,20260514,155000,36.56,36.56,36.56,36.56,816,0
RWLC.US,5,20260514,162000,36.66,36.66,36.66,36.66,200,0
RWLC.US,5,20260514,170000,36.72,36.72,36.71,36.71,300,0
RWLC.US,5,20260514,170500,36.655,36.72,36.655,36.72,654,0
RWLC.US,5,20260514,174500,36.7499,36.75,36.7499,36.75,763,0
RWLC.US,5,20260514,192500,36.71,36.71,36.71,36.71,100,0
RWLC.US,5,20260514,200500,36.72,36.72,36.72,36.72,200,0
RWLC.US,5,20260514,201000,36.72,36.77,36.72,36.77,791,0
RWLC.US,5,20260514,201500,36.78,36.78,36.77,36.77,600,0
RWLC.US,5,20260514,202000,36.765,36.85,36.76,36.85,4621,0
RWLC.US,5,20260514,202500,36.7854,36.85,36.755,36.85,4298,0
RWLC.US,5,20260514,203000,36.78,36.78,36.78,36.78,561,0
RWLC.US,5,20260514,205500,36.78,36.78,36.78,36.78,200,0
RWLC.US,5,20260514,210000,36.84,36.84,36.84,36.84,100,0
RWLC.US,5,20260514,211000,36.67,36.67,36.66,36.66,6698,0
RWLC.US,5,20260514,212000,36.78,36.79,36.78,36.79,400,0
RWLC.US,5,20260514,212500,36.79,36.79,36.79,36.79,100,0
RWLC.US,5,20260515,153000,34.9,36.32,34.9,36.32,502,0
RWLC.US,5,20260515,154500,36.4,36.4,36.4,36.4,3029,0
RWLC.US,5,20260515,161000,36.47,36.47,36.47,36.47,200,0
RWLC.US,5,20260515,170500,36.505,36.505,36.505,36.505,674,0
RWLC.US,5,20260515,180000,36.49,36.49,36.49,36.49,200,0
RWLC.US,5,20260515,180500,36.51,36.51,36.42,36.45,3622,0
RWLC.US,5,20260515,182000,36.51,36.51,36.51,36.51,200,0
RWLC.US,5,20260515,182500,36.54,36.54,36.54,36.54,1271,0
RWLC.US,5,20260515,192000,36.57,36.57,36.57,36.57,200,0
RWLC.US,5,20260515,200000,36.63,36.63,36.63,36.63,200,0
RWLC.US,5,20260515,202000,36.58,36.6,36.58,36.6,400,0
RWLC.US,5,20260515,213500,36.54,36.54,36.54,36.54,673,0
RWLC.US,5,20260518,162000,36.4,36.4,36.4,36.4,103,0
RWLC.US,5,20260518,163000,36.47,36.47,36.47,36.47,309,0
RWLC.US,5,20260518,163500,36.37,36.37,36.37,36.37,200,0
RWLC.US,5,20260518,170000,36.2801,36.29,36.2801,36.29,235,0
RWLC.US,5,20260518,171000,36.29,36.3399,36.2801,36.3399,420,0
RWLC.US,5,20260518,173000,36.3,36.3,36.3,36.3,200,0
RWLC.US,5,20260518,173500,36.36,36.36,36.19,36.19,928,0
RWLC.US,5,20260518,200000,36.3779,36.3779,36.3779,36.3779,121,0
RWLC.US,5,20260519,153000,38.13,38.13,36.34,36.34,1174,0
RWLC.US,5,20260519,153500,36.34,36.34,36.34,36.34,112,0
RWLC.US,5,20260519,162500,36.18,36.18,36.18,36.18,200,0
RWLC.US,5,20260519,163000,36.082,36.082,36.082,36.082,125,0
RWLC.US,5,20260519,163500,36.21,36.22,36.21,36.21,431,0
RWLC.US,5,20260519,164000,36.15,36.15,36.15,36.15,142,0
RWLC.US,5,20260519,165500,36.19,36.19,36.19,36.19,100,0
RWLC.US,5,20260519,171500,36.26,36.26,36.26,36.26,100,0
RWLC.US,5,20260519,172500,36.07,36.07,36.07,36.07,873,0
RWLC.US,5,20260519,174500,36.17,36.17,36.17,36.17,138,0
RWLC.US,5,20260519,175000,36.23,36.23,36.23,36.23,9781,0
RWLC.US,5,20260519,204000,36.28,36.28,36.2701,36.28,953,0
RWLC.US,5,20260519,210500,36.26,36.2601,36.26,36.2601,560,0
RWLC.US,5,20260519,213000,36.27,36.27,36.27,36.27,182,0
RWLC.US,5,20260520,163500,36.41,36.41,36.41,36.41,920,0
RWLC.US,5,20260520,174000,36.43,36.43,36.43,36.43,1475,0
RWLC.US,5,20260520,180000,36.54,36.54,36.54,36.54,100,0
RWLC.US,5,20260520,184500,36.31,36.31,36.3,36.3,500,0
RWLC.US,5,20260520,185000,36.47,36.47,36.47,36.47,200,0
RWLC.US,5,20260520,185500,36.47,36.47,36.47,36.47,200,0
RWLC.US,5,20260520,192000,36.49,36.49,36.49,36.49,200,0
RWLC.US,5,20260520,195000,36.3701,36.51,36.37,36.435,1003,0
RWLC.US,5,20260520,200500,36.3601,36.435,36.3601,36.435,946,0
RWLC.US,5,20260520,205000,36.5,36.5,36.5,36.5,100,0
RWLC.US,5,20260520,211500,36.36,36.36,36.36,36.36,100,0
RWLC.US,5,20260520,215000,36.54,36.54,36.54,36.54,100,0
RWLC.US,5,20260521,153000,36.75,36.75,36.75,36.75,184,0
RWLC.US,5,20260521,162500,36.52,36.52,36.45,36.45,2035,0
RWLC.US,5,20260521,171500,36.505,36.57,36.505,36.57,1470,0
RWLC.US,5,20260521,173000,36.57,36.57,36.57,36.57,100,0
RWLC.US,5,20260521,182500,36.55,36.55,36.55,36.55,100,0
RWLC.US,5,20260521,200000,36.665,36.665,36.665,36.665,489,0
RWLC.US,5,20260521,200500,36.7388,36.7388,36.665,36.665,413,0
RWLC.US,5,20260521,214500,36.68,36.68,36.68,36.68,100,0
RWLC.US,5,20260522,161000,36.74,36.74,36.74,36.74,100,0
RWLC.US,5,20260522,163500,36.91,36.98,36.91,36.98,998,0
RWLC.US,5,20260522,170000,36.835,36.835,36.835,36.835,133,0
RWLC.US,5,20260522,170500,36.91,36.91,36.91,36.91,100,0
RWLC.US,5,20260522,175000,36.8219,37.04,36.8219,36.83,1609,0
RWLC.US,5,20260522,203000,36.93,36.93,36.93,36.93,100,0
RWLC.US,5,20260522,213500,36.78,36.78,36.78,36.78,200,0
RWLC.US,5,20260526,154000,37.02,37.02,37.02,37.02,100,0
RWLC.US,5,20260526,162000,37.03,37.15,37.03,37.1499,625,0
RWLC.US,5,20260526,171000,37.12,37.12,37.12,37.12,100,0
RWLC.US,5,20260526,172000,37.2,37.2,37.2,37.2,100,0
RWLC.US,5,20260526,173500,37.16,37.16,37.16,37.16,100,0
RWLC.US,5,20260526,174000,37.1201,37.16,37.1201,37.16,979,0
RWLC.US,5,20260526,200500,37.16,37.16,37.16,37.16,806,0
RWLC.US,5,20260526,210000,37.2,37.2,37.2,37.2,100,0
RWLC.US,5,20260526,210500,37.1001,37.1001,37.1001,37.1001,121,0
RWLC.US,5,20260526,212000,37.2,37.2,37.2,37.2,514,0
RWLC.US,5,20260527,155000,37,37,37,37,100,0
RWLC.US,5,20260527,162000,37.07,37.07,37.07,37.07,699,0
RWLC.US,5,20260527,164000,37.2,37.27,37.2,37.27,1071,0
RWLC.US,5,20260527,170500,37.16,37.16,37.16,37.16,100,0
RWLC.US,5,20260527,173000,37.063,37.063,37.063,37.063,131,0
RWLC.US,5,20260527,173500,37.04,37.04,37.04,37.04,100,0
RWLC.US,5,20260527,174500,37.18,37.26,37.04,37.04,2868,0
RWLC.US,5,20260527,185000,37.2,37.2,37.2,37.2,100,0
RWLC.US,5,20260527,201000,37.07,37.07,37.07,37.07,131,0
RWLC.US,5,20260527,202500,37.17,37.17,37.17,37.17,100,0
RWLC.US,5,20260527,214500,37.075,37.0901,37.06,37.09,400,0
RWLC.US,5,20260527,215000,37.2,37.2,37.2,37.2,738,0
RWLC.US,5,20260528,160500,36.97,36.97,36.97,36.97,100,0
RWLC.US,5,20260528,161000,37.1,37.1,37.1,37.1,100,0
RWLC.US,5,20260528,165000,37.13,37.13,37.13,37.13,311,0
RWLC.US,5,20260528,181500,37.27,37.42,37.1501,37.1501,1907,0
RWLC.US,5,20260528,185500,37.41,37.41,37.41,37.41,100,0
RWLC.US,5,20260528,194500,37.16,37.16,37.16,37.16,100,0
RWLC.US,5,20260528,204000,37.31,37.31,37.31,37.31,100,0
RWLC.US,5,20260529,162000,37.36,37.36,37.36,37.36,100,0
RWLC.US,5,20260529,171000,37.26,37.3999,37.26,37.33,836,0
RWLC.US,5,20260529,181500,37.4,37.4,37.3999,37.3999,1226,0
RWLC.US,5,20260529,184000,37.4,37.4,37.4,37.4,100,0
RWLC.US,5,20260529,195000,37.325,37.325,37.325,37.325,199,0
RWLC.US,5,20260529,213500,37.34,37.34,37.34,37.34,100,0
RWLC.US,5,20260601,160000,37.37,37.37,37.37,37.37,684,0
RWLC.US,5,20260601,163500,37.46,37.46,37.46,37.46,100,0
RWLC.US,5,20260601,173500,37.5,37.5,37.5,37.5,200,0
RWLC.US,5,20260601,182000,37.43,37.5,37.43,37.5,593,0
RWLC.US,5,20260601,190000,37.51,37.51,37.51,37.51,100,0
RWLC.US,5,20260602,161000,37.52,37.588,37.52,37.588,400,0
RWLC.US,5,20260602,180000,37.65,37.65,37.65,37.65,100,0
RWLC.US,5,20260602,182000,37.575,37.71,37.5301,37.71,3227,0
RWLC.US,5,20260602,185000,37.72,37.72,37.72,37.72,2275,0
RWLC.US,5,20260602,193000,37.65,37.65,37.65,37.65,100,0
RWLC.US,5,20260602,193500,37.6485,37.6485,37.6485,37.6485,100,0
RWLC.US,5,20260602,215500,37.65,37.65,37.65,37.65,100,0
RWLC.US,5,20260603,162500,37.53,37.53,37.53,37.53,1219,0
RWLC.US,5,20260603,173000,37.46,37.57,37.445,37.57,3694,0
RWLC.US,5,20260603,183000,37.56,37.56,37.56,37.56,100,0
RWLC.US,5,20260603,193500,37.57,37.57,37.57,37.57,100,0
RWLC.US,5,20260603,200000,37.425,37.425,37.425,37.425,177,0
RWLC.US,5,20260603,215500,37.5,37.5,37.5,37.5,100,0
RWLC.US,5,20260604,172000,37.39,37.39,37.39,37.39,1638,0
RWLC.US,5,20260604,172500,37.29,37.33,37.25,37.33,400,0
RWLC.US,5,20260604,175500,37.46,37.46,37.46,37.46,122,0
RWLC.US,5,20260604,182000,37.42,37.42,37.42,37.42,100,0
RWLC.US,5,20260605,164000,37.17,37.18,37.17,37.18,3387,0
RWLC.US,5,20260605,165000,37.1464,37.1464,37.1464,37.1464,142,0
RWLC.US,5,20260605,165500,37.22,37.27,37.2199,37.2199,1000,0
RWLC.US,5,20260605,172500,37.26,37.26,37.26,37.26,100,0
RWLC.US,5,20260605,175500,37.26,37.26,37.26,37.26,300,0
RWLC.US,5,20260605,181500,37.12,37.12,37.12,37.12,200,0
RWLC.US,5,20260605,183000,37.09,37.09,37.09,37.09,200,0
RWLC.US,5,20260605,184500,37,37,37,37,200,0
RWLC.US,5,20260605,191000,36.99,36.99,36.99,36.99,100,0
RWLC.US,5,20260605,200000,37.06,37.06,37.06,37.06,108,0
RWLC.US,5,20260605,200500,37.06,37.06,37.06,37.06,122,0
RWLC.US,5,20260605,201000,36.94,36.94,36.94,36.94,200,0
RWLC.US,5,20260605,201500,36.9,36.9,36.9,36.9,169,0
RWLC.US,5,20260605,204000,36.78,36.78,36.78,36.78,200,0
RWLC.US,5,20260608,162000,36.7,36.7,36.7,36.7,2293,0
RWLC.US,5,20260608,163500,36.8,36.8,36.8,36.8,200,0
RWLC.US,5,20260608,165500,36.87,36.87,36.87,36.87,748,0
RWLC.US,5,20260608,174000,36.75,36.86,36.75,36.86,1122,0
RWLC.US,5,20260608,175000,36.89,36.89,36.89,36.89,100,0
RWLC.US,5,20260608,181000,36.89,36.89,36.89,36.89,100,0
RWLC.US,5,20260608,184500,36.82,36.82,36.82,36.82,100,0
RWLC.US,5,20260608,195000,36.75,36.75,36.75,36.75,300,0
RWLC.US,5,20260608,212000,36.75,36.75,36.75,36.75,100,0
RWLC.US,5,20260608,213500,36.75,36.75,36.75,36.75,200,0
RWLC.US,5,20260608,214000,36.81,36.81,36.81,36.81,300,0
RWLC.US,5,20260608,214500,36.82,36.82,36.82,36.82,251,0
RWLC.US,5,20260608,215000,36.82,36.89,36.81,36.89,924,0
RWLC.US,5,20260608,215500,36.89,36.89,36.89,36.89,618,0
RWLC.US,5,20260609,161500,36.6,36.6,36.52,36.52,838,0
RWLC.US,5,20260609,162000,36.56,36.56,36.56,36.56,4088,0
RWLC.US,5,20260609,162500,36.61,36.61,36.61,36.61,200,0
RWLC.US,5,20260609,164500,36.38,36.38,36.38,36.38,200,0
RWLC.US,5,20260609,165000,36.3,36.3,36.28,36.3,700,0
RWLC.US,5,20260609,171000,36.4,36.4,36.395,36.395,600,0
RWLC.US,5,20260609,172500,36.245,36.245,36.245,36.245,387,0
RWLC.US,5,20260609,173500,36.32,36.32,36.32,36.32,100,0
RWLC.US,5,20260609,175500,36.16,36.16,36.15,36.15,500,0
RWLC.US,5,20260609,181500,36.05,36.05,36.05,36.05,1200,0
RWLC.US,5,20260609,182000,35.95,35.95,35.95,35.95,100,0
RWLC.US,5,20260609,183000,35.95,35.95,35.95,35.95,200,0
RWLC.US,5,20260609,184500,35.47,35.47,35.45,35.45,978,0
RWLC.US,5,20260609,194500,35.99,35.99,35.99,35.99,343,0
RWLC.US,5,20260609,205500,36.15,36.15,36.15,36.15,200,0
RWLC.US,5,20260609,212000,36.25,36.25,36.25,36.25,100,0
RWLC.US,5,20260610,161000,36.35,36.35,36.35,36.35,200,0
RWLC.US,5,20260610,161500,36.4,36.4,36.4,36.4,100,0
RWLC.US,5,20260610,162000,36.4,36.42,36.4,36.42,600,0
RWLC.US,5,20260610,163000,36.51,36.51,36.51,36.51,100,0
RWLC.US,5,20260610,164000,36.44,36.44,36.44,36.44,100,0
RWLC.US,5,20260610,164500,36.34,36.35,36.34,36.35,200,0
RWLC.US,5,20260610,165000,36.345,36.345,36.345,36.345,100,0
RWLC.US,5,20260610,171000,36.13,36.1325,36.13,36.1325,200,0
RWLC.US,5,20260610,173500,36.09,36.09,36.09,36.09,200,0
RWLC.US,5,20260610,181000,36.15,36.15,36.06,36.06,1053,0
RWLC.US,5,20260610,181500,35.97,36.06,35.97,36.06,812,0
RWLC.US,5,20260610,182500,36.15,36.15,36.06,36.15,1115,0
RWLC.US,5,20260610,183500,36.16,36.16,36.16,36.16,200,0
RWLC.US,5,20260610,184500,36.22,36.22,36.22,36.22,100,0
RWLC.US,5,20260610,185500,36.22,36.22,36.22,36.22,200,0
RWLC.US,5,20260610,190500,36.06,36.06,36.06,36.06,200,0
RWLC.US,5,20260610,191000,36.07,36.07,36.06,36.06,500,0
RWLC.US,5,20260610,192000,36.07,36.07,36.03,36.07,800,0
RWLC.US,5,20260610,193500,35.99,36.07,35.99,36,2248,0
RWLC.US,5,20260610,201000,36.13,36.13,36.13,36.13,100,0
RWLC.US,5,20260610,204500,36.02,36.02,36.02,36.02,100,0
RWLC.US,5,20260610,205500,35.99,35.99,35.99,35.99,100,0
RWLC.US,5,20260610,212500,35.9,35.9,35.9,35.9,100,0
RWLC.US,5,20260610,215000,35.94,35.94,35.94,35.94,100,0
RWLC.US,5,20260611,162000,36.07,36.07,36.07,36.07,100,0
RWLC.US,5,20260611,165000,36.02,36.02,36.02,36.02,6240,0
RWLC.US,5,20260611,170500,35.905,35.905,35.905,35.905,549,0
RWLC.US,5,20260611,172000,36.02,36.02,36.02,36.02,100,0
RWLC.US,5,20260611,175000,36.1,36.1,36.06,36.095,1395,0
RWLC.US,5,20260611,182000,36.1,36.1,36.1,36.1,100,0
RWLC.US,5,20260611,192000,36.01,36.01,36.005,36.01,500,0
RWLC.US,5,20260611,192500,36.09,36.09,36.09,36.09,1000,0
RWLC.US,5,20260611,193000,36.17,36.17,36.17,36.17,2000,0
RWLC.US,5,20260611,194500,36.225,36.225,35.85,35.85,1068,0
RWLC.US,5,20260611,204000,36.36,36.36,36.36,36.36,100,0
RWLC.US,5,20260611,212000,36.43,36.43,36.43,36.43,100,0
RWLC.US,5,20260611,213000,36.43,36.43,36.43,36.43,100,0
RWLC.US,5,20260611,215000,36.49,36.49,36.49,36.49,100,0
RWLC.US,5,20260612,161500,36.46,36.46,36.46,36.46,100,0
RWLC.US,5,20260612,162000,36.48,36.58,36.48,36.58,296,0
RWLC.US,5,20260612,174000,36.58,36.58,36.58,36.58,375,0
RWLC.US,5,20260612,180000,36.635,36.635,36.635,36.635,100,0
RWLC.US,5,20260612,180500,36.6,36.6,36.3701,36.5999,2377,0
RWLC.US,5,20260612,184500,36.6075,36.6075,36.6075,36.6075,100,0
RWLC.US,5,20260612,194500,36.5401,36.645,36.5401,36.645,419,0
RWLC.US,5,20260612,195000,36.645,36.645,36.645,36.645,252,0
RWLC.US,5,20260615,154500,37.15,37.15,37.15,37.15,145,0
RWLC.US,5,20260615,162000,37.29,37.29,37,37,1490,0
RWLC.US,5,20260615,164000,37.3,37.3,37.15,37.15,200,0
RWLC.US,5,20260615,165000,37,37.29,37,37.29,790,0
RWLC.US,5,20260615,175500,37.4,37.4,37.3,37.38,2104,0
RWLC.US,5,20260615,182500,37.38,37.38,37.38,37.38,100,0
RWLC.US,5,20260615,185500,37.4,37.4,37.4,37.4,100,0
RWLC.US,5,20260615,195500,37.34,37.34,37.34,37.34,100,0
RWLC.US,5,20260615,200500,37.45,37.45,37.35,37.35,751,0
RWLC.US,5,20260615,202500,37.35,37.35,37.35,37.35,200,0
RWLC.US,5,20260615,212500,37.34,37.34,37.34,37.34,100,0
RWLC.US,5,20260615,215000,37.345,37.345,37.345,37.345,100,0
RWLC.US,5,20260615,215500,37.345,37.345,37.345,37.345,100,0
RWLC.US,5,20260616,163000,37.41,37.41,37.41,37.41,100,0
RWLC.US,5,20260616,180000,37.4799,37.4799,37.37,37.37,816,0
RWLC.US,5,20260616,183000,37.44,37.44,37.44,37.44,100,0
RWLC.US,5,20260616,183500,37.36,37.36,37.36,37.36,100,0
RWLC.US,5,20260616,212500,37.25,37.25,37.25,37.25,100,0
RWLC.US,5,20260616,215000,37.24,37.24,37.24,37.24,100,0
RWLC.US,5,20260617,154000,37.38,37.38,37.38,37.38,100,0
RWLC.US,5,20260617,154500,38.12,38.12,38.12,38.12,1194,0
RWLC.US,5,20260617,160500,37.31,37.31,37.29,37.3,300,0
RWLC.US,5,20260617,161000,37.31,37.31,37.31,37.31,100,0
RWLC.US,5,20260617,163000,37.325,37.325,37.325,37.325,276,0
RWLC.US,5,20260617,175500,37.1,37.34,37.1,37.34,1202,0
RWLC.US,5,20260617,190000,37.35,37.35,37.35,37.35,200,0
RWLC.US,5,20260617,194000,37.255,37.3,37.22,37.2999,700,0
RWLC.US,5,20260617,200000,37.19,37.19,37.19,37.19,100,0
RWLC.US,5,20260617,202000,37.14,37.14,37.14,37.14,100,0
RWLC.US,5,20260618,163000,37.21,37.31,37.21,37.31,465,0
RWLC.US,5,20260618,170000,37.2525,37.2525,37.2525,37.2525,100,0
RWLC.US,5,20260618,174000,37.265,37.265,37.23,37.23,841,0
RWLC.US,5,20260618,174500,37.35,37.35,37.265,37.265,1504,0
RWLC.US,5,20260618,175000,37.25,37.25,37.25,37.25,100,0
RWLC.US,5,20260618,182000,37.24,37.24,37.24,37.24,100,0
RWLC.US,5,20260618,200500,37.2,37.26,37.2,37.26,328,0
RWLC.US,5,20260618,203000,37.19,37.19,37.19,37.19,100,0
RWLC.US,5,20260618,213000,37.04,37.04,37.04,37.04,255,0
RWLC.US,5,20260618,215000,37.19,37.19,37.19,37.19,100,0
RWLC.US,5,20260622,192500,37.17,37.17,37.17,37.17,374,0
RWLC.US,5,20260622,195500,37.27,37.27,37.27,37.27,100,0
