<TICKER>,<PER>,<DATE>,<TIME>,<OPEN>,<HIGH>,<LOW>,<CLOSE>,<VOL>,<OPENINT>
SEAL_B.US,5,20260126,154500,25.52,25.52,25.52,25.52,100,0
SEAL_B.US,5,20260126,161000,25.53,25.53,25.53,25.53,100,0
SEAL_B.US,5,20260126,164000,25.52,25.52,25.52,25.52,524,0
SEAL_B.US,5,20260126,165500,25.5,25.5,25.5,25.5,500,0
SEAL_B.US,5,20260126,171500,25.5,25.5,25.5,25.5,100,0
SEAL_B.US,5,20260126,173000,25.5,25.5,25.5,25.5,140,0
SEAL_B.US,5,20260126,174000,25.5,25.52,25.5,25.52,500,0
SEAL_B.US,5,20260126,174500,25.53,25.53,25.53,25.53,224,0
SEAL_B.US,5,20260126,181000,25.5,25.5,25.5,25.5,100,0
SEAL_B.US,5,20260126,182500,25.5,25.5,25.5,25.5,100,0
SEAL_B.US,5,20260126,195000,25.57,25.57,25.57,25.57,100,0
SEAL_B.US,5,20260126,200000,25.5301,25.5301,25.5301,25.5301,408,0
SEAL_B.US,5,20260126,200500,25.53,25.53,25.53,25.53,100,0
SEAL_B.US,5,20260126,202000,25.65,25.85,25.54,25.54,500,0
SEAL_B.US,5,20260126,203500,25.57,25.6,25.57,25.58,500,0
SEAL_B.US,5,20260126,204000,25.55,25.55,25.53,25.53,476,0
SEAL_B.US,5,20260126,210500,25.51,25.51,25.51,25.51,100,0
SEAL_B.US,5,20260126,214500,25.56,25.56,25.56,25.56,400,0
SEAL_B.US,5,20260127,161500,25.55,25.6,25.55,25.59,900,0
SEAL_B.US,5,20260127,165000,25.7,25.7,25.69,25.69,500,0
SEAL_B.US,5,20260127,165500,25.7,25.7,25.7,25.7,298,0
SEAL_B.US,5,20260127,172000,25.72,25.8,25.72,25.8,969,0
SEAL_B.US,5,20260127,194000,25.66,25.66,25.66,25.66,100,0
SEAL_B.US,5,20260127,202500,25.6999,25.6999,25.6999,25.6999,1000,0
SEAL_B.US,5,20260127,205000,25.7,25.74,25.7,25.74,1484,0
SEAL_B.US,5,20260127,210500,25.655,25.655,25.655,25.655,100,0
SEAL_B.US,5,20260127,212000,25.655,25.655,25.655,25.655,1000,0
SEAL_B.US,5,20260128,164500,25.7,25.7,25.7,25.7,446,0
SEAL_B.US,5,20260128,172000,25.7,25.7,25.7,25.7,100,0
SEAL_B.US,5,20260128,172500,25.7031,25.7031,25.7031,25.7031,200,0
SEAL_B.US,5,20260128,173000,25.7,25.7,25.68,25.68,1946,0
SEAL_B.US,5,20260128,182500,25.705,25.705,25.705,25.705,400,0
SEAL_B.US,5,20260128,183000,25.68,25.68,25.68,25.68,1206,0
SEAL_B.US,5,20260128,202500,25.728,25.728,25.728,25.728,200,0
SEAL_B.US,5,20260128,203000,25.71,25.93,25.71,25.93,1431,0
SEAL_B.US,5,20260129,153500,25.6601,25.6601,25.6601,25.6601,190,0
SEAL_B.US,5,20260129,162500,25.6742,25.6742,25.6742,25.6742,100,0
SEAL_B.US,5,20260129,163500,25.68,25.68,25.66,25.66,1490,0
SEAL_B.US,5,20260129,164000,25.56,25.56,25.5201,25.53,11710,0
SEAL_B.US,5,20260129,165500,25.6,25.6,25.6,25.6,300,0
SEAL_B.US,5,20260129,192500,25.71,25.74,25.675,25.74,974,0
SEAL_B.US,5,20260129,213500,25.7,25.85,25.7,25.84,1200,0
SEAL_B.US,5,20260129,214000,25.8499,25.8499,25.8499,25.8499,150,0
SEAL_B.US,5,20260129,214500,25.725,25.83,25.725,25.83,587,0
SEAL_B.US,5,20260129,215000,25.725,25.98,25.725,25.98,2600,0
SEAL_B.US,5,20260129,215500,25.79,25.93,25.73,25.73,1063,0
SEAL_B.US,5,20260130,175000,25.8,25.8,25.8,25.8,200,0
SEAL_B.US,5,20260130,192500,25.879,25.9,25.879,25.9,1340,0
SEAL_B.US,5,20260130,200000,25.82,25.9,25.82,25.9,1400,0
SEAL_B.US,5,20260130,203000,25.85,25.85,25.85,25.85,195,0
SEAL_B.US,5,20260130,204000,25.82,25.82,25.82,25.82,200,0
SEAL_B.US,5,20260130,212000,25.9,25.9,25.9,25.9,600,0
SEAL_B.US,5,20260130,215500,25.88,25.88,25.88,25.88,100,0
SEAL_B.US,5,20260202,155500,25.9,25.91,25.9,25.9,1257,0
SEAL_B.US,5,20260202,164000,25.8772,25.8772,25.8772,25.8772,250,0
SEAL_B.US,5,20260202,174500,25.8,25.8,25.8,25.8,436,0
SEAL_B.US,5,20260202,182000,25.89,25.89,25.89,25.89,1000,0
SEAL_B.US,5,20260203,171500,25.8999,25.8999,25.8999,25.8999,200,0
SEAL_B.US,5,20260203,185500,25.785,25.785,25.785,25.785,100,0
SEAL_B.US,5,20260203,195500,25.86,25.87,25.86,25.87,897,0
SEAL_B.US,5,20260203,200500,25.79,25.9,25.79,25.9,2977,0
SEAL_B.US,5,20260203,203500,25.9499,25.9499,25.9499,25.9499,2000,0
SEAL_B.US,5,20260203,205000,25.93,25.94,25.93,25.93,706,0
SEAL_B.US,5,20260203,212000,25.89,25.89,25.845,25.845,1300,0
SEAL_B.US,5,20260203,212500,25.92,25.92,25.92,25.92,100,0
SEAL_B.US,5,20260204,161500,25.8,25.8,25.8,25.8,350,0
SEAL_B.US,5,20260204,181500,25.77,25.77,25.77,25.77,300,0
SEAL_B.US,5,20260204,182500,25.75,25.75,25.75,25.75,100,0
SEAL_B.US,5,20260204,193500,25.79,25.79,25.79,25.79,100,0
SEAL_B.US,5,20260204,204000,25.841,25.841,25.841,25.841,100,0
SEAL_B.US,5,20260204,205500,25.85,25.85,25.85,25.85,250,0
SEAL_B.US,5,20260204,211500,25.895,25.895,25.895,25.895,162,0
SEAL_B.US,5,20260204,215500,25.82,25.82,25.82,25.82,100,0
SEAL_B.US,5,20260205,153000,25.8069,25.8069,25.8069,25.8069,355,0
SEAL_B.US,5,20260205,164500,25.8665,25.8665,25.8665,25.8665,120,0
SEAL_B.US,5,20260205,173000,25.87,25.88,25.835,25.88,600,0
SEAL_B.US,5,20260205,183500,25.85,25.85,25.85,25.85,100,0
SEAL_B.US,5,20260205,215000,25.89,25.89,25.89,25.89,148,0
SEAL_B.US,5,20260206,153000,25.9,25.935,25.9,25.935,400,0
SEAL_B.US,5,20260206,154000,25.89,25.89,25.8,25.8,680,0
SEAL_B.US,5,20260206,155000,25.94,25.95,25.9342,25.9342,1930,0
SEAL_B.US,5,20260206,165500,25.85,25.85,25.8,25.81,1900,0
SEAL_B.US,5,20260206,180000,25.83,25.83,25.83,25.83,100,0
SEAL_B.US,5,20260206,180500,25.84,25.85,25.84,25.84,500,0
SEAL_B.US,5,20260206,181500,25.84,25.96,25.84,25.96,2300,0
SEAL_B.US,5,20260206,182000,25.92,25.9264,25.91,25.92,629,0
SEAL_B.US,5,20260206,183500,25.92,25.9314,25.92,25.92,1500,0
SEAL_B.US,5,20260206,191500,25.88,25.88,25.88,25.88,200,0
SEAL_B.US,5,20260206,192000,25.9199,25.9199,25.9199,25.9199,400,0
SEAL_B.US,5,20260206,193000,25.88,25.88,25.88,25.88,100,0
SEAL_B.US,5,20260206,200000,25.9,25.9001,25.9,25.9001,1400,0
SEAL_B.US,5,20260206,203000,25.9165,25.92,25.9165,25.9165,1404,0
SEAL_B.US,5,20260206,211500,25.96,25.96,25.94,25.96,500,0
SEAL_B.US,5,20260206,215500,25.9599,25.96,25.9599,25.96,200,0
SEAL_B.US,5,20260209,155000,25.96,25.97,25.96,25.97,300,0
SEAL_B.US,5,20260209,155500,25.95,25.95,25.95,25.95,100,0
SEAL_B.US,5,20260209,161500,25.93,25.94,25.93,25.93,700,0
SEAL_B.US,5,20260209,183500,25.96,25.96,25.96,25.96,100,0
SEAL_B.US,5,20260209,184500,25.9151,25.9151,25.9151,25.9151,200,0
SEAL_B.US,5,20260209,212000,25.92,25.92,25.92,25.92,200,0
SEAL_B.US,5,20260210,162000,25.9,25.9,25.9,25.9,100,0
SEAL_B.US,5,20260210,202500,25.9288,25.9288,25.9288,25.9288,100,0
SEAL_B.US,5,20260210,203500,25.91,25.95,25.91,25.95,1034,0
SEAL_B.US,5,20260211,171500,25.9399,25.98,25.9399,25.98,891,0
SEAL_B.US,5,20260212,154000,25.9799,25.9799,25.9799,25.9799,100,0
SEAL_B.US,5,20260212,161500,25.97,25.9799,25.97,25.9799,484,0
SEAL_B.US,5,20260212,163000,25.94,25.94,25.94,25.94,115,0
SEAL_B.US,5,20260212,185500,25.95,25.95,25.95,25.95,600,0
SEAL_B.US,5,20260212,194500,25.97,25.98,25.94,25.94,678,0
SEAL_B.US,5,20260213,160000,25.9,25.91,25.9,25.9,1062,0
SEAL_B.US,5,20260213,170500,25.945,25.945,25.945,25.945,200,0
SEAL_B.US,5,20260213,200500,25.9128,25.9128,25.9128,25.9128,200,0
SEAL_B.US,5,20260217,160000,25.94,25.94,25.94,25.94,963,0
SEAL_B.US,5,20260217,171000,25.97,25.97,25.9101,25.9101,800,0
SEAL_B.US,5,20260217,185500,25.9433,25.9433,25.9433,25.9433,180,0
SEAL_B.US,5,20260217,193000,25.96,25.97,25.96,25.97,200,0
SEAL_B.US,5,20260217,200000,25.96,25.97,25.96,25.97,1531,0
SEAL_B.US,5,20260217,212500,25.98,25.98,25.98,25.98,108,0
SEAL_B.US,5,20260217,213500,25.9201,25.9201,25.9201,25.9201,100,0
SEAL_B.US,5,20260217,214000,26.01,26.01,26.01,26.01,100,0
SEAL_B.US,5,20260217,215000,26.01,26.01,26.01,26.01,1084,0
SEAL_B.US,5,20260217,215500,26.01,26.01,26.01,26.01,370,0
SEAL_B.US,5,20260218,174000,25.9621,25.9621,25.9621,25.9621,300,0
SEAL_B.US,5,20260218,175000,25.96,25.96,25.96,25.96,200,0
SEAL_B.US,5,20260218,190000,25.9573,25.9573,25.9573,25.9573,100,0
SEAL_B.US,5,20260218,190500,25.93,25.93,25.93,25.93,400,0
SEAL_B.US,5,20260218,201500,25.9452,25.96,25.9452,25.96,571,0
SEAL_B.US,5,20260218,204000,25.9167,25.9167,25.9167,25.9167,133,0
SEAL_B.US,5,20260219,162000,25.91,25.91,25.91,25.91,119,0
SEAL_B.US,5,20260219,211500,25.965,25.965,25.965,25.965,100,0
SEAL_B.US,5,20260219,214000,25.985,25.985,25.985,25.985,600,0
SEAL_B.US,5,20260220,155500,25.98,26.01,25.98,26.01,278,0
SEAL_B.US,5,20260220,173000,25.9975,25.9976,25.9975,25.9976,200,0
SEAL_B.US,5,20260220,191500,25.9925,25.9925,25.985,25.985,384,0
SEAL_B.US,5,20260220,193500,26.01,26.01,26.01,26.01,100,0
SEAL_B.US,5,20260220,214500,25.9907,25.9907,25.98,25.98,745,0
SEAL_B.US,5,20260223,155000,26.0043,26.0043,26.0043,26.0043,200,0
SEAL_B.US,5,20260223,170500,25.9733,25.9733,25.96,25.9733,4226,0
SEAL_B.US,5,20260223,182500,25.9599,25.96,25.91,25.91,1119,0
SEAL_B.US,5,20260223,183000,25.9,25.96,25.9,25.9438,1041,0
SEAL_B.US,5,20260223,192000,25.96,25.96,25.96,25.96,100,0
SEAL_B.US,5,20260223,193000,25.93,25.93,25.93,25.93,250,0
SEAL_B.US,5,20260223,193500,25.933,25.933,25.933,25.933,100,0
SEAL_B.US,5,20260223,211000,25.9001,25.9001,25.9001,25.9001,700,0
SEAL_B.US,5,20260224,160000,25.9426,25.9426,25.9426,25.9426,186,0
SEAL_B.US,5,20260224,170000,25.9664,25.9664,25.9664,25.9664,330,0
SEAL_B.US,5,20260224,195500,25.91,25.91,25.91,25.91,482,0
SEAL_B.US,5,20260224,212500,25.97,25.99,25.97,25.99,917,0
SEAL_B.US,5,20260224,214500,25.99,25.99,25.99,25.99,952,0
SEAL_B.US,5,20260225,153500,25.99,25.99,25.99,25.99,200,0
SEAL_B.US,5,20260225,160500,25.9671,25.9671,25.9671,25.9671,300,0
SEAL_B.US,5,20260225,161000,25.9505,25.9505,25.9505,25.9505,239,0
SEAL_B.US,5,20260225,163000,25.986,25.986,25.986,25.986,100,0
SEAL_B.US,5,20260225,164000,25.97,25.97,25.97,25.97,200,0
SEAL_B.US,5,20260225,174000,25.9548,25.9548,25.9,25.9,3000,0
SEAL_B.US,5,20260225,182500,25.94,25.94,25.94,25.94,172,0
SEAL_B.US,5,20260225,213500,25.93,25.94,25.93,25.94,902,0
SEAL_B.US,5,20260226,170500,26.1,26.1,26.05,26.05,200,0
SEAL_B.US,5,20260227,154000,26.01,26.01,26,26,1091,0
SEAL_B.US,5,20260227,154500,26,26,25.9,25.9,405,0
SEAL_B.US,5,20260227,161500,25.93,25.93,25.91,25.91,381,0
SEAL_B.US,5,20260227,202500,25.9518,25.9518,25.9518,25.9518,100,0
SEAL_B.US,5,20260227,203500,26,26,25.98,26,900,0
SEAL_B.US,5,20260227,212000,25.9805,25.9805,25.9805,25.9805,1000,0
SEAL_B.US,5,20260227,212500,25.95,25.95,25.95,25.95,100,0
SEAL_B.US,5,20260227,215000,25.92,25.96,25.9,25.96,986,0
SEAL_B.US,5,20260227,215500,25.91,25.93,25.9,25.93,8118,0
SEAL_B.US,5,20260302,155000,25.9507,25.9507,25.94,25.94,416,0
SEAL_B.US,5,20260302,163000,25.95,25.95,25.95,25.95,600,0
SEAL_B.US,5,20260302,174500,25.99,25.99,25.99,25.99,100,0
SEAL_B.US,5,20260302,175500,25.99,25.99,25.99,25.99,200,0
SEAL_B.US,5,20260302,194500,26.0799,26.0799,26.01,26.01,600,0
SEAL_B.US,5,20260302,200000,26.02,26.08,26.02,26.08,235,0
SEAL_B.US,5,20260302,205000,26.07,26.07,26.02,26.0254,1075,0
SEAL_B.US,5,20260302,210000,26.07,26.19,26.07,26.19,995,0
SEAL_B.US,5,20260303,155000,26.03,26.03,26.03,26.03,100,0
SEAL_B.US,5,20260303,155500,26.03,26.0342,25.97,26.0342,1447,0
SEAL_B.US,5,20260303,163500,26.01,26.01,26,26,230,0
SEAL_B.US,5,20260303,164000,25.97,25.97,25.97,25.97,122,0
SEAL_B.US,5,20260303,164500,25.9805,25.9805,25.9805,25.9805,150,0
SEAL_B.US,5,20260303,174500,25.95,25.95,25.95,25.95,1000,0
SEAL_B.US,5,20260303,180500,25.95,25.95,25.94,25.94,300,0
SEAL_B.US,5,20260303,213000,25.92,25.92,25.92,25.92,268,0
SEAL_B.US,5,20260303,214000,25.9184,25.9184,25.9184,25.9184,100,0
SEAL_B.US,5,20260304,170500,25.91,25.91,25.91,25.91,1087,0
SEAL_B.US,5,20260304,171000,25.91,25.91,25.91,25.91,229,0
SEAL_B.US,5,20260304,173500,25.8424,25.8424,25.8424,25.8424,115,0
SEAL_B.US,5,20260304,175000,25.97,25.97,25.97,25.97,200,0
SEAL_B.US,5,20260305,172500,25.94,25.94,25.94,25.94,100,0
SEAL_B.US,5,20260305,175000,25.93,25.93,25.93,25.93,100,0
SEAL_B.US,5,20260305,210500,25.8,25.8,25.8,25.8,1000,0
SEAL_B.US,5,20260306,172000,25.92,25.93,25.92,25.93,815,0
SEAL_B.US,5,20260306,174500,25.87,25.87,25.87,25.87,100,0
SEAL_B.US,5,20260306,190500,25.9101,25.9101,25.9101,25.9101,147,0
SEAL_B.US,5,20260306,192000,25.8894,25.8894,25.865,25.865,500,0
SEAL_B.US,5,20260306,192500,25.87,25.87,25.87,25.87,100,0
SEAL_B.US,5,20260309,143000,25.7,25.7,25.7,25.7,200,0
SEAL_B.US,5,20260309,155000,25.75,25.75,25.73,25.75,461,0
SEAL_B.US,5,20260309,163500,25.7601,25.7601,25.7601,25.7601,475,0
SEAL_B.US,5,20260309,170000,25.81,25.91,25.81,25.8499,2340,0
SEAL_B.US,5,20260309,180500,25.86,25.86,25.86,25.86,100,0
SEAL_B.US,5,20260309,205500,25.9,25.9,25.9,25.9,100,0
SEAL_B.US,5,20260310,191500,25.85,25.85,25.85,25.85,100,0
SEAL_B.US,5,20260310,205000,25.836,25.836,25.836,25.836,100,0
SEAL_B.US,5,20260311,153000,25.7892,25.7892,25.7892,25.7892,201,0
SEAL_B.US,5,20260311,164000,25.8,25.8,25.8,25.8,294,0
SEAL_B.US,5,20260311,171500,25.8,25.8,25.8,25.8,103,0
SEAL_B.US,5,20260311,175000,25.89,25.89,25.8636,25.8636,310,0
SEAL_B.US,5,20260312,144000,25.7413,25.7492,25.7413,25.7492,500,0
SEAL_B.US,5,20260312,155000,25.8,25.8,25.8,25.8,100,0
SEAL_B.US,5,20260312,155500,25.81,25.81,25.81,25.81,300,0
SEAL_B.US,5,20260312,165000,25.79,25.8,25.79,25.8,200,0
SEAL_B.US,5,20260312,172000,25.71,25.71,25.7,25.7025,1712,0
SEAL_B.US,5,20260312,174000,25.7,25.7,25.7,25.7,100,0
SEAL_B.US,5,20260312,175500,25.7,25.7,25.7,25.7,200,0
SEAL_B.US,5,20260312,180000,25.725,25.725,25.725,25.725,310,0
SEAL_B.US,5,20260312,194000,25.75,25.75,25.75,25.75,300,0
SEAL_B.US,5,20260312,204500,25.71,25.71,25.71,25.71,212,0
SEAL_B.US,5,20260313,154000,25.625,25.625,25.625,25.625,310,0
SEAL_B.US,5,20260313,154500,25.6,25.6,25.6,25.6,200,0
SEAL_B.US,5,20260313,155000,25.6,25.6,25.6,25.6,100,0
SEAL_B.US,5,20260313,160000,25.52,25.54,25.51,25.51,2250,0
SEAL_B.US,5,20260313,160500,25.5,25.5,25.5,25.5,300,0
SEAL_B.US,5,20260313,161000,25.5109,25.5109,25.5109,25.5109,111,0
SEAL_B.US,5,20260313,162500,25.5169,25.5169,25.5169,25.5169,196,0
SEAL_B.US,5,20260313,163500,25.56,25.56,25.56,25.56,310,0
SEAL_B.US,5,20260313,164500,25.6,25.62,25.58,25.62,500,0
SEAL_B.US,5,20260313,170500,25.65,25.65,25.65,25.65,200,0
SEAL_B.US,5,20260313,175500,25.6972,25.7039,25.6972,25.7039,418,0
SEAL_B.US,5,20260313,181500,25.71,25.71,25.71,25.71,800,0
SEAL_B.US,5,20260313,183000,25.67,25.67,25.67,25.67,200,0
SEAL_B.US,5,20260313,190500,25.66,25.66,25.63,25.6302,1300,0
SEAL_B.US,5,20260313,191500,25.61,25.61,25.6,25.6,700,0
SEAL_B.US,5,20260313,204000,25.58,25.63,25.58,25.63,2220,0
SEAL_B.US,5,20260316,155500,25.63,25.63,25.63,25.63,300,0
SEAL_B.US,5,20260316,160000,25.63,25.63,25.63,25.63,200,0
SEAL_B.US,5,20260316,165000,25.7062,25.7062,25.7062,25.7062,115,0
SEAL_B.US,5,20260316,191500,25.6,25.6,25.57,25.57,413,0
SEAL_B.US,5,20260316,192000,25.51,25.51,25.51,25.51,100,0
SEAL_B.US,5,20260316,203000,25.51,25.51,25.51,25.51,213,0
SEAL_B.US,5,20260316,205500,25.55,25.55,25.55,25.55,200,0
SEAL_B.US,5,20260317,145000,25.64,25.64,25.64,25.64,100,0
SEAL_B.US,5,20260317,150000,25.6,25.6,25.54,25.54,304,0
SEAL_B.US,5,20260317,160000,25.6276,25.6276,25.6276,25.6276,200,0
SEAL_B.US,5,20260317,173500,25.725,25.725,25.725,25.725,163,0
SEAL_B.US,5,20260317,183000,25.761,25.761,25.761,25.761,1419,0
SEAL_B.US,5,20260317,183500,25.78,25.79,25.74,25.7808,1372,0
SEAL_B.US,5,20260317,200500,25.78,25.78,25.745,25.745,400,0
SEAL_B.US,5,20260317,202000,25.79,25.79,25.79,25.79,104,0
SEAL_B.US,5,20260317,202500,25.8,25.8,25.8,25.8,100,0
SEAL_B.US,5,20260317,203000,25.76,25.76,25.73,25.75,500,0
SEAL_B.US,5,20260318,144500,25.75,25.75,25.75,25.75,400,0
SEAL_B.US,5,20260318,145000,25.61,25.61,25.61,25.61,100,0
SEAL_B.US,5,20260318,155500,25.64,25.64,25.63,25.64,300,0
SEAL_B.US,5,20260318,173500,25.6101,25.6101,25.6101,25.6101,100,0
SEAL_B.US,5,20260318,195000,25.71,25.71,25.71,25.71,100,0
SEAL_B.US,5,20260319,190500,25.75,25.75,25.75,25.75,1000,0
SEAL_B.US,5,20260319,193000,25.7899,25.7899,25.75,25.7899,501,0
SEAL_B.US,5,20260319,193500,25.75,25.75,25.75,25.75,100,0
SEAL_B.US,5,20260319,194000,25.79,25.79,25.79,25.79,430,0
SEAL_B.US,5,20260319,200000,25.79,25.79,25.79,25.79,100,0
SEAL_B.US,5,20260319,202000,25.79,25.8,25.75,25.79,4682,0
SEAL_B.US,5,20260319,205000,25.7899,25.7899,25.7899,25.7899,500,0
SEAL_B.US,5,20260320,171500,25.695,25.695,25.695,25.695,100,0
SEAL_B.US,5,20260320,173000,25.6583,25.6583,25.6583,25.6583,300,0
SEAL_B.US,5,20260320,173500,25.695,25.695,25.695,25.695,600,0
SEAL_B.US,5,20260320,185000,25.65,25.6853,25.65,25.6853,1115,0
SEAL_B.US,5,20260320,185500,25.65,25.652,25.65,25.652,800,0
SEAL_B.US,5,20260320,202000,25.72,25.72,25.72,25.72,100,0
SEAL_B.US,5,20260323,150000,25.72,25.72,25.64,25.72,1325,0
SEAL_B.US,5,20260323,152500,25.7,25.7,25.7,25.7,100,0
SEAL_B.US,5,20260323,163000,25.7,25.7,25.69,25.69,695,0
SEAL_B.US,5,20260323,175000,25.68,25.68,25.68,25.68,100,0
SEAL_B.US,5,20260323,180500,25.57,25.57,25.57,25.57,700,0
SEAL_B.US,5,20260323,181500,25.56,25.56,25.56,25.56,100,0
SEAL_B.US,5,20260323,205000,25.64,25.75,25.64,25.71,1696,0
SEAL_B.US,5,20260324,151000,25.7081,25.7081,25.7081,25.7081,100,0
SEAL_B.US,5,20260324,154500,25.73,25.75,25.73,25.75,1276,0
SEAL_B.US,5,20260324,171500,25.7018,25.7018,25.7018,25.7018,190,0
SEAL_B.US,5,20260324,184000,25.74,25.75,25.714,25.714,1358,0
SEAL_B.US,5,20260324,201500,25.71,25.71,25.71,25.71,100,0
SEAL_B.US,5,20260324,205500,25.71,25.71,25.71,25.71,100,0
SEAL_B.US,5,20260325,143000,25.51,25.51,25.51,25.51,150,0
SEAL_B.US,5,20260325,162500,25.8,25.8,25.755,25.755,200,0
SEAL_B.US,5,20260325,164000,25.76,25.76,25.76,25.76,200,0
SEAL_B.US,5,20260325,165000,25.77,25.79,25.77,25.79,200,0
SEAL_B.US,5,20260325,202000,25.8,25.9,25.8,25.9,1000,0
SEAL_B.US,5,20260325,203500,25.77,25.77,25.77,25.77,100,0
SEAL_B.US,5,20260326,143000,25.84,25.84,25.84,25.84,687,0
SEAL_B.US,5,20260326,152000,25.58,25.63,25.58,25.63,742,0
SEAL_B.US,5,20260326,155500,25.6672,25.6672,25.6672,25.6672,300,0
SEAL_B.US,5,20260326,192000,25.68,25.68,25.68,25.68,200,0
SEAL_B.US,5,20260326,192500,25.68,25.72,25.68,25.72,754,0
SEAL_B.US,5,20260326,193500,25.79,25.79,25.72,25.72,903,0
SEAL_B.US,5,20260326,195500,25.78,25.78,25.78,25.78,100,0
SEAL_B.US,5,20260326,201500,25.71,25.71,25.71,25.71,100,0
SEAL_B.US,5,20260326,202500,25.75,25.75,25.75,25.75,1000,0
SEAL_B.US,5,20260326,204000,25.75,25.75,25.75,25.75,886,0
SEAL_B.US,5,20260327,143000,25.86,25.86,25.86,25.86,100,0
SEAL_B.US,5,20260327,145000,25.8,25.8,25.7999,25.7999,1158,0
SEAL_B.US,5,20260327,160500,25.787,25.787,25.787,25.787,166,0
SEAL_B.US,5,20260327,185500,25.8,25.93,25.8,25.92,913,0
SEAL_B.US,5,20260327,192000,25.85,25.92,25.85,25.92,300,0
SEAL_B.US,5,20260327,192500,25.825,25.825,25.825,25.825,100,0
SEAL_B.US,5,20260327,194000,25.73,25.93,25.73,25.93,500,0
SEAL_B.US,5,20260327,194500,25.91,25.91,25.91,25.91,300,0
SEAL_B.US,5,20260327,195000,25.91,25.93,25.91,25.93,460,0
SEAL_B.US,5,20260327,203000,25.91,25.91,25.91,25.91,100,0
SEAL_B.US,5,20260327,204500,25.94,25.94,25.94,25.94,200,0
SEAL_B.US,5,20260327,205500,25.92,25.92,25.92,25.92,100,0
SEAL_B.US,5,20260330,154000,25.8,25.8,25.8,25.8,200,0
SEAL_B.US,5,20260330,154500,25.8,25.8,25.8,25.8,100,0
SEAL_B.US,5,20260330,165000,25.81,25.81,25.81,25.81,100,0
SEAL_B.US,5,20260330,171000,25.91,25.91,25.91,25.91,100,0
SEAL_B.US,5,20260330,205500,25.9,25.9,25.9,25.9,100,0
SEAL_B.US,5,20260330,211500,25.83,25.83,25.83,25.83,100,0
SEAL_B.US,5,20260331,154000,25.6,25.6,25.5285,25.6,650,0
SEAL_B.US,5,20260331,155000,25.645,25.645,25.645,25.645,136,0
SEAL_B.US,5,20260331,162000,25.575,25.575,25.575,25.575,310,0
SEAL_B.US,5,20260331,163500,25.55,25.55,25.55,25.55,100,0
SEAL_B.US,5,20260331,164000,25.5144,25.5144,25.5144,25.5144,310,0
SEAL_B.US,5,20260331,164500,25.513,25.513,25.513,25.513,350,0
SEAL_B.US,5,20260331,165000,25.53,25.53,25.48,25.48,4024,0
SEAL_B.US,5,20260331,170000,25.45,25.45,25.45,25.45,200,0
SEAL_B.US,5,20260331,170500,25.4388,25.4388,25.4388,25.4388,310,0
SEAL_B.US,5,20260331,171000,25.4,25.41,25.39,25.41,800,0
SEAL_B.US,5,20260331,175000,25.48,25.48,25.47,25.47,211,0
SEAL_B.US,5,20260331,181500,25.3251,25.3251,25.3251,25.3251,306,0
SEAL_B.US,5,20260331,182000,25.5,25.5,25.5,25.5,100,0
SEAL_B.US,5,20260331,184500,25.3001,25.3001,25.3001,25.3001,310,0
SEAL_B.US,5,20260331,191500,25.3,25.3,25.3,25.3,300,0
SEAL_B.US,5,20260331,192000,25.48,25.48,25.48,25.48,100,0
SEAL_B.US,5,20260331,192500,25.48,25.48,25.48,25.48,250,0
SEAL_B.US,5,20260331,201000,25.33,25.33,25.33,25.33,100,0
SEAL_B.US,5,20260331,210500,25.35,25.35,25.35,25.35,223,0
SEAL_B.US,5,20260331,212000,25.36,25.36,25.32,25.32,2571,0
SEAL_B.US,5,20260331,213000,25.26,25.26,25.2505,25.2505,200,0
SEAL_B.US,5,20260331,213500,25.4213,25.4213,25.29,25.29,700,0
SEAL_B.US,5,20260331,214000,25.25,25.25,25.25,25.25,116,0
SEAL_B.US,5,20260331,214500,25.35,25.35,25.35,25.35,100,0
SEAL_B.US,5,20260331,215000,25.36,25.37,25.25,25.25,800,0
SEAL_B.US,5,20260401,153000,25.48,25.705,25.3101,25.3101,4290,0
SEAL_B.US,5,20260401,154000,25.4412,25.7,25.3,25.3,4173,0
SEAL_B.US,5,20260401,154500,25.29,25.29,25.29,25.29,100,0
SEAL_B.US,5,20260401,160500,25.4,25.4,25.4,25.4,758,0
SEAL_B.US,5,20260401,163000,25.45,25.45,25.45,25.45,400,0
SEAL_B.US,5,20260401,164500,25.3,25.3,25.3,25.3,145,0
SEAL_B.US,5,20260401,165000,25.4,25.4,25.31,25.3236,600,0
SEAL_B.US,5,20260401,173000,25.42,25.42,25.39,25.39,200,0
SEAL_B.US,5,20260401,173500,25.44,25.44,25.44,25.44,500,0
SEAL_B.US,5,20260401,174500,25.42,25.42,25.42,25.42,100,0
SEAL_B.US,5,20260401,182000,25.4999,25.4999,25.4999,25.4999,200,0
SEAL_B.US,5,20260401,193000,25.4615,25.4615,25.4615,25.4615,150,0
SEAL_B.US,5,20260401,194000,25.4,25.4001,25.36,25.36,1304,0
SEAL_B.US,5,20260401,195000,25.35,25.35,25.35,25.35,100,0
SEAL_B.US,5,20260401,200000,25.3531,25.36,25.35,25.36,450,0
SEAL_B.US,5,20260401,201000,25.365,25.365,25.365,25.365,400,0
SEAL_B.US,5,20260401,201500,25.39,25.4,25.39,25.3907,1500,0
SEAL_B.US,5,20260401,212000,25.33,25.33,25.33,25.33,100,0
SEAL_B.US,5,20260401,212500,25.33,25.33,25.33,25.33,1000,0
SEAL_B.US,5,20260401,214000,25.4,25.4,25.4,25.4,1000,0
SEAL_B.US,5,20260401,214500,25.34,25.34,25.34,25.34,450,0
SEAL_B.US,5,20260401,215500,25.34,25.34,25.34,25.34,300,0
SEAL_B.US,5,20260402,155000,25.685,25.685,25.685,25.685,289,0
SEAL_B.US,5,20260402,160500,25.68,25.68,25.68,25.68,400,0
SEAL_B.US,5,20260402,161000,25.48,25.66,25.48,25.52,1000,0
SEAL_B.US,5,20260402,171500,25.5,25.5,25.5,25.5,150,0
SEAL_B.US,5,20260402,172000,25.4462,25.4462,25.4462,25.4462,196,0
SEAL_B.US,5,20260402,184000,25.4302,25.4302,25.4302,25.4302,1000,0
SEAL_B.US,5,20260402,192500,25.4499,25.45,25.41,25.45,2622,0
SEAL_B.US,5,20260402,193500,25.41,25.41,25.41,25.41,1000,0
SEAL_B.US,5,20260402,195000,25.4101,25.43,25.41,25.4156,2067,0
SEAL_B.US,5,20260402,203500,25.43,25.45,25.43,25.45,800,0
SEAL_B.US,5,20260402,204500,25.43,25.45,25.43,25.45,1889,0
SEAL_B.US,5,20260402,211500,25.445,25.445,25.445,25.445,400,0
SEAL_B.US,5,20260402,214000,25.41,25.41,25.41,25.41,100,0
SEAL_B.US,5,20260402,215500,25.44,25.44,25.44,25.44,100,0
SEAL_B.US,5,20260406,153000,25.44,25.44,25.44,25.44,233,0
SEAL_B.US,5,20260406,160000,25.5337,25.5337,25.5337,25.5337,100,0
SEAL_B.US,5,20260406,161000,25.6,25.6,25.6,25.6,100,0
SEAL_B.US,5,20260406,165500,25.63,25.63,25.6,25.6,602,0
SEAL_B.US,5,20260406,172500,25.55,25.55,25.55,25.55,100,0
SEAL_B.US,5,20260406,173500,25.55,25.55,25.55,25.55,200,0
SEAL_B.US,5,20260406,183500,25.53,25.56,25.53,25.56,266,0
SEAL_B.US,5,20260406,191000,25.5501,25.5501,25.5501,25.5501,100,0
SEAL_B.US,5,20260406,194000,25.5999,25.5999,25.5999,25.5999,1000,0
SEAL_B.US,5,20260406,195500,25.54,25.54,25.54,25.54,700,0
SEAL_B.US,5,20260406,200500,25.455,25.455,25.455,25.455,500,0
SEAL_B.US,5,20260406,211500,25.455,25.455,25.455,25.455,667,0
SEAL_B.US,5,20260406,215500,25.42,25.42,25.42,25.42,100,0
SEAL_B.US,5,20260407,154000,25.455,25.455,25.455,25.455,100,0
SEAL_B.US,5,20260407,155500,25.41,25.41,25.35,25.35,896,0
SEAL_B.US,5,20260407,180000,25.4,25.4,25.4,25.4,144,0
SEAL_B.US,5,20260407,180500,25.35,25.35,25.35,25.35,100,0
SEAL_B.US,5,20260407,193500,25.38,25.38,25.38,25.38,238,0
SEAL_B.US,5,20260407,211000,25.38,25.38,25.37,25.37,600,0
SEAL_B.US,5,20260407,215000,25.37,25.37,25.37,25.37,100,0
SEAL_B.US,5,20260408,172000,25.401,25.401,25.401,25.401,400,0
SEAL_B.US,5,20260408,194500,25.47,25.55,25.47,25.55,700,0
SEAL_B.US,5,20260408,200000,25.55,25.55,25.55,25.55,200,0
SEAL_B.US,5,20260408,204000,25.42,25.42,25.42,25.42,200,0
SEAL_B.US,5,20260408,214000,25.48,25.52,25.48,25.52,624,0
SEAL_B.US,5,20260409,153000,25.42,25.42,25.42,25.42,100,0
SEAL_B.US,5,20260409,161000,25.42,25.492,25.41,25.492,1300,0
SEAL_B.US,5,20260409,162000,25.5,25.5,25.5,25.5,100,0
SEAL_B.US,5,20260409,171000,25.4,25.4,25.4,25.4,100,0
SEAL_B.US,5,20260409,181000,25.45,25.45,25.45,25.45,100,0
SEAL_B.US,5,20260409,195500,25.475,25.475,25.475,25.475,264,0
SEAL_B.US,5,20260409,200000,25.45,25.45,25.45,25.45,100,0
SEAL_B.US,5,20260409,201000,25.45,25.45,25.45,25.45,400,0
SEAL_B.US,5,20260409,202500,25.45,25.45,25.45,25.45,170,0
SEAL_B.US,5,20260409,204000,25.4573,25.4573,25.45,25.45,300,0
SEAL_B.US,5,20260409,205500,25.45,25.45,25.45,25.45,300,0
SEAL_B.US,5,20260409,213500,25.45,25.45,25.45,25.45,100,0
SEAL_B.US,5,20260409,215500,25.45,25.45,25.43,25.44,401,0
SEAL_B.US,5,20260410,153000,25.38,25.432,25.36,25.36,773,0
SEAL_B.US,5,20260410,161000,25.47,25.47,25.46,25.46,300,0
SEAL_B.US,5,20260410,164000,25.4,25.41,25.39,25.39,658,0
SEAL_B.US,5,20260410,164500,25.3901,25.3982,25.3901,25.395,1333,0
SEAL_B.US,5,20260410,165000,25.39,25.39,25.39,25.39,200,0
SEAL_B.US,5,20260410,175000,25.39,25.39,25.39,25.39,200,0
SEAL_B.US,5,20260410,175500,25.39,25.39,25.39,25.39,331,0
SEAL_B.US,5,20260410,180500,25.37,25.37,25.3,25.3,2915,0
SEAL_B.US,5,20260410,181000,25.29,25.3,25.29,25.3,1613,0
SEAL_B.US,5,20260410,182000,25.3,25.3,25.275,25.275,500,0
SEAL_B.US,5,20260410,182500,25.3,25.3,25.3,25.3,200,0
SEAL_B.US,5,20260410,184000,25.27,25.27,25.27,25.27,100,0
SEAL_B.US,5,20260410,191000,25.26,25.26,25.26,25.26,200,0
SEAL_B.US,5,20260410,194500,25.2852,25.2852,25.2852,25.2852,150,0
SEAL_B.US,5,20260410,201500,25.22,25.23,25.22,25.23,800,0
SEAL_B.US,5,20260410,202000,25.24,25.24,25.2,25.2,1300,0
SEAL_B.US,5,20260410,202500,25.22,25.22,25.2,25.22,600,0
SEAL_B.US,5,20260410,203000,25.25,25.25,25.23,25.23,200,0
SEAL_B.US,5,20260410,204000,25.28,25.28,25.28,25.28,1240,0
SEAL_B.US,5,20260410,211000,25.24,25.24,25.24,25.24,300,0
SEAL_B.US,5,20260410,214000,25.25,25.25,25.25,25.25,200,0
SEAL_B.US,5,20260413,153000,25.28,25.28,25.28,25.28,316,0
SEAL_B.US,5,20260413,154000,25.22,25.22,25.22,25.22,100,0
SEAL_B.US,5,20260413,154500,25.24,25.25,25.24,25.25,200,0
SEAL_B.US,5,20260413,155000,25.24,25.26,25.24,25.26,1158,0
SEAL_B.US,5,20260413,155500,25.29,25.3,25.29,25.3,600,0
SEAL_B.US,5,20260413,162500,25.29,25.29,25.29,25.29,100,0
SEAL_B.US,5,20260413,163000,25.3,25.3,25.24,25.28,900,0
SEAL_B.US,5,20260413,172500,25.3,25.3,25.28,25.2999,300,0
SEAL_B.US,5,20260413,184500,25.3,25.32,25.3,25.32,200,0
SEAL_B.US,5,20260413,202000,25.3,25.3,25.3,25.3,400,0
SEAL_B.US,5,20260413,210500,25.36,25.36,25.36,25.36,100,0
SEAL_B.US,5,20260413,211500,25.38,25.38,25.36,25.36,300,0
SEAL_B.US,5,20260413,215000,25.33,25.33,25.33,25.33,100,0
SEAL_B.US,5,20260414,153000,25.33,25.33,25.33,25.33,101,0
SEAL_B.US,5,20260414,154000,25.4,25.4,25.4,25.4,100,0
SEAL_B.US,5,20260414,155500,25.5,25.5,25.4378,25.4378,400,0
SEAL_B.US,5,20260414,160500,25.43,25.43,25.43,25.43,650,0
SEAL_B.US,5,20260414,161500,25.4,25.4,25.35,25.35,200,0
SEAL_B.US,5,20260414,162000,25.4,25.4,25.35,25.35,630,0
SEAL_B.US,5,20260414,162500,25.36,25.3601,25.3,25.3,3000,0
SEAL_B.US,5,20260414,165000,25.461,25.461,25.461,25.461,498,0
SEAL_B.US,5,20260414,165500,25.3101,25.3101,25.3101,25.3101,2000,0
SEAL_B.US,5,20260414,172000,25.38,25.38,25.38,25.38,300,0
SEAL_B.US,5,20260414,173000,25.43,25.43,25.43,25.43,200,0
SEAL_B.US,5,20260414,175500,25.44,25.44,25.42,25.42,200,0
SEAL_B.US,5,20260414,182500,25.41,25.41,25.4,25.41,393,0
SEAL_B.US,5,20260414,183000,25.4,25.4,25.4,25.4,200,0
SEAL_B.US,5,20260414,183500,25.4,25.4,25.4,25.4,380,0
SEAL_B.US,5,20260414,184000,25.41,25.41,25.41,25.41,100,0
SEAL_B.US,5,20260414,184500,25.42,25.42,25.42,25.42,100,0
SEAL_B.US,5,20260414,190000,25.42,25.42,25.42,25.42,100,0
SEAL_B.US,5,20260414,191500,25.43,25.43,25.43,25.43,1500,0
SEAL_B.US,5,20260414,193500,25.45,25.45,25.45,25.45,144,0
SEAL_B.US,5,20260414,194500,25.48,25.48,25.48,25.48,100,0
SEAL_B.US,5,20260414,195000,25.475,25.475,25.47,25.47,200,0
SEAL_B.US,5,20260414,200000,25.45,25.45,25.45,25.45,169,0
SEAL_B.US,5,20260414,210000,25.4,25.4001,25.4,25.4001,608,0
SEAL_B.US,5,20260414,211000,25.4,25.4,25.4,25.4,100,0
SEAL_B.US,5,20260414,212000,25.4,25.4,25.385,25.4,11595,0
SEAL_B.US,5,20260414,213000,25.46,25.46,25.46,25.46,400,0
SEAL_B.US,5,20260414,215500,25.43,25.43,25.42,25.42,300,0
SEAL_B.US,5,20260415,153500,25.42,25.42,25.4199,25.4199,400,0
SEAL_B.US,5,20260415,154000,25.31,25.31,25.3001,25.3001,920,0
SEAL_B.US,5,20260415,155500,25.4094,25.4094,25.4094,25.4094,100,0
SEAL_B.US,5,20260415,160000,25.3998,25.3998,25.3998,25.3998,189,0
SEAL_B.US,5,20260415,161500,25.365,25.365,25.365,25.365,125,0
SEAL_B.US,5,20260415,164000,25.365,25.365,25.365,25.365,361,0
SEAL_B.US,5,20260415,173000,25.38,25.38,25.38,25.38,100,0
SEAL_B.US,5,20260415,175000,25.38,25.38,25.38,25.38,100,0
SEAL_B.US,5,20260415,183000,25.4099,25.4099,25.4099,25.4099,197,0
SEAL_B.US,5,20260415,184000,25.41,25.41,25.41,25.41,100,0
SEAL_B.US,5,20260415,184500,25.42,25.42,25.42,25.42,197,0
SEAL_B.US,5,20260415,202500,25.405,25.405,25.405,25.405,100,0
SEAL_B.US,5,20260415,210000,25.405,25.405,25.405,25.405,100,0
SEAL_B.US,5,20260415,212000,25.4199,25.4199,25.4199,25.4199,100,0
SEAL_B.US,5,20260415,213500,25.42,25.42,25.42,25.42,200,0
SEAL_B.US,5,20260415,214000,25.41,25.41,25.41,25.41,100,0
SEAL_B.US,5,20260416,153000,25.4,25.4,25.3469,25.3469,1107,0
SEAL_B.US,5,20260416,164000,25.4,25.4,25.4,25.4,100,0
SEAL_B.US,5,20260416,165500,25.4,25.4,25.4,25.4,376,0
SEAL_B.US,5,20260416,191500,25.45,25.45,25.45,25.45,400,0
SEAL_B.US,5,20260416,192500,25.45,25.46,25.45,25.46,638,0
SEAL_B.US,5,20260416,195500,25.49,25.49,25.49,25.49,100,0
SEAL_B.US,5,20260416,200500,25.5,25.5,25.5,25.5,1000,0
SEAL_B.US,5,20260416,205500,25.47,25.47,25.47,25.47,162,0
SEAL_B.US,5,20260417,160000,25.47,25.47,25.47,25.47,600,0
SEAL_B.US,5,20260417,160500,25.47,25.5,25.47,25.5,3399,0
SEAL_B.US,5,20260417,161500,25.45,25.45,25.45,25.45,500,0
SEAL_B.US,5,20260417,171500,25.45,25.45,25.45,25.45,202,0
SEAL_B.US,5,20260417,175000,25.45,25.45,25.45,25.45,195,0
SEAL_B.US,5,20260417,180500,25.4815,25.4815,25.4815,25.4815,118,0
SEAL_B.US,5,20260417,185000,25.445,25.445,25.445,25.445,250,0
SEAL_B.US,5,20260417,210500,25.4447,25.47,25.4447,25.445,825,0
SEAL_B.US,5,20260417,211000,25.4444,25.4444,25.4444,25.4444,180,0
SEAL_B.US,5,20260417,213000,25.4409,25.4409,25.4409,25.4409,1000,0
SEAL_B.US,5,20260420,153000,25.4,25.4,25.4,25.4,2314,0
SEAL_B.US,5,20260420,170000,25.42,25.42,25.42,25.42,778,0
SEAL_B.US,5,20260420,192000,25.4524,25.4524,25.4524,25.4524,200,0
SEAL_B.US,5,20260420,201000,25.48,25.48,25.48,25.48,100,0
SEAL_B.US,5,20260420,205500,25.5,25.5,25.5,25.5,800,0
SEAL_B.US,5,20260421,153000,25.44,25.44,25.44,25.44,200,0
SEAL_B.US,5,20260421,161500,25.48,25.48,25.48,25.48,600,0
SEAL_B.US,5,20260421,164000,25.48,25.48,25.44,25.44,733,0
SEAL_B.US,5,20260421,164500,25.4799,25.4799,25.4799,25.4799,1000,0
SEAL_B.US,5,20260421,173500,25.4502,25.4502,25.4502,25.4502,357,0
SEAL_B.US,5,20260421,180500,25.45,25.4506,25.45,25.4506,658,0
SEAL_B.US,5,20260421,201500,25.48,25.48,25.48,25.48,1485,0
SEAL_B.US,5,20260421,202000,25.459,25.459,25.459,25.459,400,0
SEAL_B.US,5,20260421,203500,25.48,25.48,25.48,25.48,100,0
SEAL_B.US,5,20260421,204000,25.459,25.459,25.459,25.459,400,0
SEAL_B.US,5,20260421,211000,25.45,25.45,25.45,25.45,100,0
SEAL_B.US,5,20260421,214000,25.5,25.5,25.49,25.49,250,0
SEAL_B.US,5,20260422,153000,25.45,25.49,25.45,25.49,200,0
SEAL_B.US,5,20260422,153500,25.5,25.5,25.5,25.5,1000,0
SEAL_B.US,5,20260422,154500,25.45,25.45,25.45,25.45,500,0
SEAL_B.US,5,20260422,155000,25.42,25.4207,25.42,25.4207,1020,0
SEAL_B.US,5,20260422,160500,25.4299,25.43,25.4298,25.4299,1050,0
SEAL_B.US,5,20260422,161500,25.5,25.5,25.5,25.5,500,0
SEAL_B.US,5,20260422,162000,25.5,25.5,25.5,25.5,1000,0
SEAL_B.US,5,20260422,163000,25.51,25.51,25.5,25.5,423,0
SEAL_B.US,5,20260422,165000,25.4918,25.4918,25.4918,25.4918,200,0
SEAL_B.US,5,20260422,173500,25.5,25.5,25.5,25.5,500,0
SEAL_B.US,5,20260422,203000,25.48,25.48,25.48,25.48,1257,0
SEAL_B.US,5,20260422,204000,25.4801,25.4801,25.42,25.47,1922,0
SEAL_B.US,5,20260422,214000,25.42,25.42,25.42,25.42,100,0
SEAL_B.US,5,20260423,155000,25.4,25.4,25.4,25.4,500,0
SEAL_B.US,5,20260423,155500,25.5197,25.5197,25.5197,25.5197,486,0
SEAL_B.US,5,20260423,180500,25.46,25.46,25.46,25.46,100,0
SEAL_B.US,5,20260423,191000,25.425,25.45,25.425,25.45,2369,0
SEAL_B.US,5,20260423,191500,25.45,25.455,25.45,25.4534,1467,0
SEAL_B.US,5,20260423,195500,25.455,25.455,25.455,25.455,300,0
SEAL_B.US,5,20260423,201000,25.45,25.4541,25.45,25.4541,950,0
SEAL_B.US,5,20260423,212000,25.46,25.46,25.46,25.46,900,0
SEAL_B.US,5,20260424,153000,25.4,25.4,25.4,25.4,100,0
SEAL_B.US,5,20260424,161000,25.5,25.5,25.5,25.5,100,0
SEAL_B.US,5,20260424,171000,25.46,25.5,25.46,25.5,500,0
SEAL_B.US,5,20260424,180500,25.5,25.5,25.5,25.5,100,0
SEAL_B.US,5,20260424,193500,25.46,25.5,25.46,25.5,3087,0
SEAL_B.US,5,20260424,212500,25.4999,25.5,25.4999,25.5,600,0
SEAL_B.US,5,20260424,213500,25.4973,25.4973,25.4973,25.4973,100,0
SEAL_B.US,5,20260424,214000,25.48,25.48,25.48,25.48,100,0
SEAL_B.US,5,20260427,153000,25.5,25.5,25.5,25.5,345,0
SEAL_B.US,5,20260427,165000,25.5088,25.5088,25.5088,25.5088,217,0
SEAL_B.US,5,20260427,172500,25.5,25.5,25.5,25.5,100,0
SEAL_B.US,5,20260427,175500,25.525,25.525,25.525,25.525,200,0
SEAL_B.US,5,20260427,180500,25.5,25.5,25.5,25.5,1000,0
SEAL_B.US,5,20260427,214000,25.5298,25.5298,25.5298,25.5298,194,0
SEAL_B.US,5,20260428,155500,25.55,25.55,25.55,25.55,1240,0
SEAL_B.US,5,20260428,160000,25.55,25.55,25.55,25.55,400,0
SEAL_B.US,5,20260428,165500,25.55,25.55,25.55,25.55,200,0
SEAL_B.US,5,20260428,170000,25.59,25.6,25.59,25.6,674,0
SEAL_B.US,5,20260428,173500,25.58,25.5801,25.5,25.5,1334,0
SEAL_B.US,5,20260428,175500,25.55,25.55,25.55,25.55,100,0
SEAL_B.US,5,20260428,182500,25.59,25.59,25.5899,25.5899,200,0
SEAL_B.US,5,20260428,193000,25.59,25.6,25.59,25.6,1038,0
SEAL_B.US,5,20260428,200000,25.6,25.6,25.6,25.6,3984,0
SEAL_B.US,5,20260429,153000,25.48,25.48,25.48,25.48,100,0
SEAL_B.US,5,20260429,165500,25.466,25.48,25.46,25.48,1269,0
SEAL_B.US,5,20260429,174500,25.5799,25.5799,25.5799,25.5799,100,0
SEAL_B.US,5,20260429,203000,25.52,25.52,25.52,25.52,100,0
SEAL_B.US,5,20260429,214000,25.498,25.498,25.48,25.481,1500,0
SEAL_B.US,5,20260429,214500,25.44,25.44,25.4,25.4,280,0
SEAL_B.US,5,20260430,165000,25.4174,25.4174,25.4174,25.4174,200,0
SEAL_B.US,5,20260430,175500,25.44,25.44,25.43,25.43,300,0
SEAL_B.US,5,20260430,193000,25.5809,25.5809,25.5809,25.5809,200,0
SEAL_B.US,5,20260430,204500,25.55,25.58,25.55,25.58,300,0
SEAL_B.US,5,20260430,210500,25.59,25.59,25.59,25.59,250,0
SEAL_B.US,5,20260430,213000,25.58,25.58,25.58,25.58,1954,0
SEAL_B.US,5,20260430,214500,25.39,25.39,25.39,25.39,100,0
SEAL_B.US,5,20260430,215500,25.54,25.54,25.54,25.54,142,0
SEAL_B.US,5,20260501,153000,25.45,25.45,25.45,25.45,100,0
SEAL_B.US,5,20260501,173500,25.54,25.54,25.54,25.54,115,0
SEAL_B.US,5,20260501,175000,25.5278,25.5278,25.5278,25.5278,133,0
SEAL_B.US,5,20260504,153000,25.53,25.53,25.53,25.53,201,0
SEAL_B.US,5,20260504,153500,25.59,25.59,25.59,25.59,100,0
SEAL_B.US,5,20260504,155500,25.6,25.6,25.6,25.6,200,0
SEAL_B.US,5,20260504,160000,25.6,25.6,25.6,25.6,600,0
SEAL_B.US,5,20260504,160500,25.5,25.5,25.5,25.5,100,0
SEAL_B.US,5,20260504,161000,25.6,25.6,25.6,25.6,100,0
SEAL_B.US,5,20260504,161500,25.6,25.6,25.6,25.6,100,0
SEAL_B.US,5,20260504,162000,25.59,25.59,25.59,25.59,125,0
SEAL_B.US,5,20260504,162500,25.59,25.59,25.59,25.59,125,0
SEAL_B.US,5,20260504,163500,25.6,25.6,25.6,25.6,100,0
SEAL_B.US,5,20260504,172000,25.6,25.65,25.6,25.65,200,0
SEAL_B.US,5,20260504,181000,25.6,25.6,25.6,25.6,100,0
SEAL_B.US,5,20260504,185000,25.6,25.6,25.6,25.6,100,0
SEAL_B.US,5,20260504,211000,25.63,25.65,25.63,25.65,900,0
SEAL_B.US,5,20260504,215500,25.565,25.565,25.565,25.565,1322,0
SEAL_B.US,5,20260505,153000,25.6,25.6,25.6,25.6,100,0
SEAL_B.US,5,20260505,155500,25.613,25.613,25.613,25.613,500,0
SEAL_B.US,5,20260505,161500,25.6108,25.6108,25.6108,25.6108,1380,0
SEAL_B.US,5,20260505,162500,25.6,25.6,25.6,25.6,1000,0
SEAL_B.US,5,20260505,165500,25.6103,25.6103,25.6103,25.6103,1000,0
SEAL_B.US,5,20260505,172500,25.6,25.6,25.6,25.6,100,0
SEAL_B.US,5,20260505,173000,25.625,25.625,25.625,25.625,132,0
SEAL_B.US,5,20260505,181500,25.61,25.62,25.61,25.62,264,0
SEAL_B.US,5,20260505,192000,25.621,25.621,25.621,25.621,400,0
SEAL_B.US,5,20260505,203000,25.6075,25.6075,25.6075,25.6075,2195,0
SEAL_B.US,5,20260505,214000,25.6347,25.6347,25.6347,25.6347,250,0
SEAL_B.US,5,20260505,215000,25.6178,25.6178,25.6178,25.6178,244,0
SEAL_B.US,5,20260506,154500,25.57,25.57,25.565,25.565,1200,0
SEAL_B.US,5,20260506,162000,25.55,25.55,25.55,25.55,100,0
SEAL_B.US,5,20260506,182000,25.565,25.565,25.565,25.565,400,0
SEAL_B.US,5,20260506,193000,25.5682,25.5682,25.5682,25.5682,114,0
SEAL_B.US,5,20260506,194000,25.5999,25.5999,25.5999,25.5999,203,0
SEAL_B.US,5,20260506,215000,25.599,25.599,25.599,25.599,100,0
SEAL_B.US,5,20260507,153000,25.65,25.65,25.65,25.65,405,0
SEAL_B.US,5,20260507,154500,25.79,25.8,25.79,25.8,200,0
SEAL_B.US,5,20260507,155500,25.75,25.75,25.75,25.75,100,0
SEAL_B.US,5,20260507,160500,25.8,25.8,25.8,25.8,195,0
SEAL_B.US,5,20260507,161500,25.71,25.71,25.71,25.71,100,0
SEAL_B.US,5,20260507,162500,25.71,25.71,25.71,25.71,100,0
SEAL_B.US,5,20260507,164500,25.7,25.7,25.7,25.7,300,0
SEAL_B.US,5,20260507,173500,25.6901,25.6901,25.6901,25.6901,681,0
SEAL_B.US,5,20260507,175500,25.6915,25.6915,25.65,25.6744,4086,0
SEAL_B.US,5,20260507,183500,25.7,25.7,25.7,25.7,1000,0
SEAL_B.US,5,20260508,155000,25.58,25.58,25.58,25.58,132,0
SEAL_B.US,5,20260508,163000,25.51,25.51,25.51,25.51,100,0
SEAL_B.US,5,20260508,171500,25.58,25.58,25.52,25.52,2105,0
SEAL_B.US,5,20260508,182500,25.58,25.58,25.58,25.58,300,0
SEAL_B.US,5,20260508,183500,25.58,25.58,25.5799,25.5799,1000,0
SEAL_B.US,5,20260508,191500,25.56,25.56,25.56,25.56,100,0
SEAL_B.US,5,20260508,195000,25.5301,25.5301,25.5301,25.5301,1500,0
SEAL_B.US,5,20260508,202500,25.56,25.56,25.55,25.555,300,0
SEAL_B.US,5,20260508,214000,25.58,25.58,25.58,25.58,200,0
SEAL_B.US,5,20260511,153000,25.52,25.52,25.52,25.52,100,0
SEAL_B.US,5,20260511,153500,25.62,25.62,25.6,25.6,200,0
SEAL_B.US,5,20260511,161000,25.63,25.63,25.6,25.6,200,0
SEAL_B.US,5,20260511,165000,25.72,25.72,25.72,25.72,100,0
SEAL_B.US,5,20260511,174000,25.7,25.7,25.7,25.7,100,0
SEAL_B.US,5,20260511,190000,25.63,25.63,25.63,25.63,100,0
SEAL_B.US,5,20260511,192000,25.66,25.66,25.66,25.66,100,0
SEAL_B.US,5,20260511,213000,25.6001,25.6001,25.6001,25.6001,450,0
SEAL_B.US,5,20260512,164500,25.65,25.65,25.65,25.65,100,0
SEAL_B.US,5,20260512,181000,25.55,25.5501,25.54,25.54,1196,0
SEAL_B.US,5,20260512,181500,25.51,25.565,25.5,25.56,2177,0
SEAL_B.US,5,20260512,184000,25.51,25.56,25.5,25.56,500,0
SEAL_B.US,5,20260512,185000,25.495,25.495,25.495,25.495,100,0
SEAL_B.US,5,20260512,191000,25.5,25.5,25.5,25.5,141,0
SEAL_B.US,5,20260512,191500,25.5,25.5,25.495,25.5,3300,0
SEAL_B.US,5,20260512,193500,25.495,25.495,25.495,25.495,100,0
SEAL_B.US,5,20260512,195000,25.495,25.495,25.495,25.495,100,0
SEAL_B.US,5,20260512,200500,25.5,25.5,25.495,25.5,2400,0
SEAL_B.US,5,20260512,202500,25.58,25.58,25.58,25.58,100,0
SEAL_B.US,5,20260512,204000,25.5,25.5,25.5,25.5,293,0
SEAL_B.US,5,20260512,204500,25.5,25.5,25.5,25.5,141,0
SEAL_B.US,5,20260512,205000,25.545,25.545,25.545,25.545,3834,0
SEAL_B.US,5,20260512,210500,25.55,25.55,25.55,25.55,100,0
SEAL_B.US,5,20260512,215000,25.58,25.58,25.58,25.58,100,0
SEAL_B.US,5,20260512,215500,25.58,25.58,25.58,25.58,200,0
SEAL_B.US,5,20260513,173500,25.51,25.51,25.49,25.49,870,0
SEAL_B.US,5,20260513,175000,25.57,25.59,25.5001,25.5001,1040,0
SEAL_B.US,5,20260513,202000,25.5439,25.5439,25.5439,25.5439,100,0
SEAL_B.US,5,20260513,214000,25.54,25.54,25.54,25.54,400,0
SEAL_B.US,5,20260513,214500,25.58,25.5898,25.58,25.58,594,0
SEAL_B.US,5,20260514,153000,25.51,25.51,25.51,25.51,100,0
SEAL_B.US,5,20260514,154000,25.545,25.545,25.545,25.545,977,0
SEAL_B.US,5,20260514,173000,25.57,25.57,25.57,25.57,100,0
SEAL_B.US,5,20260514,185000,25.55,25.55,25.55,25.55,135,0
SEAL_B.US,5,20260514,210500,25.575,25.575,25.575,25.575,2337,0
SEAL_B.US,5,20260514,211500,25.575,25.575,25.575,25.575,310,0
SEAL_B.US,5,20260515,153000,25.55,25.55,25.55,25.55,100,0
SEAL_B.US,5,20260515,154000,25.55,25.55,25.55,25.55,101,0
SEAL_B.US,5,20260515,155000,25.57,25.57,25.57,25.57,228,0
SEAL_B.US,5,20260515,162500,25.6441,25.6441,25.6441,25.6441,155,0
SEAL_B.US,5,20260515,164500,25.7,25.7,25.7,25.7,100,0
SEAL_B.US,5,20260515,170000,25.634,25.634,25.634,25.634,300,0
SEAL_B.US,5,20260515,171500,25.65,25.65,25.65,25.65,260,0
SEAL_B.US,5,20260515,180000,25.6,25.6,25.6,25.6,220,0
SEAL_B.US,5,20260515,195000,25.6913,25.6913,25.6913,25.6913,100,0
SEAL_B.US,5,20260515,202000,25.6911,25.6911,25.6911,25.6911,100,0
SEAL_B.US,5,20260518,153000,25.79,25.79,25.79,25.79,2000,0
SEAL_B.US,5,20260518,160500,25.769,25.769,25.769,25.769,1000,0
SEAL_B.US,5,20260518,171500,25.72,25.72,25.72,25.72,200,0
SEAL_B.US,5,20260518,180500,25.8,25.8,25.8,25.8,340,0
SEAL_B.US,5,20260518,183500,25.7307,25.7307,25.7307,25.7307,935,0
SEAL_B.US,5,20260518,185000,25.75,25.75,25.75,25.75,400,0
SEAL_B.US,5,20260518,193500,25.75,25.75,25.75,25.75,400,0
SEAL_B.US,5,20260518,195000,25.75,25.75,25.7477,25.7477,616,0
SEAL_B.US,5,20260518,213000,25.7499,25.7499,25.7499,25.7499,100,0
SEAL_B.US,5,20260518,215500,25.67,25.73,25.67,25.73,200,0
SEAL_B.US,5,20260519,153000,25.73,25.73,25.73,25.73,100,0
SEAL_B.US,5,20260519,172000,25.625,25.625,25.625,25.625,796,0
SEAL_B.US,5,20260519,173000,25.72,25.75,25.72,25.75,499,0
SEAL_B.US,5,20260519,174000,25.75,25.75,25.7499,25.7499,2266,0
SEAL_B.US,5,20260519,174500,25.7661,25.7661,25.7661,25.7661,500,0
SEAL_B.US,5,20260519,190000,25.77,25.77,25.77,25.77,100,0
SEAL_B.US,5,20260520,200500,25.8,25.8,25.72,25.72,1000,0
SEAL_B.US,5,20260520,201500,25.65,25.65,25.65,25.65,200,0
SEAL_B.US,5,20260521,165000,25.7,25.7,25.7,25.7,1723,0
SEAL_B.US,5,20260521,173500,25.7999,25.7999,25.7999,25.7999,788,0
SEAL_B.US,5,20260521,192500,25.73,25.73,25.73,25.73,200,0
SEAL_B.US,5,20260522,163500,25.7,25.7,25.7,25.7,300,0
SEAL_B.US,5,20260522,172000,25.7,25.7,25.7,25.7,200,0
SEAL_B.US,5,20260522,174000,25.62,25.68,25.61,25.68,1600,0
SEAL_B.US,5,20260522,210000,25.68,25.68,25.68,25.68,400,0
SEAL_B.US,5,20260522,215500,25.71,25.75,25.71,25.75,325,0
SEAL_B.US,5,20260526,155500,25.7615,25.7615,25.7615,25.7615,200,0
SEAL_B.US,5,20260526,175500,25.7,25.7,25.7,25.7,400,0
SEAL_B.US,5,20260526,180000,25.7,25.7,25.7,25.7,1194,0
SEAL_B.US,5,20260527,153000,25.7,25.7,25.7,25.7,100,0
SEAL_B.US,5,20260527,154000,25.79,25.79,25.79,25.79,300,0
SEAL_B.US,5,20260527,155500,25.745,25.745,25.745,25.745,298,0
SEAL_B.US,5,20260527,174000,25.7452,25.7452,25.7452,25.7452,500,0
SEAL_B.US,5,20260528,153000,25.71,25.71,25.71,25.71,100,0
SEAL_B.US,5,20260528,155000,25.7,25.7,25.7,25.7,200,0
SEAL_B.US,5,20260528,155500,25.7,25.7,25.7,25.7,990,0
SEAL_B.US,5,20260528,160500,25.7,25.7,25.7,25.7,500,0
SEAL_B.US,5,20260528,174000,25.7,25.717,25.7,25.717,400,0
SEAL_B.US,5,20260528,181000,25.725,25.725,25.725,25.725,130,0
SEAL_B.US,5,20260528,211500,25.7,25.7,25.7,25.7,300,0
SEAL_B.US,5,20260529,153000,25.8,25.8,25.8,25.8,2500,0
SEAL_B.US,5,20260529,164500,25.71,25.71,25.69,25.69,550,0
SEAL_B.US,5,20260529,165500,25.8,25.8,25.8,25.8,100,0
SEAL_B.US,5,20260529,170000,25.78,25.8,25.78,25.8,800,0
SEAL_B.US,5,20260529,173000,25.8,25.8,25.8,25.8,100,0
SEAL_B.US,5,20260529,191500,25.76,25.76,25.73,25.73,200,0
SEAL_B.US,5,20260529,195000,25.83,25.83,25.83,25.83,100,0
SEAL_B.US,5,20260529,205500,25.79,25.79,25.79,25.79,100,0
SEAL_B.US,5,20260529,210500,25.8,25.8,25.8,25.8,300,0
SEAL_B.US,5,20260529,214500,25.83,25.85,25.8299,25.8299,1722,0
SEAL_B.US,5,20260601,160500,25.72,25.72,25.72,25.72,300,0
SEAL_B.US,5,20260601,172500,25.61,25.63,25.61,25.63,400,0
SEAL_B.US,5,20260601,174000,25.63,25.64,25.63,25.64,200,0
SEAL_B.US,5,20260601,174500,25.63,25.63,25.63,25.63,1000,0
SEAL_B.US,5,20260601,185500,25.7518,25.7518,25.7518,25.7518,230,0
SEAL_B.US,5,20260602,153000,25.75,25.75,25.75,25.75,100,0
SEAL_B.US,5,20260602,214000,25.65,25.65,25.61,25.61,7821,0
SEAL_B.US,5,20260602,215500,25.67,25.67,25.67,25.67,101,0
SEAL_B.US,5,20260603,153000,25.62,25.62,25.62,25.62,201,0
SEAL_B.US,5,20260603,173000,25.63,25.6552,25.63,25.6552,519,0
SEAL_B.US,5,20260603,192500,25.63,25.63,25.63,25.63,200,0
SEAL_B.US,5,20260603,200500,25.62,25.622,25.61,25.622,2000,0
SEAL_B.US,5,20260603,205500,25.61,25.61,25.61,25.61,100,0
SEAL_B.US,5,20260604,153000,25.75,25.75,25.75,25.75,200,0
SEAL_B.US,5,20260604,163000,25.75,25.75,25.74,25.75,1513,0
SEAL_B.US,5,20260604,183000,25.72,25.72,25.72,25.72,562,0
SEAL_B.US,5,20260605,154500,25.7,25.7,25.7,25.7,800,0
SEAL_B.US,5,20260605,155500,25.7379,25.7379,25.7379,25.7379,200,0
SEAL_B.US,5,20260605,172000,25.725,25.725,25.725,25.725,1575,0
SEAL_B.US,5,20260605,173000,25.725,25.725,25.725,25.725,857,0
SEAL_B.US,5,20260605,192500,25.64,25.64,25.6001,25.6001,1800,0
SEAL_B.US,5,20260608,153000,25.6,25.6,25.6,25.6,101,0
SEAL_B.US,5,20260608,155500,25.61,25.61,25.61,25.61,200,0
SEAL_B.US,5,20260608,160500,25.61,25.62,25.61,25.62,600,0
SEAL_B.US,5,20260608,161000,25.62,25.62,25.61,25.62,400,0
SEAL_B.US,5,20260608,162000,25.62,25.62,25.6,25.6051,1933,0
SEAL_B.US,5,20260608,170000,25.63,25.63,25.63,25.63,300,0
SEAL_B.US,5,20260608,201000,25.61,25.61,25.6,25.6,200,0
SEAL_B.US,5,20260608,213500,25.625,25.625,25.625,25.625,400,0
SEAL_B.US,5,20260608,214000,25.645,25.645,25.645,25.645,101,0
SEAL_B.US,5,20260609,153000,25.6,25.6,25.6,25.6,100,0
SEAL_B.US,5,20260610,153000,25.6,25.6,25.6,25.6,122,0
SEAL_B.US,5,20260610,171000,25.6,25.6,25.6,25.6,200,0
SEAL_B.US,5,20260610,172500,25.6,25.6,25.6,25.6,200,0
SEAL_B.US,5,20260610,185000,25.6,25.6,25.6,25.6,300,0
SEAL_B.US,5,20260610,194500,25.6,25.6,25.6,25.6,250,0
SEAL_B.US,5,20260610,214000,25.6,25.6,25.6,25.6,116,0
SEAL_B.US,5,20260611,182000,25.7426,25.7426,25.7426,25.7426,400,0
SEAL_B.US,5,20260611,215500,25.69,25.69,25.69,25.69,101,0
SEAL_B.US,5,20260612,153000,25.62,25.62,25.62,25.62,100,0
SEAL_B.US,5,20260612,185500,25.63,25.6315,25.63,25.6315,200,0
SEAL_B.US,5,20260612,202000,25.62,25.62,25.62,25.62,142,0
SEAL_B.US,5,20260612,204000,25.61,25.6107,25.6,25.6,1073,0
SEAL_B.US,5,20260612,211500,25.6,25.6,25.6,25.6,634,0
SEAL_B.US,5,20260615,153000,25.7,25.7,25.7,25.7,642,0
SEAL_B.US,5,20260615,160500,25.73,25.73,25.73,25.73,200,0
SEAL_B.US,5,20260615,162000,25.675,25.675,25.675,25.675,481,0
SEAL_B.US,5,20260615,180500,25.68,25.68,25.68,25.68,200,0
SEAL_B.US,5,20260615,211500,25.735,25.735,25.735,25.735,400,0
SEAL_B.US,5,20260615,215500,25.735,25.75,25.735,25.75,463,0
SEAL_B.US,5,20260616,160000,25.63,25.63,25.6201,25.6201,300,0
SEAL_B.US,5,20260616,162000,25.675,25.675,25.675,25.675,100,0
SEAL_B.US,5,20260616,162500,25.63,25.6699,25.62,25.6699,1499,0
SEAL_B.US,5,20260616,171000,25.6489,25.6489,25.6489,25.6489,300,0
SEAL_B.US,5,20260616,172500,25.67,25.67,25.67,25.67,100,0
SEAL_B.US,5,20260616,180500,25.6433,25.6433,25.6433,25.6433,310,0
SEAL_B.US,5,20260616,181500,25.61,25.61,25.6,25.6,303,0
SEAL_B.US,5,20260616,215000,25.565,25.565,25.565,25.565,195,0
SEAL_B.US,5,20260617,153000,25.53,25.53,25.5,25.5,356,0
SEAL_B.US,5,20260617,160000,25.7,25.7,25.7,25.7,1200,0
SEAL_B.US,5,20260617,162500,25.8,25.8,25.8,25.8,3000,0
SEAL_B.US,5,20260617,163500,25.8,25.8,25.78,25.79,500,0
SEAL_B.US,5,20260617,184000,25.7822,25.7822,25.7822,25.7822,260,0
SEAL_B.US,5,20260617,205000,25.75,25.75,25.75,25.75,202,0
SEAL_B.US,5,20260617,211000,25.75,25.75,25.75,25.75,100,0
SEAL_B.US,5,20260617,214000,25.75,25.75,25.7,25.7,900,0
SEAL_B.US,5,20260617,214500,25.75,25.75,25.75,25.75,400,0
SEAL_B.US,5,20260617,215500,25.71,25.71,25.71,25.71,119,0
SEAL_B.US,5,20260618,173500,25.7999,25.7999,25.7999,25.7999,1000,0
SEAL_B.US,5,20260618,180500,25.7,25.7,25.7,25.7,100,0
SEAL_B.US,5,20260618,214000,25.6329,25.6329,25.6329,25.6329,200,0
SEAL_B.US,5,20260618,215500,25.69,25.69,25.69,25.69,119,0
SEAL_B.US,5,20260622,153500,25.78,25.78,25.78,25.78,100,0
SEAL_B.US,5,20260622,161500,25.81,25.9,25.81,25.9,600,0
SEAL_B.US,5,20260622,163500,25.8899,25.8899,25.8899,25.8899,579,0
SEAL_B.US,5,20260622,164500,25.8707,25.8707,25.8707,25.8707,270,0
SEAL_B.US,5,20260622,180000,25.845,25.845,25.845,25.845,500,0
SEAL_B.US,5,20260622,183500,25.8,25.8,25.8,25.8,700,0
SEAL_B.US,5,20260622,195000,25.8394,25.8394,25.8394,25.8394,100,0
SEAL_B.US,5,20260622,211500,25.81,25.81,25.81,25.81,400,0
SEAL_B.US,5,20260622,212000,25.8,25.8,25.8,25.8,100,0
SEAL_B.US,5,20260622,215500,25.81,25.81,25.81,25.81,231,0
