<TICKER>,<PER>,<DATE>,<TIME>,<OPEN>,<HIGH>,<LOW>,<CLOSE>,<VOL>,<OPENINT>
SMLL.US,5,20260126,182500,20.89,20.89,20.86,20.86,350,0
SMLL.US,5,20260127,175500,20.655,20.655,20.655,20.655,557,0
SMLL.US,5,20260127,184000,20.615,20.615,20.615,20.615,109,0
SMLL.US,5,20260127,190500,20.6,20.6,20.6,20.6,100,0
SMLL.US,5,20260128,195500,20.52,20.52,20.52,20.52,152,0
SMLL.US,5,20260129,171500,20.35,20.35,20.35,20.35,100,0
SMLL.US,5,20260129,214000,20.36,20.36,20.36,20.36,100,0
SMLL.US,5,20260130,192500,20.23,20.23,20.23,20.23,100,0
SMLL.US,5,20260130,194500,20.274,20.274,20.274,20.274,200,0
SMLL.US,5,20260130,195500,20.31,20.31,20.31,20.31,100,0
SMLL.US,5,20260130,202500,20.4,20.4,20.4,20.4,100,0
SMLL.US,5,20260202,161000,20.49,20.49,20.37,20.49,400,0
SMLL.US,5,20260202,162500,20.46,20.46,20.46,20.46,100,0
SMLL.US,5,20260202,184000,20.51,20.52,20.51,20.52,200,0
SMLL.US,5,20260202,184500,20.5,20.5001,20.5,20.5001,400,0
SMLL.US,5,20260202,190000,20.52,20.54,20.52,20.54,29212,0
SMLL.US,5,20260202,205500,20.58,20.58,20.58,20.58,407,0
SMLL.US,5,20260203,212000,19.97,19.97,19.97,19.97,300,0
SMLL.US,5,20260204,182500,20.24,20.24,20.24,20.24,300,0
SMLL.US,5,20260204,205000,20.33,20.33,20.33,20.33,100,0
SMLL.US,5,20260205,164500,20.1008,20.1008,20.1008,20.1008,209,0
SMLL.US,5,20260205,172000,20.21,20.21,20.21,20.21,100,0
SMLL.US,5,20260205,201000,20.17,20.17,20.17,20.17,100,0
SMLL.US,5,20260205,201500,20.2001,20.2001,20.2001,20.2001,141,0
SMLL.US,5,20260205,205000,20.18,20.18,20.18,20.18,300,0
SMLL.US,5,20260205,214000,20.1,20.17,20.08,20.17,2500,0
SMLL.US,5,20260206,170000,20.42,20.42,20.42,20.42,100,0
SMLL.US,5,20260206,192500,20.43,20.43,20.43,20.43,200,0
SMLL.US,5,20260209,192000,20.37,20.37,20.37,20.37,132,0
SMLL.US,5,20260210,155000,20.64,20.64,20.64,20.64,100,0
SMLL.US,5,20260210,160500,20.7,20.7,20.7,20.7,100,0
SMLL.US,5,20260210,161000,20.66,20.66,20.66,20.66,100,0
SMLL.US,5,20260210,162500,20.64,20.64,20.64,20.64,100,0
SMLL.US,5,20260210,164500,20.71,20.71,20.71,20.71,100,0
SMLL.US,5,20260210,171000,20.67,20.67,20.67,20.67,100,0
SMLL.US,5,20260210,172000,20.68,20.68,20.68,20.68,100,0
SMLL.US,5,20260210,175000,20.67,20.68,20.67,20.68,200,0
SMLL.US,5,20260210,180000,20.69,20.69,20.69,20.69,100,0
SMLL.US,5,20260210,182500,20.69,20.69,20.69,20.69,100,0
SMLL.US,5,20260210,185000,20.71,20.71,20.71,20.71,100,0
SMLL.US,5,20260210,190500,20.66,20.66,20.66,20.66,100,0
SMLL.US,5,20260210,194500,20.61,20.61,20.61,20.61,100,0
SMLL.US,5,20260210,200000,20.48,20.48,20.48,20.48,200,0
SMLL.US,5,20260210,203000,20.57,20.57,20.57,20.57,200,0
SMLL.US,5,20260210,204000,20.61,20.61,20.61,20.61,100,0
SMLL.US,5,20260210,205500,20.58,20.58,20.58,20.58,100,0
SMLL.US,5,20260211,161000,20.33,20.33,20.33,20.33,100,0
SMLL.US,5,20260212,180000,19.72,19.72,19.72,19.72,300,0
SMLL.US,5,20260213,185500,20.06,20.06,20.06,20.06,300,0
SMLL.US,5,20260217,162000,19.78,19.78,19.78,19.78,12556,0
SMLL.US,5,20260217,162500,19.8,19.8,19.8,19.8,1215,0
SMLL.US,5,20260217,185000,19.8499,19.8499,19.8499,19.8499,313,0
SMLL.US,5,20260217,194500,19.825,19.825,19.825,19.825,200,0
SMLL.US,5,20260217,195000,19.83,19.83,19.83,19.83,100,0
SMLL.US,5,20260217,215000,19.91,19.91,19.91,19.91,6191,0
SMLL.US,5,20260218,180500,20.086,20.13,20.07,20.08,900,0
SMLL.US,5,20260218,185500,20.19,20.19,20.19,20.19,200,0
SMLL.US,5,20260219,161500,20.11,20.16,20.11,20.16,1950,0
SMLL.US,5,20260219,214500,20.12,20.12,20.12,20.12,100,0
SMLL.US,5,20260220,184500,20.04,20.04,20.04,20.04,200,0
SMLL.US,5,20260223,215000,19.64,19.65,19.64,19.65,600,0
SMLL.US,5,20260224,162500,19.87,19.87,19.87,19.87,100,0
SMLL.US,5,20260224,170500,19.7701,19.7701,19.7701,19.7701,1200,0
SMLL.US,5,20260224,193500,19.89,19.89,19.89,19.89,200,0
SMLL.US,5,20260224,194000,19.91,19.91,19.91,19.91,853,0
SMLL.US,5,20260225,173500,19.79,19.79,19.79,19.79,138,0
SMLL.US,5,20260225,200500,19.9199,19.9199,19.9199,19.9199,100,0
SMLL.US,5,20260225,204500,19.95,19.95,19.9499,19.9499,200,0
SMLL.US,5,20260226,163000,20.13,20.13,20.13,20.13,189,0
SMLL.US,5,20260226,164000,20.14,20.14,20.14,20.14,100,0
SMLL.US,5,20260226,164500,20.26,20.26,20.26,20.26,150,0
SMLL.US,5,20260227,172000,20.08,20.15,20.08,20.15,1094,0
SMLL.US,5,20260227,180000,20.12,20.13,20.12,20.13,600,0
SMLL.US,5,20260227,204500,20.01,20.0101,20.01,20.0101,600,0
SMLL.US,5,20260227,205000,20.09,20.09,20.09,20.09,100,0
SMLL.US,5,20260302,163500,20.1,20.1,20.1,20.1,579,0
SMLL.US,5,20260302,174000,20.21,20.21,20.155,20.21,1496,0
SMLL.US,5,20260302,192000,20.23,20.23,20.23,20.23,619,0
SMLL.US,5,20260302,194000,20.2,20.2,20.2,20.2,150,0
SMLL.US,5,20260303,162000,19.76,19.76,19.7599,19.7599,348,0
SMLL.US,5,20260303,163000,19.725,19.725,19.725,19.725,416,0
SMLL.US,5,20260303,164000,19.83,19.83,19.83,19.83,100,0
SMLL.US,5,20260303,174000,19.945,19.945,19.945,19.945,176,0
SMLL.US,5,20260304,201500,20.26,20.28,20.2581,20.2581,1442,0
SMLL.US,5,20260305,213500,19.96,19.96,19.96,19.96,100,0
SMLL.US,5,20260306,184500,19.5,19.5,19.5,19.5,200,0
SMLL.US,5,20260306,205000,19.54,19.54,19.54,19.54,1213,0
SMLL.US,5,20260309,160000,19.17,19.17,19.17,19.17,100,0
SMLL.US,5,20260309,202000,19.38,19.38,19.38,19.38,100,0
SMLL.US,5,20260309,205000,19.59,19.59,19.59,19.59,200,0
SMLL.US,5,20260310,143500,19.41,19.41,19.41,19.41,142,0
SMLL.US,5,20260310,144000,19.27,19.33,19.27,19.33,830,0
SMLL.US,5,20260310,154000,19.45,19.45,19.45,19.45,100,0
SMLL.US,5,20260310,155000,19.44,19.44,19.44,19.44,100,0
SMLL.US,5,20260310,160000,19.51,19.51,19.51,19.51,100,0
SMLL.US,5,20260310,193000,19.49,19.49,19.49,19.49,100,0
SMLL.US,5,20260311,170500,19.26,19.26,19.26,19.26,100,0
SMLL.US,5,20260312,164000,19.21,19.21,19.21,19.21,100,0
SMLL.US,5,20260312,173500,19.1572,19.1572,19.13,19.13,801,0
SMLL.US,5,20260312,180500,19.19,19.19,19.19,19.19,1429,0
SMLL.US,5,20260312,200500,19.08,19.08,19.08,19.08,999,0
SMLL.US,5,20260312,201000,19.0701,19.0701,19.0701,19.0701,999,0
SMLL.US,5,20260313,143000,19.11,19.11,19.11,19.11,100,0
SMLL.US,5,20260313,143500,19.19,19.43,19.15,19.16,2298,0
SMLL.US,5,20260313,150500,19.02,19.02,19.02,19.02,100,0
SMLL.US,5,20260313,153000,19.04,19.04,19.04,19.04,200,0
SMLL.US,5,20260313,173000,18.96,18.96,18.96,18.96,1347,0
SMLL.US,5,20260313,173500,18.92,18.92,18.92,18.92,100,0
SMLL.US,5,20260313,184500,18.96,18.96,18.96,18.96,100,0
SMLL.US,5,20260316,144000,19.0201,19.0201,19.0201,19.0201,515,0
SMLL.US,5,20260316,162000,19.12,19.12,19.12,19.12,400,0
SMLL.US,5,20260316,182000,19.055,19.055,19.055,19.055,782,0
SMLL.US,5,20260316,182500,19.055,19.055,19.055,19.055,120,0
SMLL.US,5,20260316,193000,19.065,19.065,19.065,19.065,221,0
SMLL.US,5,20260316,202500,19.01,19.01,19.01,19.01,100,0
SMLL.US,5,20260317,154500,19.23,19.23,19.23,19.23,166,0
SMLL.US,5,20260318,151000,19.15,19.15,19.15,19.15,741,0
SMLL.US,5,20260318,160500,19.21,19.21,19.21,19.21,100,0
SMLL.US,5,20260318,183500,19.26,19.26,19.26,19.26,100,0
SMLL.US,5,20260319,200000,19.04,19.04,19.04,19.04,100,0
SMLL.US,5,20260319,203500,19.03,19.03,19.03,19.03,300,0
SMLL.US,5,20260319,205500,19.03,19.03,19.03,19.03,100,0
SMLL.US,5,20260320,174000,18.9,18.9,18.9,18.9,203,0
SMLL.US,5,20260320,205000,18.78,18.78,18.78,18.78,100,0
SMLL.US,5,20260323,143000,19.05,19.05,19.05,19.05,271,0
SMLL.US,5,20260323,183500,19.09,19.09,19.09,19.09,200,0
SMLL.US,5,20260323,195500,19.19,19.19,19.19,19.19,300,0
SMLL.US,5,20260324,173000,19.19,19.19,19.16,19.16,331,0
SMLL.US,5,20260324,181500,19.09,19.09,19.09,19.09,896,0
SMLL.US,5,20260325,145000,19.08,19.08,19.08,19.08,300,0
SMLL.US,5,20260325,145500,19.115,19.115,19.02,19.02,848,0
SMLL.US,5,20260325,151000,18.98,18.98,18.98,18.98,700,0
SMLL.US,5,20260325,201000,19.03,19.03,19.03,19.03,400,0
SMLL.US,5,20260326,185500,19.01,19.01,19.01,19.01,131,0
SMLL.US,5,20260327,153500,18.7388,18.7388,18.7388,18.7388,500,0
SMLL.US,5,20260327,160000,18.76,18.76,18.76,18.76,100,0
SMLL.US,5,20260327,172000,18.8,18.8,18.8,18.8,110,0
SMLL.US,5,20260331,161500,18.82,18.82,18.82,18.82,641,0
SMLL.US,5,20260331,170000,18.8,18.8,18.8,18.8,100,0
SMLL.US,5,20260331,183500,18.7801,18.7801,18.7801,18.7801,437,0
SMLL.US,5,20260331,184000,18.86,18.86,18.86,18.86,100,0
SMLL.US,5,20260331,210000,19.01,19.01,19.01,19.01,200,0
SMLL.US,5,20260331,214000,19.0349,19.0349,19.0349,19.0349,847,0
SMLL.US,5,20260401,181500,19.18,19.18,19.18,19.18,100,0
SMLL.US,5,20260401,191500,19.18,19.18,19.18,19.18,5100,0
SMLL.US,5,20260402,215000,19.03,19.03,19.03,19.03,100,0
SMLL.US,5,20260406,162000,19.12,19.12,19.12,19.12,152,0
SMLL.US,5,20260406,214500,19.19,19.19,19.19,19.19,100,0
SMLL.US,5,20260407,153000,19.29,19.29,19.29,19.29,100,0
SMLL.US,5,20260407,180000,19.13,19.13,19.13,19.13,100,0
SMLL.US,5,20260407,193500,19.17,19.17,19.17,19.17,100,0
SMLL.US,5,20260408,155000,19.71,19.71,19.71,19.71,100,0
SMLL.US,5,20260408,184000,19.63,19.63,19.63,19.63,197,0
SMLL.US,5,20260409,215500,19.665,19.665,19.665,19.665,800,0
SMLL.US,5,20260410,190500,19.515,19.515,19.515,19.515,199,0
SMLL.US,5,20260410,191000,19.515,19.515,19.515,19.515,199,0
SMLL.US,5,20260410,192000,19.515,19.515,19.515,19.515,141,0
SMLL.US,5,20260413,161500,19.5101,19.58,19.5101,19.58,1315,0
SMLL.US,5,20260413,171500,19.6,19.6,19.6,19.6,189,0
SMLL.US,5,20260413,185500,19.87,19.87,19.83,19.83,349,0
SMLL.US,5,20260413,195000,19.835,19.835,19.835,19.835,119,0
SMLL.US,5,20260414,161500,19.95,19.95,19.95,19.95,234,0
SMLL.US,5,20260414,211000,19.88,19.88,19.87,19.87,700,0
SMLL.US,5,20260414,215500,19.915,19.915,19.915,19.915,156,0
SMLL.US,5,20260415,154500,20.02,20.02,20.02,20.02,100,0
SMLL.US,5,20260415,162000,19.995,19.995,19.995,19.995,123,0
SMLL.US,5,20260415,202000,20.02,20.02,20.02,20.02,117,0
SMLL.US,5,20260415,203000,20.03,20.03,20.03,20.03,211,0
SMLL.US,5,20260416,154000,20.195,20.195,20.195,20.195,107,0
SMLL.US,5,20260416,155500,20.12,20.12,20.12,20.12,200,0
SMLL.US,5,20260416,160500,20.02,20.02,20.02,20.02,143,0
SMLL.US,5,20260417,153000,20.3,20.3,20.3,20.3,150,0
SMLL.US,5,20260417,164000,20.51,20.51,20.51,20.51,100,0
SMLL.US,5,20260417,165500,20.55,20.55,20.55,20.55,149,0
SMLL.US,5,20260417,172500,20.5,20.5,20.5,20.5,2433,0
SMLL.US,5,20260420,172000,20.57,20.57,20.57,20.57,20000,0
SMLL.US,5,20260420,182500,20.59,20.6,20.59,20.6,200,0
SMLL.US,5,20260421,153500,20.75,20.75,20.75,20.75,5000,0
SMLL.US,5,20260421,162500,20.835,20.9,20.835,20.835,1839,0
SMLL.US,5,20260421,212500,20.67,20.73,20.67,20.71,2800,0
SMLL.US,5,20260421,213000,20.71,20.72,20.69,20.69,4600,0
SMLL.US,5,20260421,213500,20.69,20.69,20.67,20.67,2400,0
SMLL.US,5,20260421,214500,20.57,20.58,20.53,20.535,1400,0
SMLL.US,5,20260422,172500,20.61,20.61,20.61,20.61,452,0
SMLL.US,5,20260422,181500,20.56,20.5601,20.56,20.5601,4000,0
SMLL.US,5,20260422,182500,20.63,20.63,20.6299,20.63,1000,0
SMLL.US,5,20260422,210000,20.595,20.595,20.595,20.595,170,0
SMLL.US,5,20260422,213500,20.585,20.585,20.585,20.585,500,0
SMLL.US,5,20260423,162500,20.61,20.64,20.61,20.64,3146,0
SMLL.US,5,20260423,174500,20.57,20.57,20.57,20.57,110,0
SMLL.US,5,20260423,191500,20.46,20.46,20.4201,20.4201,1998,0
SMLL.US,5,20260423,195000,20.36,20.36,20.36,20.36,100,0
SMLL.US,5,20260423,202000,20.44,20.44,20.44,20.44,200,0
SMLL.US,5,20260424,162000,20.4,20.42,20.39,20.4,2733,0
SMLL.US,5,20260424,190500,20.41,20.41,20.41,20.41,100,0
SMLL.US,5,20260424,210500,20.475,20.475,20.475,20.475,604,0
SMLL.US,5,20260430,173000,20.48,20.48,20.48,20.48,1545,0
SMLL.US,5,20260504,164500,20.44,20.44,20.44,20.44,100,0
SMLL.US,5,20260505,214500,20.555,20.555,20.555,20.555,203,0
SMLL.US,5,20260506,181000,20.535,20.535,20.535,20.535,250,0
SMLL.US,5,20260508,161000,20.57,20.57,20.57,20.57,200,0
SMLL.US,5,20260508,162500,20.605,20.605,20.605,20.605,200,0
SMLL.US,5,20260508,195500,20.71,20.71,20.71,20.71,400,0
SMLL.US,5,20260508,211500,20.67,20.67,20.67,20.67,100,0
SMLL.US,5,20260508,215500,20.695,20.695,20.695,20.695,100,0
SMLL.US,5,20260511,162000,20.68,20.68,20.68,20.68,208,0
SMLL.US,5,20260512,171500,20.27,20.27,20.27,20.27,130,0
SMLL.US,5,20260512,192000,20.39,20.39,20.37,20.37,2195,0
SMLL.US,5,20260512,215500,20.37,20.37,20.37,20.37,215,0
SMLL.US,5,20260513,173000,20.07,20.07,20.07,20.07,21175,0
SMLL.US,5,20260518,153000,19.82,19.82,19.82,19.82,199,0
SMLL.US,5,20260519,193000,19.935,19.935,19.935,19.935,300,0
SMLL.US,5,20260519,212500,19.835,19.835,19.835,19.835,200,0
SMLL.US,5,20260520,182000,20,20,20,20,100,0
SMLL.US,5,20260520,192500,20.02,20.02,20.02,20.02,200,0
SMLL.US,5,20260520,194500,20.05,20.05,20.05,20.05,100,0
SMLL.US,5,20260520,204000,20.075,20.075,20.075,20.075,100,0
SMLL.US,5,20260520,215500,20.115,20.115,20.115,20.115,247,0
SMLL.US,5,20260521,191500,19.99,20.03,19.99,20.03,300,0
SMLL.US,5,20260521,203000,20.18,20.18,20.18,20.18,176,0
SMLL.US,5,20260522,160000,20.3,20.3,20.3,20.3,240,0
SMLL.US,5,20260522,175500,20.295,20.295,20.295,20.295,100,0
SMLL.US,5,20260522,201000,20.35,20.35,20.35,20.35,178,0
SMLL.US,5,20260526,201500,20.46,20.48,20.455,20.455,840,0
SMLL.US,5,20260527,184000,20.505,20.505,20.505,20.505,472,0
SMLL.US,5,20260527,184500,20.495,20.53,20.495,20.5299,300,0
SMLL.US,5,20260527,193500,20.47,20.47,20.47,20.47,200,0
SMLL.US,5,20260527,204000,20.415,20.45,20.415,20.45,400,0
SMLL.US,5,20260528,174500,20.4201,20.4201,20.415,20.415,400,0
SMLL.US,5,20260601,162500,20.46,20.46,20.46,20.46,182,0
SMLL.US,5,20260601,192500,20.65,20.68,20.65,20.68,560,0
SMLL.US,5,20260602,193000,20.505,20.505,20.505,20.505,536,0
SMLL.US,5,20260603,192500,20.25,20.25,20.25,20.25,25676,0
SMLL.US,5,20260603,202500,20.305,20.305,20.305,20.305,102,0
SMLL.US,5,20260604,213000,20.53,20.54,20.53,20.54,400,0
SMLL.US,5,20260608,161000,20.4,20.4,20.4,20.4,100,0
SMLL.US,5,20260608,183000,20.345,20.345,20.345,20.345,150,0
SMLL.US,5,20260608,184000,20.3499,20.3499,20.3499,20.3499,300,0
SMLL.US,5,20260608,211500,20.35,20.35,20.35,20.35,100,0
SMLL.US,5,20260608,213500,20.27,20.27,20.27,20.27,100,0
SMLL.US,5,20260608,214500,20.29,20.29,20.29,20.29,20000,0
SMLL.US,5,20260609,190500,20.29,20.29,20.29,20.29,529,0
SMLL.US,5,20260610,172500,20.46,20.46,20.46,20.46,208,0
SMLL.US,5,20260610,180000,20.5,20.5,20.5,20.5,400,0
SMLL.US,5,20260610,181500,20.49,20.49,20.49,20.49,100,0
SMLL.US,5,20260610,211000,20.38,20.38,20.38,20.38,5000,0
SMLL.US,5,20260610,212500,20.27,20.27,20.27,20.27,300,0
SMLL.US,5,20260615,163000,20.81,20.81,20.81,20.81,100,0
SMLL.US,5,20260616,160500,20.85,20.85,20.85,20.85,100,0
SMLL.US,5,20260617,164000,20.85,20.85,20.85,20.85,100,0
SMLL.US,5,20260617,171500,20.87,20.87,20.87,20.87,283,0
SMLL.US,5,20260617,181000,20.97,20.97,20.965,20.97,300,0
SMLL.US,5,20260617,192000,20.98,20.98,20.98,20.98,100,0
SMLL.US,5,20260617,205500,20.74,20.74,20.73,20.73,300,0
SMLL.US,5,20260622,211500,20.555,20.555,20.555,20.555,990,0
