<TICKER>,<PER>,<DATE>,<TIME>,<OPEN>,<HIGH>,<LOW>,<CLOSE>,<VOL>,<OPENINT>
SRG_A.US,5,20260126,172000,24.1423,24.1424,24.12,24.12,2072,0
SRG_A.US,5,20260126,173000,24.12,24.12,24.12,24.12,200,0
SRG_A.US,5,20260126,173500,24.1514,24.1514,24.1218,24.1218,400,0
SRG_A.US,5,20260126,181500,24.12,24.12,24.12,24.12,100,0
SRG_A.US,5,20260126,182000,24.12,24.12,24.12,24.12,174,0
SRG_A.US,5,20260126,195000,24.13,24.13,24.12,24.12,1400,0
SRG_A.US,5,20260126,201000,24.08,24.08,24.08,24.08,100,0
SRG_A.US,5,20260126,212500,24.09,24.09,24.09,24.09,100,0
SRG_A.US,5,20260126,214000,24.1314,24.19,24.1,24.1,1230,0
SRG_A.US,5,20260127,173000,24.11,24.11,24.11,24.11,900,0
SRG_A.US,5,20260127,192000,24.195,24.195,24.195,24.195,106,0
SRG_A.US,5,20260129,154000,24.12,24.25,24.1,24.25,1700,0
SRG_A.US,5,20260129,193500,24.095,24.095,24.095,24.095,648,0
SRG_A.US,5,20260129,200000,24.095,24.12,24.095,24.12,400,0
SRG_A.US,5,20260129,201500,24.16,24.16,24.16,24.16,200,0
SRG_A.US,5,20260129,204500,24.12,24.122,24.12,24.122,2200,0
SRG_A.US,5,20260129,205000,24.12,24.12,24.12,24.12,100,0
SRG_A.US,5,20260129,210000,24.12,24.1201,24.12,24.1201,400,0
SRG_A.US,5,20260129,211000,24.12,24.1201,24.12,24.1201,400,0
SRG_A.US,5,20260130,174000,24.11,24.11,24.11,24.11,100,0
SRG_A.US,5,20260202,155000,24.17,24.17,24.17,24.17,200,0
SRG_A.US,5,20260202,163000,24.15,24.15,24.15,24.15,200,0
SRG_A.US,5,20260203,154000,24.15,24.1501,24.15,24.1501,800,0
SRG_A.US,5,20260203,171500,24.15,24.15,24.15,24.15,100,0
SRG_A.US,5,20260203,190500,24.15,24.15,24.15,24.15,100,0
SRG_A.US,5,20260203,193000,24.15,24.15,24.15,24.15,100,0
SRG_A.US,5,20260204,154500,24.15,24.15,24.15,24.15,212,0
SRG_A.US,5,20260204,162000,24.15,24.1501,24.15,24.1501,400,0
SRG_A.US,5,20260204,163500,24.1999,24.1999,24.1999,24.1999,500,0
SRG_A.US,5,20260204,170500,24.15,24.15,24.15,24.15,100,0
SRG_A.US,5,20260204,200000,24.15,24.15,24.15,24.15,563,0
SRG_A.US,5,20260204,201000,24.11,24.11,24.11,24.11,320,0
SRG_A.US,5,20260204,202000,24.05,24.15,24.05,24.15,255,0
SRG_A.US,5,20260204,202500,24.1,24.1,24.1,24.1,100,0
SRG_A.US,5,20260204,203000,24.1,24.1,24.1,24.1,200,0
SRG_A.US,5,20260204,204500,24.1,24.1,24.1,24.1,260,0
SRG_A.US,5,20260204,215500,24.12,24.12,24.12,24.12,1800,0
SRG_A.US,5,20260205,162500,24.1,24.1,24.08,24.08,310,0
SRG_A.US,5,20260205,175500,24.1385,24.1385,24.08,24.08,1000,0
SRG_A.US,5,20260205,182500,24.08,24.08,24.065,24.0799,2734,0
SRG_A.US,5,20260205,213000,24.08,24.08,24.08,24.08,800,0
SRG_A.US,5,20260206,173500,24.1157,24.1157,24.1157,24.1157,168,0
SRG_A.US,5,20260206,195000,24.12,24.12,24.12,24.12,125,0
SRG_A.US,5,20260206,201500,24.15,24.15,24.15,24.15,600,0
SRG_A.US,5,20260206,212000,24.11,24.11,24.1,24.1,685,0
SRG_A.US,5,20260209,153500,24,24,24,24,400,0
SRG_A.US,5,20260209,154000,24,24,23.9999,23.9999,1214,0
SRG_A.US,5,20260209,162000,24.02,24.02,24.02,24.02,100,0
SRG_A.US,5,20260209,164000,24.1,24.1,24.1,24.1,1000,0
SRG_A.US,5,20260209,170000,24.09,24.1,24.09,24.1,3100,0
SRG_A.US,5,20260209,183000,24.1023,24.1023,24.1023,24.1023,300,0
SRG_A.US,5,20260209,190000,24.17,24.2,24.1,24.1,2575,0
SRG_A.US,5,20260209,191000,24.08,24.08,24.0732,24.0732,500,0
SRG_A.US,5,20260209,191500,24.06,24.08,24.06,24.08,700,0
SRG_A.US,5,20260209,202500,24.1,24.1,24.1,24.1,100,0
SRG_A.US,5,20260209,213000,24.093,24.093,24.093,24.093,400,0
SRG_A.US,5,20260210,153500,24.0001,24.0001,24.0001,24.0001,112,0
SRG_A.US,5,20260210,195000,24.1056,24.1056,24.1056,24.1056,210,0
SRG_A.US,5,20260212,161500,24.19,24.19,24.19,24.19,100,0
SRG_A.US,5,20260212,171000,24.06,24.06,24.04,24.04,1000,0
SRG_A.US,5,20260212,193000,24,24.0105,24,24.0105,1856,0
SRG_A.US,5,20260212,202000,23.88,23.88,23.88,23.88,1393,0
SRG_A.US,5,20260212,204500,23.94,23.99,23.94,23.99,1300,0
SRG_A.US,5,20260213,161500,23.99,23.99,23.99,23.99,1000,0
SRG_A.US,5,20260213,165500,24.14,24.14,24.14,24.14,100,0
SRG_A.US,5,20260213,202500,23.99,24,23.99,23.99,1100,0
SRG_A.US,5,20260213,203000,24,24,24,24,800,0
SRG_A.US,5,20260213,205000,24,24,24,24,4100,0
SRG_A.US,5,20260213,205500,24,24,24,24,100,0
SRG_A.US,5,20260213,211500,23.99,23.99,23.99,23.99,500,0
SRG_A.US,5,20260217,153000,23.979,23.979,23.979,23.979,1000,0
SRG_A.US,5,20260217,155000,23.9,23.9,23.9,23.9,100,0
SRG_A.US,5,20260217,163500,23.958,23.958,23.958,23.958,160,0
SRG_A.US,5,20260217,174000,23.972,23.972,23.972,23.972,500,0
SRG_A.US,5,20260217,180500,23.965,24,23.965,23.9982,1466,0
SRG_A.US,5,20260217,184500,24,24,23.93,23.93,1850,0
SRG_A.US,5,20260217,191000,23.9304,23.965,23.93,23.93,800,0
SRG_A.US,5,20260218,174000,24,24,23.97,23.97,1200,0
SRG_A.US,5,20260218,175000,23.97,23.97,23.97,23.97,200,0
SRG_A.US,5,20260218,182000,23.9835,23.9859,23.9835,23.9835,300,0
SRG_A.US,5,20260218,185000,23.97,23.985,23.97,23.985,280,0
SRG_A.US,5,20260218,192000,24,24,23.9992,23.9992,3800,0
SRG_A.US,5,20260218,210500,23.95,23.95,23.95,23.95,100,0
SRG_A.US,5,20260219,153000,23.95,23.95,23.95,23.95,100,0
SRG_A.US,5,20260219,164000,23.9999,23.9999,23.9999,23.9999,400,0
SRG_A.US,5,20260219,165000,24,24,24,24,100,0
SRG_A.US,5,20260220,154000,23.98,24,23.98,24,1986,0
SRG_A.US,5,20260220,155500,24.0737,24.0737,24.0737,24.0737,306,0
SRG_A.US,5,20260220,172000,24.06,24.06,24.06,24.06,100,0
SRG_A.US,5,20260220,190500,24.2,24.2,24.2,24.2,750,0
SRG_A.US,5,20260223,160500,23.975,23.975,23.975,23.975,100,0
SRG_A.US,5,20260223,161500,23.96,23.96,23.95,23.95,700,0
SRG_A.US,5,20260223,165500,23.55,23.55,23.55,23.55,800,0
SRG_A.US,5,20260223,184500,23.91,23.91,23.91,23.91,100,0
SRG_A.US,5,20260223,191500,23.95,23.95,23.95,23.95,800,0
SRG_A.US,5,20260223,192000,23.95,23.95,23.8,23.91,7975,0
SRG_A.US,5,20260223,192500,23.8,23.8,23.8,23.8,1000,0
SRG_A.US,5,20260223,193000,23.8404,23.8404,23.8404,23.8404,252,0
SRG_A.US,5,20260223,200500,23.8,23.8,23.8,23.8,1000,0
SRG_A.US,5,20260223,201500,23.81,23.81,23.81,23.81,100,0
SRG_A.US,5,20260223,202000,23.87,23.87,23.87,23.87,234,0
SRG_A.US,5,20260223,215000,23.85,23.85,23.85,23.85,100,0
SRG_A.US,5,20260223,215500,23.8977,23.8977,23.8971,23.8971,200,0
SRG_A.US,5,20260224,153000,24.06,24.17,24.06,24.06,650,0
SRG_A.US,5,20260224,154500,23.94,23.94,23.94,23.94,250,0
SRG_A.US,5,20260224,155000,24.07,24.07,24.07,24.07,250,0
SRG_A.US,5,20260224,162500,24.07,24.07,24.07,24.07,150,0
SRG_A.US,5,20260224,163000,24.07,24.07,24.07,24.07,500,0
SRG_A.US,5,20260224,165000,24.075,24.075,24.075,24.075,1000,0
SRG_A.US,5,20260224,193500,24.06,24.06,24.06,24.06,100,0
SRG_A.US,5,20260224,195000,24.06,24.06,24.06,24.06,100,0
SRG_A.US,5,20260224,200500,24.06,24.06,24.06,24.06,100,0
SRG_A.US,5,20260224,202000,24.06,24.06,24.06,24.06,100,0
SRG_A.US,5,20260224,203500,24.125,24.19,24.125,24.19,975,0
SRG_A.US,5,20260224,204000,24.15,24.15,24.15,24.15,100,0
SRG_A.US,5,20260224,205000,24.14,24.14,24.14,24.14,100,0
SRG_A.US,5,20260224,205500,24.15,24.15,24.15,24.15,100,0
SRG_A.US,5,20260224,210500,24.15,24.15,24.15,24.15,100,0
SRG_A.US,5,20260224,211500,24.14,24.14,24.14,24.14,475,0
SRG_A.US,5,20260224,212000,24.06,24.06,24.06,24.06,100,0
SRG_A.US,5,20260224,213500,24.07,24.07,24.07,24.07,100,0
SRG_A.US,5,20260224,215000,24.07,24.07,24.07,24.07,100,0
SRG_A.US,5,20260225,153000,24,24,24,24,200,0
SRG_A.US,5,20260225,155500,23.93,23.93,23.93,23.93,100,0
SRG_A.US,5,20260225,184500,23.94,24,23.94,23.97,886,0
SRG_A.US,5,20260225,195000,23.9665,23.9665,23.9665,23.9665,100,0
SRG_A.US,5,20260225,211000,24,24,24,24,500,0
SRG_A.US,5,20260225,213000,23.95,23.95,23.95,23.95,100,0
SRG_A.US,5,20260226,155000,23.975,23.975,23.975,23.975,500,0
SRG_A.US,5,20260226,161000,23.9857,23.9857,23.9857,23.9857,500,0
SRG_A.US,5,20260226,163000,23.975,23.975,23.975,23.975,340,0
SRG_A.US,5,20260226,164000,23.9725,23.9765,23.9725,23.9765,399,0
SRG_A.US,5,20260226,165000,23.975,23.975,23.975,23.975,225,0
SRG_A.US,5,20260226,165500,23.9999,24,23.9999,24,1000,0
SRG_A.US,5,20260226,170000,23.975,23.975,23.975,23.975,500,0
SRG_A.US,5,20260226,172000,23.95,23.95,23.95,23.95,100,0
SRG_A.US,5,20260226,181000,23.9579,23.9579,23.9579,23.9579,473,0
SRG_A.US,5,20260226,202000,23.9601,23.9601,23.9601,23.9601,200,0
SRG_A.US,5,20260227,163500,23.9913,23.9913,23.9913,23.9913,100,0
SRG_A.US,5,20260227,171500,23.9725,23.9725,23.9725,23.9725,200,0
SRG_A.US,5,20260227,175000,23.95,23.95,23.95,23.95,100,0
SRG_A.US,5,20260227,190500,23.975,23.975,23.975,23.975,261,0
SRG_A.US,5,20260227,203500,23.975,23.975,23.975,23.975,1000,0
SRG_A.US,5,20260302,154000,23.96,23.96,23.95,23.96,1200,0
SRG_A.US,5,20260302,154500,23.96,23.96,23.96,23.96,900,0
SRG_A.US,5,20260302,155000,23.9725,23.9725,23.9725,23.9725,274,0
SRG_A.US,5,20260302,155500,23.975,23.975,23.975,23.975,100,0
SRG_A.US,5,20260302,165000,24,24,24,24,999,0
SRG_A.US,5,20260303,175000,24.135,24.135,24.135,24.135,100,0
SRG_A.US,5,20260303,180000,24.02,24.02,23.95,23.95,2000,0
SRG_A.US,5,20260304,163000,23.9672,23.9672,23.9672,23.9672,100,0
SRG_A.US,5,20260304,175000,24,24,24,24,621,0
SRG_A.US,5,20260304,180500,24.0517,24.0517,24.0517,24.0517,500,0
SRG_A.US,5,20260304,214000,24.01,24.0157,24,24.0157,1799,0
SRG_A.US,5,20260309,153000,23.95,24.1,23.95,24.1,1630,0
SRG_A.US,5,20260309,204500,23.95,23.9501,23.95,23.95,3245,0
SRG_A.US,5,20260310,154000,23.9909,23.9909,23.9805,23.9805,697,0
SRG_A.US,5,20260310,161000,24,24,24,24,100,0
SRG_A.US,5,20260310,170000,23.96,24,23.95,23.9765,3566,0
SRG_A.US,5,20260311,162000,23.966,23.966,23.9623,23.9623,867,0
SRG_A.US,5,20260311,183500,23.98,23.98,23.98,23.98,1000,0
SRG_A.US,5,20260311,202000,23.9604,23.98,23.96,23.98,1100,0
SRG_A.US,5,20260312,152000,23.9999,23.9999,23.9999,23.9999,100,0
SRG_A.US,5,20260312,173000,23.983,24,23.983,24,340,0
SRG_A.US,5,20260313,152000,23.96,23.96,23.95,23.95,1300,0
SRG_A.US,5,20260313,164500,23.98,23.98,23.98,23.98,300,0
SRG_A.US,5,20260313,165000,23.97,24,23.97,24,1100,0
SRG_A.US,5,20260313,170000,23.98,23.98,23.98,23.98,531,0
SRG_A.US,5,20260313,170500,23.9686,23.9686,23.9686,23.9686,245,0
SRG_A.US,5,20260313,171500,24,24,24,24,100,0
SRG_A.US,5,20260316,143000,23.95,23.95,23.95,23.95,800,0
SRG_A.US,5,20260316,193000,24,24,24,24,200,0
SRG_A.US,5,20260317,181000,24,24,24,24,424,0
SRG_A.US,5,20260317,183000,23.9502,23.9502,23.9502,23.9502,100,0
SRG_A.US,5,20260317,183500,24,24,24,24,955,0
SRG_A.US,5,20260317,184000,23.975,23.975,23.95,23.9587,3500,0
SRG_A.US,5,20260317,203500,24,24,24,24,200,0
SRG_A.US,5,20260317,204000,23.975,23.975,23.975,23.975,200,0
SRG_A.US,5,20260318,164500,23.9675,23.9675,23.9675,23.9675,100,0
SRG_A.US,5,20260319,171500,24,24,23.95,24,2071,0
SRG_A.US,5,20260319,185000,23.99,23.99,23.99,23.99,100,0
SRG_A.US,5,20260319,201000,24,24,24,24,100,0
SRG_A.US,5,20260320,152500,23.96,23.96,23.96,23.96,100,0
SRG_A.US,5,20260320,164500,23.96,23.96,23.96,23.96,100,0
SRG_A.US,5,20260320,165500,23.96,23.96,23.96,23.96,100,0
SRG_A.US,5,20260320,183000,23.98,24,23.98,23.98,400,0
SRG_A.US,5,20260320,183500,24,24,23.9864,23.9864,800,0
SRG_A.US,5,20260320,184000,24,24,23.9999,23.9999,300,0
SRG_A.US,5,20260320,203000,23.96,23.96,23.96,23.96,100,0
SRG_A.US,5,20260323,145000,24.0001,24.025,24.0001,24.025,400,0
SRG_A.US,5,20260323,145500,24.0027,24.0027,24.0027,24.0027,500,0
SRG_A.US,5,20260323,194000,24.0063,24.0063,24.0063,24.0063,175,0
SRG_A.US,5,20260324,143500,23.99,23.99,23.99,23.99,476,0
SRG_A.US,5,20260324,154000,23.99,23.9938,23.99,23.9938,1627,0
SRG_A.US,5,20260324,182500,23.99,23.9901,23.95,23.955,900,0
SRG_A.US,5,20260324,190500,23.95,23.9749,23.95,23.9749,900,0
SRG_A.US,5,20260324,191000,23.9999,23.9999,23.9999,23.9999,100,0
SRG_A.US,5,20260324,191500,23.975,23.975,23.975,23.975,100,0
SRG_A.US,5,20260324,200500,24,24,24,24,100,0
SRG_A.US,5,20260325,160500,24.01,24.01,24.01,24.01,500,0
SRG_A.US,5,20260325,161000,23.98,23.98,23.98,23.98,100,0
SRG_A.US,5,20260325,192500,23.98,23.98,23.98,23.98,488,0
SRG_A.US,5,20260326,143000,23.96,23.96,23.96,23.96,100,0
SRG_A.US,5,20260326,144000,23.97,23.97,23.97,23.97,100,0
SRG_A.US,5,20260326,154000,23.96,23.96,23.96,23.96,600,0
SRG_A.US,5,20260326,163000,23.95,23.95,23.95,23.95,100,0
SRG_A.US,5,20260326,171500,24.02,24.02,24.02,24.02,239,0
SRG_A.US,5,20260326,181000,24.02,24.02,24.02,24.02,150,0
SRG_A.US,5,20260326,185000,24.01,24.01,24.01,24.01,100,0
SRG_A.US,5,20260326,190000,24.02,24.02,24.02,24.02,100,0
SRG_A.US,5,20260326,192000,24.02,24.02,24,24.017,1450,0
SRG_A.US,5,20260326,193000,23.9725,23.995,23.9725,23.995,303,0
SRG_A.US,5,20260326,201500,24.0021,24.0021,24.0021,24.0021,225,0
SRG_A.US,5,20260327,143000,23.95,23.95,23.95,23.95,100,0
SRG_A.US,5,20260327,162000,23.95,23.95,23.95,23.95,500,0
SRG_A.US,5,20260327,163000,23.995,23.995,23.995,23.995,400,0
SRG_A.US,5,20260327,190000,24.025,24.04,24.02,24.02,500,0
SRG_A.US,5,20260327,193500,24,24,24,24,100,0
SRG_A.US,5,20260327,205500,24.04,24.04,24.04,24.04,308,0
SRG_A.US,5,20260331,153000,23.95,23.9522,23.95,23.95,19300,0
SRG_A.US,5,20260331,153500,23.95,23.95,23.95,23.95,5000,0
SRG_A.US,5,20260331,154000,23.95,23.95,23.95,23.95,3650,0
SRG_A.US,5,20260331,193000,23.2747,23.2747,23.2747,23.2747,375,0
SRG_A.US,5,20260401,153500,23.25,23.25,23.25,23.25,100,0
SRG_A.US,5,20260401,172000,23.5,23.5,23.34,23.5,11722,0
SRG_A.US,5,20260401,172500,23.49,23.49,23.01,23.45,7061,0
SRG_A.US,5,20260401,173500,24.05,24.05,23.0101,23.452,4000,0
SRG_A.US,5,20260401,174000,23.06,23.55,23.04,23.06,1700,0
SRG_A.US,5,20260401,174500,23.0101,23.5299,23.0101,23.11,1700,0
SRG_A.US,5,20260401,175500,23.11,23.11,23.11,23.11,2000,0
SRG_A.US,5,20260401,181000,23.08,23.255,23.03,23.255,2400,0
SRG_A.US,5,20260401,182000,23.08,23.08,23.01,23.06,8800,0
SRG_A.US,5,20260401,195500,23,23,23,23,5500,0
SRG_A.US,5,20260402,153000,22.7,22.7,22.7,22.7,100,0
SRG_A.US,5,20260402,154500,22.53,22.53,22.5,22.5,845,0
SRG_A.US,5,20260402,155500,21.41,22.47,21.38,21.38,4400,0
SRG_A.US,5,20260402,162000,22.15,22.15,21.5001,21.5001,2204,0
SRG_A.US,5,20260402,164500,22.13,22.13,22.13,22.13,100,0
SRG_A.US,5,20260402,165000,22.25,22.25,22.25,22.25,100,0
SRG_A.US,5,20260402,170000,22.26,22.28,22.25,22.25,1195,0
SRG_A.US,5,20260402,170500,22,22,22,22,1000,0
SRG_A.US,5,20260402,171500,22,22.02,22,22,900,0
SRG_A.US,5,20260402,172000,21.9,21.9,21.9,21.9,200,0
SRG_A.US,5,20260402,173500,21.9163,21.9163,21.725,21.725,2900,0
SRG_A.US,5,20260402,174000,21.8,21.9,21.5501,21.9,2687,0
SRG_A.US,5,20260402,174500,21.885,21.9,21.5,21.51,6909,0
SRG_A.US,5,20260402,181000,21.55,21.55,21.55,21.55,500,0
SRG_A.US,5,20260402,184000,21.5501,21.74,21.5501,21.74,1000,0
SRG_A.US,5,20260402,184500,21.6,21.65,21.6,21.65,500,0
SRG_A.US,5,20260402,192000,21.89,22,21.88,22,4000,0
SRG_A.US,5,20260402,194000,21.742,21.82,21.71,21.82,1000,0
SRG_A.US,5,20260402,194500,21.9024,21.9024,21.9024,21.9024,100,0
SRG_A.US,5,20260402,195500,22,22,21.98,22,600,0
SRG_A.US,5,20260402,211500,22.09,22.12,22.09,22.1,2215,0
SRG_A.US,5,20260406,153000,22.1,22.1,22.1,22.1,100,0
SRG_A.US,5,20260406,153500,22.305,22.65,22.305,22.65,200,0
SRG_A.US,5,20260406,154000,22.305,22.31,22.305,22.31,200,0
SRG_A.US,5,20260406,154500,22.34,22.34,22.34,22.34,200,0
SRG_A.US,5,20260406,155000,22.305,22.305,22.305,22.305,450,0
SRG_A.US,5,20260406,170500,22.65,22.65,22.65,22.65,1000,0
SRG_A.US,5,20260406,194500,22.26,22.26,22.25,22.25,600,0
SRG_A.US,5,20260406,202000,22.3,22.3,22.3,22.3,100,0
SRG_A.US,5,20260406,202500,22.445,22.445,22.445,22.445,5000,0
SRG_A.US,5,20260406,203000,22.445,22.445,22.445,22.445,811,0
SRG_A.US,5,20260406,204500,22.25,22.3,21.96,21.96,2700,0
SRG_A.US,5,20260406,205500,21.96,21.96,21.96,21.96,1000,0
SRG_A.US,5,20260406,210000,21.8126,21.8126,21.8126,21.8126,1000,0
SRG_A.US,5,20260407,172500,22.19,22.19,22.19,22.19,100,0
SRG_A.US,5,20260407,180500,22.365,22.365,22.365,22.365,400,0
SRG_A.US,5,20260407,183500,22.365,22.365,22.365,22.365,100,0
SRG_A.US,5,20260407,211000,22.4069,22.4069,22.4069,22.4069,276,0
SRG_A.US,5,20260407,212500,22.3,22.3,21.86,21.87,3163,0
SRG_A.US,5,20260407,213500,21.865,21.865,21.865,21.865,232,0
SRG_A.US,5,20260408,180500,22.2,22.2,22.2,22.2,200,0
SRG_A.US,5,20260408,181500,21.9071,21.9071,21.9071,21.9071,125,0
SRG_A.US,5,20260409,153000,22.03,22.03,22.03,22.03,600,0
SRG_A.US,5,20260409,163500,22.345,22.345,22.345,22.345,100,0
SRG_A.US,5,20260409,165000,22.345,22.345,22.345,22.345,200,0
SRG_A.US,5,20260409,170500,22.3,22.3,22.3,22.3,200,0
SRG_A.US,5,20260409,172000,22.3,22.3,22.1,22.18,400,0
SRG_A.US,5,20260409,200500,22.1035,22.1035,22.1,22.1,850,0
SRG_A.US,5,20260409,201000,22.1,22.1,22.01,22.01,300,0
SRG_A.US,5,20260409,203500,22,22,22,22,200,0
SRG_A.US,5,20260409,205000,22.13,22.13,22.13,22.13,100,0
SRG_A.US,5,20260410,153000,22,22,22,22,100,0
SRG_A.US,5,20260410,175500,22.27,22.27,22.27,22.27,200,0
SRG_A.US,5,20260410,180500,22.25,22.25,22.25,22.25,200,0
SRG_A.US,5,20260410,185000,22.15,22.15,22.15,22.15,100,0
SRG_A.US,5,20260410,195000,22.27,22.27,22.265,22.265,266,0
SRG_A.US,5,20260410,211000,22.17,22.265,21.8,21.8,2000,0
SRG_A.US,5,20260410,212000,22.2599,22.2599,22.2599,22.2599,171,0
SRG_A.US,5,20260413,161500,22.25,22.25,22.25,22.25,100,0
SRG_A.US,5,20260413,194000,22.3238,22.3238,22.07,22.08,2400,0
SRG_A.US,5,20260413,210500,22.14,22.14,22.1353,22.1353,305,0
SRG_A.US,5,20260414,153000,22.14,22.14,22.14,22.14,200,0
SRG_A.US,5,20260414,154000,22.2,22.2,22.2,22.2,1000,0
SRG_A.US,5,20260414,155000,22.2,22.2,22.14,22.14,600,0
SRG_A.US,5,20260414,185000,21.98,21.98,21.98,21.98,866,0
SRG_A.US,5,20260414,185500,21.82,21.82,21.82,21.82,100,0
SRG_A.US,5,20260415,164500,21.96,21.96,21.95,21.95,1400,0
SRG_A.US,5,20260415,165500,22.12,22.12,22.12,22.12,100,0
SRG_A.US,5,20260415,173000,21.95,21.95,21.95,21.95,1267,0
SRG_A.US,5,20260415,182500,21.9684,21.9684,21.95,21.96,5499,0
SRG_A.US,5,20260415,190500,22.045,22.14,21.95,21.95,2446,0
SRG_A.US,5,20260415,204000,21.95,21.95,21.95,21.95,906,0
SRG_A.US,5,20260415,205500,21.95,21.95,21.95,21.95,100,0
SRG_A.US,5,20260416,155000,21.7,21.7,21.41,21.43,900,0
SRG_A.US,5,20260416,165000,21.72,21.72,21.72,21.72,100,0
SRG_A.US,5,20260416,194500,21.8,21.8,21.775,21.775,600,0
SRG_A.US,5,20260416,203000,21.7999,21.7999,21.7999,21.7999,225,0
SRG_A.US,5,20260416,212500,21.79,21.8,21.79,21.8,353,0
SRG_A.US,5,20260417,154000,21.855,21.855,21.855,21.855,200,0
SRG_A.US,5,20260417,154500,22.1063,22.1063,22.1063,22.1063,150,0
SRG_A.US,5,20260417,160500,21.755,21.755,21.755,21.755,200,0
SRG_A.US,5,20260417,162500,21.755,21.755,21.755,21.755,200,0
SRG_A.US,5,20260417,172000,21.52,21.52,21.52,21.52,1098,0
SRG_A.US,5,20260417,174500,21.755,21.755,21.755,21.755,200,0
SRG_A.US,5,20260417,175000,21.7354,21.7354,21.7354,21.7354,200,0
SRG_A.US,5,20260417,201500,21.75,21.75,21.75,21.75,200,0
SRG_A.US,5,20260417,212000,21.84,21.85,21.7989,21.7989,447,0
SRG_A.US,5,20260420,153000,21.68,22,21.68,22,465,0
SRG_A.US,5,20260420,153500,21.51,21.51,21.51,21.51,100,0
SRG_A.US,5,20260420,154000,21.69,21.7,21.51,21.51,3340,0
SRG_A.US,5,20260420,154500,21.51,21.52,20.51,20.74,5095,0
SRG_A.US,5,20260420,155000,21,21.06,20.56,20.56,6212,0
SRG_A.US,5,20260420,155500,20.6,20.63,20.19,20.21,5601,0
SRG_A.US,5,20260420,163500,20.6,20.99,20.6,20.99,1072,0
SRG_A.US,5,20260420,165000,21.275,21.275,21.275,21.275,236,0
SRG_A.US,5,20260420,175000,21.27,21.27,21.27,21.27,200,0
SRG_A.US,5,20260420,183000,21.54,21.54,21.03,21.03,1097,0
SRG_A.US,5,20260420,183500,21.225,21.54,21.225,21.54,4804,0
SRG_A.US,5,20260420,191000,21.26,21.2601,21.26,21.2601,900,0
SRG_A.US,5,20260420,191500,21.235,21.235,21.235,21.235,300,0
SRG_A.US,5,20260420,192500,21.11,21.11,21.11,21.11,300,0
SRG_A.US,5,20260420,195000,21.3094,21.43,21.3094,21.42,615,0
SRG_A.US,5,20260420,195500,21.44,21.44,21.44,21.44,100,0
SRG_A.US,5,20260420,201500,21.32,21.32,21.32,21.32,200,0
SRG_A.US,5,20260420,204000,21.415,21.415,21.415,21.415,150,0
SRG_A.US,5,20260420,210500,21.415,21.51,21.41,21.41,1700,0
SRG_A.US,5,20260420,211000,21.44,21.44,21.4351,21.4351,544,0
SRG_A.US,5,20260420,212000,21.51,21.55,21.5,21.5,400,0
SRG_A.US,5,20260420,215000,21.5,21.5,21.5,21.5,100,0
SRG_A.US,5,20260420,215500,21.5,21.5,21.5,21.5,800,0
SRG_A.US,5,20260421,153000,20.6,20.6,20.6,20.6,100,0
SRG_A.US,5,20260421,153500,21,21.35,20.71,20.805,837,0
SRG_A.US,5,20260421,155000,21.01,21.01,21.01,21.01,100,0
SRG_A.US,5,20260421,173000,21.3109,21.37,21.3109,21.37,800,0
SRG_A.US,5,20260421,190500,21.7399,21.7399,21.7399,21.7399,2500,0
SRG_A.US,5,20260421,215500,21.3501,21.3501,21.3501,21.3501,1000,0
SRG_A.US,5,20260422,153000,21.29,21.29,21.29,21.29,100,0
SRG_A.US,5,20260422,165500,21.5,21.5,21.5,21.5,400,0
SRG_A.US,5,20260422,172500,21.62,21.65,21.62,21.65,700,0
SRG_A.US,5,20260422,174000,21.65,21.65,21.65,21.65,100,0
SRG_A.US,5,20260423,170500,21.66,21.66,21.66,21.66,100,0
SRG_A.US,5,20260423,173500,21.81,21.81,21.8,21.8,837,0
SRG_A.US,5,20260423,174000,21.66,21.66,21.66,21.66,200,0
SRG_A.US,5,20260423,185500,21.71,21.71,21.71,21.71,375,0
SRG_A.US,5,20260423,191500,21.7,21.7,21.7,21.7,1100,0
SRG_A.US,5,20260423,192000,21.7,21.7,21.7,21.7,142,0
SRG_A.US,5,20260423,195000,21.6454,21.6454,21.6454,21.6454,600,0
SRG_A.US,5,20260423,201500,21.655,21.7,21.655,21.7,440,0
SRG_A.US,5,20260423,212000,21.6011,21.6011,21.6011,21.6011,200,0
SRG_A.US,5,20260423,213000,21.7,21.7,21.7,21.7,300,0
SRG_A.US,5,20260424,153000,21.62,21.62,21.62,21.62,100,0
SRG_A.US,5,20260424,162500,21.65,21.65,21.65,21.65,976,0
SRG_A.US,5,20260424,173000,21.71,21.71,21.71,21.71,839,0
SRG_A.US,5,20260424,173500,21.75,21.75,21.75,21.75,20181,0
SRG_A.US,5,20260424,175500,21.75,21.75,21.75,21.75,800,0
SRG_A.US,5,20260424,190500,21.66,21.66,21.66,21.66,452,0
SRG_A.US,5,20260424,191000,21.66,21.66,21.65,21.65,300,0
SRG_A.US,5,20260424,202500,21.64,21.64,21.64,21.64,352,0
SRG_A.US,5,20260427,155500,21.8011,21.8011,21.8011,21.8011,250,0
SRG_A.US,5,20260427,174000,21.69,21.69,21.69,21.69,300,0
SRG_A.US,5,20260427,184500,21.58,21.58,21.58,21.58,100,0
SRG_A.US,5,20260427,185500,21.8,21.81,21.58,21.79,3298,0
SRG_A.US,5,20260427,190500,21.59,21.59,21.59,21.59,100,0
SRG_A.US,5,20260427,214500,21.7,21.7,21.7,21.7,500,0
SRG_A.US,5,20260428,155500,21.59,21.59,21.56,21.56,800,0
SRG_A.US,5,20260428,171000,21.58,21.58,21.56,21.56,928,0
SRG_A.US,5,20260428,173500,21.65,21.65,21.65,21.65,365,0
SRG_A.US,5,20260428,182000,21.52,21.52,21.52,21.52,100,0
SRG_A.US,5,20260428,184500,21.52,21.52,21.44,21.4999,1808,0
SRG_A.US,5,20260428,211000,21.56,21.56,21.56,21.56,200,0
SRG_A.US,5,20260428,214500,21.7235,21.7235,21.58,21.58,732,0
SRG_A.US,5,20260429,153000,21.52,21.52,21.52,21.52,100,0
SRG_A.US,5,20260429,154000,21.52,21.52,21.52,21.52,1500,0
SRG_A.US,5,20260429,164000,21.52,21.52,21.52,21.52,1600,0
SRG_A.US,5,20260429,170000,21.52,21.52,21.52,21.52,156,0
SRG_A.US,5,20260429,180500,21.52,21.52,21.52,21.52,308,0
SRG_A.US,5,20260429,181500,21.74,21.74,21.74,21.74,600,0
SRG_A.US,5,20260429,182000,21.75,21.75,21.75,21.75,330,0
SRG_A.US,5,20260429,190500,21.5958,21.5958,21.5958,21.5958,225,0
SRG_A.US,5,20260429,192500,21.52,21.52,21.52,21.52,338,0
SRG_A.US,5,20260429,203500,21.41,21.4299,21.41,21.4299,200,0
SRG_A.US,5,20260429,204000,21.38,21.42,21.38,21.42,700,0
SRG_A.US,5,20260429,205000,21.38,21.38,21.28,21.28,4200,0
SRG_A.US,5,20260429,210000,20.865,21.1499,20.71,20.9499,3472,0
SRG_A.US,5,20260429,210500,21,21,21,21,300,0
SRG_A.US,5,20260429,214500,21.22,21.22,21.12,21.145,849,0
SRG_A.US,5,20260430,153000,21.06,21.06,21.06,21.06,100,0
SRG_A.US,5,20260430,153500,21.625,21.625,21.26,21.475,1439,0
SRG_A.US,5,20260430,154000,21.3033,21.475,21.2506,21.2506,1575,0
SRG_A.US,5,20260430,155000,21.25,21.25,21.25,21.25,500,0
SRG_A.US,5,20260430,163000,21.35,21.35,21.35,21.35,198,0
SRG_A.US,5,20260430,171500,21.45,21.45,21.45,21.45,2000,0
SRG_A.US,5,20260430,173000,21.46,21.46,21.45,21.45,3483,0
SRG_A.US,5,20260430,175500,21.55,21.55,21.55,21.55,100,0
SRG_A.US,5,20260430,181500,21.35,21.35,21.35,21.35,100,0
SRG_A.US,5,20260430,183500,21.38,21.38,21.38,21.38,200,0
SRG_A.US,5,20260430,185000,21.47,21.47,21.47,21.47,100,0
SRG_A.US,5,20260430,190000,21.3965,21.3965,21.3965,21.3965,580,0
SRG_A.US,5,20260430,191000,21.47,21.47,21.47,21.47,100,0
SRG_A.US,5,20260430,193500,21.58,21.58,21.24,21.27,1500,0
SRG_A.US,5,20260430,195000,21.35,21.35,21.35,21.35,100,0
SRG_A.US,5,20260430,201500,21.35,21.35,21.35,21.35,300,0
SRG_A.US,5,20260430,203000,21.4056,21.4056,21.4056,21.4056,180,0
SRG_A.US,5,20260430,203500,21.4061,21.4061,21.4061,21.4061,327,0
SRG_A.US,5,20260430,212000,21.2,21.2,21.2,21.2,500,0
SRG_A.US,5,20260430,213000,21.2,21.2,21.2,21.2,700,0
SRG_A.US,5,20260430,213500,21.2,21.2,21.2,21.2,950,0
SRG_A.US,5,20260430,214500,21.25,21.4,21.25,21.26,744,0
SRG_A.US,5,20260430,215500,21.275,21.3,21.25,21.3,800,0
SRG_A.US,5,20260501,153000,21.15,21.15,21.15,21.15,100,0
SRG_A.US,5,20260501,161500,21.5,21.5,21.5,21.5,917,0
SRG_A.US,5,20260501,162500,21.4001,21.4001,21.4,21.4,300,0
SRG_A.US,5,20260501,164000,21.4,21.4,21.4,21.4,228,0
SRG_A.US,5,20260501,172500,21.2511,21.2511,21.25,21.25,600,0
SRG_A.US,5,20260501,173000,21.25,21.25,21.15,21.23,1300,0
SRG_A.US,5,20260501,174500,21.27,21.27,21.27,21.27,200,0
SRG_A.US,5,20260501,183000,21.28,21.28,21.23,21.23,200,0
SRG_A.US,5,20260501,190000,21.22,21.22,21.22,21.22,1000,0
SRG_A.US,5,20260501,191500,21.15,21.15,21.15,21.15,300,0
SRG_A.US,5,20260501,210000,21.03,21.03,21,21,2911,0
SRG_A.US,5,20260501,210500,20.875,20.9,20.87,20.9,399,0
SRG_A.US,5,20260501,212000,20.86,20.86,20.86,20.86,200,0
SRG_A.US,5,20260501,213000,20.86,20.87,20.86,20.87,400,0
SRG_A.US,5,20260501,215000,20.91,20.91,20.91,20.91,100,0
SRG_A.US,5,20260504,153000,20.94,20.94,20.94,20.94,100,0
SRG_A.US,5,20260504,153500,21.86,21.86,21.86,21.86,100,0
SRG_A.US,5,20260504,154000,21.6,21.86,21.6,21.86,900,0
SRG_A.US,5,20260504,154500,21.1,21.1,21.1,21.1,200,0
SRG_A.US,5,20260504,155000,21.1,21.1,21.1,21.1,100,0
SRG_A.US,5,20260504,155500,21.12,21.12,21.12,21.12,100,0
SRG_A.US,5,20260504,160500,21.0501,21.06,21.0501,21.06,200,0
SRG_A.US,5,20260504,162500,21.07,21.07,20.99,21.03,400,0
SRG_A.US,5,20260504,163000,21.04,21.12,21.0375,21.1155,1000,0
SRG_A.US,5,20260504,164000,21.04,21.04,21.04,21.04,100,0
SRG_A.US,5,20260504,170500,21.02,21.05,20.98,21.02,925,0
SRG_A.US,5,20260504,174000,20.96,21,20.9501,21,1200,0
SRG_A.US,5,20260504,185000,20.95,21.03,20.94,21.03,1000,0
SRG_A.US,5,20260504,185500,20.82,20.82,20.79,20.8,900,0
SRG_A.US,5,20260504,212000,20.8,20.8,20.8,20.8,400,0
SRG_A.US,5,20260504,212500,20.8,20.8,20.8,20.8,860,0
SRG_A.US,5,20260504,213000,20.82,20.82,20.82,20.82,360,0
SRG_A.US,5,20260504,213500,20.82,20.82,20.82,20.82,200,0
SRG_A.US,5,20260504,215500,20.8,20.8,20.78,20.78,500,0
SRG_A.US,5,20260505,180500,20.7926,20.7926,20.7926,20.7926,480,0
SRG_A.US,5,20260505,181000,21,21,21,21,305,0
SRG_A.US,5,20260505,192000,21,21,21,21,990,0
SRG_A.US,5,20260505,193500,21,21,21,21,200,0
SRG_A.US,5,20260505,214000,20.87,20.9,20.87,20.9,600,0
SRG_A.US,5,20260506,162500,21.13,21.13,21.13,21.13,300,0
SRG_A.US,5,20260506,164500,20.85,20.85,20.85,20.85,300,0
SRG_A.US,5,20260506,172000,20.75,20.75,20.65,20.65,1402,0
SRG_A.US,5,20260506,191500,20.8118,20.8118,20.8118,20.8118,300,0
SRG_A.US,5,20260506,200000,20.7,20.7,20.7,20.7,350,0
SRG_A.US,5,20260506,205000,20.5,20.52,20.5,20.52,558,0
SRG_A.US,5,20260506,215500,20.5,20.5,20.5,20.5,200,0
SRG_A.US,5,20260507,155000,20.51,20.51,20.37,20.37,550,0
SRG_A.US,5,20260507,161000,20.38,20.45,20.25,20.45,3000,0
SRG_A.US,5,20260507,163500,20.25,20.25,20.25,20.25,300,0
SRG_A.US,5,20260507,164000,20.25,20.25,20.25,20.25,100,0
SRG_A.US,5,20260507,175000,20.215,20.215,20.215,20.215,100,0
SRG_A.US,5,20260507,181500,20.2,20.25,20.2,20.25,900,0
SRG_A.US,5,20260507,190500,20.25,20.27,20.25,20.27,400,0
SRG_A.US,5,20260507,202000,20.27,20.27,20.27,20.27,100,0
SRG_A.US,5,20260507,213500,20.3,20.3,20.3,20.3,400,0
SRG_A.US,5,20260507,215000,20.3,20.3,20.3,20.3,1100,0
SRG_A.US,5,20260508,153000,20.17,20.17,20.17,20.17,100,0
SRG_A.US,5,20260508,153500,20.4,20.4,20.4,20.4,1412,0
SRG_A.US,5,20260508,165500,20.25,20.25,20.25,20.25,200,0
SRG_A.US,5,20260508,174500,20.21,20.25,20.21,20.25,1300,0
SRG_A.US,5,20260508,181000,20.06,20.06,20.06,20.06,195,0
SRG_A.US,5,20260508,181500,20.23,20.23,20.22,20.22,200,0
SRG_A.US,5,20260508,183000,20.1512,20.1512,20.1512,20.1512,170,0
SRG_A.US,5,20260508,191000,20.08,20.08,20.08,20.08,100,0
SRG_A.US,5,20260508,193000,20.25,20.25,20.25,20.25,100,0
SRG_A.US,5,20260508,194000,20.25,20.25,20.25,20.25,200,0
SRG_A.US,5,20260508,201500,20.325,20.325,20.325,20.325,300,0
SRG_A.US,5,20260508,214500,20.08,20.08,20.08,20.08,100,0
SRG_A.US,5,20260508,215500,20.15,20.31,20.15,20.31,200,0
SRG_A.US,5,20260511,153500,20.25,20.25,20.25,20.25,2000,0
SRG_A.US,5,20260511,160000,20.25,20.3,20.25,20.3,3280,0
SRG_A.US,5,20260511,162000,20.3,20.3,20.3,20.3,1000,0
SRG_A.US,5,20260511,163000,20.25,20.25,20.25,20.25,400,0
SRG_A.US,5,20260511,163500,20.3,20.3,20.25,20.25,3800,0
SRG_A.US,5,20260511,171500,20.255,20.28,20.25,20.25,528,0
SRG_A.US,5,20260511,172000,20.27,20.27,20.27,20.27,300,0
SRG_A.US,5,20260511,182500,20.39,20.4,20.39,20.4,313,0
SRG_A.US,5,20260511,185500,20.38,20.4,20.38,20.4,200,0
SRG_A.US,5,20260511,190000,20.39,20.4,20.37,20.4,900,0
SRG_A.US,5,20260511,191000,20.42,20.42,20.4101,20.4101,600,0
SRG_A.US,5,20260511,195500,20.38,20.48,20.38,20.48,700,0
SRG_A.US,5,20260511,214500,20.43,20.5,20.43,20.5,400,0
SRG_A.US,5,20260511,215500,20.52,20.52,20.5,20.5,1171,0
SRG_A.US,5,20260512,155000,20.6,20.6,20.6,20.6,100,0
SRG_A.US,5,20260512,161500,20.6,20.6,20.6,20.6,1753,0
SRG_A.US,5,20260512,165000,20.45,20.45,20.45,20.45,547,0
SRG_A.US,5,20260512,172000,20.55,20.55,20.55,20.55,100,0
SRG_A.US,5,20260512,184500,20.5,20.5,20.5,20.5,524,0
SRG_A.US,5,20260512,205000,20.6,20.6,20.6,20.6,1080,0
SRG_A.US,5,20260512,205500,20.6174,20.6174,20.6174,20.6174,100,0
SRG_A.US,5,20260512,210000,20.6,20.68,20.6,20.605,700,0
SRG_A.US,5,20260512,214500,20.69,20.69,20.53,20.53,500,0
SRG_A.US,5,20260512,215500,20.55,20.55,20.5487,20.5487,600,0
SRG_A.US,5,20260513,154500,20.75,21.05,20.75,21,1700,0
SRG_A.US,5,20260513,155000,20.98,21.01,20.95,21,1270,0
SRG_A.US,5,20260513,160000,20.96,20.96,20.96,20.96,100,0
SRG_A.US,5,20260513,164500,21,21.02,21,21.02,900,0
SRG_A.US,5,20260513,165000,21.01,21.01,21,21,354,0
SRG_A.US,5,20260513,193500,20.8,20.8,20.8,20.8,1360,0
SRG_A.US,5,20260513,201000,20.91,20.91,20.9,20.9,1100,0
SRG_A.US,5,20260514,154000,20.65,20.65,20.65,20.65,400,0
SRG_A.US,5,20260514,174000,20.61,20.65,20.61,20.65,200,0
SRG_A.US,5,20260514,175500,21.095,21.095,21.095,21.095,360,0
SRG_A.US,5,20260514,192500,20.75,20.75,20.75,20.75,961,0
SRG_A.US,5,20260514,204000,20.63,20.63,20.63,20.63,300,0
SRG_A.US,5,20260515,154000,20.6,20.81,20.6,20.8,1300,0
SRG_A.US,5,20260515,155500,20.76,20.81,20.76,20.81,500,0
SRG_A.US,5,20260515,160000,20.83,20.83,20.83,20.83,100,0
SRG_A.US,5,20260515,203000,20.6541,20.6541,20.6541,20.6541,150,0
SRG_A.US,5,20260515,213500,20.62,20.62,20.62,20.62,412,0
SRG_A.US,5,20260518,160500,20.82,20.82,20.8101,20.8101,400,0
SRG_A.US,5,20260518,161500,20.79,20.79,20.7801,20.7801,2002,0
SRG_A.US,5,20260518,182000,20.65,20.65,20.35,20.35,2486,0
SRG_A.US,5,20260518,203500,20.5,20.5,20.5,20.5,700,0
SRG_A.US,5,20260519,153000,20.4,20.4,20.4,20.4,100,0
SRG_A.US,5,20260519,165000,20.61,20.61,20.41,20.41,3621,0
SRG_A.US,5,20260519,171500,20.37,20.4099,20.37,20.4099,200,0
SRG_A.US,5,20260519,183500,20.405,20.4499,20.405,20.4499,200,0
SRG_A.US,5,20260519,185000,20.4506,20.4506,20.41,20.41,2399,0
SRG_A.US,5,20260519,211000,20.43,20.43,20.35,20.3501,2376,0
SRG_A.US,5,20260520,155000,20.75,20.75,20.75,20.75,300,0
SRG_A.US,5,20260520,171500,20.79,20.79,20.79,20.79,340,0
SRG_A.US,5,20260520,172000,20.75,20.75,20.7401,20.7401,200,0
SRG_A.US,5,20260520,183500,20.52,20.52,20.51,20.51,800,0
SRG_A.US,5,20260520,185500,20.55,20.55,20.55,20.55,200,0
SRG_A.US,5,20260520,192000,20.5,20.5,20.5,20.5,288,0
SRG_A.US,5,20260520,192500,20.5,20.52,20.5,20.5,5142,0
SRG_A.US,5,20260520,201000,20.5,20.5,20.44,20.5,17018,0
SRG_A.US,5,20260520,210000,20.53,20.53,20.5,20.5,3333,0
SRG_A.US,5,20260520,211500,20.5,20.5,20.5,20.5,648,0
SRG_A.US,5,20260520,214000,20.49,20.5,20.43,20.5,9998,0
SRG_A.US,5,20260520,214500,20.49,20.5,20.49,20.49,2015,0
SRG_A.US,5,20260520,215000,20.49,20.5,20.49,20.495,1400,0
SRG_A.US,5,20260520,215500,20.49,20.49,20.49,20.49,380,0
SRG_A.US,5,20260521,153000,20.42,20.42,20.42,20.42,147,0
SRG_A.US,5,20260521,181500,20.65,20.65,20.64,20.64,2731,0
SRG_A.US,5,20260521,185000,20.55,20.64,20.55,20.626,700,0
SRG_A.US,5,20260521,192000,20.47,20.47,20.45,20.45,2600,0
SRG_A.US,5,20260521,192500,20.45,20.45,20.44,20.45,8794,0
SRG_A.US,5,20260521,193000,20.52,20.52,20.52,20.52,100,0
SRG_A.US,5,20260521,193500,20.46,20.46,20.46,20.46,600,0
SRG_A.US,5,20260521,194000,20.44,20.44,20.44,20.44,100,0
SRG_A.US,5,20260521,195500,20.38,20.38,20.37,20.38,7500,0
SRG_A.US,5,20260521,201500,20.39,20.39,20.39,20.39,200,0
SRG_A.US,5,20260521,203000,20.38,20.39,20.38,20.39,500,0
SRG_A.US,5,20260521,204500,20.45,20.45,20.38,20.38,2270,0
SRG_A.US,5,20260521,213000,20.34,20.34,20.32,20.32,2500,0
SRG_A.US,5,20260521,214000,20.33,20.33,20.33,20.33,1862,0
SRG_A.US,5,20260521,215000,20.31,20.32,20.31,20.32,1950,0
SRG_A.US,5,20260521,215500,20.31,20.31,20.31,20.31,429,0
SRG_A.US,5,20260522,153000,20.25,20.25,20.25,20.25,100,0
SRG_A.US,5,20260522,162500,20.55,20.55,20.55,20.55,399,0
SRG_A.US,5,20260522,165500,20.34,20.34,20.34,20.34,200,0
SRG_A.US,5,20260522,170500,20.32,20.32,20.32,20.32,100,0
SRG_A.US,5,20260522,171000,20.3,20.3,20.3,20.3,100,0
SRG_A.US,5,20260522,172500,20.02,20.03,20.01,20.02,2100,0
SRG_A.US,5,20260522,173000,20.07,20.07,20.07,20.07,2392,0
SRG_A.US,5,20260522,173500,20.07,20.07,20.07,20.07,2000,0
SRG_A.US,5,20260522,180000,20.08,20.08,20.01,20.08,8773,0
SRG_A.US,5,20260522,181500,20.08,20.0801,20.08,20.08,400,0
SRG_A.US,5,20260522,182000,20.08,20.08,20.03,20.03,800,0
SRG_A.US,5,20260522,184000,20.1,20.1,20.1,20.1,300,0
SRG_A.US,5,20260522,185500,20.1599,20.1599,20.1599,20.1599,168,0
SRG_A.US,5,20260522,194000,20.1,20.1,20.1,20.1,100,0
SRG_A.US,5,20260522,211500,20.03,20.03,20.03,20.03,1500,0
SRG_A.US,5,20260522,212500,20.04,20.04,20.03,20.03,1441,0
SRG_A.US,5,20260522,214500,20.03,20.03,20.03,20.03,390,0
SRG_A.US,5,20260522,215500,20.03,20.03,20.03,20.03,200,0
SRG_A.US,5,20260526,153000,20.04,20.04,20.04,20.04,953,0
SRG_A.US,5,20260526,164500,20.25,20.25,20.25,20.25,900,0
SRG_A.US,5,20260526,165500,20.11,20.14,20.1,20.1,1300,0
SRG_A.US,5,20260526,170000,20.07,20.07,19.96,19.96,6600,0
SRG_A.US,5,20260526,171000,19.95,19.96,19.95,19.95,400,0
SRG_A.US,5,20260526,172500,20.1,20.1,20.08,20.1,2166,0
SRG_A.US,5,20260526,173000,20.1,20.1643,20.1,20.1643,2218,0
SRG_A.US,5,20260526,181500,20.05,20.05,20.005,20.005,2321,0
SRG_A.US,5,20260526,182000,20.05,20.05,20.05,20.05,100,0
SRG_A.US,5,20260526,190000,20.05,20.05,20.05,20.05,299,0
SRG_A.US,5,20260526,190500,20.05,20.05,20.05,20.05,400,0
SRG_A.US,5,20260526,191000,20.05,20.06,20.05,20.06,2833,0
SRG_A.US,5,20260526,192000,20.06,20.07,20.05,20.06,21597,0
SRG_A.US,5,20260526,192500,20.07,20.07,20.06,20.06,1000,0
SRG_A.US,5,20260526,193000,20.25,20.25,20.12,20.12,700,0
SRG_A.US,5,20260526,193500,20.2,20.2,20,20,2701,0
SRG_A.US,5,20260526,194000,20.145,20.145,20.145,20.145,100,0
SRG_A.US,5,20260526,215000,20.07,20.07,20.07,20.07,100,0
SRG_A.US,5,20260526,215500,20.08,20.09,20.045,20.045,1241,0
SRG_A.US,5,20260527,155000,20.51,20.51,20.51,20.51,100,0
SRG_A.US,5,20260527,163000,20.2,20.2,20.2,20.2,500,0
SRG_A.US,5,20260527,164000,20.35,20.8,20.35,20.8,300,0
SRG_A.US,5,20260527,164500,20.55,20.75,20.55,20.75,500,0
SRG_A.US,5,20260527,165000,20.46,20.46,20.31,20.31,400,0
SRG_A.US,5,20260527,165500,20.55,20.55,20.5,20.5,200,0
SRG_A.US,5,20260527,170000,20.5,20.5,20.5,20.5,453,0
SRG_A.US,5,20260527,170500,20.5,20.5,20.23,20.32,1000,0
SRG_A.US,5,20260527,171000,20.19,20.32,20.16,20.32,300,0
SRG_A.US,5,20260527,171500,20.32,20.32,20.32,20.32,100,0
SRG_A.US,5,20260527,172000,20.32,20.32,20.32,20.32,200,0
SRG_A.US,5,20260527,172500,20.32,20.48,20.32,20.32,300,0
SRG_A.US,5,20260527,173000,20.17,20.29,20.15,20.15,400,0
SRG_A.US,5,20260527,173500,20.16,20.29,20.15,20.29,705,0
SRG_A.US,5,20260527,174000,20.29,20.29,20.29,20.29,200,0
SRG_A.US,5,20260527,175000,20.18,20.25,20.17,20.25,7247,0
SRG_A.US,5,20260527,175500,20.29,20.29,20.2,20.2,308,0
SRG_A.US,5,20260527,180000,20.28,20.29,20.2,20.2,555,0
SRG_A.US,5,20260527,180500,20.25,20.28,20.2,20.2,657,0
SRG_A.US,5,20260527,181000,20.29,20.29,20.2,20.2,400,0
SRG_A.US,5,20260527,181500,20.27,20.28,20.2,20.2,2797,0
SRG_A.US,5,20260527,182000,20.21,20.26,20.175,20.175,1930,0
SRG_A.US,5,20260527,182500,20.175,20.25,20.175,20.25,300,0
SRG_A.US,5,20260527,183000,20.175,20.175,20.175,20.175,100,0
SRG_A.US,5,20260527,183500,20.175,20.175,20.175,20.175,312,0
SRG_A.US,5,20260527,184000,20.175,20.175,20.175,20.175,400,0
SRG_A.US,5,20260527,184500,20.17,20.17,20.17,20.17,100,0
SRG_A.US,5,20260527,185000,20.17,20.23,20.17,20.17,497,0
SRG_A.US,5,20260527,185500,20.17,20.17,20.17,20.17,400,0
SRG_A.US,5,20260527,190000,20.17,20.17,20.17,20.17,100,0
SRG_A.US,5,20260527,190500,20.17,20.175,20.11,20.11,500,0
SRG_A.US,5,20260527,191000,20.16,20.16,20.16,20.16,100,0
SRG_A.US,5,20260527,191500,20.16,20.16,20.16,20.16,100,0
SRG_A.US,5,20260527,192000,20.16,20.16,20.1,20.1,400,0
SRG_A.US,5,20260527,192500,20.13,20.13,20.13,20.13,100,0
SRG_A.US,5,20260527,193000,20.13,20.13,20.13,20.13,200,0
SRG_A.US,5,20260527,193500,20.13,20.13,20.05,20.095,400,0
SRG_A.US,5,20260527,194000,20.095,20.095,20.095,20.095,100,0
SRG_A.US,5,20260527,194500,20.01,20.01,20.01,20.01,200,0
SRG_A.US,5,20260527,195500,20,20,20,20,100,0
SRG_A.US,5,20260527,200000,20,20,20,20,200,0
SRG_A.US,5,20260527,200500,20,20,20,20,100,0
SRG_A.US,5,20260527,201000,20,20,20,20,100,0
SRG_A.US,5,20260527,201500,20.1,20.1,20,20,500,0
SRG_A.US,5,20260527,202000,20,20,20,20,400,0
SRG_A.US,5,20260527,202500,20,20.1,20,20,300,0
SRG_A.US,5,20260527,203000,20,20,20,20,200,0
SRG_A.US,5,20260527,203500,20.09,20.09,19.935,19.935,261,0
SRG_A.US,5,20260527,204000,20,20.09,19.95,20.01,1600,0
SRG_A.US,5,20260527,204500,20.015,20.13,20,20.095,2972,0
SRG_A.US,5,20260527,205000,20.095,20.095,20.095,20.095,208,0
SRG_A.US,5,20260527,205500,20.095,20.1,20.095,20.1,200,0
SRG_A.US,5,20260527,210000,20.1,20.1,20.1,20.1,312,0
SRG_A.US,5,20260527,210500,20.1,20.1,20.03,20.095,300,0
SRG_A.US,5,20260527,211000,20.03,20.095,20.03,20.095,300,0
SRG_A.US,5,20260527,211500,20.095,20.095,20.01,20.075,636,0
SRG_A.US,5,20260527,212000,20.065,20.065,20.065,20.065,100,0
SRG_A.US,5,20260527,212500,20.075,20.075,20,20.065,655,0
SRG_A.US,5,20260527,213000,20.065,20.065,20,20.01,1769,0
SRG_A.US,5,20260527,213500,20.13,20.13,20.13,20.13,100,0
SRG_A.US,5,20260527,215000,20.13,20.13,20,20.13,1376,0
SRG_A.US,5,20260527,215500,20.005,20.005,20,20,624,0
SRG_A.US,5,20260528,174500,20.5,20.5,20.5,20.5,100,0
SRG_A.US,5,20260528,180000,20.06,20.06,20,20,3119,0
SRG_A.US,5,20260528,182500,19.9,19.98,19.9,19.94,1000,0
SRG_A.US,5,20260528,184000,19.98,19.98,19.98,19.98,2500,0
SRG_A.US,5,20260528,190000,19.94,19.94,19.94,19.94,363,0
SRG_A.US,5,20260528,193000,19.94,19.94,19.94,19.94,583,0
SRG_A.US,5,20260528,205500,20.11,20.11,20.11,20.11,100,0
SRG_A.US,5,20260528,210000,20.21,20.21,20.21,20.21,100,0
SRG_A.US,5,20260529,162000,20.3,20.3,20.3,20.3,100,0
SRG_A.US,5,20260529,171500,20.4,20.4,20.4,20.4,300,0
SRG_A.US,5,20260529,172500,20.4,20.4,20.4,20.4,300,0
SRG_A.US,5,20260529,181000,20.61,20.61,20.61,20.61,261,0
SRG_A.US,5,20260529,182500,20.25,20.25,20.25,20.25,200,0
SRG_A.US,5,20260529,190500,20.325,20.325,20.325,20.325,150,0
SRG_A.US,5,20260529,191500,20.35,20.35,20.35,20.35,550,0
SRG_A.US,5,20260529,200500,20.3,20.31,20.3,20.31,900,0
SRG_A.US,5,20260529,213000,20.3,20.3,20.26,20.26,200,0
SRG_A.US,5,20260601,153000,20.16,20.16,20.16,20.16,100,0
SRG_A.US,5,20260601,213500,20.37,20.37,20.35,20.35,300,0
SRG_A.US,5,20260602,165000,21.25,21.25,21.25,21.25,200,0
SRG_A.US,5,20260602,183500,20.75,20.9135,20.75,20.9135,433,0
SRG_A.US,5,20260602,200000,20.9,20.9,20.9,20.9,100,0
SRG_A.US,5,20260602,201500,20.82,20.82,20.82,20.82,100,0
SRG_A.US,5,20260602,203000,20.81,20.81,20.81,20.81,100,0
SRG_A.US,5,20260602,204500,20.83,20.83,20.83,20.83,100,0
SRG_A.US,5,20260602,214500,20.97,20.97,20.97,20.97,100,0
SRG_A.US,5,20260602,215500,20.9,20.9,20.9,20.9,100,0
SRG_A.US,5,20260603,153000,20.66,20.66,20.66,20.66,100,0
SRG_A.US,5,20260603,160000,21.1,21.1,21.1,21.1,497,0
SRG_A.US,5,20260603,172000,20.95,20.95,20.95,20.95,100,0
SRG_A.US,5,20260603,183500,20.79,20.79,20.79,20.79,100,0
SRG_A.US,5,20260603,184000,20.75,20.75,20.75,20.75,1100,0
SRG_A.US,5,20260603,184500,20.79,20.79,20.79,20.79,100,0
SRG_A.US,5,20260603,185000,20.79,20.79,20.79,20.79,100,0
SRG_A.US,5,20260603,190000,20.9,20.9,20.9,20.9,100,0
SRG_A.US,5,20260604,161500,21,21,21,21,100,0
SRG_A.US,5,20260604,164000,20.998,20.998,20.998,20.998,275,0
SRG_A.US,5,20260604,165500,21.04,21.05,21.04,21.05,833,0
SRG_A.US,5,20260604,184500,20.9579,20.9579,20.9579,20.9579,400,0
SRG_A.US,5,20260604,185000,21.04,21.04,21.03,21.03,200,0
SRG_A.US,5,20260604,190000,20.99,20.99,20.99,20.99,100,0
SRG_A.US,5,20260604,190500,21.1,21.1,21.09,21.1,6898,0
SRG_A.US,5,20260604,193000,21.32,21.32,21.32,21.32,200,0
SRG_A.US,5,20260604,200000,21.054,21.054,21.054,21.054,120,0
SRG_A.US,5,20260605,153000,21,21,21,21,100,0
SRG_A.US,5,20260605,154000,21.25,21.25,21.25,21.25,100,0
SRG_A.US,5,20260605,172000,21.25,21.25,21.25,21.25,2000,0
SRG_A.US,5,20260605,181500,21.1599,21.1599,21.1599,21.1599,1191,0
SRG_A.US,5,20260605,194000,21.01,21.01,21,21,800,0
SRG_A.US,5,20260605,213000,20.97,20.97,20.97,20.97,100,0
SRG_A.US,5,20260605,213500,20.97,20.97,20.97,20.97,100,0
SRG_A.US,5,20260605,214000,20.92,20.94,20.92,20.92,374,0
SRG_A.US,5,20260605,214500,20.94,20.94,20.94,20.94,100,0
SRG_A.US,5,20260608,153000,20.92,21.12,20.92,21.12,500,0
SRG_A.US,5,20260608,154500,21,21,21,21,300,0
SRG_A.US,5,20260608,163000,21.07,21.07,21.07,21.07,100,0
SRG_A.US,5,20260608,165000,21.1,21.1,21,21,500,0
SRG_A.US,5,20260608,165500,21.11,21.3,21.11,21.3,420,0
SRG_A.US,5,20260608,174500,21.1,21.1,21.1,21.1,600,0
SRG_A.US,5,20260608,175500,21.4,21.4,21.1,21.15,2600,0
SRG_A.US,5,20260608,203500,21.85,21.85,21,21,1700,0
SRG_A.US,5,20260608,205500,21.21,21.21,21.21,21.21,200,0
SRG_A.US,5,20260608,210000,21.21,21.21,21.21,21.21,200,0
SRG_A.US,5,20260608,211000,21.25,21.25,21.2,21.2,500,0
SRG_A.US,5,20260609,154000,21.5,21.65,21.5,21.65,500,0
SRG_A.US,5,20260609,160000,21.5,21.5,21.5,21.5,800,0
SRG_A.US,5,20260609,182500,21.6035,21.6035,21.6035,21.6035,100,0
SRG_A.US,5,20260609,204000,21.75,21.75,21.75,21.75,100,0
SRG_A.US,5,20260609,213500,21.6794,21.6794,21.6794,21.6794,2000,0
SRG_A.US,5,20260610,161500,21,21,21,21,150,0
SRG_A.US,5,20260610,172500,21.6,21.6,21.6,21.6,100,0
SRG_A.US,5,20260610,193000,21.69,21.69,21.69,21.69,100,0
SRG_A.US,5,20260610,200000,21.99,21.99,21.99,21.99,100,0
SRG_A.US,5,20260610,201000,21.6631,21.6631,21.6631,21.6631,635,0
SRG_A.US,5,20260610,202000,21.98,21.98,21.98,21.98,100,0
SRG_A.US,5,20260610,211000,21.83,21.83,21.83,21.83,227,0
SRG_A.US,5,20260610,212000,21.84,21.98,21.81,21.81,781,0
SRG_A.US,5,20260610,214500,21.98,21.98,21.98,21.98,100,0
SRG_A.US,5,20260610,215000,21.941,21.941,21.941,21.941,100,0
SRG_A.US,5,20260611,160000,22,22,22,22,100,0
SRG_A.US,5,20260611,172000,22.4,22.4,22.4,22.4,100,0
SRG_A.US,5,20260611,201000,22.2,22.2,22.2,22.2,100,0
SRG_A.US,5,20260611,201500,22,22,22,22,1000,0
SRG_A.US,5,20260611,202000,22.2,22.2,22.2,22.2,100,0
SRG_A.US,5,20260611,202500,22.2,22.2,22.2,22.2,300,0
SRG_A.US,5,20260611,204000,22.2,22.2,22.2,22.2,100,0
SRG_A.US,5,20260611,205500,22.2,22.2,22.2,22.2,100,0
SRG_A.US,5,20260611,211000,22.2,22.2,22.2,22.2,100,0
SRG_A.US,5,20260611,213500,22.15,22.15,22.15,22.15,100,0
SRG_A.US,5,20260611,215000,22.17,22.17,22.17,22.17,100,0
SRG_A.US,5,20260612,195000,21.7601,22.49,21.7601,22.49,300,0
SRG_A.US,5,20260612,212000,22.27,22.27,22.27,22.27,100,0
SRG_A.US,5,20260612,213000,22.22,22.22,22.2,22.2,200,0
SRG_A.US,5,20260612,213500,22.2,22.2,22.2,22.2,200,0
SRG_A.US,5,20260612,214500,22.2,22.2,22,22,300,0
SRG_A.US,5,20260612,215000,22.2,22.2,22.2,22.2,100,0
SRG_A.US,5,20260612,215500,22.2,22.2,22.2,22.2,800,0
SRG_A.US,5,20260615,153000,21.95,21.95,21.95,21.95,100,0
SRG_A.US,5,20260615,154000,22.5,22.5,22.5,22.5,100,0
SRG_A.US,5,20260615,171000,22.3,22.3,22.3,22.3,100,0
SRG_A.US,5,20260615,183000,22.3,22.3,22.3,22.3,100,0
SRG_A.US,5,20260615,185500,22.3,22.3,22.3,22.3,100,0
SRG_A.US,5,20260615,193000,22.3,22.3,22.3,22.3,100,0
SRG_A.US,5,20260615,200000,22.3,22.3,22.3,22.3,100,0
SRG_A.US,5,20260615,203000,22.3,22.3,22.3,22.3,100,0
SRG_A.US,5,20260615,211500,22.3,22.3,22.3,22.3,100,0
SRG_A.US,5,20260615,214500,22.3,22.3,22.3,22.3,100,0
SRG_A.US,5,20260616,153000,22.07,22.46,22.07,22.46,200,0
SRG_A.US,5,20260616,153500,21.975,21.975,21.975,21.975,100,0
SRG_A.US,5,20260616,154000,22.19,22.19,22.19,22.19,200,0
SRG_A.US,5,20260616,161500,22.4,22.4,22.4,22.4,100,0
SRG_A.US,5,20260616,170000,22.4,22.4,22.4,22.4,100,0
SRG_A.US,5,20260616,174500,22.4,22.4,22.4,22.4,100,0
SRG_A.US,5,20260616,183000,22.4,22.4,22.4,22.4,100,0
SRG_A.US,5,20260616,191000,22.195,22.195,22.195,22.195,100,0
SRG_A.US,5,20260616,194500,22.2,22.2,22.2,22.2,100,0
SRG_A.US,5,20260616,202500,22.175,22.175,22.175,22.175,100,0
SRG_A.US,5,20260616,212000,22.125,22.125,22.125,22.125,100,0
SRG_A.US,5,20260617,154500,22.41,22.41,22.03,22.03,1000,0
SRG_A.US,5,20260617,160500,22.2,22.22,22.2,22.22,232,0
SRG_A.US,5,20260617,161500,22.04,22.07,22.03,22.03,500,0
SRG_A.US,5,20260617,164000,22.03,22.03,22.03,22.03,499,0
SRG_A.US,5,20260617,170000,21.75,21.75,21.75,21.75,600,0
SRG_A.US,5,20260617,173500,22.03,22.03,22.03,22.03,100,0
SRG_A.US,5,20260617,192500,21.695,21.695,21.695,21.695,100,0
SRG_A.US,5,20260617,194000,21.9,21.9,21.9,21.9,300,0
SRG_A.US,5,20260617,194500,21.45,21.6,21.45,21.6,937,0
SRG_A.US,5,20260617,200500,22.03,22.03,22.03,22.03,100,0
SRG_A.US,5,20260617,203000,21.99,21.99,21.99,21.99,100,0
SRG_A.US,5,20260617,205000,22.03,22.03,22.03,22.03,100,0
SRG_A.US,5,20260617,211500,22.03,22.03,22.03,22.03,100,0
SRG_A.US,5,20260617,212000,21.81,21.84,21.75,21.75,313,0
SRG_A.US,5,20260617,214000,22.03,22.03,22.03,22.03,100,0
SRG_A.US,5,20260618,153000,22.08,22.08,22.08,22.08,100,0
SRG_A.US,5,20260618,165000,22.09,22.09,22.09,22.09,200,0
SRG_A.US,5,20260618,170000,22.08,22.08,22.08,22.08,100,0
SRG_A.US,5,20260618,174500,22.09,22.09,22.09,22.09,100,0
SRG_A.US,5,20260618,182500,22.08,22.08,22.08,22.08,100,0
SRG_A.US,5,20260618,191000,22.06,22.06,22.06,22.06,100,0
SRG_A.US,5,20260618,195500,22.08,22.08,22.08,22.08,100,0
SRG_A.US,5,20260618,204000,22.08,22.08,22.08,22.08,100,0
SRG_A.US,5,20260618,212500,22.07,22.07,22.07,22.07,100,0
SRG_A.US,5,20260622,153000,22.42,22.42,22.42,22.42,100,0
SRG_A.US,5,20260622,173500,22,22,22,22,150,0
SRG_A.US,5,20260622,174500,22.18,22.35,22.18,22.35,400,0
SRG_A.US,5,20260622,183500,22,22,21.99,21.99,2100,0
SRG_A.US,5,20260622,184500,21.94,21.94,21.94,21.94,100,0
SRG_A.US,5,20260622,185000,21.93,21.93,21.93,21.93,100,0
SRG_A.US,5,20260622,185500,21.925,21.925,21.925,21.925,686,0
SRG_A.US,5,20260622,192500,22.4,22.4,22.4,22.4,100,0
SRG_A.US,5,20260622,193000,22.32,22.32,22.2,22.2,1827,0
SRG_A.US,5,20260622,200500,22.2,22.2,22.2,22.2,100,0
SRG_A.US,5,20260622,211500,22.2,22.2,22.2,22.2,100,0
SRG_A.US,5,20260622,214000,22.2,22.2,22.2,22.2,100,0
