<TICKER>,<PER>,<DATE>,<TIME>,<OPEN>,<HIGH>,<LOW>,<CLOSE>,<VOL>,<OPENINT>
STRN.US,5,20260126,162000,23.2409,23.2409,23.2409,23.2409,100,0
STRN.US,5,20260126,164000,23.16,23.16,23.16,23.16,100,0
STRN.US,5,20260126,182500,23.2816,23.2816,23.2816,23.2816,303,0
STRN.US,5,20260126,183000,23.2784,23.2784,23.2784,23.2784,366,0
STRN.US,5,20260127,153000,23.31,23.31,23.31,23.31,100,0
STRN.US,5,20260127,155500,23.31,23.31,23.31,23.31,100,0
STRN.US,5,20260127,161500,23.35,23.35,23.35,23.35,200,0
STRN.US,5,20260127,171000,23.403,23.403,23.403,23.403,548,0
STRN.US,5,20260127,175500,23.4,23.4,23.4,23.4,434,0
STRN.US,5,20260127,215500,23.46,23.46,23.46,23.46,125,0
STRN.US,5,20260128,153500,23.44,23.44,23.44,23.44,100,0
STRN.US,5,20260128,155000,23.48,23.48,23.48,23.48,100,0
STRN.US,5,20260128,161000,23.4,23.4,23.4,23.4,103,0
STRN.US,5,20260128,200000,23.355,23.4,23.355,23.4,719,0
STRN.US,5,20260128,210500,23.4426,23.4426,23.4426,23.4426,100,0
STRN.US,5,20260128,215500,23.41,23.41,23.41,23.41,100,0
STRN.US,5,20260129,153000,23.62,23.62,23.62,23.62,100,0
STRN.US,5,20260129,162500,23.2615,23.2615,23.245,23.245,256,0
STRN.US,5,20260129,164500,23.08,23.08,23.08,23.08,300,0
STRN.US,5,20260129,194000,23.33,23.33,23.33,23.33,254,0
STRN.US,5,20260129,204000,23.285,23.285,23.285,23.285,380,0
STRN.US,5,20260129,204500,23.29,23.29,23.29,23.29,1034,0
STRN.US,5,20260129,212000,23.31,23.31,23.28,23.28,500,0
STRN.US,5,20260129,212500,23.28,23.28,23.28,23.28,100,0
STRN.US,5,20260129,213500,23.31,23.31,23.31,23.31,100,0
STRN.US,5,20260129,215500,23.46,23.46,23.46,23.46,358,0
STRN.US,5,20260130,153000,23.21,23.21,23.21,23.21,200,0
STRN.US,5,20260130,161000,23.27,23.27,23.27,23.27,100,0
STRN.US,5,20260130,163000,23.174,23.174,23.174,23.174,263,0
STRN.US,5,20260130,215000,22.87,22.87,22.85,22.87,1009,0
STRN.US,5,20260202,153000,22.89,22.89,22.89,22.89,100,0
STRN.US,5,20260202,180500,23.1607,23.1607,23.16,23.16,549,0
STRN.US,5,20260202,191500,23.16,23.16,23.16,23.16,100,0
STRN.US,5,20260202,192500,23.16,23.16,23.16,23.16,100,0
STRN.US,5,20260202,213000,23.125,23.125,23.125,23.125,101,0
STRN.US,5,20260202,214000,23.11,23.11,23.11,23.11,290,0
STRN.US,5,20260202,215500,23.16,23.16,23.16,23.16,100,0
STRN.US,5,20260203,153000,23.65,23.65,23.47,23.47,1100,0
STRN.US,5,20260203,173000,23.12,23.12,23.12,23.12,600,0
STRN.US,5,20260203,192000,22.8,22.8,22.78,22.78,200,0
STRN.US,5,20260203,202500,22.81,22.81,22.81,22.81,400,0
STRN.US,5,20260204,212500,22.48,22.4839,22.43,22.4839,1678,0
STRN.US,5,20260204,215500,22.37,22.37,22.37,22.37,147,0
STRN.US,5,20260205,153500,21.92,21.92,21.92,21.92,100,0
STRN.US,5,20260205,162000,21.75,21.75,21.71,21.7436,1225,0
STRN.US,5,20260205,170500,21.7375,21.76,21.7375,21.75,1137,0
STRN.US,5,20260205,173000,22,22,22,22,100,0
STRN.US,5,20260205,180000,22.01,22.01,22.01,22.01,100,0
STRN.US,5,20260205,181500,21.97,21.97,21.97,21.97,100,0
STRN.US,5,20260205,184000,22.04,22.04,22.04,22.04,217,0
STRN.US,5,20260205,184500,22.06,22.0799,22.06,22.0799,300,0
STRN.US,5,20260205,215500,21.91,21.91,21.91,21.91,194,0
STRN.US,5,20260206,153500,22.44,22.44,22.44,22.44,200,0
STRN.US,5,20260206,192000,22.685,22.685,22.66,22.66,1976,0
STRN.US,5,20260206,192500,22.69,22.69,22.69,22.69,100,0
STRN.US,5,20260206,215500,22.76,22.77,22.75,22.75,566,0
STRN.US,5,20260209,153000,22.65,22.65,22.65,22.65,200,0
STRN.US,5,20260209,153500,22.89,22.89,22.89,22.89,300,0
STRN.US,5,20260209,154000,22.92,22.92,22.92,22.92,100,0
STRN.US,5,20260209,161500,22.98,22.98,22.98,22.98,349,0
STRN.US,5,20260209,171500,23.0899,23.0899,23.0899,23.0899,100,0
STRN.US,5,20260209,173000,23.08,23.08,23.08,23.08,200,0
STRN.US,5,20260209,181500,23.11,23.11,23.1,23.1,240,0
STRN.US,5,20260209,205000,23.1128,23.1128,23.1128,23.1128,122,0
STRN.US,5,20260210,154000,22.79,22.79,22.79,22.79,100,0
STRN.US,5,20260210,180500,22.76,22.76,22.76,22.76,430,0
STRN.US,5,20260210,193500,22.655,22.655,22.655,22.655,686,0
STRN.US,5,20260210,201500,22.67,22.67,22.67,22.67,2102,0
STRN.US,5,20260210,210000,22.7,22.7,22.7,22.7,100,0
STRN.US,5,20260210,211500,22.69,22.699,22.69,22.699,1000,0
STRN.US,5,20260210,212000,22.6701,22.6704,22.67,22.6704,2000,0
STRN.US,5,20260210,212500,22.6949,22.6949,22.6949,22.6949,272,0
STRN.US,5,20260210,215500,22.645,22.645,22.62,22.62,423,0
STRN.US,5,20260211,153000,23.29,23.29,23.29,23.29,113,0
STRN.US,5,20260211,154000,23.1836,23.1836,23.1836,23.1836,100,0
STRN.US,5,20260211,190500,22.815,22.815,22.815,22.815,177,0
STRN.US,5,20260211,193500,22.82,22.82,22.82,22.82,500,0
STRN.US,5,20260211,204500,22.9518,22.9518,22.9518,22.9518,100,0
STRN.US,5,20260211,205500,22.94,22.94,22.94,22.94,100,0
STRN.US,5,20260212,170000,22.88,22.88,22.88,22.88,300,0
STRN.US,5,20260212,172500,22.58,22.61,22.57,22.58,28887,0
STRN.US,5,20260212,180000,22.64,22.64,22.64,22.64,100,0
STRN.US,5,20260212,180500,22.62,22.64,22.62,22.64,600,0
STRN.US,5,20260212,181000,22.63,22.63,22.63,22.63,300,0
STRN.US,5,20260212,181500,22.6214,22.6214,22.6214,22.6214,211,0
STRN.US,5,20260212,190500,22.63,22.63,22.63,22.63,261,0
STRN.US,5,20260212,215500,22.46,22.46,22.46,22.46,100,0
STRN.US,5,20260213,154000,22.1701,22.1701,22.1701,22.1701,200,0
STRN.US,5,20260213,163000,22.65,22.65,22.62,22.65,1738,0
STRN.US,5,20260213,190500,22.7,22.7,22.67,22.67,340,0
STRN.US,5,20260213,214500,22.5,22.5,22.5,22.5,154,0
STRN.US,5,20260213,215500,22.57,22.57,22.57,22.57,300,0
STRN.US,5,20260217,154500,22.3798,22.3798,22.3798,22.3798,147,0
STRN.US,5,20260217,181500,22.5,22.5,22.5,22.5,715,0
STRN.US,5,20260217,184500,22.47,22.47,22.47,22.47,100,0
STRN.US,5,20260217,211500,22.5207,22.5207,22.5207,22.5207,124,0
STRN.US,5,20260218,162000,22.85,22.85,22.85,22.85,746,0
STRN.US,5,20260218,202000,22.71,22.74,22.71,22.74,487,0
STRN.US,5,20260218,202500,22.72,22.72,22.72,22.72,100,0
STRN.US,5,20260219,163000,22.605,22.61,22.605,22.61,846,0
STRN.US,5,20260219,174500,22.6,22.6,22.6,22.6,100,0
STRN.US,5,20260219,183500,22.53,22.53,22.53,22.53,300,0
STRN.US,5,20260219,184000,22.515,22.515,22.515,22.515,100,0
STRN.US,5,20260219,184500,22.51,22.54,22.5,22.5,660,0
STRN.US,5,20260219,212500,22.55,22.55,22.55,22.55,101,0
STRN.US,5,20260220,161500,22.67,22.67,22.67,22.67,100,0
STRN.US,5,20260220,181500,22.73,22.73,22.73,22.73,100,0
STRN.US,5,20260220,211000,22.86,22.86,22.86,22.86,100,0
STRN.US,5,20260220,212000,22.8221,22.8221,22.8221,22.8221,234,0
STRN.US,5,20260223,153000,22.93,22.93,22.93,22.93,100,0
STRN.US,5,20260223,164000,22.7601,22.7601,22.72,22.72,491,0
STRN.US,5,20260223,193500,22.71,22.71,22.71,22.71,300,0
STRN.US,5,20260224,155000,22.665,22.665,22.665,22.665,100,0
STRN.US,5,20260224,163000,22.82,22.82,22.8199,22.8199,513,0
STRN.US,5,20260224,193000,22.96,22.96,22.9,22.9,2035,0
STRN.US,5,20260225,153500,23.11,23.11,23.11,23.11,100,0
STRN.US,5,20260225,162000,23.12,23.12,23.12,23.12,219,0
STRN.US,5,20260225,181500,23.28,23.28,23.28,23.28,3048,0
STRN.US,5,20260225,190000,23.28,23.32,23.28,23.32,1307,0
STRN.US,5,20260225,214500,23.28,23.28,23.28,23.28,1787,0
STRN.US,5,20260226,162500,22.71,22.71,22.71,22.71,100,0
STRN.US,5,20260226,175000,22.875,22.875,22.875,22.875,243,0
STRN.US,5,20260226,181500,22.87,22.87,22.8699,22.8699,314,0
STRN.US,5,20260226,190000,22.83,22.83,22.83,22.83,243,0
STRN.US,5,20260226,204000,22.97,22.985,22.97,22.985,540,0
STRN.US,5,20260226,214500,23.02,23.02,23.02,23.02,440,0
STRN.US,5,20260302,181000,22.66,22.66,22.64,22.64,1700,0
STRN.US,5,20260302,212000,22.655,22.655,22.655,22.655,106,0
STRN.US,5,20260302,214500,22.69,22.69,22.66,22.66,1066,0
STRN.US,5,20260303,155500,21.77,21.77,21.77,21.77,600,0
STRN.US,5,20260303,161500,21.63,21.63,21.63,21.63,3026,0
STRN.US,5,20260303,174000,21.94,21.9649,21.94,21.9401,955,0
STRN.US,5,20260303,190000,22.02,22.02,22.02,22.02,800,0
STRN.US,5,20260303,210500,21.9399,21.94,21.915,21.915,599,0
STRN.US,5,20260304,153500,22.08,22.08,22.08,22.08,400,0
STRN.US,5,20260304,164500,22.13,22.13,22.13,22.13,300,0
STRN.US,5,20260304,170000,22.18,22.18,22.16,22.16,800,0
STRN.US,5,20260304,171000,22.0899,22.0899,22.03,22.03,1134,0
STRN.US,5,20260304,171500,22.08,22.09,22.08,22.09,600,0
STRN.US,5,20260304,192500,22.03,22.03,22.03,22.03,1227,0
STRN.US,5,20260304,193000,22.04,22.04,22.04,22.04,120,0
STRN.US,5,20260304,194000,22.1,22.1,22.1,22.1,1703,0
STRN.US,5,20260304,203500,22.06,22.06,22.06,22.06,125,0
STRN.US,5,20260305,161500,21.9399,21.9399,21.9399,21.9399,332,0
STRN.US,5,20260305,162000,21.83,21.83,21.83,21.83,250,0
STRN.US,5,20260305,163000,21.76,21.76,21.76,21.76,137,0
STRN.US,5,20260305,170500,21.77,21.77,21.77,21.77,300,0
STRN.US,5,20260305,200000,21.33,21.33,21.33,21.33,1000,0
STRN.US,5,20260305,213500,21.51,21.51,21.51,21.51,116,0
STRN.US,5,20260305,214000,21.52,21.52,21.52,21.52,100,0
STRN.US,5,20260305,214500,21.4802,21.5099,21.47,21.5099,401,0
STRN.US,5,20260305,215500,21.57,21.57,21.565,21.565,1462,0
STRN.US,5,20260306,153500,21.05,21.07,21.05,21.07,730,0
STRN.US,5,20260306,161000,21.27,21.27,21.2697,21.2697,222,0
STRN.US,5,20260306,173500,21.21,21.21,21.21,21.21,426,0
STRN.US,5,20260306,183000,21.1539,21.1539,21.1539,21.1539,200,0
STRN.US,5,20260306,193500,21.17,21.17,21.17,21.17,1210,0
STRN.US,5,20260306,194500,21.18,21.18,21.18,21.18,1604,0
STRN.US,5,20260306,211000,21.06,21.06,21.06,21.06,100,0
STRN.US,5,20260306,212000,20.98,20.98,20.98,20.98,261,0
STRN.US,5,20260306,215500,20.905,20.905,20.905,20.905,381,0
STRN.US,5,20260309,151000,20.71,20.71,20.71,20.71,250,0
STRN.US,5,20260309,154500,20.92,20.94,20.92,20.94,128273,0
STRN.US,5,20260309,162000,21.02,21.02,21.02,21.02,300,0
STRN.US,5,20260309,170500,21.105,21.105,21.08,21.097,1032,0
STRN.US,5,20260309,174500,21.17,21.17,21.17,21.17,300,0
STRN.US,5,20260309,180000,21.1,21.12,21.1,21.12,368,0
STRN.US,5,20260309,194000,21.11,21.11,21.11,21.11,1190,0
STRN.US,5,20260309,202000,21.3449,21.3449,21.32,21.32,282,0
STRN.US,5,20260309,205500,21.49,21.51,21.49,21.51,6038,0
STRN.US,5,20260310,143500,21.7662,21.7662,21.7662,21.7662,100,0
STRN.US,5,20260310,151500,21.82,21.82,21.82,21.82,945,0
STRN.US,5,20260310,180000,22.07,22.07,22.07,22.07,300,0
STRN.US,5,20260310,182000,22.135,22.15,22.135,22.15,558,0
STRN.US,5,20260310,191500,22.035,22.06,22.011,22.0111,1146,0
STRN.US,5,20260311,161500,21.855,21.855,21.855,21.855,101,0
STRN.US,5,20260312,145500,21.18,21.18,21.18,21.18,100,0
STRN.US,5,20260312,151500,21.35,21.35,21.35,21.35,600,0
STRN.US,5,20260312,161000,21.11,21.11,21.11,21.11,100,0
STRN.US,5,20260312,182000,21.33,21.33,21.33,21.33,125,0
STRN.US,5,20260312,200000,21.3,21.3,21.3,21.3,125,0
STRN.US,5,20260312,205500,21.23,21.23,21.23,21.23,120,0
STRN.US,5,20260313,152000,21.45,21.45,21.45,21.45,185,0
STRN.US,5,20260313,162500,21.275,21.275,21.275,21.275,458,0
STRN.US,5,20260313,205000,21.19,21.19,21.19,21.19,188,0
STRN.US,5,20260313,205500,21.2,21.2,21.2,21.2,101,0
STRN.US,5,20260316,151500,21.7,21.7,21.7,21.7,115,0
STRN.US,5,20260316,182500,21.5959,21.5959,21.59,21.59,200,0
STRN.US,5,20260316,184000,21.58,21.58,21.58,21.58,700,0
STRN.US,5,20260316,195500,21.615,21.63,21.615,21.63,461,0
STRN.US,5,20260317,150000,21.643,21.643,21.643,21.643,192,0
STRN.US,5,20260318,145500,21.73,21.73,21.73,21.73,1569,0
STRN.US,5,20260318,160000,21.73,21.73,21.73,21.73,100,0
STRN.US,5,20260318,180000,21.68,21.68,21.68,21.68,400,0
STRN.US,5,20260318,193000,21.66,21.66,21.63,21.63,89661,0
STRN.US,5,20260318,201000,21.53,21.53,21.53,21.53,300,0
STRN.US,5,20260318,203000,21.46,21.485,21.46,21.485,566,0
STRN.US,5,20260318,205500,21.44,21.44,21.41,21.41,685,0
STRN.US,5,20260319,150500,21.3,21.315,21.29,21.315,992,0
STRN.US,5,20260319,151500,21.36,21.36,21.36,21.36,266,0
STRN.US,5,20260319,165000,21.34,21.34,21.336,21.336,260,0
STRN.US,5,20260319,170500,21.41,21.41,21.41,21.41,100,0
STRN.US,5,20260319,191500,21.51,21.51,21.51,21.51,287,0
STRN.US,5,20260320,150000,21.3301,21.3301,21.3301,21.3301,100,0
STRN.US,5,20260320,161000,21.22,21.22,21.16,21.16,796,0
STRN.US,5,20260320,162000,21.175,21.1858,21.1401,21.1401,734,0
STRN.US,5,20260320,180500,21.14,21.14,21.14,21.14,100,0
STRN.US,5,20260320,182000,21.1,21.1,21.1,21.1,259,0
STRN.US,5,20260320,192500,20.98,20.98,20.95,20.95,200,0
STRN.US,5,20260320,200000,20.93,20.93,20.93,20.93,200,0
STRN.US,5,20260320,202500,20.92,20.92,20.92,20.92,103,0
STRN.US,5,20260323,153000,21.57,21.57,21.57,21.57,200,0
STRN.US,5,20260324,152500,21.18,21.18,21.18,21.18,100,0
STRN.US,5,20260324,161500,21.37,21.37,21.37,21.37,100,0
STRN.US,5,20260324,185000,21.32,21.32,21.32,21.32,200,0
STRN.US,5,20260324,185500,21.365,21.365,21.365,21.365,195,0
STRN.US,5,20260325,150000,21.46,21.46,21.45,21.45,788,0
STRN.US,5,20260325,150500,21.4857,21.4857,21.4857,21.4857,154,0
STRN.US,5,20260325,161500,21.49,21.49,21.49,21.49,100,0
STRN.US,5,20260325,204500,21.44,21.44,21.44,21.44,1228,0
STRN.US,5,20260326,150000,20.9509,20.9509,20.9509,20.9509,200,0
STRN.US,5,20260326,151000,20.96,20.96,20.96,20.96,100,0
STRN.US,5,20260326,153000,21.01,21.01,21.01,21.01,100,0
STRN.US,5,20260326,155000,20.83,20.83,20.81,20.81,530,0
STRN.US,5,20260326,171500,20.93,20.93,20.93,20.93,100,0
STRN.US,5,20260326,174500,20.73,20.73,20.73,20.73,144,0
STRN.US,5,20260326,182000,20.74,20.74,20.73,20.73,340,0
STRN.US,5,20260326,185000,20.69,20.69,20.68,20.68,444,0
STRN.US,5,20260326,185500,20.64,20.64,20.64,20.64,100,0
STRN.US,5,20260326,201500,20.665,20.665,20.665,20.665,159,0
STRN.US,5,20260326,203000,20.68,20.68,20.68,20.68,100,0
STRN.US,5,20260326,204000,20.63,20.63,20.59,20.59,72238,0
STRN.US,5,20260326,205000,20.57,20.57,20.57,20.57,600,0
STRN.US,5,20260326,205500,20.61,20.61,20.61,20.61,600,0
STRN.US,5,20260327,153000,20.605,20.63,20.57,20.63,3678,0
STRN.US,5,20260327,163500,20.72,20.72,20.72,20.72,200,0
STRN.US,5,20260327,170000,20.65,20.65,20.65,20.65,499,0
STRN.US,5,20260327,180500,20.59,20.6,20.59,20.6,243,0
STRN.US,5,20260327,184500,20.47,20.47,20.47,20.47,153,0
STRN.US,5,20260327,204500,20.44,20.44,20.44,20.44,195,0
STRN.US,5,20260330,180000,19.98,19.98,19.98,19.98,200,0
STRN.US,5,20260330,190500,19.92,19.92,19.92,19.92,175,0
STRN.US,5,20260330,191500,19.91,19.91,19.91,19.91,150,0
STRN.US,5,20260330,192000,19.89,19.89,19.89,19.89,100,0
STRN.US,5,20260330,200500,19.85,19.85,19.85,19.85,251,0
STRN.US,5,20260330,203000,19.8499,19.8499,19.8499,19.8499,109,0
STRN.US,5,20260330,213000,19.71,19.71,19.71,19.71,17542,0
STRN.US,5,20260330,213500,19.72,19.72,19.72,19.72,18706,0
STRN.US,5,20260330,214500,19.75,19.79,19.75,19.79,400,0
STRN.US,5,20260331,185000,20.4299,20.4299,20.4299,20.4299,200,0
STRN.US,5,20260331,202000,20.51,20.51,20.51,20.51,100,0
STRN.US,5,20260401,172000,21.32,21.32,21.32,21.32,248,0
STRN.US,5,20260401,190500,21.395,21.395,21.395,21.395,146,0
STRN.US,5,20260401,210500,21.23,21.23,21.23,21.23,100,0
STRN.US,5,20260401,214500,21.26,21.26,21.26,21.26,100,0
STRN.US,5,20260402,170000,21.23,21.23,21.23,21.23,700,0
STRN.US,5,20260402,182000,21.13,21.13,21.13,21.13,135,0
STRN.US,5,20260402,191000,21.19,21.19,21.19,21.19,200,0
STRN.US,5,20260406,163000,21.3,21.3,21.3,21.3,125,0
STRN.US,5,20260406,164000,21.3899,21.3899,21.3899,21.3899,970,0
STRN.US,5,20260406,175000,21.36,21.36,21.36,21.36,180,0
STRN.US,5,20260406,200500,21.25,21.25,21.25,21.25,280,0
STRN.US,5,20260406,204500,21.3,21.3199,21.28,21.2801,1300,0
STRN.US,5,20260407,161500,21.07,21.0999,21.06,21.0999,1746,0
STRN.US,5,20260407,201500,21.3599,21.3599,21.3599,21.3599,129,0
STRN.US,5,20260408,164000,22.3299,22.3299,22.3299,22.3299,148,0
STRN.US,5,20260408,172000,22.34,22.34,22.34,22.34,29561,0
STRN.US,5,20260408,173000,22.35,22.35,22.35,22.35,30400,0
STRN.US,5,20260408,190000,22.53,22.53,22.45,22.45,1992,0
STRN.US,5,20260408,194500,22.47,22.47,22.47,22.47,100,0
STRN.US,5,20260408,201000,22.5,22.5,22.5,22.5,176,0
STRN.US,5,20260408,211500,22.435,22.435,22.435,22.435,126,0
STRN.US,5,20260408,212000,22.42,22.42,22.42,22.42,1000,0
STRN.US,5,20260408,213500,22.43,22.43,22.43,22.43,100,0
STRN.US,5,20260409,161500,22.52,22.53,22.52,22.53,500,0
STRN.US,5,20260409,164000,22.51,22.51,22.51,22.51,226,0
STRN.US,5,20260409,165500,22.6,22.6,22.6,22.6,241,0
STRN.US,5,20260409,175500,22.66,22.67,22.61,22.6101,1400,0
STRN.US,5,20260409,200500,22.67,22.67,22.67,22.67,300,0
STRN.US,5,20260409,213500,22.73,22.73,22.73,22.73,208,0
STRN.US,5,20260410,163500,22.84,22.84,22.8399,22.8399,1342,0
STRN.US,5,20260410,170500,22.83,22.83,22.83,22.83,100,0
STRN.US,5,20260410,175500,22.775,22.775,22.775,22.775,141,0
STRN.US,5,20260410,190000,22.78,22.8,22.78,22.8,1063,0
STRN.US,5,20260410,193500,22.77,22.77,22.77,22.77,177,0
STRN.US,5,20260410,194500,22.78,22.78,22.78,22.78,100,0
STRN.US,5,20260410,195500,22.81,22.81,22.81,22.81,211,0
STRN.US,5,20260410,211500,22.8355,22.8355,22.8355,22.8355,120,0
STRN.US,5,20260410,213000,22.82,22.82,22.82,22.82,100,0
STRN.US,5,20260413,153000,22.64,22.64,22.64,22.64,100,0
STRN.US,5,20260413,162500,22.73,22.73,22.73,22.73,100,0
STRN.US,5,20260413,185000,22.79,22.79,22.79,22.79,200,0
STRN.US,5,20260413,190000,22.8,22.8,22.8,22.8,777,0
STRN.US,5,20260413,194500,22.77,22.77,22.77,22.77,100,0
STRN.US,5,20260414,162500,23.135,23.135,23.12,23.12,1317,0
STRN.US,5,20260414,170000,23.08,23.08,23.08,23.08,100,0
STRN.US,5,20260414,185500,23.19,23.19,23.1799,23.1799,311,0
STRN.US,5,20260414,213000,23.23,23.23,23.23,23.23,354,0
STRN.US,5,20260415,162000,23.04,23.04,23.04,23.04,300,0
STRN.US,5,20260415,163500,23.08,23.08,23.08,23.08,100,0
STRN.US,5,20260415,165500,23.065,23.065,23.065,23.065,154,0
STRN.US,5,20260415,171000,23.06,23.06,23.06,23.06,100,0
STRN.US,5,20260415,172000,23.07,23.07,23.07,23.07,265,0
STRN.US,5,20260415,174000,22.99,22.99,22.99,22.99,100,0
STRN.US,5,20260416,172500,23.0617,23.0617,23.0617,23.0617,121,0
STRN.US,5,20260416,190000,22.99,22.99,22.99,22.99,100,0
STRN.US,5,20260416,203500,22.955,22.955,22.955,22.955,517,0
STRN.US,5,20260416,215500,22.97,23.01,22.97,22.98,656,0
STRN.US,5,20260417,165500,23.34,23.34,23.34,23.34,300,0
STRN.US,5,20260417,190000,23.43,23.43,23.43,23.43,198,0
STRN.US,5,20260417,204500,23.47,23.47,23.47,23.47,9873,0
STRN.US,5,20260417,205000,23.45,23.45,23.4499,23.4499,200,0
STRN.US,5,20260420,163000,23.48,23.48,23.48,23.48,224,0
STRN.US,5,20260420,172000,23.47,23.47,23.47,23.47,100,0
STRN.US,5,20260420,180000,23.485,23.485,23.485,23.485,300,0
STRN.US,5,20260420,190500,23.52,23.52,23.5199,23.5199,638,0
STRN.US,5,20260420,195500,23.56,23.56,23.56,23.56,861,0
STRN.US,5,20260420,215500,23.5599,23.5599,23.5599,23.5599,217,0
STRN.US,5,20260421,163000,23.43,23.43,23.38,23.3801,900,0
STRN.US,5,20260421,163500,23.41,23.41,23.41,23.41,400,0
STRN.US,5,20260421,172500,23.25,23.25,23.25,23.25,100,0
STRN.US,5,20260421,175500,23.29,23.29,23.29,23.29,100,0
STRN.US,5,20260421,213000,23.3949,23.41,23.38,23.38,500,0
STRN.US,5,20260421,215500,23.24,23.24,23.19,23.19,441,0
STRN.US,5,20260422,163000,23.36,23.4,23.36,23.4,9330,0
STRN.US,5,20260422,170000,23.38,23.38,23.38,23.38,250,0
STRN.US,5,20260422,190000,23.32,23.38,23.32,23.3799,460,0
STRN.US,5,20260422,215500,23.5,23.5,23.5,23.5,150,0
STRN.US,5,20260423,161500,23.68,23.68,23.68,23.68,627,0
STRN.US,5,20260423,163000,23.773,23.79,23.773,23.79,200,0
STRN.US,5,20260423,164500,23.76,23.76,23.76,23.76,199,0
STRN.US,5,20260423,185500,23.8,23.8,23.8,23.8,239,0
STRN.US,5,20260423,190000,23.8,23.8,23.8,23.8,461,0
STRN.US,5,20260423,210000,23.525,23.525,23.525,23.525,100,0
STRN.US,5,20260423,215500,23.69,23.69,23.69,23.69,384,0
STRN.US,5,20260424,163000,23.6799,23.6799,23.6799,23.6799,499,0
STRN.US,5,20260424,172500,23.71,23.71,23.71,23.71,108,0
STRN.US,5,20260424,181500,23.79,23.79,23.79,23.79,790,0
STRN.US,5,20260424,195500,23.79,23.7901,23.79,23.7901,200,0
STRN.US,5,20260424,210000,23.795,23.795,23.795,23.795,203,0
STRN.US,5,20260424,214000,23.74,23.74,23.74,23.74,145,0
STRN.US,5,20260427,153000,23.83,23.83,23.83,23.83,128,0
STRN.US,5,20260427,155500,23.69,23.69,23.69,23.69,100,0
STRN.US,5,20260427,165000,23.6599,23.6599,23.6599,23.6599,105,0
STRN.US,5,20260427,172000,23.58,23.58,23.58,23.58,300,0
STRN.US,5,20260427,174000,23.63,23.63,23.63,23.63,100,0
STRN.US,5,20260427,193500,23.69,23.69,23.69,23.69,214,0
STRN.US,5,20260427,201500,23.65,23.65,23.65,23.65,252,0
STRN.US,5,20260427,214000,23.66,23.66,23.66,23.66,200,0
STRN.US,5,20260428,162500,23.2399,23.2399,23.1801,23.1801,1368,0
STRN.US,5,20260428,163000,23.2,23.2,23.2,23.2,216,0
STRN.US,5,20260428,170500,23.1,23.1,23.06,23.06,2860,0
STRN.US,5,20260428,171000,23.12,23.12,23.12,23.12,100,0
STRN.US,5,20260428,185000,23.14,23.14,23.14,23.14,100,0
STRN.US,5,20260428,190000,23.17,23.17,23.17,23.17,300,0
STRN.US,5,20260428,190500,23.15,23.16,23.14,23.15,600,0
STRN.US,5,20260428,191000,23.16,23.16,23.15,23.15,400,0
STRN.US,5,20260429,161500,23.2901,23.2901,23.2901,23.2901,112,0
STRN.US,5,20260429,162000,23.35,23.35,23.35,23.35,600,0
STRN.US,5,20260429,162500,23.38,23.4,23.38,23.4,1232,0
STRN.US,5,20260429,163500,23.41,23.41,23.41,23.41,200,0
STRN.US,5,20260429,174000,23.26,23.26,23.26,23.26,100,0
STRN.US,5,20260429,180500,23.21,23.21,23.21,23.21,104,0
STRN.US,5,20260429,183000,23.16,23.16,23.16,23.16,200,0
STRN.US,5,20260429,190500,23.19,23.2,23.19,23.2,600,0
STRN.US,5,20260429,195500,23.21,23.21,23.21,23.21,100,0
STRN.US,5,20260429,202000,23.23,23.23,23.23,23.23,249,0
STRN.US,5,20260429,205000,23.21,23.2101,23.21,23.2101,527,0
STRN.US,5,20260430,161500,23.82,23.82,23.82,23.82,3991,0
STRN.US,5,20260430,162000,23.9199,23.9199,23.9199,23.9199,180,0
STRN.US,5,20260430,200000,24.29,24.2901,24.29,24.29,2491,0
STRN.US,5,20260430,202000,24.3,24.3,24.3,24.3,446,0
STRN.US,5,20260430,213000,24.3,24.3,24.3,24.3,100,0
STRN.US,5,20260430,214000,24.315,24.315,24.315,24.315,300,0
STRN.US,5,20260501,163000,24.59,24.59,24.59,24.59,100,0
STRN.US,5,20260501,164000,24.505,24.505,24.505,24.505,365,0
STRN.US,5,20260501,165000,24.49,24.49,24.49,24.49,100,0
STRN.US,5,20260501,175000,24.52,24.52,24.52,24.52,100,0
STRN.US,5,20260501,190000,24.5,24.5,24.5,24.5,383,0
STRN.US,5,20260501,191500,24.51,24.51,24.47,24.47,1738,0
STRN.US,5,20260501,193500,24.48,24.48,24.48,24.48,100,0
STRN.US,5,20260501,202000,24.505,24.505,24.49,24.49,295,0
STRN.US,5,20260501,210500,24.46,24.46,24.46,24.46,100,0
STRN.US,5,20260504,155000,24.58,24.58,24.58,24.58,100,0
STRN.US,5,20260504,161500,24.53,24.53,24.53,24.53,100,0
STRN.US,5,20260504,163500,24.53,24.53,24.53,24.53,800,0
STRN.US,5,20260504,172000,24.395,24.395,24.395,24.395,390,0
STRN.US,5,20260504,172500,24.37,24.37,24.37,24.37,100,0
STRN.US,5,20260504,173000,24.366,24.41,24.35,24.41,4681,0
STRN.US,5,20260504,173500,24.41,24.43,24.4,24.4,8268,0
STRN.US,5,20260504,180500,24.45,24.45,24.45,24.45,100,0
STRN.US,5,20260504,185000,24.4,24.4,24.4,24.4,100,0
STRN.US,5,20260504,185500,24.425,24.425,24.425,24.425,151,0
STRN.US,5,20260504,200000,24.52,24.52,24.52,24.52,261,0
STRN.US,5,20260504,202000,24.48,24.48,24.48,24.48,100,0
STRN.US,5,20260504,205000,24.45,24.45,24.45,24.45,100,0
STRN.US,5,20260504,210500,24.49,24.49,24.49,24.49,100,0
STRN.US,5,20260504,211500,24.5,24.5,24.5,24.5,4404,0
STRN.US,5,20260504,213500,24.49,24.49,24.49,24.49,7183,0
STRN.US,5,20260504,214000,24.49,24.49,24.49,24.49,200,0
STRN.US,5,20260504,215000,24.49,24.49,24.49,24.49,142,0
STRN.US,5,20260505,153500,24.86,24.86,24.86,24.86,100,0
STRN.US,5,20260505,154500,25.03,25.03,25.03,25.03,100,0
STRN.US,5,20260505,161000,24.98,24.98,24.98,24.98,100,0
STRN.US,5,20260505,165000,24.95,24.95,24.95,24.95,300,0
STRN.US,5,20260505,194000,25.08,25.08,25.08,25.08,210,0
STRN.US,5,20260505,195000,25.04,25.04,25.04,25.04,100,0
STRN.US,5,20260505,210000,25.04,25.04,25.04,25.04,200,0
STRN.US,5,20260505,212000,25,25,25,25,100,0
STRN.US,5,20260505,215500,25.04,25.04,25.04,25.04,817,0
STRN.US,5,20260506,153000,25.64,25.78,25.64,25.78,3135,0
STRN.US,5,20260506,153500,25.76,25.76,25.76,25.76,800,0
STRN.US,5,20260506,154000,25.695,25.695,25.695,25.695,194,0
STRN.US,5,20260506,160500,25.47,25.47,25.47,25.47,100,0
STRN.US,5,20260506,162000,25.5,25.5,25.5,25.5,100,0
STRN.US,5,20260506,163000,25.47,25.47,25.47,25.47,872,0
STRN.US,5,20260506,174000,25.83,25.83,25.83,25.83,100,0
STRN.US,5,20260506,181500,25.81,25.8399,25.8001,25.8001,800,0
STRN.US,5,20260506,190500,25.84,25.85,25.83,25.83,1172,0
STRN.US,5,20260506,191000,25.82,25.82,25.82,25.82,5762,0
STRN.US,5,20260506,201000,25.875,25.875,25.875,25.875,100,0
STRN.US,5,20260506,201500,25.85,25.88,25.85,25.86,6271,0
STRN.US,5,20260506,205000,25.925,25.925,25.91,25.9101,300,0
STRN.US,5,20260506,214500,25.985,25.985,25.985,25.985,184,0
STRN.US,5,20260507,171000,25.83,25.83,25.83,25.83,100,0
STRN.US,5,20260507,172000,25.735,25.74,25.735,25.735,2225,0
STRN.US,5,20260507,175500,25.7,25.7,25.7,25.7,100,0
STRN.US,5,20260507,181000,25.52,25.52,25.52,25.52,100,0
STRN.US,5,20260507,182000,25.35,25.35,25.35,25.35,126,0
STRN.US,5,20260507,190000,25.54,25.54,25.54,25.54,1394,0
STRN.US,5,20260507,191500,25.51,25.51,25.51,25.51,100,0
STRN.US,5,20260507,192000,25.5,25.5,25.5,25.5,100,0
STRN.US,5,20260507,192500,25.465,25.465,25.46,25.46,350,0
STRN.US,5,20260507,193000,25.36,25.36,25.36,25.36,556,0
STRN.US,5,20260507,195000,25.42,25.42,25.42,25.42,115,0
STRN.US,5,20260507,195500,25.46,25.4601,25.46,25.46,1136,0
STRN.US,5,20260507,202000,25.49,25.49,25.49,25.49,100,0
STRN.US,5,20260507,213000,25.39,25.39,25.38,25.38,393,0
STRN.US,5,20260507,214500,25.48,25.48,25.48,25.48,562,0
STRN.US,5,20260507,215000,25.465,25.465,25.465,25.465,137,0
STRN.US,5,20260508,163000,26.02,26.02,26.02,26.02,100,0
STRN.US,5,20260508,170500,26.03,26.04,26.0299,26.04,1018,0
STRN.US,5,20260508,172000,25.985,25.985,25.985,25.985,267,0
STRN.US,5,20260508,173000,25.985,25.985,25.985,25.985,100,0
STRN.US,5,20260508,174000,25.98,25.98,25.98,25.98,100,0
STRN.US,5,20260508,182000,25.985,25.985,25.985,25.985,140,0
STRN.US,5,20260508,182500,26,26,26,26,155,0
STRN.US,5,20260508,184500,26.03,26.03,26.03,26.03,100,0
STRN.US,5,20260508,195000,26.0549,26.0549,26.0549,26.0549,250,0
STRN.US,5,20260508,195500,26.08,26.08,26.08,26.08,200,0
STRN.US,5,20260508,215500,26.15,26.15,26.15,26.15,500,0
STRN.US,5,20260511,154500,26.45,26.45,26.45,26.45,100,0
STRN.US,5,20260511,160000,26.415,26.415,26.415,26.415,170,0
STRN.US,5,20260511,161000,26.49,26.49,26.49,26.49,283,0
STRN.US,5,20260511,161500,26.52,26.52,26.52,26.52,100,0
STRN.US,5,20260511,162500,26.5,26.5,26.5,26.5,100,0
STRN.US,5,20260511,171500,26.53,26.54,26.49,26.49,1880,0
STRN.US,5,20260511,172000,26.53,26.53,26.53,26.53,163,0
STRN.US,5,20260511,175000,26.65,26.65,26.65,26.65,135,0
STRN.US,5,20260511,184000,26.65,26.65,26.65,26.65,100,0
STRN.US,5,20260511,190500,26.64,26.64,26.64,26.64,100,0
STRN.US,5,20260511,191000,26.64,26.64,26.64,26.64,100,0
STRN.US,5,20260511,194500,26.65,26.65,26.61,26.61,3445,0
STRN.US,5,20260511,195000,26.62,26.62,26.62,26.62,100,0
STRN.US,5,20260511,202000,26.67,26.73,26.67,26.67,1132,0
STRN.US,5,20260511,202500,26.74,26.74,26.66,26.66,2400,0
STRN.US,5,20260511,213000,26.56,26.56,26.53,26.53,538,0
STRN.US,5,20260511,213500,26.525,26.525,26.525,26.525,213,0
STRN.US,5,20260511,215000,26.57,26.57,26.57,26.57,300,0
STRN.US,5,20260512,161000,26.13,26.13,26.13,26.13,100,0
STRN.US,5,20260512,162500,26.15,26.15,26.15,26.15,200,0
STRN.US,5,20260512,164500,26.015,26.015,26.015,26.015,815,0
STRN.US,5,20260512,171000,25.95,25.95,25.95,25.95,200,0
STRN.US,5,20260512,172000,25.81,25.81,25.81,25.81,100,0
STRN.US,5,20260512,190500,25.71,25.71,25.7,25.7,200,0
STRN.US,5,20260512,202000,26.03,26.03,26.01,26.01,3227,0
STRN.US,5,20260512,203000,26.06,26.1,26.06,26.1,24454,0
STRN.US,5,20260512,215500,26.28,26.28,26.27,26.28,500,0
STRN.US,5,20260513,162000,26.41,26.45,26.41,26.45,594,0
STRN.US,5,20260513,163500,26.575,26.575,26.575,26.575,294,0
STRN.US,5,20260513,180500,26.64,26.64,26.63,26.63,200,0
STRN.US,5,20260513,182000,26.69,26.75,26.69,26.75,900,0
STRN.US,5,20260513,183000,26.8099,26.8099,26.8099,26.8099,432,0
STRN.US,5,20260513,190000,26.78,26.785,26.78,26.785,1563,0
STRN.US,5,20260513,190500,26.8,26.8,26.8,26.8,300,0
STRN.US,5,20260513,193000,26.84,26.85,26.84,26.85,1700,0
STRN.US,5,20260513,193500,26.87,26.87,26.87,26.87,500,0
STRN.US,5,20260513,200000,26.9,26.9,26.89,26.9,600,0
STRN.US,5,20260513,200500,26.87,26.87,26.87,26.87,100,0
STRN.US,5,20260513,210000,26.83,26.83,26.83,26.83,100,0
STRN.US,5,20260513,211000,26.88,26.89,26.87,26.87,500,0
STRN.US,5,20260513,212500,26.91,26.91,26.91,26.91,152,0
STRN.US,5,20260514,161500,26.83,26.93,26.83,26.93,2800,0
STRN.US,5,20260514,162500,26.84,26.84,26.84,26.84,100,0
STRN.US,5,20260514,165000,26.825,26.825,26.825,26.825,100,0
STRN.US,5,20260514,171500,26.89,26.89,26.89,26.89,900,0
STRN.US,5,20260514,173500,26.87,26.87,26.87,26.87,100,0
STRN.US,5,20260514,184500,26.87,26.87,26.87,26.87,100,0
STRN.US,5,20260514,191000,26.9,26.9,26.875,26.875,400,0
STRN.US,5,20260514,191500,26.84,26.84,26.84,26.84,100,0
STRN.US,5,20260514,194500,26.92,26.92,26.92,26.92,100,0
STRN.US,5,20260514,195500,26.89,26.8901,26.89,26.8901,600,0
STRN.US,5,20260514,200000,26.89,26.89,26.89,26.89,100,0
STRN.US,5,20260514,200500,26.86,26.86,26.86,26.86,400,0
STRN.US,5,20260514,204500,26.83,26.83,26.83,26.83,100,0
STRN.US,5,20260514,213000,26.86,26.86,26.86,26.86,282,0
STRN.US,5,20260514,213500,26.885,26.885,26.885,26.885,116,0
STRN.US,5,20260514,215000,26.875,26.88,26.875,26.88,359,0
STRN.US,5,20260515,155500,26.14,26.14,26.14,26.14,100,0
STRN.US,5,20260515,162500,26.3062,26.32,26.288,26.295,1514,0
STRN.US,5,20260515,165500,26.2099,26.2099,26.2099,26.2099,100,0
STRN.US,5,20260515,215500,26.18,26.18,26.18,26.18,100,0
STRN.US,5,20260518,210000,25.4,25.4,25.4,25.4,431,0
STRN.US,5,20260518,215000,25.53,25.54,25.5,25.54,815,0
STRN.US,5,20260519,155500,25.22,25.22,25.22,25.22,120,0
STRN.US,5,20260519,161000,25.04,25.04,25.04,25.04,100,0
STRN.US,5,20260519,161500,24.99,24.99,24.99,24.99,123,0
STRN.US,5,20260519,165500,24.935,24.935,24.935,24.935,100,0
STRN.US,5,20260519,170000,25.03,25.2899,25,25.2899,2078,0
STRN.US,5,20260519,170500,25.04,25.04,25.04,25.04,100,0
STRN.US,5,20260519,173500,25.18,25.23,25.18,25.19,2000,0
STRN.US,5,20260519,175000,25.23,25.23,25.23,25.23,100,0
STRN.US,5,20260519,184000,25.45,25.45,25.4499,25.4499,358,0
STRN.US,5,20260519,201500,25.58,25.58,25.58,25.58,122,0
STRN.US,5,20260519,203000,25.48,25.48,25.48,25.48,113,0
STRN.US,5,20260519,203500,25.46,25.46,25.46,25.46,100,0
STRN.US,5,20260519,212000,25.39,25.39,25.39,25.39,100,0
STRN.US,5,20260519,213500,25.37,25.49,25.33,25.33,1204,0
STRN.US,5,20260519,215000,25.36,25.36,25.32,25.32,200,0
STRN.US,5,20260520,160500,25.53,25.53,25.53,25.53,1559,0
STRN.US,5,20260520,161000,25.54,25.54,25.54,25.54,300,0
STRN.US,5,20260520,171500,25.75,25.75,25.75,25.75,289,0
STRN.US,5,20260520,180000,25.82,25.82,25.82,25.82,5793,0
STRN.US,5,20260520,183000,25.675,25.675,25.675,25.675,288,0
STRN.US,5,20260520,185500,25.69,25.69,25.67,25.685,500,0
STRN.US,5,20260520,191000,25.71,25.71,25.71,25.71,100,0
STRN.US,5,20260520,193000,25.69,25.69,25.69,25.69,100,0
STRN.US,5,20260520,195000,25.66,25.66,25.66,25.66,100,0
STRN.US,5,20260520,201500,25.68,25.68,25.68,25.68,100,0
STRN.US,5,20260520,202500,25.69,25.69,25.66,25.66,600,0
STRN.US,5,20260520,211500,25.68,25.76,25.68,25.76,200,0
STRN.US,5,20260520,215000,25.69,25.69,25.69,25.69,100,0
STRN.US,5,20260521,155500,25.98,25.98,25.98,25.98,100,0
STRN.US,5,20260521,192000,26.26,26.26,26.26,26.26,300,0
STRN.US,5,20260521,193000,26.24,26.24,26.24,26.24,441,0
STRN.US,5,20260521,195500,26.31,26.31,26.31,26.31,100,0
STRN.US,5,20260521,200000,26.26,26.26,26.26,26.26,100,0
STRN.US,5,20260521,202500,26.3,26.3,26.285,26.285,1302,0
STRN.US,5,20260521,213500,26.2,26.2,26.2,26.2,504,0
STRN.US,5,20260521,214000,26.23,26.23,26.23,26.23,100,0
STRN.US,5,20260522,161500,26.52,26.52,26.52,26.52,100,0
STRN.US,5,20260522,162000,26.49,26.49,26.49,26.49,100,0
STRN.US,5,20260522,193000,26.65,26.6699,26.46,26.6699,504,0
STRN.US,5,20260522,193500,26.635,26.635,26.635,26.635,159,0
STRN.US,5,20260522,194000,26.67,26.67,26.67,26.67,100,0
STRN.US,5,20260522,202500,26.645,26.645,26.645,26.645,217,0
STRN.US,5,20260522,210500,26.59,26.59,26.59,26.59,200,0
STRN.US,5,20260526,162500,27.36,27.36,27.36,27.36,200,0
STRN.US,5,20260526,163000,27.385,27.385,27.375,27.375,1804,0
STRN.US,5,20260526,165000,27.365,27.365,27.365,27.365,958,0
STRN.US,5,20260526,173000,27.1901,27.1901,27.19,27.1901,610,0
STRN.US,5,20260526,174500,27.2,27.2,27.2,27.2,100,0
STRN.US,5,20260526,183000,27.23,27.265,27.23,27.265,300,0
STRN.US,5,20260526,184000,27.24,27.24,27.24,27.24,100,0
STRN.US,5,20260526,185000,27.17,27.17,27.17,27.17,100,0
STRN.US,5,20260526,202000,27.287,27.287,27.287,27.287,439,0
STRN.US,5,20260526,203000,27.3294,27.3294,27.26,27.295,1548,0
STRN.US,5,20260526,204500,27.28,27.28,27.23,27.23,200,0
STRN.US,5,20260526,212000,27.24,27.24,27.24,27.24,183,0
STRN.US,5,20260526,213500,27.3099,27.3099,27.3099,27.3099,252,0
STRN.US,5,20260526,215500,27.25,27.25,27.25,27.25,100,0
STRN.US,5,20260527,162500,27.07,27.07,27.06,27.06,4548,0
STRN.US,5,20260527,164000,27.225,27.225,27.225,27.225,100,0
STRN.US,5,20260527,165500,27.22,27.22,27.22,27.22,100,0
STRN.US,5,20260527,171500,27.19,27.19,27.19,27.19,400,0
STRN.US,5,20260528,161000,27.33,27.33,27.33,27.33,119,0
STRN.US,5,20260528,161500,27.39,27.39,27.39,27.39,300,0
STRN.US,5,20260528,162000,27.38,27.3849,27.38,27.3849,400,0
STRN.US,5,20260528,165000,27.4,27.4,27.3401,27.3401,400,0
STRN.US,5,20260528,191000,27.55,27.55,27.55,27.55,100,0
STRN.US,5,20260528,204500,27.51,27.51,27.51,27.51,100,0
STRN.US,5,20260528,205500,27.53,27.53,27.53,27.53,100,0
STRN.US,5,20260528,210500,27.495,27.495,27.495,27.495,187,0
STRN.US,5,20260528,214500,27.51,27.51,27.51,27.51,5674,0
STRN.US,5,20260529,153000,28.11,28.11,28.11,28.11,126,0
STRN.US,5,20260529,153500,27.99,27.99,27.99,27.99,100,0
STRN.US,5,20260529,161000,27.97,27.97,27.97,27.97,300,0
STRN.US,5,20260529,163000,27.78,27.7801,27.78,27.7801,400,0
STRN.US,5,20260529,164000,27.69,27.69,27.67,27.68,3430,0
STRN.US,5,20260529,164500,27.64,27.64,27.64,27.64,100,0
STRN.US,5,20260529,165500,27.77,27.77,27.77,27.77,4646,0
STRN.US,5,20260529,171000,27.83,27.83,27.83,27.83,100,0
STRN.US,5,20260529,174500,27.76,27.76,27.76,27.76,160,0
STRN.US,5,20260529,180000,27.705,27.73,27.705,27.73,600,0
STRN.US,5,20260529,183500,27.705,27.705,27.705,27.705,100,0
STRN.US,5,20260529,210000,27.645,27.645,27.645,27.645,180,0
STRN.US,5,20260529,211500,27.74,27.74,27.74,27.74,155,0
STRN.US,5,20260529,215000,27.88,27.94,27.88,27.9,1880,0
STRN.US,5,20260529,215500,27.87,27.87,27.87,27.87,100,0
STRN.US,5,20260601,160500,27.85,27.92,27.85,27.855,639,0
STRN.US,5,20260601,161500,27.935,27.935,27.935,27.935,769,0
STRN.US,5,20260601,164000,28.07,28.07,28.07,28.07,100,0
STRN.US,5,20260601,172000,28.13,28.41,28.13,28.41,1252,0
STRN.US,5,20260601,175500,28.16,28.16,28.16,28.16,100,0
STRN.US,5,20260601,181000,28.155,28.155,28.15,28.15,278,0
STRN.US,5,20260601,183000,28.24,28.24,28.24,28.24,195,0
STRN.US,5,20260601,203500,28.425,28.425,28.425,28.425,1000,0
STRN.US,5,20260601,213500,28.37,28.37,28.37,28.37,200,0
STRN.US,5,20260602,161500,28.72,28.72,28.72,28.72,200,0
STRN.US,5,20260602,163000,28.74,28.74,28.74,28.74,100,0
STRN.US,5,20260602,164500,28.815,28.815,28.815,28.815,100,0
STRN.US,5,20260602,165500,28.785,28.785,28.785,28.785,735,0
STRN.US,5,20260602,170500,28.79,28.83,28.79,28.795,2897,0
STRN.US,5,20260602,181500,28.8,28.8,28.8,28.8,100,0
STRN.US,5,20260602,183500,28.74,28.74,28.74,28.74,300,0
STRN.US,5,20260602,184000,28.745,28.765,28.745,28.765,353,0
STRN.US,5,20260602,191000,28.75,28.75,28.75,28.75,100,0
STRN.US,5,20260602,201500,28.77,28.7799,28.76,28.76,500,0
STRN.US,5,20260602,202500,28.75,28.75,28.75,28.75,100,0
STRN.US,5,20260602,215000,28.8199,28.8199,28.8199,28.8199,437,0
STRN.US,5,20260602,215500,28.77,28.77,28.77,28.77,742,0
STRN.US,5,20260603,153000,29.08,29.08,29.065,29.065,400,0
STRN.US,5,20260603,155000,28.58,28.58,28.58,28.58,100,0
STRN.US,5,20260603,162000,28.8,28.8,28.8,28.8,100,0
STRN.US,5,20260603,163500,28.95,28.95,28.95,28.95,914,0
STRN.US,5,20260603,193500,28.8,28.8,28.8,28.8,545,0
STRN.US,5,20260603,201000,28.84,28.84,28.81,28.81,200,0
STRN.US,5,20260603,201500,28.83,28.83,28.83,28.83,676,0
STRN.US,5,20260603,202500,28.88,28.88,28.88,28.88,100,0
STRN.US,5,20260603,203500,28.85,28.85,28.85,28.85,100,0
STRN.US,5,20260603,204500,28.8499,28.8499,28.8499,28.8499,259,0
STRN.US,5,20260603,211000,28.84,28.84,28.84,28.84,100,0
STRN.US,5,20260603,212000,28.85,28.85,28.85,28.85,1000,0
STRN.US,5,20260603,214500,28.83,28.83,28.83,28.83,102,0
STRN.US,5,20260604,153000,28.16,28.68,28.12,28.121,727,0
STRN.US,5,20260604,160500,28.03,28.03,28.03,28.03,122,0
STRN.US,5,20260604,162500,28.33,28.33,28.33,28.33,100,0
STRN.US,5,20260604,163000,28.3099,28.31,28.24,28.24,1752,0
STRN.US,5,20260604,170500,28.39,28.39,28.39,28.39,105,0
STRN.US,5,20260604,183500,28.5494,28.56,28.48,28.56,887,0
STRN.US,5,20260604,190000,28.61,28.61,28.58,28.59,800,0
STRN.US,5,20260604,200500,28.74,28.74,28.74,28.74,100,0
STRN.US,5,20260604,201000,28.7023,28.7023,28.7023,28.7023,100,0
STRN.US,5,20260604,201500,28.725,28.725,28.725,28.725,2000,0
STRN.US,5,20260604,203500,28.66,28.69,28.66,28.69,541,0
STRN.US,5,20260604,211500,28.665,28.665,28.665,28.665,529,0
STRN.US,5,20260604,213500,28.755,28.755,28.755,28.755,240,0
STRN.US,5,20260605,154500,28,28,28,28,289,0
STRN.US,5,20260605,160000,27.8686,27.8686,27.8686,27.8686,151,0
STRN.US,5,20260605,163000,27.975,27.975,27.975,27.975,717,0
STRN.US,5,20260605,201000,27.43,27.43,27.42,27.43,600,0
STRN.US,5,20260605,205500,27.22,27.22,27.17,27.17,253,0
STRN.US,5,20260608,154000,27.465,27.465,27.465,27.465,100,0
STRN.US,5,20260608,161000,27.48,27.48,27.48,27.48,100,0
STRN.US,5,20260608,163500,27.555,27.555,27.52,27.52,745,0
STRN.US,5,20260608,171000,27.6,27.6,27.6,27.6,200,0
STRN.US,5,20260608,174500,27.5702,27.5702,27.5702,27.5702,100,0
STRN.US,5,20260608,183500,27.475,27.475,27.475,27.475,100,0
STRN.US,5,20260608,210500,27.381,27.381,27.38,27.38,224,0
STRN.US,5,20260609,154500,27.79,27.79,27.79,27.79,100,0
STRN.US,5,20260609,164000,27.12,27.12,27.12,27.12,127,0
STRN.US,5,20260609,173000,26.62,26.63,26.62,26.63,24195,0
STRN.US,5,20260609,174000,26.675,26.675,26.675,26.675,400,0
STRN.US,5,20260609,184000,26.04,26.07,25.78,26.07,2000,0
STRN.US,5,20260609,190000,26.27,26.27,26.27,26.27,100,0
STRN.US,5,20260609,191000,26.36,26.36,26.36,26.36,300,0
STRN.US,5,20260609,192000,26.58,26.58,26.57,26.57,400,0
STRN.US,5,20260609,205500,26.935,26.935,26.935,26.935,320,0
STRN.US,5,20260609,211500,26.8,26.8,26.8,26.8,177,0
STRN.US,5,20260609,212000,26.75,26.75,26.75,26.75,193,0
STRN.US,5,20260609,214000,26.74,26.74,26.74,26.74,438,0
STRN.US,5,20260609,214500,26.78,26.78,26.7799,26.7799,200,0
STRN.US,5,20260610,160000,26.9,26.9,26.9,26.9,100,0
STRN.US,5,20260610,162000,27.01,27.05,27.01,27.05,31368,0
STRN.US,5,20260610,173500,26.41,26.41,26.41,26.41,132,0
STRN.US,5,20260610,175500,26.47,26.47,26.47,26.47,175,0
STRN.US,5,20260610,182000,26.38,26.38,26.38,26.38,308,0
STRN.US,5,20260610,192500,26.2801,26.2801,26.2801,26.2801,146,0
STRN.US,5,20260610,195000,26.38,26.38,26.38,26.38,241,0
STRN.US,5,20260610,214000,26.26,26.26,26.26,26.26,100,0
STRN.US,5,20260611,154500,26.39,26.61,26.39,26.61,239,0
STRN.US,5,20260611,161000,26.5401,26.63,26.54,26.59,701,0
STRN.US,5,20260611,161500,26.47,26.47,26.47,26.47,300,0
STRN.US,5,20260611,163000,26.56,26.56,26.56,26.56,300,0
STRN.US,5,20260611,164000,26.625,26.625,26.625,26.625,106,0
STRN.US,5,20260611,172000,26.575,26.575,26.575,26.575,711,0
STRN.US,5,20260611,174000,26.615,26.615,26.615,26.615,2626,0
STRN.US,5,20260611,175500,26.61,26.61,26.575,26.575,200,0
STRN.US,5,20260611,180000,26.59,26.59,26.59,26.59,100,0
STRN.US,5,20260611,184000,26.56,26.56,26.56,26.56,1188,0
STRN.US,5,20260611,184500,26.53,26.53,26.53,26.53,3499,0
STRN.US,5,20260611,190000,26.41,26.41,26.41,26.41,100,0
STRN.US,5,20260611,193000,26.84,26.84,26.84,26.84,300,0
STRN.US,5,20260611,200000,26.83,26.83,26.83,26.83,100,0
STRN.US,5,20260611,201000,26.82,26.83,26.82,26.83,200,0
STRN.US,5,20260611,210500,27,27,27,27,100,0
STRN.US,5,20260611,211000,27.1,27.1,27.07,27.07,400,0
STRN.US,5,20260611,212500,27.125,27.125,27.125,27.125,109,0
STRN.US,5,20260611,213000,27.16,27.16,27.16,27.16,300,0
STRN.US,5,20260611,215500,27.1421,27.1421,27.1421,27.1421,100,0
STRN.US,5,20260612,154000,27.33,27.33,27.33,27.33,201,0
STRN.US,5,20260612,154500,27.18,27.18,27.18,27.18,158,0
STRN.US,5,20260612,160500,27.535,27.535,27.535,27.535,111,0
STRN.US,5,20260612,165500,27.57,27.59,27.51,27.51,665,0
STRN.US,5,20260615,153500,28.45,28.45,28.45,28.45,171,0
STRN.US,5,20260615,161000,28.32,28.32,28.32,28.32,300,0
STRN.US,5,20260615,162500,28.42,28.42,28.42,28.42,100,0
STRN.US,5,20260615,190500,28.42,28.42,28.42,28.42,152,0
STRN.US,5,20260615,201000,28.5,28.5,28.5,28.5,626,0
STRN.US,5,20260615,203500,28.475,28.475,28.475,28.475,155,0
STRN.US,5,20260615,211500,28.48,28.48,28.48,28.48,200,0
STRN.US,5,20260615,213500,28.44,28.46,28.44,28.46,21123,0
STRN.US,5,20260615,214000,28.46,28.46,28.46,28.46,22896,0
STRN.US,5,20260615,215000,28.43,28.43,28.43,28.43,2563,0
STRN.US,5,20260615,215500,28.36,28.37,28.33,28.33,1900,0
STRN.US,5,20260616,153500,28.55,28.55,28.55,28.55,2573,0
STRN.US,5,20260616,162500,28.37,28.37,28.37,28.37,300,0
STRN.US,5,20260616,181500,28.295,28.295,28.295,28.295,206,0
STRN.US,5,20260616,183000,28.315,28.315,28.28,28.28,1573,0
STRN.US,5,20260616,192000,28.21,28.21,28.21,28.21,100,0
STRN.US,5,20260616,201000,28.28,28.306,28.28,28.306,400,0
STRN.US,5,20260616,201500,28.23,28.23,28.23,28.23,500,0
STRN.US,5,20260616,202000,28.25,28.25,28.25,28.25,100,0
STRN.US,5,20260616,203500,28.2,28.2,28.2,28.2,325,0
STRN.US,5,20260616,210000,28.19,28.19,28.19,28.19,100,0
STRN.US,5,20260616,213500,28.185,28.185,28.185,28.185,119,0
STRN.US,5,20260616,215500,28.08,28.08,28.06,28.06,200,0
STRN.US,5,20260617,153500,28.23,28.23,28.23,28.23,100,0
STRN.US,5,20260617,162500,28.37,28.37,28.37,28.37,491,0
STRN.US,5,20260617,171000,28.2604,28.2604,28.2604,28.2604,129,0
STRN.US,5,20260617,173000,28.37,28.37,28.37,28.37,3669,0
STRN.US,5,20260617,174000,28.33,28.33,28.33,28.33,200,0
STRN.US,5,20260617,180000,28.36,28.36,28.36,28.36,100,0
STRN.US,5,20260617,190500,28.33,28.33,28.33,28.33,100,0
STRN.US,5,20260617,193000,28.34,28.34,28.34,28.34,300,0
STRN.US,5,20260617,200000,28.25,28.25,28.25,28.25,2100,0
STRN.US,5,20260617,201500,28.35,28.35,28.35,28.35,100,0
STRN.US,5,20260617,203500,28.325,28.325,28.325,28.325,2582,0
STRN.US,5,20260617,205000,28.47,28.47,28.47,28.47,7243,0
STRN.US,5,20260617,210000,28.3,28.3,28.3,28.3,200,0
STRN.US,5,20260617,211000,28.25,28.25,28.25,28.25,700,0
STRN.US,5,20260618,160000,28.255,28.255,28.25,28.25,1037,0
STRN.US,5,20260618,172000,28.41,28.41,28.41,28.41,100,0
STRN.US,5,20260618,184500,28.465,28.465,28.465,28.465,107,0
STRN.US,5,20260618,201000,28.495,28.495,28.495,28.495,244,0
STRN.US,5,20260618,201500,28.49,28.49,28.49,28.49,436,0
STRN.US,5,20260618,205000,28.48,28.48,28.48,28.48,100,0
STRN.US,5,20260618,212500,28.47,28.47,28.47,28.47,175,0
STRN.US,5,20260618,213000,28.38,28.38,28.38,28.38,523,0
STRN.US,5,20260622,153000,28.58,28.58,28.58,28.58,359,0
STRN.US,5,20260622,154000,28.5,28.5,28.5,28.5,100,0
STRN.US,5,20260622,155500,28.63,28.63,28.63,28.63,174,0
STRN.US,5,20260622,163000,28.38,28.38,28.345,28.38,704,0
STRN.US,5,20260622,164500,28.375,28.375,28.375,28.375,352,0
STRN.US,5,20260622,165000,28.37,28.37,28.37,28.37,2294,0
STRN.US,5,20260622,170500,28.43,28.43,28.43,28.43,1499,0
STRN.US,5,20260622,184000,28.398,28.398,28.398,28.398,1002,0
STRN.US,5,20260622,204500,28.595,28.595,28.595,28.595,100,0
STRN.US,5,20260622,210500,28.52,28.52,28.52,28.52,1000,0
