<TICKER>,<PER>,<DATE>,<TIME>,<OPEN>,<HIGH>,<LOW>,<CLOSE>,<VOL>,<OPENINT>
TOPC.US,5,20260126,155000,31.7,31.7,31.7,31.7,393,0
TOPC.US,5,20260126,170000,31.71,31.71,31.6801,31.6801,1550,0
TOPC.US,5,20260126,170500,31.69,31.69,31.69,31.69,200,0
TOPC.US,5,20260126,180000,31.71,31.71,31.71,31.71,100,0
TOPC.US,5,20260126,191500,31.7299,31.7299,31.7299,31.7299,2647,0
TOPC.US,5,20260126,201500,31.73,31.73,31.73,31.73,316,0
TOPC.US,5,20260126,210500,31.74,31.74,31.74,31.74,317,0
TOPC.US,5,20260126,215000,31.72,31.72,31.72,31.72,155,0
TOPC.US,5,20260126,215500,31.69,31.7,31.69,31.7,2013,0
TOPC.US,5,20260127,155500,31.76,31.76,31.76,31.76,400,0
TOPC.US,5,20260127,160500,31.73,31.73,31.73,31.73,321,0
TOPC.US,5,20260127,163000,31.72,31.72,31.72,31.72,333,0
TOPC.US,5,20260127,164000,31.73,31.73,31.73,31.73,725,0
TOPC.US,5,20260127,174500,31.77,31.7701,31.77,31.7701,200,0
TOPC.US,5,20260127,175000,31.77,31.77,31.77,31.77,344,0
TOPC.US,5,20260127,184500,31.74,31.74,31.74,31.74,836,0
TOPC.US,5,20260127,215500,31.76,31.78,31.756,31.76,10600,0
TOPC.US,5,20260128,155000,31.823,31.823,31.823,31.823,147,0
TOPC.US,5,20260128,172500,31.76,31.76,31.76,31.76,461,0
TOPC.US,5,20260128,173000,31.765,31.765,31.765,31.765,300,0
TOPC.US,5,20260128,202000,31.71,31.71,31.71,31.71,227,0
TOPC.US,5,20260128,214500,31.718,31.718,31.718,31.718,400,0
TOPC.US,5,20260128,215000,31.71,31.71,31.71,31.71,100,0
TOPC.US,5,20260128,215500,31.75,31.75,31.74,31.75,3594,0
TOPC.US,5,20260129,160000,31.66,31.66,31.66,31.66,100,0
TOPC.US,5,20260129,171500,31.55,31.55,31.55,31.55,100,0
TOPC.US,5,20260129,203000,31.7,31.7,31.7,31.7,100,0
TOPC.US,5,20260129,204500,31.7,31.7,31.7,31.7,100,0
TOPC.US,5,20260129,205500,31.6999,31.6999,31.6999,31.6999,300,0
TOPC.US,5,20260130,161500,31.72,31.72,31.72,31.72,209,0
TOPC.US,5,20260130,180500,31.54,31.54,31.54,31.54,633,0
TOPC.US,5,20260130,190500,31.57,31.57,31.57,31.57,100,0
TOPC.US,5,20260130,191500,31.5,31.5,31.5,31.5,400,0
TOPC.US,5,20260130,194500,31.56,31.5699,31.545,31.5699,532,0
TOPC.US,5,20260130,202000,31.69,31.69,31.69,31.69,500,0
TOPC.US,5,20260130,215500,31.62,31.62,31.62,31.62,789,0
TOPC.US,5,20260202,155500,31.695,31.695,31.695,31.695,321,0
TOPC.US,5,20260202,161500,31.81,31.81,31.81,31.81,314,0
TOPC.US,5,20260202,162500,31.77,31.8,31.77,31.8,2329,0
TOPC.US,5,20260202,163000,31.79,31.8,31.79,31.8,2849,0
TOPC.US,5,20260202,165500,31.791,31.791,31.791,31.791,550,0
TOPC.US,5,20260202,204000,31.86,31.86,31.86,31.86,100,0
TOPC.US,5,20260202,213000,31.845,31.845,31.845,31.845,100,0
TOPC.US,5,20260202,214000,31.83,31.8399,31.83,31.8399,1007,0
TOPC.US,5,20260202,215000,31.84,31.84,31.84,31.84,455,0
TOPC.US,5,20260202,215500,31.85,31.85,31.85,31.85,375,0
TOPC.US,5,20260203,161500,31.78,31.78,31.78,31.78,217,0
TOPC.US,5,20260203,162000,31.73,31.73,31.73,31.73,210,0
TOPC.US,5,20260203,165500,31.8,31.8,31.79,31.7968,2089,0
TOPC.US,5,20260203,170000,31.79,31.79,31.77,31.7701,3817,0
TOPC.US,5,20260203,203000,31.49,31.49,31.48,31.48,200,0
TOPC.US,5,20260203,211000,31.52,31.52,31.52,31.52,100,0
TOPC.US,5,20260203,212000,31.54,31.54,31.54,31.54,100,0
TOPC.US,5,20260203,213500,31.6041,31.6041,31.6041,31.6041,111,0
TOPC.US,5,20260203,214500,31.59,31.59,31.59,31.59,400,0
TOPC.US,5,20260203,215500,31.62,31.62,31.62,31.62,500,0
TOPC.US,5,20260204,153000,31.65,31.65,31.65,31.65,300,0
TOPC.US,5,20260204,154000,31.63,31.63,31.63,31.63,100,0
TOPC.US,5,20260204,165000,31.595,31.595,31.595,31.595,112,0
TOPC.US,5,20260204,174000,31.51,31.51,31.51,31.51,300,0
TOPC.US,5,20260204,174500,31.467,31.467,31.467,31.467,2500,0
TOPC.US,5,20260204,184500,31.36,31.36,31.36,31.36,100,0
TOPC.US,5,20260204,192500,31.381,31.381,31.381,31.381,273,0
TOPC.US,5,20260204,200500,31.371,31.371,31.37,31.37,200,0
TOPC.US,5,20260204,203500,31.49,31.4968,31.48,31.49,1900,0
TOPC.US,5,20260204,211000,31.57,31.57,31.57,31.57,100,0
TOPC.US,5,20260204,213000,31.56,31.56,31.56,31.56,100,0
TOPC.US,5,20260204,214500,31.565,31.5795,31.565,31.57,904,0
TOPC.US,5,20260204,215500,31.52,31.53,31.49,31.49,12541,0
TOPC.US,5,20260205,155000,31.34,31.37,31.34,31.37,407,0
TOPC.US,5,20260205,155500,31.33,31.33,31.33,31.33,420,0
TOPC.US,5,20260205,160000,31.24,31.24,31.24,31.24,100,0
TOPC.US,5,20260205,160500,31.23,31.23,31.23,31.23,100,0
TOPC.US,5,20260205,161500,31.19,31.19,31.19,31.19,400,0
TOPC.US,5,20260205,162500,31.15,31.15,31.13,31.13,407,0
TOPC.US,5,20260205,163000,31.12,31.12,31.12,31.12,267,0
TOPC.US,5,20260205,172500,31.19,31.19,31.19,31.19,100,0
TOPC.US,5,20260205,175000,31.25,31.25,31.25,31.25,197,0
TOPC.US,5,20260205,183000,31.31,31.31,31.31,31.31,100,0
TOPC.US,5,20260205,185500,31.28,31.28,31.279,31.279,400,0
TOPC.US,5,20260205,203500,31.18,31.183,31.18,31.183,598,0
TOPC.US,5,20260205,204500,31.209,31.21,31.1855,31.1855,442,0
TOPC.US,5,20260205,212000,31.17,31.17,31.17,31.17,100,0
TOPC.US,5,20260205,213000,31.13,31.13,31.13,31.13,100,0
TOPC.US,5,20260205,214500,31.12,31.12,31.12,31.12,100,0
TOPC.US,5,20260205,215000,31.09,31.09,31.09,31.09,140,0
TOPC.US,5,20260206,154000,31.51,31.51,31.51,31.51,100,0
TOPC.US,5,20260206,190500,31.65,31.65,31.65,31.65,700,0
TOPC.US,5,20260206,193000,31.67,31.67,31.67,31.67,300,0
TOPC.US,5,20260206,201000,31.68,31.7,31.68,31.7,1462,0
TOPC.US,5,20260206,201500,31.67,31.67,31.67,31.67,1578,0
TOPC.US,5,20260206,202500,31.7,31.7,31.7,31.7,100,0
TOPC.US,5,20260206,212000,31.72,31.72,31.72,31.72,100,0
TOPC.US,5,20260206,214500,31.745,31.745,31.745,31.745,300,0
TOPC.US,5,20260206,215000,31.79,31.79,31.79,31.79,100,0
TOPC.US,5,20260206,215500,31.76,31.77,31.76,31.77,975,0
TOPC.US,5,20260209,153500,31.7199,31.72,31.7,31.7,906,0
TOPC.US,5,20260209,154000,31.75,31.75,31.74,31.74,200,0
TOPC.US,5,20260209,160000,31.72,31.72,31.72,31.72,100,0
TOPC.US,5,20260209,163000,31.78,31.78,31.78,31.78,100,0
TOPC.US,5,20260209,175000,31.9,31.9,31.9,31.9,100,0
TOPC.US,5,20260209,204500,31.9249,31.9249,31.9249,31.9249,148,0
TOPC.US,5,20260209,211000,31.925,31.925,31.92,31.9234,1700,0
TOPC.US,5,20260209,212500,31.9,31.9,31.9,31.9,127,0
TOPC.US,5,20260209,213500,31.87,31.87,31.87,31.87,260,0
TOPC.US,5,20260209,214000,31.88,31.88,31.88,31.88,100,0
TOPC.US,5,20260209,215000,31.88,31.88,31.88,31.88,236,0
TOPC.US,5,20260209,215500,31.86,31.87,31.83,31.83,3142,0
TOPC.US,5,20260210,154500,31.881,31.881,31.88,31.8801,1426,0
TOPC.US,5,20260210,155500,31.98,31.98,31.98,31.98,100,0
TOPC.US,5,20260210,160500,31.9683,31.9683,31.9683,31.9683,140,0
TOPC.US,5,20260210,161500,31.92,31.923,31.92,31.923,800,0
TOPC.US,5,20260210,162000,31.95,31.9599,31.94,31.9599,800,0
TOPC.US,5,20260210,163000,31.93,31.93,31.93,31.93,100,0
TOPC.US,5,20260210,183500,31.93,31.93,31.93,31.93,206,0
TOPC.US,5,20260210,184000,31.93,31.93,31.93,31.93,100,0
TOPC.US,5,20260210,210000,31.87,31.8775,31.87,31.876,1410,0
TOPC.US,5,20260210,210500,31.87,31.87,31.87,31.87,100,0
TOPC.US,5,20260210,211500,31.869,31.869,31.869,31.869,164,0
TOPC.US,5,20260211,154500,31.9549,31.9549,31.9549,31.9549,308,0
TOPC.US,5,20260211,155500,31.9,31.9,31.9,31.9,100,0
TOPC.US,5,20260211,161000,31.77,31.77,31.77,31.77,100,0
TOPC.US,5,20260211,161500,31.75,31.75,31.75,31.75,100,0
TOPC.US,5,20260211,162500,31.71,31.71,31.71,31.71,100,0
TOPC.US,5,20260211,215500,31.83,31.83,31.83,31.83,100,0
TOPC.US,5,20260212,153000,31.98,31.98,31.98,31.98,100,0
TOPC.US,5,20260212,155000,31.94,31.94,31.94,31.94,100,0
TOPC.US,5,20260212,160000,31.89,31.9,31.89,31.9,685,0
TOPC.US,5,20260212,161000,31.89,31.91,31.89,31.91,211,0
TOPC.US,5,20260212,162000,31.89,31.92,31.89,31.92,336,0
TOPC.US,5,20260212,162500,31.9,31.9,31.9,31.9,100,0
TOPC.US,5,20260212,163000,31.87,31.87,31.87,31.87,300,0
TOPC.US,5,20260212,164500,31.81,31.81,31.81,31.81,100,0
TOPC.US,5,20260212,173000,31.53,31.53,31.53,31.53,100,0
TOPC.US,5,20260212,174500,31.51,31.51,31.51,31.51,951,0
TOPC.US,5,20260212,175500,31.5,31.5,31.5,31.5,100,0
TOPC.US,5,20260212,180500,31.49,31.49,31.49,31.49,100,0
TOPC.US,5,20260212,192500,31.41,31.41,31.41,31.41,100,0
TOPC.US,5,20260212,193500,31.46,31.46,31.46,31.46,323,0
TOPC.US,5,20260212,200000,31.53,31.53,31.52,31.52,462,0
TOPC.US,5,20260212,201000,31.5,31.5,31.5,31.5,100,0
TOPC.US,5,20260212,201500,31.52,31.52,31.52,31.52,135,0
TOPC.US,5,20260212,212500,31.51,31.51,31.51,31.51,300,0
TOPC.US,5,20260212,215500,31.38,31.4,31.38,31.397,1728,0
TOPC.US,5,20260213,163000,31.55,31.55,31.55,31.55,100,0
TOPC.US,5,20260213,185500,31.65,31.65,31.65,31.65,100,0
TOPC.US,5,20260213,192500,31.67,31.67,31.67,31.67,155,0
TOPC.US,5,20260213,194000,31.65,31.65,31.65,31.65,125,0
TOPC.US,5,20260213,202500,31.648,31.648,31.648,31.648,157,0
TOPC.US,5,20260213,203000,31.6311,31.6311,31.6311,31.6311,148,0
TOPC.US,5,20260213,205500,31.57,31.57,31.57,31.57,100,0
TOPC.US,5,20260217,154500,31.47,31.485,31.47,31.485,594,0
TOPC.US,5,20260217,155500,31.33,31.33,31.33,31.33,523,0
TOPC.US,5,20260217,160000,31.31,31.31,31.31,31.31,912,0
TOPC.US,5,20260217,161000,31.32,31.32,31.32,31.32,812,0
TOPC.US,5,20260217,161500,31.31,31.31,31.31,31.31,133,0
TOPC.US,5,20260217,162000,31.39,31.39,31.33,31.33,898,0
TOPC.US,5,20260217,162500,31.31,31.31,31.31,31.31,190,0
TOPC.US,5,20260217,165500,31.32,31.32,31.32,31.32,134,0
TOPC.US,5,20260217,181000,31.45,31.45,31.45,31.45,100,0
TOPC.US,5,20260217,182500,31.46,31.46,31.46,31.46,272,0
TOPC.US,5,20260217,184000,31.45,31.45,31.45,31.45,100,0
TOPC.US,5,20260217,185500,31.42,31.42,31.42,31.42,277,0
TOPC.US,5,20260217,190000,31.41,31.41,31.41,31.41,200,0
TOPC.US,5,20260217,213000,31.5,31.5,31.5,31.5,492,0
TOPC.US,5,20260217,215500,31.49,31.49,31.49,31.49,100,0
TOPC.US,5,20260218,153500,31.54,31.54,31.54,31.54,179,0
TOPC.US,5,20260218,155000,31.54,31.54,31.54,31.54,100,0
TOPC.US,5,20260218,162500,31.7,31.7,31.6999,31.6999,600,0
TOPC.US,5,20260218,184500,31.71,31.71,31.71,31.71,500,0
TOPC.US,5,20260218,193500,31.71,31.71,31.69,31.69,500,0
TOPC.US,5,20260218,200000,31.67,31.67,31.67,31.67,132,0
TOPC.US,5,20260218,202500,31.6538,31.6538,31.6538,31.6538,508,0
TOPC.US,5,20260218,214500,31.63,31.63,31.63,31.63,500,0
TOPC.US,5,20260218,215000,31.67,31.67,31.6699,31.6699,304,0
TOPC.US,5,20260218,215500,31.66,31.67,31.647,31.647,3993,0
TOPC.US,5,20260219,153500,31.53,31.53,31.53,31.53,506,0
TOPC.US,5,20260219,155000,31.575,31.575,31.575,31.575,304,0
TOPC.US,5,20260219,173500,31.5599,31.5599,31.5599,31.5599,400,0
TOPC.US,5,20260219,174500,31.5,31.5,31.5,31.5,5000,0
TOPC.US,5,20260219,184500,31.5,31.5,31.5,31.5,178,0
TOPC.US,5,20260219,202000,31.52,31.52,31.52,31.52,100,0
TOPC.US,5,20260219,210000,31.53,31.53,31.53,31.53,230,0
TOPC.US,5,20260219,215500,31.56,31.59,31.56,31.577,5147,0
TOPC.US,5,20260220,154500,31.525,31.525,31.525,31.525,200,0
TOPC.US,5,20260220,191000,31.65,31.65,31.65,31.65,1100,0
TOPC.US,5,20260220,204000,31.72,31.72,31.7,31.7,1445,0
TOPC.US,5,20260220,215500,31.74,31.74,31.74,31.74,825,0
TOPC.US,5,20260223,153500,31.7,31.7,31.7,31.7,350,0
TOPC.US,5,20260223,181000,31.3665,31.3665,31.3665,31.3665,254,0
TOPC.US,5,20260223,185500,31.36,31.36,31.36,31.36,100,0
TOPC.US,5,20260223,202000,31.345,31.345,31.345,31.345,100,0
TOPC.US,5,20260223,202500,31.34,31.34,31.34,31.34,100,0
TOPC.US,5,20260223,204000,31.32,31.32,31.32,31.32,100,0
TOPC.US,5,20260223,214000,31.3301,31.37,31.3301,31.37,800,0
TOPC.US,5,20260223,214500,31.3453,31.3453,31.3453,31.3453,400,0
TOPC.US,5,20260223,215500,31.34,31.35,31.33,31.35,4310,0
TOPC.US,5,20260224,175000,31.55,31.55,31.5499,31.5499,3500,0
TOPC.US,5,20260224,180000,31.555,31.555,31.555,31.555,634,0
TOPC.US,5,20260224,213500,31.59,31.6,31.58,31.58,600,0
TOPC.US,5,20260224,214500,31.585,31.585,31.585,31.585,300,0
TOPC.US,5,20260224,215500,31.59,31.61,31.56,31.56,4793,0
TOPC.US,5,20260225,190000,31.82,31.82,31.82,31.82,102,0
TOPC.US,5,20260225,200500,31.83,31.83,31.83,31.83,105,0
TOPC.US,5,20260226,182500,31.62,31.62,31.62,31.62,812,0
TOPC.US,5,20260226,184500,31.5899,31.5899,31.5899,31.5899,553,0
TOPC.US,5,20260226,185000,31.585,31.585,31.585,31.585,102,0
TOPC.US,5,20260226,190500,31.58,31.58,31.58,31.58,300,0
TOPC.US,5,20260226,212500,31.74,31.74,31.74,31.74,137,0
TOPC.US,5,20260226,213000,31.76,31.76,31.76,31.76,152,0
TOPC.US,5,20260226,213500,31.77,31.77,31.77,31.77,158,0
TOPC.US,5,20260226,215000,31.76,31.76,31.76,31.76,63493,0
TOPC.US,5,20260226,215500,31.777,31.777,31.777,31.777,216,0
TOPC.US,5,20260227,172000,31.63,31.65,31.63,31.6364,500,0
TOPC.US,5,20260227,180000,31.66,31.66,31.66,31.66,154,0
TOPC.US,5,20260227,210000,31.61,31.61,31.6032,31.6032,200,0
TOPC.US,5,20260227,210500,31.61,31.61,31.61,31.61,100,0
TOPC.US,5,20260227,215500,31.71,31.71,31.71,31.71,495,0
TOPC.US,5,20260302,153500,31.5195,31.55,31.5195,31.5499,3700,0
TOPC.US,5,20260302,165500,31.6,31.6,31.6,31.6,100,0
TOPC.US,5,20260302,170500,31.66,31.66,31.66,31.66,100,0
TOPC.US,5,20260302,181000,31.66,31.66,31.66,31.66,100,0
TOPC.US,5,20260302,192000,31.67,31.67,31.67,31.67,246,0
TOPC.US,5,20260302,192500,31.7091,31.7091,31.7091,31.7091,246,0
TOPC.US,5,20260302,193500,31.7,31.7,31.7,31.7,6500,0
TOPC.US,5,20260302,194000,31.7,31.7,31.7,31.7,1600,0
TOPC.US,5,20260302,213000,31.689,31.689,31.689,31.689,100,0
TOPC.US,5,20260303,164000,31.01,31.01,31.01,31.01,100,0
TOPC.US,5,20260303,173500,31.21,31.21,31.21,31.21,100,0
TOPC.US,5,20260303,192000,31.41,31.41,31.41,31.41,405,0
TOPC.US,5,20260303,203000,31.39,31.39,31.39,31.39,100,0
TOPC.US,5,20260303,203500,31.46,31.46,31.46,31.46,100,0
TOPC.US,5,20260303,204000,31.49,31.49,31.49,31.49,100,0
TOPC.US,5,20260303,204500,31.51,31.51,31.51,31.51,100,0
TOPC.US,5,20260303,205000,31.49,31.49,31.49,31.49,100,0
TOPC.US,5,20260303,205500,31.46,31.46,31.46,31.46,100,0
TOPC.US,5,20260303,212500,31.42,31.42,31.42,31.42,164,0
TOPC.US,5,20260303,214000,31.4,31.4,31.4,31.4,100,0
TOPC.US,5,20260303,214500,31.4,31.42,31.4,31.42,600,0
TOPC.US,5,20260304,153000,31.5025,31.5025,31.5025,31.5025,800,0
TOPC.US,5,20260304,183000,31.6,31.6,31.6,31.6,100,0
TOPC.US,5,20260304,191000,31.67,31.67,31.67,31.67,473,0
TOPC.US,5,20260304,203000,31.68,31.68,31.68,31.68,100,0
TOPC.US,5,20260304,210000,31.685,31.685,31.685,31.685,150,0
TOPC.US,5,20260304,212000,31.6599,31.66,31.6599,31.66,374,0
TOPC.US,5,20260305,153500,31.572,31.572,31.572,31.572,135,0
TOPC.US,5,20260305,154500,31.57,31.57,31.5455,31.5455,600,0
TOPC.US,5,20260305,162000,31.52,31.52,31.52,31.52,100,0
TOPC.US,5,20260305,165500,31.43,31.43,31.43,31.43,160,0
TOPC.US,5,20260305,170000,31.4499,31.4499,31.4499,31.4499,100,0
TOPC.US,5,20260305,170500,31.39,31.39,31.39,31.39,204,0
TOPC.US,5,20260305,172500,31.35,31.35,31.35,31.35,100,0
TOPC.US,5,20260305,181000,31.38,31.38,31.37,31.37,637,0
TOPC.US,5,20260305,210000,31.2099,31.2099,31.2099,31.2099,299,0
TOPC.US,5,20260305,213000,31.35,31.35,31.35,31.35,123,0
TOPC.US,5,20260305,215500,31.41,31.41,31.41,31.41,886,0
TOPC.US,5,20260306,160000,30.95,30.95,30.95,30.95,213,0
TOPC.US,5,20260306,172500,31.05,31.05,31.05,31.05,300,0
TOPC.US,5,20260306,200000,31.0699,31.07,31.0699,31.07,200,0
TOPC.US,5,20260306,201000,31.119,31.12,31.095,31.1199,1900,0
TOPC.US,5,20260306,201500,31.11,31.12,31.08,31.1094,12000,0
TOPC.US,5,20260306,202500,31.11,31.11,31.09,31.09,1500,0
TOPC.US,5,20260306,205500,31.12,31.12,31.12,31.12,500,0
TOPC.US,5,20260306,211000,31.04,31.08,31.04,31.08,2000,0
TOPC.US,5,20260306,211500,31.055,31.055,31.045,31.045,1000,0
TOPC.US,5,20260306,212000,31.015,31.05,31.015,31.05,1644,0
TOPC.US,5,20260306,212500,31.04,31.04,30.995,30.995,745,0
TOPC.US,5,20260306,214000,31.04,31.04,31.04,31.04,100,0
TOPC.US,5,20260306,214500,30.99,30.99,30.99,30.99,648,0
TOPC.US,5,20260309,153000,30.61,30.61,30.61,30.61,100,0
TOPC.US,5,20260309,171000,30.83,30.83,30.83,30.83,1226,0
TOPC.US,5,20260309,174000,30.89,30.89,30.89,30.89,909,0
TOPC.US,5,20260309,182000,30.82,30.82,30.82,30.82,100,0
TOPC.US,5,20260309,192500,30.86,30.86,30.86,30.86,300,0
TOPC.US,5,20260309,194500,30.89,30.89,30.89,30.89,100,0
TOPC.US,5,20260310,145500,31.1049,31.105,31.1,31.105,891,0
TOPC.US,5,20260310,153000,31.2,31.2,31.2,31.2,270,0
TOPC.US,5,20260310,184000,31.33,31.33,31.33,31.33,100,0
TOPC.US,5,20260310,193000,31.23,31.23,31.23,31.23,100,0
TOPC.US,5,20260310,205500,31.1,31.1,31.1,31.1,391,0
TOPC.US,5,20260311,145000,31.06,31.06,31.06,31.06,200,0
TOPC.US,5,20260311,203500,31.049,31.049,31.049,31.049,200,0
TOPC.US,5,20260311,205500,31.065,31.065,31.065,31.065,100,0
TOPC.US,5,20260312,153000,30.71,30.71,30.71,30.71,500,0
TOPC.US,5,20260312,162500,30.736,30.736,30.736,30.736,163,0
TOPC.US,5,20260312,204000,30.67,30.67,30.67,30.67,200,0
TOPC.US,5,20260313,143500,30.75,30.75,30.75,30.75,114,0
TOPC.US,5,20260313,145000,30.835,30.835,30.835,30.835,324,0
TOPC.US,5,20260313,175000,30.57,30.57,30.57,30.57,500,0
TOPC.US,5,20260313,175500,30.5401,30.565,30.5401,30.55,3117,0
TOPC.US,5,20260313,201000,30.54,30.54,30.54,30.54,300,0
TOPC.US,5,20260316,152000,30.86,30.86,30.86,30.86,1000,0
TOPC.US,5,20260317,160500,30.874,30.874,30.874,30.874,243,0
TOPC.US,5,20260317,170000,30.8,30.8,30.8,30.8,193,0
TOPC.US,5,20260317,193500,30.793,30.793,30.793,30.793,128,0
TOPC.US,5,20260317,204500,30.795,30.795,30.782,30.782,200,0
TOPC.US,5,20260317,205500,30.75,30.76,30.75,30.76,2644,0
TOPC.US,5,20260318,171000,30.59,30.59,30.59,30.59,922,0
TOPC.US,5,20260318,171500,30.59,30.591,30.59,30.59,7144,0
TOPC.US,5,20260318,175500,30.615,30.615,30.615,30.615,100,0
TOPC.US,5,20260318,201000,30.47,30.47,30.47,30.47,200,0
TOPC.US,5,20260318,204000,30.39,30.39,30.39,30.39,100,0
TOPC.US,5,20260318,204500,30.39,30.39,30.39,30.39,800,0
TOPC.US,5,20260318,205000,30.385,30.3993,30.385,30.3993,800,0
TOPC.US,5,20260318,205500,30.38,30.38,30.36,30.38,9825,0
TOPC.US,5,20260319,183500,30.15,30.15,30.15,30.15,200,0
TOPC.US,5,20260319,184000,30.1599,30.1599,30.1599,30.1599,150,0
TOPC.US,5,20260319,185500,30.19,30.19,30.19,30.19,100,0
TOPC.US,5,20260319,194000,30.1496,30.1496,30.1496,30.1496,105,0
TOPC.US,5,20260319,203000,30.35,30.35,30.35,30.35,126,0
TOPC.US,5,20260320,144000,30.2179,30.2179,30.2179,30.2179,157,0
TOPC.US,5,20260320,190500,29.99,29.99,29.99,29.99,100,0
TOPC.US,5,20260320,195000,29.8899,29.8899,29.8899,29.8899,200,0
TOPC.US,5,20260320,200500,29.85,29.85,29.85,29.85,100,0
TOPC.US,5,20260320,205000,29.79,29.79,29.79,29.79,167,0
TOPC.US,5,20260323,153000,30.455,30.455,30.455,30.455,100,0
TOPC.US,5,20260323,175500,30.25,30.25,30.25,30.25,100,0
TOPC.US,5,20260324,195500,30.23,30.23,30.23,30.23,1244,0
TOPC.US,5,20260324,204500,30.17,30.17,30.17,30.17,100,0
TOPC.US,5,20260325,143500,30.4525,30.4525,30.4525,30.4525,225,0
TOPC.US,5,20260325,144500,30.387,30.387,30.387,30.387,200,0
TOPC.US,5,20260325,164000,30.3104,30.3104,30.3104,30.3104,200,0
TOPC.US,5,20260325,185500,30.39,30.39,30.39,30.39,100,0
TOPC.US,5,20260326,163000,30.05,30.06,30.04,30.06,2780,0
TOPC.US,5,20260326,171500,30.07,30.07,30.05,30.05,598,0
TOPC.US,5,20260326,194500,29.88,29.88,29.88,29.88,100,0
TOPC.US,5,20260326,201000,29.8497,29.85,29.83,29.85,2617,0
TOPC.US,5,20260326,205500,29.82,29.82,29.815,29.815,245,0
TOPC.US,5,20260327,160000,29.62,29.62,29.62,29.62,200,0
TOPC.US,5,20260327,193000,29.395,29.395,29.395,29.395,205,0
TOPC.US,5,20260327,193500,29.4,29.4,29.4,29.4,1000,0
TOPC.US,5,20260330,154000,29.45,29.53,29.45,29.53,2140,0
TOPC.US,5,20260330,161500,29.415,29.415,29.415,29.415,339,0
TOPC.US,5,20260330,164500,29.43,29.43,29.43,29.43,300,0
TOPC.US,5,20260330,181000,29.48,29.48,29.48,29.48,400,0
TOPC.US,5,20260330,181500,29.47,29.47,29.47,29.47,300,0
TOPC.US,5,20260330,183000,29.42,29.42,29.4199,29.4199,1000,0
TOPC.US,5,20260330,204500,29.2799,29.2799,29.27,29.27,892,0
TOPC.US,5,20260330,212000,29.15,29.15,29.15,29.15,100,0
TOPC.US,5,20260330,212500,29.14,29.14,29.14,29.14,100,0
TOPC.US,5,20260331,153000,29.62,29.62,29.62,29.62,1319,0
TOPC.US,5,20260331,162500,29.69,29.6962,29.69,29.69,300,0
TOPC.US,5,20260331,180000,29.59,29.59,29.58,29.58,1600,0
TOPC.US,5,20260331,180500,29.58,29.581,29.58,29.58,2107,0
TOPC.US,5,20260331,183500,29.69,29.7,29.69,29.7,405,0
TOPC.US,5,20260331,201000,29.84,29.84,29.84,29.84,1153,0
TOPC.US,5,20260331,205500,29.94,29.94,29.94,29.94,2350,0
TOPC.US,5,20260331,211000,29.9403,29.9403,29.9403,29.9403,180,0
TOPC.US,5,20260401,154000,30.19,30.19,30.19,30.19,2100,0
TOPC.US,5,20260401,162000,30.24,30.24,30.24,30.24,100,0
TOPC.US,5,20260401,173500,30.3,30.3,30.3,30.3,200,0
TOPC.US,5,20260401,181500,30.3411,30.3411,30.3411,30.3411,150,0
TOPC.US,5,20260401,194000,30.36,30.36,30.36,30.36,210,0
TOPC.US,5,20260401,215500,30.25,30.25,30.25,30.25,600,0
TOPC.US,5,20260402,203000,30.14,30.14,30.14,30.14,150,0
TOPC.US,5,20260406,161500,30.37,30.37,30.37,30.37,100,0
TOPC.US,5,20260407,194000,30.3106,30.3106,30.3106,30.3106,342,0
TOPC.US,5,20260407,205000,30.19,30.19,30.19,30.19,791,0
TOPC.US,5,20260408,154500,31.169,31.17,31.169,31.1699,1300,0
TOPC.US,5,20260408,185000,31.16,31.16,31.16,31.16,149,0
TOPC.US,5,20260408,191500,31.15,31.15,31.15,31.15,332,0
TOPC.US,5,20260408,204000,31.109,31.109,31.109,31.109,170,0
TOPC.US,5,20260409,153000,31.23,31.23,31.23,31.23,245,0
TOPC.US,5,20260409,161500,31.13,31.13,31.13,31.13,100,0
TOPC.US,5,20260409,170500,31.15,31.15,31.15,31.15,269,0
TOPC.US,5,20260409,182500,31.34,31.34,31.34,31.34,200,0
TOPC.US,5,20260410,155000,31.33,31.33,31.33,31.33,100,0
TOPC.US,5,20260410,171500,31.34,31.34,31.34,31.34,100,0
TOPC.US,5,20260410,200000,31.26,31.26,31.26,31.26,100,0
TOPC.US,5,20260410,204000,31.25,31.25,31.2499,31.2499,524,0
TOPC.US,5,20260413,155500,31.21,31.21,31.21,31.21,4400,0
TOPC.US,5,20260413,203500,31.4,31.4,31.4,31.4,100,0
TOPC.US,5,20260414,154500,31.6999,31.6999,31.6999,31.6999,2200,0
TOPC.US,5,20260414,160500,31.74,31.74,31.74,31.74,100,0
TOPC.US,5,20260414,173000,31.815,31.815,31.815,31.815,315,0
TOPC.US,5,20260414,182000,31.82,31.82,31.82,31.82,100,0
TOPC.US,5,20260414,204000,31.82,31.82,31.82,31.82,2150,0
TOPC.US,5,20260414,215500,31.88,31.88,31.88,31.88,1100,0
TOPC.US,5,20260415,161000,31.9,31.9,31.9,31.9,100,0
TOPC.US,5,20260415,162000,31.905,31.905,31.905,31.905,140,0
TOPC.US,5,20260415,163000,31.9015,31.9015,31.9015,31.9015,564,0
TOPC.US,5,20260415,215500,32.06,32.06,32.05,32.05,1100,0
TOPC.US,5,20260416,155500,32.06,32.06,32.06,32.06,100,0
TOPC.US,5,20260416,214500,32.14,32.15,32.14,32.15,2100,0
TOPC.US,5,20260416,215500,32.15,32.16,32.15,32.16,11402,0
TOPC.US,5,20260417,154500,32.32,32.38,32.32,32.38,510,0
TOPC.US,5,20260417,205000,32.4899,32.4899,32.4899,32.4899,161,0
TOPC.US,5,20260420,155000,32.455,32.455,32.455,32.455,554,0
TOPC.US,5,20260420,183000,32.43,32.43,32.43,32.43,100,0
TOPC.US,5,20260420,204500,32.42,32.42,32.42,32.42,319,0
TOPC.US,5,20260420,215500,32.41,32.41,32.41,32.41,300,0
TOPC.US,5,20260421,153000,32.5,32.5,32.5,32.5,155,0
TOPC.US,5,20260421,155500,32.535,32.535,32.535,32.535,100,0
TOPC.US,5,20260421,160000,32.491,32.4944,32.491,32.4944,369,0
TOPC.US,5,20260421,160500,32.57,32.57,32.57,32.57,100,0
TOPC.US,5,20260421,214000,32.25,32.25,32.25,32.25,100,0
TOPC.US,5,20260421,215000,32.19,32.21,32.19,32.21,1065,0
TOPC.US,5,20260421,215500,32.22,32.22,32.22,32.22,500,0
TOPC.US,5,20260422,163500,32.51,32.51,32.51,32.51,100,0
TOPC.US,5,20260422,191500,32.45,32.45,32.45,32.45,100,0
TOPC.US,5,20260422,201500,32.44,32.44,32.44,32.44,300,0
TOPC.US,5,20260422,215000,32.49,32.49,32.47,32.4836,1066,0
TOPC.US,5,20260423,153500,32.431,32.431,32.431,32.431,200,0
TOPC.US,5,20260423,163000,32.53,32.53,32.53,32.53,100,0
TOPC.US,5,20260423,190000,32.47,32.47,32.47,32.47,466,0
TOPC.US,5,20260423,195500,32.27,32.27,32.27,32.27,100,0
TOPC.US,5,20260423,205500,32.419,32.4192,32.419,32.4192,207,0
TOPC.US,5,20260423,215000,32.4,32.4,32.4,32.4,450,0
TOPC.US,5,20260424,163000,32.48,32.48,32.48,32.48,100,0
TOPC.US,5,20260424,185000,32.55,32.58,32.54,32.56,1900,0
TOPC.US,5,20260424,185500,32.57,32.57,32.57,32.57,250,0
TOPC.US,5,20260424,213000,32.5999,32.5999,32.5999,32.5999,172,0
TOPC.US,5,20260427,162000,32.59,32.59,32.59,32.59,100,0
TOPC.US,5,20260427,174500,32.55,32.57,32.533,32.5699,4914,0
TOPC.US,5,20260427,190000,32.58,32.58,32.58,32.58,200,0
TOPC.US,5,20260428,195500,32.4,32.4,32.4,32.4,100,0
TOPC.US,5,20260429,200500,32.29,32.2902,32.28,32.28,2309,0
TOPC.US,5,20260429,210000,32.39,32.399,32.3899,32.399,300,0
TOPC.US,5,20260429,214500,32.41,32.41,32.395,32.395,1900,0
TOPC.US,5,20260429,215000,32.41,32.41,32.41,32.41,900,0
TOPC.US,5,20260429,215500,32.41,32.45,32.41,32.45,13931,0
TOPC.US,5,20260430,155000,32.499,32.5,32.499,32.5,900,0
TOPC.US,5,20260430,160500,32.42,32.42,32.42,32.42,119,0
TOPC.US,5,20260430,190500,32.65,32.65,32.65,32.65,612,0
TOPC.US,5,20260430,203500,32.81,32.81,32.81,32.81,346,0
TOPC.US,5,20260430,214000,32.84,32.84,32.81,32.83,79210,0
TOPC.US,5,20260430,214500,32.83,32.83,32.83,32.83,103,0
TOPC.US,5,20260430,215500,32.82,32.82,32.82,32.82,500,0
TOPC.US,5,20260501,171500,32.9501,33,32.9501,32.9999,824,0
TOPC.US,5,20260501,172000,33,33,33,33,900,0
TOPC.US,5,20260501,172500,32.97,32.97,32.97,32.97,100,0
TOPC.US,5,20260501,174000,32.99,32.99,32.99,32.99,500,0
TOPC.US,5,20260501,175000,33,33,32.97,32.97,2900,0
TOPC.US,5,20260501,203500,32.9,32.9,32.9,32.9,100,0
TOPC.US,5,20260501,210500,32.93,32.93,32.93,32.93,249,0
TOPC.US,5,20260501,211000,32.91,32.91,32.91,32.91,300,0
TOPC.US,5,20260501,215000,32.92,32.92,32.92,32.92,100,0
TOPC.US,5,20260504,160500,32.91,32.91,32.91,32.91,100,0
TOPC.US,5,20260504,162000,32.911,32.97,32.91,32.97,936,0
TOPC.US,5,20260504,164500,32.92,32.9201,32.92,32.9201,994,0
TOPC.US,5,20260504,183000,32.73,32.73,32.73,32.73,500,0
TOPC.US,5,20260504,184500,32.7299,32.73,32.7,32.7,3358,0
TOPC.US,5,20260504,194500,32.75,32.75,32.75,32.75,500,0
TOPC.US,5,20260504,195000,32.76,32.76,32.76,32.76,1500,0
TOPC.US,5,20260504,200500,32.75,32.75,32.75,32.75,100,0
TOPC.US,5,20260504,201000,32.78,32.78,32.78,32.78,100,0
TOPC.US,5,20260504,202000,32.72,32.72,32.72,32.72,100,0
TOPC.US,5,20260504,205500,32.75,32.75,32.73,32.73,200,0
TOPC.US,5,20260504,210000,32.73,32.73,32.73,32.73,152,0
TOPC.US,5,20260504,212500,32.76,32.77,32.7599,32.77,1200,0
TOPC.US,5,20260504,213000,32.74,32.74,32.74,32.74,125,0
TOPC.US,5,20260504,215500,32.72,32.73,32.72,32.72,4719,0
TOPC.US,5,20260505,153000,33,33,32.93,32.93,1301,0
TOPC.US,5,20260505,184500,33.03,33.03,33.03,33.03,100,0
TOPC.US,5,20260505,193000,33.04,33.04,33.02,33.02,1000,0
TOPC.US,5,20260505,195000,33.03,33.03,33.03,33.03,400,0
TOPC.US,5,20260505,205500,33.079,33.079,33.079,33.079,312,0
TOPC.US,5,20260505,211000,33.11,33.11,33.07,33.07,7555,0
TOPC.US,5,20260505,212500,33.08,33.08,33.08,33.08,100,0
TOPC.US,5,20260505,215500,33.01,33.01,32.99,32.99,4950,0
TOPC.US,5,20260506,153000,33.31,33.31,33.31,33.31,1202,0
TOPC.US,5,20260506,161500,33.28,33.28,33.28,33.28,200,0
TOPC.US,5,20260506,162000,33.28,33.28,33.28,33.28,450,0
TOPC.US,5,20260506,194000,33.34,33.34,33.34,33.34,2669,0
TOPC.US,5,20260506,202000,33.38,33.38,33.38,33.38,13023,0
TOPC.US,5,20260506,210500,33.4,33.4,33.3701,33.3701,1125,0
TOPC.US,5,20260506,212000,33.41,33.41,33.41,33.41,500,0
TOPC.US,5,20260506,215500,33.4,33.4,33.4,33.4,1161,0
TOPC.US,5,20260507,171000,33.43,33.43,33.43,33.43,100,0
TOPC.US,5,20260507,172000,33.37,33.37,33.37,33.37,258,0
TOPC.US,5,20260507,173500,33.42,33.42,33.4199,33.4199,900,0
TOPC.US,5,20260507,174000,33.41,33.41,33.41,33.41,1700,0
TOPC.US,5,20260507,203500,33.22,33.22,33.22,33.22,293,0
TOPC.US,5,20260507,213000,33.2,33.2,33.1999,33.1999,396,0
TOPC.US,5,20260508,153000,33.22,33.22,33.22,33.22,277,0
TOPC.US,5,20260508,154000,33.36,33.36,33.36,33.36,1669,0
TOPC.US,5,20260511,161500,33.6,33.6,33.6,33.6,100,0
TOPC.US,5,20260511,171500,33.53,33.53,33.53,33.53,1000,0
TOPC.US,5,20260511,184000,33.605,33.605,33.605,33.605,671,0
TOPC.US,5,20260511,193000,33.61,33.61,33.61,33.61,1000,0
TOPC.US,5,20260511,193500,33.64,33.64,33.61,33.61,5436,0
TOPC.US,5,20260511,204500,33.61,33.61,33.6099,33.6099,328,0
TOPC.US,5,20260511,211500,33.57,33.57,33.56,33.56,500,0
TOPC.US,5,20260511,215500,33.563,33.575,33.563,33.575,407,0
TOPC.US,5,20260512,181500,33.29,33.29,33.29,33.29,275,0
TOPC.US,5,20260512,182500,33.28,33.28,33.28,33.28,500,0
TOPC.US,5,20260512,195500,33.39,33.39,33.39,33.39,120,0
TOPC.US,5,20260512,204000,33.45,33.45,33.45,33.45,1000,0
TOPC.US,5,20260513,155000,33.4208,33.4208,33.4208,33.4208,148,0
TOPC.US,5,20260513,171500,33.5,33.5,33.4999,33.5,395,0
TOPC.US,5,20260513,182000,33.57,33.57,33.57,33.57,2400,0
TOPC.US,5,20260513,203500,33.655,33.655,33.655,33.655,178,0
TOPC.US,5,20260513,215500,33.64,33.65,33.64,33.65,3607,0
TOPC.US,5,20260514,161500,33.79,33.79,33.79,33.79,421,0
TOPC.US,5,20260514,190000,33.845,33.845,33.845,33.845,150,0
TOPC.US,5,20260514,191000,33.85,33.86,33.8444,33.8444,400,0
TOPC.US,5,20260514,194500,33.835,33.835,33.835,33.835,1710,0
TOPC.US,5,20260514,203000,33.8,33.8,33.8,33.8,150,0
TOPC.US,5,20260514,210000,33.87,33.87,33.8699,33.8699,200,0
TOPC.US,5,20260514,214500,33.8799,33.8799,33.855,33.855,385,0
TOPC.US,5,20260518,192000,33.38,33.38,33.38,33.38,100,0
TOPC.US,5,20260518,205000,33.22,33.22,33.22,33.22,1628,0
TOPC.US,5,20260518,215500,33.46,33.46,33.46,33.46,1500,0
TOPC.US,5,20260520,180500,33.56,33.56,33.56,33.56,100,0
TOPC.US,5,20260520,193500,33.58,33.58,33.58,33.58,208,0
TOPC.US,5,20260520,211500,33.55,33.5501,33.55,33.5501,2363,0
TOPC.US,5,20260521,153000,33.53,33.53,33.53,33.53,750,0
TOPC.US,5,20260521,165500,33.52,33.52,33.52,33.52,400,0
TOPC.US,5,20260521,170500,33.46,33.46,33.46,33.46,100,0
TOPC.US,5,20260521,174500,33.53,33.53,33.53,33.53,100,0
TOPC.US,5,20260521,184500,33.52,33.52,33.5,33.5,500,0
TOPC.US,5,20260521,203000,33.74,33.74,33.74,33.74,199,0
TOPC.US,5,20260521,204000,33.7386,33.7386,33.7386,33.7386,131,0
TOPC.US,5,20260521,204500,33.7,33.7,33.7,33.7,7155,0
TOPC.US,5,20260521,205000,33.7,33.7,33.7,33.7,2500,0
TOPC.US,5,20260521,215500,33.7,33.7,33.7,33.7,124,0
TOPC.US,5,20260522,163000,33.86,33.8601,33.86,33.86,7297,0
TOPC.US,5,20260522,204000,33.96,33.96,33.96,33.96,2084,0
TOPC.US,5,20260522,211000,33.94,33.9401,33.92,33.9201,892,0
TOPC.US,5,20260526,162000,34.21,34.21,34.21,34.21,100,0
TOPC.US,5,20260526,162500,34.21,34.21,34.21,34.21,100,0
TOPC.US,5,20260526,164500,34.1703,34.1703,34.1703,34.1703,100,0
TOPC.US,5,20260526,211000,34.11,34.11,34.11,34.11,400,0
TOPC.US,5,20260526,212500,34.16,34.16,34.1599,34.1599,515,0
TOPC.US,5,20260526,214500,34.18,34.18,34.162,34.162,400,0
TOPC.US,5,20260526,215000,34.18,34.18,34.18,34.18,100,0
TOPC.US,5,20260526,215500,34.16,34.17,34.12,34.12,5473,0
TOPC.US,5,20260527,154500,34.122,34.122,34.122,34.122,200,0
TOPC.US,5,20260527,155000,34.209,34.209,34.209,34.209,200,0
TOPC.US,5,20260527,161500,34.19,34.19,34.19,34.19,100,0
TOPC.US,5,20260527,162500,34.189,34.189,34.189,34.189,100,0
TOPC.US,5,20260527,163500,34.195,34.195,34.195,34.195,100,0
TOPC.US,5,20260527,164000,34.229,34.229,34.229,34.229,100,0
TOPC.US,5,20260527,165000,34.13,34.13,34.13,34.13,100,0
TOPC.US,5,20260527,180500,34.12,34.12,34.1199,34.1199,200,0
TOPC.US,5,20260527,183000,34.1464,34.1464,34.1464,34.1464,293,0
TOPC.US,5,20260527,190500,34.15,34.15,34.15,34.15,104,0
TOPC.US,5,20260527,191000,34.07,34.11,34.07,34.0999,1040,0
TOPC.US,5,20260527,201000,34.14,34.15,34.1,34.1,375,0
TOPC.US,5,20260527,211000,34.21,34.21,34.21,34.21,500,0
TOPC.US,5,20260527,214000,34.2,34.2,34.2,34.2,500,0
TOPC.US,5,20260527,214500,34.208,34.21,34.1899,34.19,1900,0
TOPC.US,5,20260527,215000,34.2,34.2,34.2,34.2,484,0
TOPC.US,5,20260527,215500,34.18,34.19,34.18,34.19,13159,0
TOPC.US,5,20260528,161500,34.235,34.2899,34.235,34.2899,1100,0
TOPC.US,5,20260528,165000,34.27,34.27,34.27,34.27,100,0
TOPC.US,5,20260528,165500,34.2899,34.2899,34.2899,34.2899,100,0
TOPC.US,5,20260528,170000,34.31,34.31,34.31,34.31,200,0
TOPC.US,5,20260528,172000,34.31,34.31,34.31,34.31,400,0
TOPC.US,5,20260528,172500,34.315,34.315,34.315,34.315,150,0
TOPC.US,5,20260528,174500,34.33,34.33,34.33,34.33,462,0
TOPC.US,5,20260528,185000,34.331,34.331,34.33,34.3301,1152,0
TOPC.US,5,20260528,190000,34.39,34.39,34.39,34.39,100,0
TOPC.US,5,20260528,194500,34.34,34.36,34.34,34.36,810,0
TOPC.US,5,20260528,200500,34.34,34.34,34.34,34.34,870,0
TOPC.US,5,20260528,214500,34.34,34.36,34.34,34.36,370,0
TOPC.US,5,20260529,163500,34.4,34.4,34.4,34.4,500,0
TOPC.US,5,20260529,165000,34.4,34.4,34.4,34.4,100,0
TOPC.US,5,20260529,170000,34.42,34.42,34.395,34.395,900,0
TOPC.US,5,20260529,170500,34.405,34.405,34.405,34.405,450,0
TOPC.US,5,20260529,171000,34.44,34.45,34.4152,34.45,400,0
TOPC.US,5,20260529,171500,34.46,34.46,34.46,34.46,100,0
TOPC.US,5,20260529,172500,34.425,34.425,34.425,34.425,100,0
TOPC.US,5,20260529,173500,34.4482,34.4482,34.4482,34.4482,100,0
TOPC.US,5,20260529,180000,34.459,34.459,34.45,34.45,300,0
TOPC.US,5,20260529,180500,34.46,34.469,34.46,34.469,300,0
TOPC.US,5,20260529,190000,34.45,34.45,34.45,34.45,210,0
TOPC.US,5,20260529,194000,34.42,34.42,34.42,34.42,1867,0
TOPC.US,5,20260529,194500,34.42,34.42,34.42,34.42,500,0
TOPC.US,5,20260529,210500,34.4,34.4,34.38,34.38,400,0
TOPC.US,5,20260529,215500,34.41,34.41,34.41,34.41,921,0
TOPC.US,5,20260601,172500,34.39,34.39,34.39,34.39,400,0
TOPC.US,5,20260601,173000,34.41,34.41,34.41,34.41,100,0
TOPC.US,5,20260601,181500,34.38,34.38,34.38,34.38,200,0
TOPC.US,5,20260601,182500,34.4,34.4,34.385,34.385,400,0
TOPC.US,5,20260601,194500,34.51,34.51,34.51,34.51,454,0
TOPC.US,5,20260601,201500,34.53,34.53,34.53,34.53,483,0
TOPC.US,5,20260601,204500,34.48,34.52,34.46,34.52,12764,0
TOPC.US,5,20260601,213000,34.47,34.51,34.47,34.5099,3024,0
TOPC.US,5,20260602,161500,34.46,34.46,34.46,34.46,389,0
TOPC.US,5,20260602,162000,34.4,34.4,34.4,34.4,100,0
TOPC.US,5,20260602,173000,34.55,34.55,34.55,34.55,100,0
TOPC.US,5,20260602,175500,34.5599,34.5599,34.5599,34.5599,434,0
TOPC.US,5,20260602,203500,34.55,34.55,34.535,34.535,310,0
TOPC.US,5,20260603,161000,34.51,34.51,34.5,34.5,970,0
TOPC.US,5,20260603,161500,34.48,34.48,34.48,34.48,200,0
TOPC.US,5,20260603,170500,34.54,34.54,34.54,34.54,100,0
TOPC.US,5,20260603,184000,34.45,34.45,34.45,34.45,150,0
TOPC.US,5,20260603,214500,34.5,34.5,34.5,34.5,14514,0
TOPC.US,5,20260603,215500,34.44,34.44,34.44,34.44,311,0
TOPC.US,5,20260604,162500,34.4499,34.4499,34.4499,34.4499,482,0
TOPC.US,5,20260604,205500,34.55,34.55,34.55,34.55,100,0
TOPC.US,5,20260604,211500,34.52,34.52,34.52,34.52,645,0
TOPC.US,5,20260604,214500,34.53,34.54,34.52,34.53,1982,0
TOPC.US,5,20260604,215500,34.51,34.51,34.5,34.5,8234,0
TOPC.US,5,20260605,153000,34.33,34.33,34.33,34.33,482,0
TOPC.US,5,20260605,161500,34.18,34.18,34.18,34.18,762,0
TOPC.US,5,20260605,172500,34.145,34.145,34.145,34.145,292,0
TOPC.US,5,20260605,174000,34.09,34.09,34.09,34.09,278,0
TOPC.US,5,20260605,212000,33.66,33.66,33.64,33.64,400,0
TOPC.US,5,20260605,213000,33.72,33.72,33.72,33.72,200,0
TOPC.US,5,20260605,214500,33.69,33.69,33.69,33.69,2080,0
TOPC.US,5,20260608,153000,34,34,34,34,238,0
TOPC.US,5,20260608,170000,34.04,34.04,34.04,34.04,199,0
TOPC.US,5,20260608,172000,34.035,34.035,34.035,34.035,1000,0
TOPC.US,5,20260608,182500,33.93,33.93,33.93,33.93,100,0
TOPC.US,5,20260608,205000,33.89,33.89,33.8899,33.89,995,0
TOPC.US,5,20260608,205500,33.89,33.89,33.89,33.89,2250,0
TOPC.US,5,20260608,215500,33.8,33.8,33.8,33.8,195,0
TOPC.US,5,20260609,171000,33.81,33.81,33.81,33.81,100,0
TOPC.US,5,20260609,173000,33.5,33.5,33.5,33.5,421,0
TOPC.US,5,20260609,191000,33.38,33.38,33.38,33.38,100,0
TOPC.US,5,20260609,201500,33.61,33.61,33.61,33.61,100,0
TOPC.US,5,20260609,202000,33.65,33.65,33.65,33.65,1032,0
TOPC.US,5,20260609,213500,33.65,33.65,33.65,33.65,435,0
TOPC.US,5,20260609,215000,33.62,33.62,33.62,33.62,184,0
TOPC.US,5,20260609,215500,33.79,33.79,33.789,33.79,901,0
TOPC.US,5,20260610,164000,33.81,33.81,33.81,33.81,115,0
TOPC.US,5,20260610,170000,33.65,33.65,33.65,33.65,100,0
TOPC.US,5,20260610,181000,33.51,33.51,33.51,33.51,273,0
TOPC.US,5,20260610,191500,33.45,33.45,33.4499,33.4499,1196,0
TOPC.US,5,20260610,193000,33.42,33.42,33.42,33.42,100,0
TOPC.US,5,20260610,200500,33.53,33.53,33.53,33.53,149,0
TOPC.US,5,20260610,214500,33.32,33.32,33.32,33.32,500,0
TOPC.US,5,20260610,215500,33.32,33.34,33.29,33.29,2094,0
TOPC.US,5,20260611,153500,33.35,33.35,33.35,33.35,100,0
TOPC.US,5,20260611,160000,33.61,33.619,33.61,33.619,300,0
TOPC.US,5,20260611,171500,33.41,33.41,33.41,33.41,150,0
TOPC.US,5,20260611,174000,33.47,33.47,33.47,33.47,311,0
TOPC.US,5,20260611,184500,33.48,33.48,33.48,33.48,100,0
TOPC.US,5,20260611,190000,33.37,33.37,33.37,33.37,200,0
TOPC.US,5,20260611,191000,33.4,33.43,33.4,33.43,300,0
TOPC.US,5,20260611,191500,33.37,33.375,33.37,33.375,2500,0
TOPC.US,5,20260611,192000,33.37,33.37,33.37,33.37,558,0
TOPC.US,5,20260611,192500,33.47,33.47,33.47,33.47,127,0
TOPC.US,5,20260611,193000,33.62,33.62,33.62,33.62,400,0
TOPC.US,5,20260611,195500,33.77,33.77,33.77,33.77,155,0
TOPC.US,5,20260611,200000,33.78,33.78,33.78,33.78,155,0
TOPC.US,5,20260611,203500,33.79,33.79,33.79,33.79,8886,0
TOPC.US,5,20260611,212000,33.899,33.899,33.8971,33.8971,346,0
TOPC.US,5,20260611,213000,33.95,33.95,33.95,33.95,231,0
TOPC.US,5,20260611,214500,33.92,33.92,33.92,33.92,300,0
TOPC.US,5,20260611,215500,33.77,33.77,33.77,33.77,3000,0
TOPC.US,5,20260612,163500,34.04,34.04,34.04,34.04,1602,0
TOPC.US,5,20260612,164500,33.99,33.99,33.99,33.99,500,0
TOPC.US,5,20260612,171000,34.14,34.14,34.14,34.14,100,0
TOPC.US,5,20260612,173500,34.16,34.16,34.16,34.16,152,0
TOPC.US,5,20260612,190500,34.15,34.15,34.15,34.15,500,0
TOPC.US,5,20260612,192000,34.179,34.18,34.155,34.155,1432,0
TOPC.US,5,20260612,215500,34.1,34.1,34.1,34.1,2500,0
TOPC.US,5,20260615,153000,34.6,34.6,34.45,34.45,1170,0
TOPC.US,5,20260615,154000,34.51,34.51,34.51,34.51,100,0
TOPC.US,5,20260615,155000,34.565,34.565,34.565,34.565,1375,0
TOPC.US,5,20260616,165500,34.51,34.5199,34.46,34.46,534,0
TOPC.US,5,20260616,193000,34.47,34.47,34.4699,34.4699,400,0
TOPC.US,5,20260616,194000,34.44,34.44,34.44,34.44,450,0
TOPC.US,5,20260616,195000,34.46,34.46,34.46,34.46,100,0
TOPC.US,5,20260616,214000,34.39,34.39,34.39,34.39,392,0
TOPC.US,5,20260617,171000,34.41,34.41,34.41,34.41,400,0
TOPC.US,5,20260617,183500,34.42,34.42,34.42,34.42,175,0
TOPC.US,5,20260617,204500,34.365,34.365,34.365,34.365,340,0
TOPC.US,5,20260618,161500,34.3,34.3,34.3,34.3,100,0
TOPC.US,5,20260618,162500,34.27,34.27,34.27,34.27,728,0
TOPC.US,5,20260618,170500,34.34,34.34,34.34,34.34,100,0
TOPC.US,5,20260618,182000,34.305,34.34,34.305,34.305,400,0
TOPC.US,5,20260618,210500,34.24,34.24,34.24,34.24,780,0
TOPC.US,5,20260618,211000,34.22,34.22,34.22,34.22,360,0
TOPC.US,5,20260618,211500,34.26,34.26,34.26,34.26,600,0
TOPC.US,5,20260618,212000,34.28,34.28,34.28,34.28,200,0
TOPC.US,5,20260618,213000,34.29,34.29,34.29,34.29,1000,0
TOPC.US,5,20260618,215500,34.36,34.36,34.36,34.36,2081,0
TOPC.US,5,20260622,160000,34.47,34.47,34.47,34.47,260,0
TOPC.US,5,20260622,164000,34.35,34.35,34.35,34.35,120,0
TOPC.US,5,20260622,171000,34.31,34.31,34.31,34.31,100,0
TOPC.US,5,20260622,172000,34.281,34.281,34.281,34.281,100,0
TOPC.US,5,20260622,172500,34.32,34.32,34.32,34.32,330,0
TOPC.US,5,20260622,194000,34.31,34.31,34.31,34.31,1000,0
TOPC.US,5,20260622,214000,34.25,34.25,34.25,34.25,400,0
TOPC.US,5,20260622,215000,34.32,34.32,34.32,34.32,300,0
