<TICKER>,<PER>,<DATE>,<TIME>,<OPEN>,<HIGH>,<LOW>,<CLOSE>,<VOL>,<OPENINT>
UNHU.US,5,20260325,173000,24.35,24.35,24.35,24.35,100,0
UNHU.US,5,20260326,174000,24.55,24.55,24.55,24.55,100,0
UNHU.US,5,20260326,191000,24.2,24.2,24.2,24.2,100,0
UNHU.US,5,20260326,192500,24.22,24.22,24.22,24.22,450,0
UNHU.US,5,20260326,201000,24.21,24.21,24.21,24.21,100,0
UNHU.US,5,20260326,203000,24.2,24.2,24.2,24.2,150,0
UNHU.US,5,20260326,205500,24.1,24.1,24.1,24.1,200,0
UNHU.US,5,20260327,143500,23.98,23.98,23.95,23.95,600,0
UNHU.US,5,20260327,155000,23.33,23.33,23.33,23.33,200,0
UNHU.US,5,20260327,164000,22.85,22.85,22.85,22.85,100,0
UNHU.US,5,20260327,175000,22.34,22.34,22.34,22.34,400,0
UNHU.US,5,20260327,182500,22.15,22.15,22.15,22.15,400,0
UNHU.US,5,20260327,194000,22.62,22.62,22.62,22.62,200,0
UNHU.US,5,20260327,200000,22.38,22.38,22.38,22.38,300,0
UNHU.US,5,20260327,205000,22.275,22.275,22.275,22.275,250,0
UNHU.US,5,20260330,153500,22.65,22.65,22.65,22.65,200,0
UNHU.US,5,20260330,154500,22.44,22.4726,22.41,22.4726,858,0
UNHU.US,5,20260330,155500,22.3,22.3,22.3,22.3,100,0
UNHU.US,5,20260330,161000,22.36,22.36,22.36,22.36,100,0
UNHU.US,5,20260330,173500,22.7299,22.7299,22.7299,22.7299,134,0
UNHU.US,5,20260330,182000,22.79,22.79,22.79,22.79,100,0
UNHU.US,5,20260330,182500,22.94,22.94,22.94,22.94,700,0
UNHU.US,5,20260330,204000,22.98,23,22.895,23,700,0
UNHU.US,5,20260330,204500,22.965,23.01,22.965,22.965,2060,0
UNHU.US,5,20260330,205000,23.02,23.725,23.02,23.0399,700,0
UNHU.US,5,20260330,205500,23.04,23.04,23.04,23.04,100,0
UNHU.US,5,20260331,163500,23.825,23.87,23.825,23.87,3500,0
UNHU.US,5,20260331,170000,23.86,23.86,23.86,23.86,1000,0
UNHU.US,5,20260331,184500,24.48,24.48,24.48,24.48,419,0
UNHU.US,5,20260331,185000,24.22,24.48,24.22,24.48,1612,0
UNHU.US,5,20260331,190500,24.47,24.47,24.47,24.47,100,0
UNHU.US,5,20260331,192000,24.63,24.63,24.63,24.63,100,0
UNHU.US,5,20260331,214000,24.56,24.56,24.56,24.56,100,0
UNHU.US,5,20260331,214500,24.64,24.64,24.64,24.64,800,0
UNHU.US,5,20260331,215000,24.54,24.54,24.53,24.53,200,0
UNHU.US,5,20260331,215500,24.52,24.52,24.52,24.52,200,0
UNHU.US,5,20260401,153000,25,25,25,25,100,0
UNHU.US,5,20260401,154000,24.86,24.86,24.86,24.86,100,0
UNHU.US,5,20260401,154500,24.76,24.76,24.76,24.76,100,0
UNHU.US,5,20260401,160000,24.88,24.88,24.88,24.88,100,0
UNHU.US,5,20260401,161000,24.69,24.69,24.69,24.69,100,0
UNHU.US,5,20260401,174000,25.16,25.16,25.16,25.16,185,0
UNHU.US,5,20260401,175500,25.24,25.24,25.24,25.24,100,0
UNHU.US,5,20260401,180500,25.125,25.125,25.125,25.125,336,0
UNHU.US,5,20260401,181000,25.1,25.1,25.1,25.1,100,0
UNHU.US,5,20260401,184000,25.04,25.04,25.04,25.04,500,0
UNHU.US,5,20260401,184500,25,25,25,25,500,0
UNHU.US,5,20260401,201500,25.05,25.05,25.05,25.05,500,0
UNHU.US,5,20260401,203500,24.95,24.95,24.95,24.95,500,0
UNHU.US,5,20260401,204000,25.16,25.16,25.16,25.16,100,0
UNHU.US,5,20260401,204500,25.2799,25.2799,25.21,25.21,300,0
UNHU.US,5,20260401,214500,25.111,25.111,25.11,25.11,1000,0
UNHU.US,5,20260401,215500,25,25,25,25,225,0
UNHU.US,5,20260402,153000,24.8799,24.88,24.8799,24.88,300,0
UNHU.US,5,20260402,153500,24.88,24.88,24.88,24.88,100,0
UNHU.US,5,20260402,161500,25.19,25.19,25.19,25.19,100,0
UNHU.US,5,20260402,183000,25.69,25.69,25.69,25.69,317,0
UNHU.US,5,20260402,212000,25.55,25.5619,25.55,25.5619,200,0
UNHU.US,5,20260402,215500,25.76,25.76,25.76,25.76,100,0
UNHU.US,5,20260406,162000,26.75,26.75,26.75,26.75,200,0
UNHU.US,5,20260406,162500,26.79,26.79,26.79,26.79,100,0
UNHU.US,5,20260406,180000,26.59,26.59,26.59,26.59,100,0
UNHU.US,5,20260407,153000,32.22,32.22,31.1752,31.1752,495,0
UNHU.US,5,20260407,154500,30.61,30.61,30.61,30.61,100,0
UNHU.US,5,20260407,155000,30.74,30.84,30.74,30.84,200,0
UNHU.US,5,20260407,155500,30.73,30.73,30.73,30.73,200,0
UNHU.US,5,20260407,160000,30.26,30.36,30.26,30.36,200,0
UNHU.US,5,20260407,160500,30.48,30.48,30.48,30.48,100,0
UNHU.US,5,20260407,161000,30.39,30.39,30.39,30.39,100,0
UNHU.US,5,20260407,162000,30.5893,30.5893,30.58,30.58,1100,0
UNHU.US,5,20260407,162500,30.78,30.78,30.78,30.78,100,0
UNHU.US,5,20260407,164000,30.955,30.96,30.955,30.96,450,0
UNHU.US,5,20260407,170000,31.08,31.08,31.08,31.08,200,0
UNHU.US,5,20260407,172500,31.009,31.009,31.009,31.009,503,0
UNHU.US,5,20260407,173000,31.12,31.12,31.12,31.12,602,0
UNHU.US,5,20260407,174000,31.2,31.2,31.2,31.2,134,0
UNHU.US,5,20260407,175000,31.36,31.36,31.36,31.36,202,0
UNHU.US,5,20260407,175500,31.4,31.4,31.385,31.385,1978,0
UNHU.US,5,20260407,181000,31.91,31.91,31.91,31.91,300,0
UNHU.US,5,20260407,184000,31.8099,31.869,31.6501,31.69,3214,0
UNHU.US,5,20260407,184500,31.69,31.69,31.69,31.69,100,0
UNHU.US,5,20260407,190000,31.76,31.76,31.76,31.76,100,0
UNHU.US,5,20260407,191000,32.1,32.1,32.055,32.055,648,0
UNHU.US,5,20260407,191500,31.91,31.925,31.91,31.925,300,0
UNHU.US,5,20260407,195500,32.0303,32.0303,32.0303,32.0303,1259,0
UNHU.US,5,20260407,201500,32.03,32.03,32.03,32.03,1000,0
UNHU.US,5,20260407,202000,32.05,32.05,32.03,32.03,288,0
UNHU.US,5,20260407,210000,31.6594,31.6594,31.6594,31.6594,331,0
UNHU.US,5,20260407,213000,31.6,31.61,31.58,31.58,625,0
UNHU.US,5,20260408,154000,31.89,31.89,31.89,31.89,100,0
UNHU.US,5,20260408,160500,31.48,31.48,31.48,31.48,100,0
UNHU.US,5,20260408,161000,31.3,31.3,31.3,31.3,100,0
UNHU.US,5,20260408,161500,31.38,31.38,31.38,31.38,200,0
UNHU.US,5,20260408,162500,31.4999,31.4999,31.4999,31.4999,100,0
UNHU.US,5,20260408,180000,31.01,31.01,31,31.0001,2200,0
UNHU.US,5,20260408,180500,31.06,31.06,31.06,31.06,1500,0
UNHU.US,5,20260408,181500,31.45,31.45,31.45,31.45,100,0
UNHU.US,5,20260408,182000,31.31,31.31,31.31,31.31,100,0
UNHU.US,5,20260408,185000,31.075,31.075,31.075,31.075,150,0
UNHU.US,5,20260408,185500,31.1,31.1,31.1,31.1,188,0
UNHU.US,5,20260408,190500,31.2201,31.2201,31.2201,31.2201,249,0
UNHU.US,5,20260408,191500,31.15,31.15,31.15,31.15,100,0
UNHU.US,5,20260408,213000,31.09,31.09,31.09,31.09,100,0
UNHU.US,5,20260408,214000,31.02,31.02,31.02,31.02,200,0
UNHU.US,5,20260408,215000,30.95,30.95,30.95,30.95,100,0
UNHU.US,5,20260408,215500,31.17,31.17,31.17,31.17,100,0
UNHU.US,5,20260409,161500,30.88,30.88,30.88,30.88,100,0
UNHU.US,5,20260409,165500,31.15,31.15,31.15,31.15,1200,0
UNHU.US,5,20260409,170000,31.17,31.17,31.17,31.17,100,0
UNHU.US,5,20260409,181500,31.301,31.33,31.301,31.33,250,0
UNHU.US,5,20260409,193500,31.34,31.34,31.34,31.34,1000,0
UNHU.US,5,20260409,194000,31.26,31.26,31.26,31.26,147,0
UNHU.US,5,20260409,204500,31.1,31.1,31.1,31.1,316,0
UNHU.US,5,20260409,214000,31.29,31.29,31.29,31.29,100,0
UNHU.US,5,20260409,215500,31.43,31.43,31.43,31.43,200,0
UNHU.US,5,20260410,153000,31.49,31.49,31.49,31.49,130,0
UNHU.US,5,20260410,153500,31.63,31.63,31.63,31.63,100,0
UNHU.US,5,20260410,154000,31.8,31.8,31.8,31.8,598,0
UNHU.US,5,20260410,154500,31.83,31.83,31.83,31.83,588,0
UNHU.US,5,20260410,163500,31.69,31.69,31.69,31.69,100,0
UNHU.US,5,20260410,181500,31.5,31.5,31.5,31.5,100,0
UNHU.US,5,20260410,185500,31.483,31.483,31.483,31.483,100,0
UNHU.US,5,20260410,194000,31.18,31.18,31.18,31.18,100,0
UNHU.US,5,20260410,214000,30.79,30.79,30.79,30.79,100,0
UNHU.US,5,20260413,175500,31.38,31.38,31.38,31.38,159,0
UNHU.US,5,20260413,180000,31.45,31.45,31.45,31.45,100,0
UNHU.US,5,20260413,194500,32.165,32.165,32.165,32.165,100,0
UNHU.US,5,20260413,205500,32.26,32.26,32.26,32.26,100,0
UNHU.US,5,20260413,215000,32.17,32.17,32.17,32.17,100,0
UNHU.US,5,20260413,215500,32.31,32.31,32.31,32.31,200,0
UNHU.US,5,20260414,153000,32.78,32.78,32.78,32.78,193,0
UNHU.US,5,20260414,153500,32.91,32.91,32.91,32.91,200,0
UNHU.US,5,20260414,165000,33.465,33.465,33.465,33.465,148,0
UNHU.US,5,20260414,170500,33.595,33.595,33.595,33.595,150,0
UNHU.US,5,20260414,195000,32.94,32.94,32.94,32.94,100,0
UNHU.US,5,20260414,203000,32.63,32.63,32.63,32.63,100,0
UNHU.US,5,20260414,215500,32.68,32.7,32.68,32.7,300,0
UNHU.US,5,20260415,153000,32.94,32.94,32.94,32.94,100,0
UNHU.US,5,20260415,153500,32.91,32.91,32.91,32.91,100,0
UNHU.US,5,20260415,154000,32.4,32.4,32.35,32.4,600,0
UNHU.US,5,20260415,155500,32.35,32.35,32.35,32.35,128,0
UNHU.US,5,20260415,160000,32.36,32.36,32.36,32.36,409,0
UNHU.US,5,20260415,180500,32.3,32.3,32.3,32.3,100,0
UNHU.US,5,20260415,194000,32.49,32.49,32.49,32.49,200,0
UNHU.US,5,20260415,194500,32.515,32.515,32.515,32.515,100,0
UNHU.US,5,20260415,200000,32.47,32.47,32.47,32.47,100,0
UNHU.US,5,20260415,210500,32.86,32.9,32.86,32.9,300,0
UNHU.US,5,20260416,153000,33.055,33.54,33.055,33.54,600,0
UNHU.US,5,20260416,172500,32.55,32.5501,32.54,32.55,1400,0
UNHU.US,5,20260416,200000,33.54,33.54,33.54,33.54,100,0
UNHU.US,5,20260417,153000,33.5,33.5,33.5,33.5,149,0
UNHU.US,5,20260417,160000,34.3617,34.3617,34.3617,34.3617,159,0
UNHU.US,5,20260417,170000,34.55,34.55,34.55,34.55,200,0
UNHU.US,5,20260417,175500,34.8899,34.8899,34.8899,34.8899,300,0
UNHU.US,5,20260417,183000,34.9558,34.9558,34.9558,34.9558,100,0
UNHU.US,5,20260420,154000,34.7099,34.7099,34.7099,34.7099,100,0
UNHU.US,5,20260420,164500,33.78,33.78,33.78,33.78,200,0
UNHU.US,5,20260420,175500,34.54,34.54,34.54,34.54,100,0
UNHU.US,5,20260420,183000,34.81,34.81,34.81,34.81,700,0
UNHU.US,5,20260420,202500,34.55,34.55,34.55,34.55,200,0
UNHU.US,5,20260420,215000,34.93,34.93,34.93,34.93,900,0
UNHU.US,5,20260421,153000,40.69,41.16,40.26,40.5,1947,0
UNHU.US,5,20260421,153500,40.52,41.1,40.095,41.1,1338,0
UNHU.US,5,20260421,154000,40.715,41.34,40.715,41.34,1538,0
UNHU.US,5,20260421,154500,41.33,41.85,41.21,41.405,5117,0
UNHU.US,5,20260421,155000,41.13,41.13,40.665,41.05,839,0
UNHU.US,5,20260421,155500,41.25,41.25,41.1,41.1,300,0
UNHU.US,5,20260421,160500,41,41,41,41,170,0
UNHU.US,5,20260421,161000,41.05,41.05,41.05,41.05,100,0
UNHU.US,5,20260421,161500,41.05,41.25,41.05,41.25,1500,0
UNHU.US,5,20260421,163000,41.34,41.34,41.34,41.34,100,0
UNHU.US,5,20260421,164000,41,41,41,41,659,0
UNHU.US,5,20260421,165000,40.11,40.11,40.11,40.11,1100,0
UNHU.US,5,20260421,165500,39.27,39.755,39.21,39.21,2723,0
UNHU.US,5,20260421,170000,39.27,39.27,39.27,39.27,400,0
UNHU.US,5,20260421,171500,39.92,39.92,39.92,39.92,600,0
UNHU.US,5,20260421,172500,39.63,39.63,39.63,39.63,100,0
UNHU.US,5,20260421,173000,39.63,39.94,39.63,39.94,523,0
UNHU.US,5,20260421,181500,40.44,40.44,40.44,40.44,405,0
UNHU.US,5,20260421,182000,40.44,40.44,40.44,40.44,100,0
UNHU.US,5,20260421,192500,40.33,40.33,40.33,40.33,100,0
UNHU.US,5,20260421,202500,40.9399,40.9399,40.9399,40.9399,600,0
UNHU.US,5,20260421,210500,39.95,39.95,39.95,39.95,150,0
UNHU.US,5,20260421,214000,39.49,39.5,39.49,39.5,1000,0
UNHU.US,5,20260421,215500,39.27,39.27,39.27,39.27,100,0
UNHU.US,5,20260422,153000,41.3,41.3,41.3,41.3,110,0
UNHU.US,5,20260422,154000,40.77,40.77,40.7699,40.77,400,0
UNHU.US,5,20260422,160000,41.3,41.325,41.19,41.19,450,0
UNHU.US,5,20260422,162000,41.5,41.5,41.5,41.5,300,0
UNHU.US,5,20260422,163000,41.47,41.47,41.47,41.47,507,0
UNHU.US,5,20260422,163500,41.599,41.5999,41.475,41.475,1800,0
UNHU.US,5,20260422,170000,41.74,41.74,41.74,41.74,350,0
UNHU.US,5,20260422,171500,41.97,41.97,41.97,41.97,179,0
UNHU.US,5,20260422,172000,42.15,42.3283,42.105,42.105,441,0
UNHU.US,5,20260422,173000,41.5901,41.5901,41.5901,41.5901,100,0
UNHU.US,5,20260422,181000,41.62,41.62,41.62,41.62,100,0
UNHU.US,5,20260422,183500,41.64,41.65,41.64,41.65,500,0
UNHU.US,5,20260422,205000,40.88,40.89,40.88,40.89,700,0
UNHU.US,5,20260422,210000,40.85,40.85,40.85,40.85,600,0
UNHU.US,5,20260422,211500,41.25,41.25,41.25,41.25,100,0
UNHU.US,5,20260422,212500,41.25,41.25,41.25,41.25,117,0
UNHU.US,5,20260422,214500,41.13,41.38,41.13,41.38,473,0
UNHU.US,5,20260422,215000,41.37,41.38,41.37,41.38,342,0
UNHU.US,5,20260423,153000,41.7,41.7,41.7,41.7,300,0
UNHU.US,5,20260423,153500,41.66,41.66,41.66,41.66,100,0
UNHU.US,5,20260423,154000,40.945,40.945,40.945,40.945,100,0
UNHU.US,5,20260423,154500,40.9,40.92,40.9,40.91,1590,0
UNHU.US,5,20260423,155000,40.95,40.95,40.95,40.95,100,0
UNHU.US,5,20260423,155500,41.22,41.22,41.22,41.22,100,0
UNHU.US,5,20260423,162000,41.3,41.31,41.3,41.31,400,0
UNHU.US,5,20260423,162500,41.141,41.141,41.14,41.14,518,0
UNHU.US,5,20260423,173500,41.455,41.53,41.455,41.53,700,0
UNHU.US,5,20260423,180000,41.47,41.47,41.4,41.4444,1000,0
UNHU.US,5,20260423,183000,41.3999,41.3999,41.3999,41.3999,200,0
UNHU.US,5,20260423,185500,41.195,41.195,41.12,41.12,200,0
UNHU.US,5,20260423,190000,41.18,41.19,41.17,41.17,996,0
UNHU.US,5,20260423,192000,40.98,40.9801,40.98,40.9801,400,0
UNHU.US,5,20260423,194000,40.5601,40.5601,40.5601,40.5601,700,0
UNHU.US,5,20260423,205000,40.95,40.95,40.95,40.95,100,0
UNHU.US,5,20260423,215000,41.24,41.24,41.24,41.24,900,0
UNHU.US,5,20260424,164500,41.1301,41.1301,41.1301,41.1301,300,0
UNHU.US,5,20260424,183000,40.62,40.62,40.62,40.62,200,0
UNHU.US,5,20260424,183500,40.53,40.53,40.53,40.53,600,0
UNHU.US,5,20260424,185000,40.69,40.69,40.69,40.69,100,0
UNHU.US,5,20260424,201000,41.2399,41.2399,41.2399,41.2399,121,0
UNHU.US,5,20260424,214500,41.4199,41.4199,41.4199,41.4199,100,0
UNHU.US,5,20260424,215500,41.47,41.47,41.47,41.47,200,0
UNHU.US,5,20260427,181000,40.15,40.15,40.15,40.15,648,0
UNHU.US,5,20260427,183500,40.24,40.24,40.24,40.24,200,0
UNHU.US,5,20260428,155000,42.6988,42.6988,42.595,42.66,650,0
UNHU.US,5,20260428,163000,42.97,42.97,42.97,42.97,600,0
UNHU.US,5,20260428,164500,43.245,43.245,43.245,43.245,100,0
UNHU.US,5,20260428,165000,43.19,43.21,43.06,43.21,680,0
UNHU.US,5,20260428,165500,43.05,43.21,43.05,43.1,500,0
UNHU.US,5,20260428,170000,43.33,43.51,43.33,43.51,500,0
UNHU.US,5,20260428,170500,43.645,43.69,43.46,43.47,1213,0
UNHU.US,5,20260428,173500,43.8781,43.8781,43.8781,43.8781,200,0
UNHU.US,5,20260428,174000,43.6,43.6,43.6,43.6,200,0
UNHU.US,5,20260428,181500,44.33,44.33,44.33,44.33,100,0
UNHU.US,5,20260428,192000,44.34,44.46,44.34,44.46,282,0
UNHU.US,5,20260428,195500,44.57,44.57,44.57,44.57,241,0
UNHU.US,5,20260428,201500,44.51,44.51,44.22,44.22,1244,0
UNHU.US,5,20260428,215000,44.28,44.28,44.28,44.28,100,0
UNHU.US,5,20260429,153000,43.84,43.84,43.84,43.84,100,0
UNHU.US,5,20260429,153500,44.015,44.015,44.015,44.015,251,0
UNHU.US,5,20260429,155000,44.48,44.48,44.48,44.48,200,0
UNHU.US,5,20260429,165000,44.38,44.381,44.38,44.381,1000,0
UNHU.US,5,20260429,194000,44.37,44.37,44.37,44.37,100,0
UNHU.US,5,20260429,201500,44.31,44.4,44.31,44.4,400,0
UNHU.US,5,20260429,202000,44.4,44.4,44.32,44.34,600,0
UNHU.US,5,20260429,202500,44.34,44.34,44.28,44.28,300,0
UNHU.US,5,20260429,203000,44.185,44.25,44.18,44.25,700,0
UNHU.US,5,20260430,153500,43.14,43.14,43.14,43.14,100,0
UNHU.US,5,20260430,155500,43.82,43.82,43.82,43.82,100,0
UNHU.US,5,20260430,161000,43.55,43.55,43.55,43.55,100,0
UNHU.US,5,20260430,184500,45.07,45.07,45.07,45.07,100,0
UNHU.US,5,20260430,200000,44.79,44.79,44.66,44.66,400,0
UNHU.US,5,20260430,200500,44.62,44.62,44.49,44.49,760,0
UNHU.US,5,20260430,201000,44.55,44.6,44.55,44.59,400,0
UNHU.US,5,20260430,201500,44.54,44.57,44.52,44.53,500,0
UNHU.US,5,20260430,204000,44.54,44.54,44.54,44.54,100,0
UNHU.US,5,20260430,215000,44.91,44.91,44.91,44.91,100,0
UNHU.US,5,20260501,180500,44.9,44.96,44.9,44.96,1251,0
UNHU.US,5,20260501,212000,44.75,44.76,44.7,44.7,1000,0
UNHU.US,5,20260501,212500,44.69,44.77,44.69,44.77,400,0
UNHU.US,5,20260501,213000,44.72,44.74,44.7,44.73,600,0
UNHU.US,5,20260504,153000,44.3484,44.3484,44.222,44.23,400,0
UNHU.US,5,20260504,154500,44.1,44.1,44.1,44.1,300,0
UNHU.US,5,20260504,161500,44.09,44.09,44.09,44.09,1767,0
UNHU.US,5,20260504,162500,44.12,44.12,44.12,44.12,100,0
UNHU.US,5,20260504,164000,44.2,44.21,44.2,44.21,1898,0
UNHU.US,5,20260504,164500,44.21,44.21,44.21,44.21,200,0
UNHU.US,5,20260504,165000,44.395,44.395,44.395,44.395,100,0
UNHU.US,5,20260504,170000,44.5,44.5,44.5,44.5,1371,0
UNHU.US,5,20260504,172500,44.47,44.47,44.47,44.47,800,0
UNHU.US,5,20260504,174000,44.49,44.49,44.49,44.49,583,0
UNHU.US,5,20260504,174500,44.21,44.21,44.21,44.21,100,0
UNHU.US,5,20260504,175500,44.5,44.5,44.5,44.5,400,0
UNHU.US,5,20260504,180000,44.3,44.32,44.285,44.285,300,0
UNHU.US,5,20260504,180500,44.42,44.43,44.42,44.43,2906,0
UNHU.US,5,20260504,184000,44.4,44.4,44.4,44.4,100,0
UNHU.US,5,20260504,184500,44.36,44.465,44.36,44.465,500,0
UNHU.US,5,20260504,185000,44.34,44.37,44.34,44.37,300,0
UNHU.US,5,20260504,185500,44.36,44.39,44.36,44.39,936,0
UNHU.US,5,20260504,190000,44.39,44.39,44.39,44.39,500,0
UNHU.US,5,20260504,190500,44.45,44.45,44.45,44.45,2200,0
UNHU.US,5,20260504,194000,44.68,44.75,44.68,44.75,1200,0
UNHU.US,5,20260504,195000,44.55,44.55,44.55,44.55,100,0
UNHU.US,5,20260504,195500,44.35,44.35,44.35,44.35,100,0
UNHU.US,5,20260504,200000,44.4,44.4,44.4,44.4,200,0
UNHU.US,5,20260504,200500,44.37,44.37,44.37,44.37,300,0
UNHU.US,5,20260504,201500,44.36,44.36,44.36,44.36,700,0
UNHU.US,5,20260504,202500,44.32,44.325,44.32,44.32,2500,0
UNHU.US,5,20260504,203000,44.38,44.42,44.38,44.42,1278,0
UNHU.US,5,20260504,205000,44.48,44.48,44.23,44.23,469,0
UNHU.US,5,20260504,205500,44.42,44.47,44.42,44.47,600,0
UNHU.US,5,20260504,211500,44.53,44.62,44.53,44.62,1100,0
UNHU.US,5,20260504,212000,44.64,44.67,44.63,44.67,900,0
UNHU.US,5,20260505,160000,44.2201,44.2201,44.22,44.22,387,0
UNHU.US,5,20260505,163500,43.79,43.79,43.79,43.79,100,0
UNHU.US,5,20260505,164000,43.8,43.92,43.8,43.85,800,0
UNHU.US,5,20260505,164500,43.55,43.55,43.41,43.43,400,0
UNHU.US,5,20260505,165000,43.38,43.55,43.09,43.55,600,0
UNHU.US,5,20260505,190000,43.14,43.14,43.14,43.14,103,0
UNHU.US,5,20260506,153500,42,43.29,42,43.29,500,0
UNHU.US,5,20260506,161500,44.16,44.16,44.16,44.16,100,0
UNHU.US,5,20260507,154000,44.24,44.28,44.24,44.28,400,0
UNHU.US,5,20260507,162500,43.62,43.62,43.62,43.62,280,0
UNHU.US,5,20260507,173500,44.13,44.13,44.13,44.13,150,0
UNHU.US,5,20260507,181500,44.28,44.28,44.28,44.28,209,0
UNHU.US,5,20260507,193500,44.18,44.18,44.18,44.18,560,0
UNHU.US,5,20260507,205500,44.28,44.28,44.28,44.28,100,0
UNHU.US,5,20260508,154500,45.73,45.73,45.72,45.73,1128,0
UNHU.US,5,20260508,155500,45.525,45.525,45.525,45.525,777,0
UNHU.US,5,20260508,161000,45.54,45.54,45.54,45.54,100,0
UNHU.US,5,20260508,181000,45.895,45.895,45.895,45.895,150,0
UNHU.US,5,20260508,191000,45.315,45.315,45.27,45.27,200,0
UNHU.US,5,20260508,191500,45.33,45.4,45.33,45.4,900,0
UNHU.US,5,20260508,192000,45.44,45.46,45.39,45.41,1000,0
UNHU.US,5,20260508,202000,46.1,46.1,46.1,46.1,1426,0
UNHU.US,5,20260508,202500,46.05,46.05,46.05,46.05,100,0
UNHU.US,5,20260508,211500,46.4,46.4,46.4,46.4,100,0
UNHU.US,5,20260508,214500,46.865,46.89,46.865,46.89,400,0
UNHU.US,5,20260511,154000,47.57,47.57,47.57,47.57,810,0
UNHU.US,5,20260511,154500,47.12,47.12,47.12,47.12,100,0
UNHU.US,5,20260511,160500,46.53,46.53,46.521,46.521,300,0
UNHU.US,5,20260511,161500,46.41,46.41,46.41,46.41,100,0
UNHU.US,5,20260511,171000,47.51,47.51,47.48,47.48,393,0
UNHU.US,5,20260511,172000,47.56,47.56,47.56,47.56,203,0
UNHU.US,5,20260511,180500,47.105,47.105,47.105,47.105,100,0
UNHU.US,5,20260511,191000,47.07,47.07,47.07,47.07,141,0
UNHU.US,5,20260511,203000,47.485,47.485,47.485,47.485,126,0
UNHU.US,5,20260511,211000,47.78,47.94,47.78,47.94,500,0
UNHU.US,5,20260511,211500,47.96,48.1,47.96,48.03,600,0
UNHU.US,5,20260511,212000,48.02,48.08,48.02,48.07,900,0
UNHU.US,5,20260511,212500,48.07,48.07,47.865,47.92,1300,0
UNHU.US,5,20260511,215000,48.05,48.28,48.05,48.28,200,0
UNHU.US,5,20260512,155000,48.03,48.03,48.03,48.03,100,0
UNHU.US,5,20260512,155500,47.81,47.81,47.81,47.81,200,0
UNHU.US,5,20260512,161500,47.97,47.97,47.94,47.94,300,0
UNHU.US,5,20260512,165500,48.42,48.48,48.42,48.43,700,0
UNHU.US,5,20260512,170000,48.43,48.6,48.43,48.49,1300,0
UNHU.US,5,20260512,174500,49.33,49.33,49.132592,49.132592,400,0
UNHU.US,5,20260512,183000,49.51,49.51,49.51,49.51,100,0
UNHU.US,5,20260512,211000,50.7999,50.7999,50.7999,50.7999,250,0
UNHU.US,5,20260512,212500,51.05,51.05,51.05,51.05,300,0
UNHU.US,5,20260512,213000,51.16,51.16,51.16,51.16,300,0
UNHU.US,5,20260512,214000,51.1701,51.1701,51.1701,51.1701,250,0
UNHU.US,5,20260513,154000,51.1,51.1,51.1,51.1,552,0
UNHU.US,5,20260513,162000,52.1,52.1,52.1,52.1,366,0
UNHU.US,5,20260513,163000,52.47,52.47,52.47,52.47,100,0
UNHU.US,5,20260513,163500,52.72,52.72,52.72,52.72,518,0
UNHU.US,5,20260513,164000,52.77,52.77,52.77,52.77,100,0
UNHU.US,5,20260513,164500,52.785,52.94,52.785,52.94,300,0
UNHU.US,5,20260513,165000,52.895,52.895,52.895,52.895,100,0
UNHU.US,5,20260513,165500,53,53,53,53,700,0
UNHU.US,5,20260513,170000,53.14,53.16,53,53,1873,0
UNHU.US,5,20260513,170500,52.36,52.36,52.335,52.335,636,0
UNHU.US,5,20260513,171000,52.545,52.545,52.545,52.545,150,0
UNHU.US,5,20260513,173000,52.0596,52.0596,52.0596,52.0596,100,0
UNHU.US,5,20260513,175500,51.86,51.86,51.86,51.86,255,0
UNHU.US,5,20260513,180000,51.59,51.59,51.59,51.59,100,0
UNHU.US,5,20260513,190000,51.91,51.91,51.91,51.91,344,0
UNHU.US,5,20260513,215500,52.16,52.16,52.16,52.16,200,0
UNHU.US,5,20260514,162500,51.49,51.49,51.49,51.49,100,0
UNHU.US,5,20260514,174500,51.97,51.97,51.97,51.97,100,0
UNHU.US,5,20260514,183000,51.875,51.875,51.875,51.875,100,0
UNHU.US,5,20260514,211500,52.4999,52.4999,52.4999,52.4999,135,0
UNHU.US,5,20260514,215500,51.88,51.88,51.88,51.88,1000,0
UNHU.US,5,20260515,170000,50.91,50.91,50.91,50.91,400,0
UNHU.US,5,20260515,192500,51.735,51.735,49.91,49.91,400,0
UNHU.US,5,20260515,195000,50.12,50.12,50.12,50.12,100,0
UNHU.US,5,20260515,214500,49.95,49.95,49.95,49.95,492,0
UNHU.US,5,20260515,215000,50.2,50.2,50.2,50.2,810,0
UNHU.US,5,20260518,154000,48.69,48.69,48.38,48.38,800,0
UNHU.US,5,20260518,170000,48.251,48.251,48.2,48.2301,1500,0
UNHU.US,5,20260518,182500,48.82,48.82,48.82,48.82,102,0
UNHU.US,5,20260518,214000,49.63,49.63,49.58,49.6,400,0
UNHU.US,5,20260518,214500,49.6,49.63,49.47,49.47,1100,0
UNHU.US,5,20260518,215000,49.59,49.59,49.47,49.487,500,0
UNHU.US,5,20260519,155500,50.25,50.48,50.25,50.48,700,0
UNHU.US,5,20260519,161000,50.08,50.08,50.08,50.08,200,0
UNHU.US,5,20260519,200500,50.1,50.1,50.1,50.1,250,0
UNHU.US,5,20260519,204500,49.73,49.73,49.73,49.73,100,0
UNHU.US,5,20260519,205000,49.78,49.91,49.78,49.85,900,0
UNHU.US,5,20260519,205500,49.8,49.8,49.66,49.67,1000,0
UNHU.US,5,20260519,211500,50,50,50,50,100,0
UNHU.US,5,20260519,215500,49.06,49.06,49.06,49.06,400,0
UNHU.US,5,20260520,163500,49.62,49.69,49.62,49.6888,400,0
UNHU.US,5,20260520,175500,48.25,48.25,48.25,48.25,138,0
UNHU.US,5,20260520,190000,47.48,47.48,47.42,47.42,300,0
UNHU.US,5,20260520,190500,47.46,47.46,47.43,47.43,791,0
UNHU.US,5,20260520,191000,47.43,47.5,47.43,47.49,700,0
UNHU.US,5,20260520,205000,47.28,47.28,47.28,47.28,203,0
UNHU.US,5,20260520,210500,47.37,47.37,47.36,47.36,200,0
UNHU.US,5,20260521,165500,47.92,47.92,47.92,47.92,209,0
UNHU.US,5,20260521,170000,47.9042,47.9042,47.9042,47.9042,103,0
UNHU.US,5,20260521,191500,48.07,48.07,48.07,48.07,200,0
UNHU.US,5,20260522,153500,47.42,47.42,47.42,47.42,200,0
UNHU.US,5,20260522,161000,48.22,48.39,48.22,48.32,424,0
UNHU.US,5,20260522,161500,48.41,48.56,48.39,48.56,526,0
UNHU.US,5,20260522,162000,48.63,48.63,48.54,48.54,300,0
UNHU.US,5,20260522,182000,49.055,49.055,49.055,49.055,399,0
UNHU.US,5,20260522,203500,48.795,48.86,48.795,48.86,300,0
UNHU.US,5,20260522,210500,48.665,48.665,48.665,48.665,900,0
UNHU.US,5,20260526,153500,47.355,47.355,47.355,47.355,100,0
UNHU.US,5,20260526,154500,46.61,46.61,46.61,46.61,307,0
UNHU.US,5,20260526,163000,46.48,46.48,46.48,46.48,849,0
UNHU.US,5,20260526,164000,46.48,46.48,46.48,46.48,100,0
UNHU.US,5,20260526,165000,46.53,46.53,46.53,46.53,108,0
UNHU.US,5,20260526,180500,46.46,46.46,46.46,46.46,135,0
UNHU.US,5,20260526,182500,46.3,46.3825,46.29,46.29,600,0
UNHU.US,5,20260526,183000,46.27,46.27,46.27,46.27,129,0
UNHU.US,5,20260526,191000,46.29,46.29,46.29,46.29,111,0
UNHU.US,5,20260526,201000,46.865,46.865,46.865,46.865,102,0
UNHU.US,5,20260527,162500,47.25,47.25,47.25,47.25,100,0
UNHU.US,5,20260527,163500,47.28,47.28,47.28,47.28,119,0
UNHU.US,5,20260527,182500,47.57,47.579,47.49,47.49,2071,0
UNHU.US,5,20260528,153500,48.32,48.32,48.32,48.32,100,0
UNHU.US,5,20260528,154500,48.7,48.7,48.7,48.7,194,0
UNHU.US,5,20260528,203500,47.025,47.025,47.025,47.025,200,0
UNHU.US,5,20260528,215000,47.49,47.49,47.49,47.49,210,0
UNHU.US,5,20260529,183000,46.14,46.14,46.14,46.14,100,0
UNHU.US,5,20260529,191000,46.76,46.76,46.76,46.76,100,0
UNHU.US,5,20260529,202500,46.67,46.67,46.67,46.67,100,0
UNHU.US,5,20260529,204000,46.78,46.78,46.78,46.78,100,0
UNHU.US,5,20260529,213000,46.981,47.08,46.98,46.98,1576,0
UNHU.US,5,20260601,163000,47.32,47.32,47.32,47.32,210,0
UNHU.US,5,20260601,163500,47.17,47.17,47.17,47.17,207,0
UNHU.US,5,20260601,194000,46.35,46.35,46.35,46.35,100,0
UNHU.US,5,20260601,195000,46.39,46.39,46.39,46.39,184,0
UNHU.US,5,20260602,160500,46.03,46.03,46.03,46.03,100,0
UNHU.US,5,20260602,215000,46,46,46,46,200,0
UNHU.US,5,20260603,155000,47.85,47.85,47.85,47.85,800,0
UNHU.US,5,20260603,155500,48.03,48.13,48.03,48.031,1638,0
UNHU.US,5,20260603,161000,47.82,47.82,47.82,47.82,100,0
UNHU.US,5,20260603,163500,47.82,47.82,47.82,47.82,100,0
UNHU.US,5,20260603,164500,47.48,47.48,47.48,47.48,100,0
UNHU.US,5,20260603,174000,47.56,47.56,47.56,47.56,100,0
UNHU.US,5,20260603,181000,47.77,47.77,47.77,47.77,200,0
UNHU.US,5,20260604,153000,48.68,50.8,48.68,50.8,1986,0
UNHU.US,5,20260604,153500,50.32,50.97,50.21,50.21,400,0
UNHU.US,5,20260604,154000,50.91,51,50.91,51,323,0
UNHU.US,5,20260604,154500,51.195,51.195,51.1499,51.1499,200,0
UNHU.US,5,20260604,155000,51.62,51.67,51.28,51.28,2989,0
UNHU.US,5,20260604,160000,50.79,50.79,50.79,50.79,100,0
UNHU.US,5,20260604,162000,51.06,51.06,50.98,50.98,200,0
UNHU.US,5,20260604,163000,51.4,51.4,51.4,51.4,400,0
UNHU.US,5,20260604,165000,51.22,51.22,51.22,51.22,300,0
UNHU.US,5,20260604,171000,51.25,51.25,51.17,51.25,1400,0
UNHU.US,5,20260604,180500,50.5,50.5,50.5,50.5,959,0
UNHU.US,5,20260604,210000,50.49,50.5,50.49,50.5,400,0
UNHU.US,5,20260604,215000,50.91,50.91,50.91,50.91,140,0
UNHU.US,5,20260605,153500,52.4,52.4,52.28,52.291,964,0
UNHU.US,5,20260605,160000,51.78,51.78,51.78,51.78,100,0
UNHU.US,5,20260605,161000,51.72,51.72,51.72,51.72,100,0
UNHU.US,5,20260605,162000,51.24,51.24,51.24,51.24,100,0
UNHU.US,5,20260605,163000,51.82,51.82,51.82,51.82,100,0
UNHU.US,5,20260605,163500,51.7425,51.7425,51.7425,51.7425,100,0
UNHU.US,5,20260605,164000,51.88,52.05,51.88,52.05,240,0
UNHU.US,5,20260605,165000,51.81,51.81,51.81,51.81,200,0
UNHU.US,5,20260605,170000,51.48,51.48,51.48,51.48,500,0
UNHU.US,5,20260605,170500,51.52,51.52,51.52,51.52,200,0
UNHU.US,5,20260605,171500,51.4,51.4,51.3,51.4,6850,0
UNHU.US,5,20260605,172500,51.55,51.55,51.55,51.55,100,0
UNHU.US,5,20260605,173500,51.84,51.84,51.84,51.84,200,0
UNHU.US,5,20260605,174000,51.95,51.95,51.95,51.95,4646,0
UNHU.US,5,20260605,184500,51.8,51.8,51.8,51.8,197,0
UNHU.US,5,20260605,190000,52.11,52.11,52.11,52.11,236,0
UNHU.US,5,20260605,190500,52.21,52.21,52.21,52.21,100,0
UNHU.US,5,20260605,201500,51.7,51.7007,51.7,51.7007,200,0
UNHU.US,5,20260605,204500,51.51,51.51,51.51,51.51,161,0
UNHU.US,5,20260605,205500,51.38,51.38,51.3,51.3,300,0
UNHU.US,5,20260605,210000,51.44,51.44,51.44,51.44,154,0
UNHU.US,5,20260605,210500,51.44,51.44,51.44,51.44,146,0
UNHU.US,5,20260605,214000,51.7,51.7,51.7,51.7,300,0
UNHU.US,5,20260605,214500,52.2799,52.2799,51.8,51.8,692,0
UNHU.US,5,20260608,153000,50.815,50.815,50.815,50.815,300,0
UNHU.US,5,20260608,161000,51.4,51.4,51.4,51.4,640,0
UNHU.US,5,20260608,175000,52.66,52.67,52.572,52.67,3080,0
UNHU.US,5,20260608,181000,52.895,52.895,52.895,52.895,905,0
UNHU.US,5,20260608,181500,52.9473,52.9473,52.9473,52.9473,100,0
UNHU.US,5,20260608,192000,52.25,52.25,52.25,52.25,592,0
UNHU.US,5,20260608,200500,52.8,52.8,52.8,52.8,200,0
UNHU.US,5,20260608,201000,52.735,52.745,52.735,52.745,200,0
UNHU.US,5,20260608,202000,52.8,52.8,52.8,52.8,200,0
UNHU.US,5,20260608,203000,52.95,52.95,52.95,52.95,500,0
UNHU.US,5,20260608,204500,53,53,53,53,120,0
UNHU.US,5,20260608,210500,53.2,53.2,53.2,53.2,100,0
UNHU.US,5,20260608,213500,53.51,53.715,53.51,53.715,1000,0
UNHU.US,5,20260608,215500,53.18,53.18,53.18,53.18,155,0
UNHU.US,5,20260609,161000,54.1,54.1,54.1,54.1,100,0
UNHU.US,5,20260609,161500,54.01,54.01,54.01,54.01,100,0
UNHU.US,5,20260609,162500,54.62,54.62,54.62,54.62,200,0
UNHU.US,5,20260609,173500,53.805,53.805,53.805,53.805,100,0
UNHU.US,5,20260609,183500,54.135,54.135,54.135,54.135,104,0
UNHU.US,5,20260609,184500,53.65,53.65,53.65,53.65,104,0
UNHU.US,5,20260609,185000,54,54,54,54,450,0
UNHU.US,5,20260609,185500,54.08,54.08,54.08,54.08,125,0
UNHU.US,5,20260609,190000,54.25,54.25,54.25,54.25,11391,0
UNHU.US,5,20260609,195500,54.5101,54.5101,54.5101,54.5101,121,0
UNHU.US,5,20260609,203500,54.8599,54.8599,54.8599,54.8599,367,0
UNHU.US,5,20260609,213000,54.5,54.535,54.5,54.535,645,0
UNHU.US,5,20260609,215000,54.54,54.54,54.54,54.54,100,0
UNHU.US,5,20260610,160000,54.399,54.399,54.35,54.399,500,0
UNHU.US,5,20260610,161000,53.6702,53.72,53.6702,53.72,500,0
UNHU.US,5,20260610,162500,53.31,53.31,53.23,53.27,967,0
UNHU.US,5,20260610,164500,53.04,53.04,53.04,53.04,200,0
UNHU.US,5,20260610,165000,53.2,53.2,53.2,53.2,194,0
UNHU.US,5,20260610,193000,52.7,52.7,52.7,52.7,100,0
UNHU.US,5,20260610,201500,53.39,53.39,53.39,53.39,135,0
UNHU.US,5,20260610,212000,52.81,52.81,52.81,52.81,200,0
UNHU.US,5,20260610,213000,52.81,52.81,52.81,52.81,260,0
UNHU.US,5,20260611,154000,52.525,52.525,52.525,52.525,475,0
UNHU.US,5,20260611,155000,53.09,53.09,53.09,53.09,100,0
UNHU.US,5,20260611,190000,52.72,52.93,51.78,52.93,2204,0
UNHU.US,5,20260611,194500,53.19,53.19,53.19,53.19,475,0
UNHU.US,5,20260611,211000,53.105,53.105,53.105,53.105,100,0
UNHU.US,5,20260612,153000,52.76,53.07,52.76,53.07,1085,0
UNHU.US,5,20260612,153500,53.4,53.4,53.4,53.4,100,0
UNHU.US,5,20260612,165500,53.41,53.41,53.41,53.41,200,0
UNHU.US,5,20260612,184000,53.28,53.29,53.28,53.29,289,0
UNHU.US,5,20260615,153000,52.32,52.42,52.32,52.34,400,0
UNHU.US,5,20260615,161500,53.48,53.48,53.48,53.48,614,0
UNHU.US,5,20260615,164000,54.305,54.305,54.305,54.305,100,0
UNHU.US,5,20260615,170500,54.85,54.85,54.85,54.85,100,0
UNHU.US,5,20260615,181000,55.14,55.23,55.14,55.212,500,0
UNHU.US,5,20260615,181500,55.38,55.405,55.38,55.405,300,0
UNHU.US,5,20260617,204500,53.28,53.28,53.215,53.215,220,0
UNHU.US,5,20260617,213000,52.25,52.25,52.25,52.25,100,0
UNHU.US,5,20260617,215500,52.04,52.04,51.55,51.55,685,0
UNHU.US,5,20260618,153000,53.04,53.04,53,53.03,400,0
UNHU.US,5,20260618,154500,52.95,53.34,52.95,53.34,393,0
UNHU.US,5,20260618,164500,53.31,53.31,53.31,53.31,300,0
UNHU.US,5,20260622,153000,52.51,52.51,52.51,52.51,250,0
UNHU.US,5,20260622,155000,53.17,53.17,53.17,53.17,100,0
UNHU.US,5,20260622,193000,54.02,54.02,54.02,54.02,192,0
UNHU.US,5,20260622,214000,53.9,53.95,53.855,53.855,300,0
