<TICKER>,<PER>,<DATE>,<TIME>,<OPEN>,<HIGH>,<LOW>,<CLOSE>,<VOL>,<OPENINT>
AAME.US,5,20260126,153000,2.71,2.71,2.71,2.71,4880,0
AAME.US,5,20260126,155000,2.71,2.71,2.7,2.7,1838,0
AAME.US,5,20260126,155500,2.7096,2.71,2.7096,2.71,5127,0
AAME.US,5,20260126,160000,2.7201,2.7201,2.7201,2.7201,341,0
AAME.US,5,20260126,161000,2.755,2.755,2.755,2.755,592,0
AAME.US,5,20260126,162000,2.755,2.77,2.755,2.7625,2800,0
AAME.US,5,20260126,171500,2.8,2.81,2.8,2.81,1100,0
AAME.US,5,20260126,173500,2.8099,2.8099,2.8099,2.8099,757,0
AAME.US,5,20260126,175500,2.8,2.82,2.8,2.82,3680,0
AAME.US,5,20260126,182500,2.875,2.8981,2.875,2.8981,1158,0
AAME.US,5,20260126,191000,2.9132,2.9132,2.9132,2.9132,720,0
AAME.US,5,20260126,192500,2.92,2.92,2.91,2.91,885,0
AAME.US,5,20260126,202500,2.88,2.88,2.86,2.86,1804,0
AAME.US,5,20260126,212500,2.835,2.835,2.835,2.835,999,0
AAME.US,5,20260126,215500,2.79,2.79,2.77,2.77,1520,0
AAME.US,5,20260127,154500,2.77,2.77,2.77,2.77,100,0
AAME.US,5,20260127,165000,2.7461,2.7461,2.746,2.746,468,0
AAME.US,5,20260127,174500,2.7416,2.7416,2.7416,2.7416,450,0
AAME.US,5,20260127,195000,2.75,2.75,2.7,2.7,2826,0
AAME.US,5,20260127,213500,2.74,2.74,2.74,2.74,139,0
AAME.US,5,20260127,215500,2.68,2.73,2.67,2.73,1092,0
AAME.US,5,20260128,153000,2.74,2.75,2.74,2.75,1000,0
AAME.US,5,20260128,172500,2.7,2.7,2.7,2.7,135,0
AAME.US,5,20260128,180000,2.693,2.693,2.693,2.693,665,0
AAME.US,5,20260128,180500,2.7805,2.7805,2.7805,2.7805,450,0
AAME.US,5,20260128,194000,2.782,2.782,2.782,2.782,200,0
AAME.US,5,20260128,194500,2.79,2.79,2.79,2.79,200,0
AAME.US,5,20260128,202000,2.73,2.73,2.73,2.73,100,0
AAME.US,5,20260128,204000,2.8,2.8,2.8,2.8,534,0
AAME.US,5,20260128,205000,2.755,2.755,2.74,2.74,1412,0
AAME.US,5,20260128,212000,2.7578,2.7578,2.7578,2.7578,231,0
AAME.US,5,20260128,215500,2.76,2.78,2.71,2.78,2500,0
AAME.US,5,20260129,154000,2.69,2.69,2.69,2.69,628,0
AAME.US,5,20260129,154500,2.78,2.78,2.78,2.78,406,0
AAME.US,5,20260129,165500,2.73,2.73,2.73,2.73,200,0
AAME.US,5,20260129,171000,2.77,2.77,2.77,2.77,100,0
AAME.US,5,20260129,172500,2.7,2.7,2.7,2.7,984,0
AAME.US,5,20260129,184000,2.76,2.76,2.76,2.76,194,0
AAME.US,5,20260129,191500,2.77,2.78,2.75,2.75,382,0
AAME.US,5,20260129,192000,2.77,2.77,2.77,2.77,194,0
AAME.US,5,20260129,201500,2.7534,2.7534,2.7534,2.7534,2670,0
AAME.US,5,20260129,204000,2.7474,2.7474,2.7474,2.7474,2000,0
AAME.US,5,20260130,160500,2.75,2.75,2.75,2.75,100,0
AAME.US,5,20260130,191000,2.74,2.74,2.74,2.74,500,0
AAME.US,5,20260130,192000,2.74,2.74,2.73,2.74,2600,0
AAME.US,5,20260130,203500,2.74,2.74,2.71,2.71,835,0
AAME.US,5,20260130,205000,2.7176,2.7176,2.7176,2.7176,100,0
AAME.US,5,20260130,215000,2.74,2.74,2.74,2.74,780,0
AAME.US,5,20260202,153000,2.71,2.7123,2.71,2.71,790,0
AAME.US,5,20260202,160000,2.68,2.685,2.63,2.63,3479,0
AAME.US,5,20260202,160500,2.71,2.71,2.62,2.7,1733,0
AAME.US,5,20260202,161000,2.62,2.622,2.61,2.61,600,0
AAME.US,5,20260202,161500,2.61,2.72,2.61,2.62,900,0
AAME.US,5,20260202,162000,2.64,2.71,2.64,2.68,600,0
AAME.US,5,20260202,163000,2.65,2.65,2.65,2.65,100,0
AAME.US,5,20260202,164000,2.72,2.72,2.66,2.66,539,0
AAME.US,5,20260202,190000,2.74,2.74,2.64,2.66,1166,0
AAME.US,5,20260202,190500,2.755,2.755,2.755,2.755,150,0
AAME.US,5,20260202,191000,2.7,2.7,2.7,2.7,300,0
AAME.US,5,20260202,191500,2.71,2.71,2.64,2.64,570,0
AAME.US,5,20260202,193000,2.755,2.755,2.755,2.755,100,0
AAME.US,5,20260202,194500,2.7446,2.7446,2.7446,2.7446,100,0
AAME.US,5,20260202,195000,2.74,2.74,2.64,2.64,1864,0
AAME.US,5,20260202,195500,2.75,2.75,2.6875,2.6875,300,0
AAME.US,5,20260202,200000,2.695,2.74,2.695,2.695,386,0
AAME.US,5,20260202,215000,2.65,2.65,2.65,2.65,100,0
AAME.US,5,20260202,215500,2.63,2.68,2.63,2.68,231,0
AAME.US,5,20260203,153000,2.64,2.64,2.64,2.64,302,0
AAME.US,5,20260203,154000,2.6915,2.6915,2.6915,2.6915,162,0
AAME.US,5,20260203,161500,2.69,2.69,2.69,2.69,109,0
AAME.US,5,20260203,171000,2.665,2.665,2.665,2.665,742,0
AAME.US,5,20260203,174000,2.655,2.655,2.63,2.63,200,0
AAME.US,5,20260203,185500,2.66,2.68,2.64,2.66,800,0
AAME.US,5,20260203,190500,2.68,2.69,2.68,2.69,200,0
AAME.US,5,20260203,192000,2.69,2.69,2.66,2.66,300,0
AAME.US,5,20260203,192500,2.69,2.69,2.69,2.69,200,0
AAME.US,5,20260203,200000,2.64,2.657,2.61,2.61,1312,0
AAME.US,5,20260203,213500,2.68,2.68,2.68,2.68,416,0
AAME.US,5,20260203,215500,2.7,2.7,2.69,2.69,419,0
AAME.US,5,20260204,153000,2.585,2.585,2.54,2.54,968,0
AAME.US,5,20260204,153500,2.63,2.63,2.63,2.63,374,0
AAME.US,5,20260204,154000,2.67,2.67,2.67,2.67,570,0
AAME.US,5,20260204,161000,2.5713,2.5713,2.5713,2.5713,330,0
AAME.US,5,20260204,163500,2.68,2.68,2.68,2.68,534,0
AAME.US,5,20260204,164000,2.55,2.62,2.55,2.62,751,0
AAME.US,5,20260204,172000,2.62,2.62,2.62,2.62,500,0
AAME.US,5,20260204,181000,2.63,2.63,2.63,2.63,100,0
AAME.US,5,20260204,183000,2.632,2.632,2.632,2.632,371,0
AAME.US,5,20260204,200000,2.63,2.63,2.63,2.63,100,0
AAME.US,5,20260204,215000,2.63,2.63,2.63,2.63,377,0
AAME.US,5,20260205,153000,2.53,2.62,2.53,2.62,563,0
AAME.US,5,20260205,171500,2.57,2.57,2.57,2.57,200,0
AAME.US,5,20260205,203000,2.7,2.73,2.7,2.72,300,0
AAME.US,5,20260205,205500,2.7101,2.7101,2.7101,2.7101,741,0
AAME.US,5,20260205,214500,2.605,2.605,2.605,2.605,456,0
AAME.US,5,20260206,154000,2.52,2.52,2.5,2.5,1418,0
AAME.US,5,20260206,163500,2.54,2.54,2.51,2.51,2419,0
AAME.US,5,20260206,164000,2.51,2.51,2.51,2.51,1000,0
AAME.US,5,20260206,164500,2.55,2.56,2.55,2.56,200,0
AAME.US,5,20260206,165000,2.55,2.56,2.54,2.56,3189,0
AAME.US,5,20260206,173000,2.57,2.57,2.57,2.57,100,0
AAME.US,5,20260206,175000,2.57,2.57,2.57,2.57,305,0
AAME.US,5,20260206,175500,2.6299,2.6299,2.6299,2.6299,180,0
AAME.US,5,20260206,184000,2.63,2.63,2.63,2.63,100,0
AAME.US,5,20260206,191000,2.62,2.62,2.62,2.62,110,0
AAME.US,5,20260206,202500,2.61,2.61,2.61,2.61,297,0
AAME.US,5,20260206,203000,2.63,2.63,2.63,2.63,114,0
AAME.US,5,20260206,205000,2.61,2.61,2.61,2.61,152,0
AAME.US,5,20260206,205500,2.61,2.61,2.54,2.54,2100,0
AAME.US,5,20260206,213000,2.5807,2.5807,2.5807,2.5807,100,0
AAME.US,5,20260206,214500,2.59,2.59,2.59,2.59,104,0
AAME.US,5,20260206,215500,2.55,2.55,2.55,2.55,100,0
AAME.US,5,20260209,153000,2.44,2.62,2.44,2.5,3615,0
AAME.US,5,20260209,154500,2.52,2.52,2.52,2.52,100,0
AAME.US,5,20260209,160000,2.4902,2.4902,2.4901,2.4901,738,0
AAME.US,5,20260209,163000,2.5,2.51,2.5,2.51,645,0
AAME.US,5,20260209,165000,2.49,2.49,2.49,2.49,200,0
AAME.US,5,20260209,171500,2.51,2.52,2.51,2.52,4775,0
AAME.US,5,20260209,173000,2.54,2.55,2.54,2.55,3222,0
AAME.US,5,20260209,174000,2.55,2.55,2.55,2.55,817,0
AAME.US,5,20260209,182500,2.55,2.55,2.55,2.55,200,0
AAME.US,5,20260209,183500,2.5366,2.5366,2.5366,2.5366,827,0
AAME.US,5,20260209,184500,2.5322,2.5322,2.5322,2.5322,193,0
AAME.US,5,20260209,195500,2.5277,2.5277,2.5277,2.5277,100,0
AAME.US,5,20260209,210000,2.575,2.575,2.575,2.575,200,0
AAME.US,5,20260209,215500,2.6,2.61,2.59,2.61,3478,0
AAME.US,5,20260210,153000,2.5,2.5,2.5,2.5,714,0
AAME.US,5,20260210,155000,2.5,2.5,2.5,2.5,100,0
AAME.US,5,20260210,161500,2.525,2.525,2.525,2.525,100,0
AAME.US,5,20260210,162500,2.55,2.55,2.5382,2.5382,200,0
AAME.US,5,20260210,163000,2.5322,2.5322,2.5322,2.5322,450,0
AAME.US,5,20260210,172500,2.5817,2.63,2.5817,2.5817,1491,0
AAME.US,5,20260210,180500,2.5905,2.63,2.5691,2.5691,1442,0
AAME.US,5,20260210,182000,2.57,2.57,2.57,2.57,200,0
AAME.US,5,20260210,200000,2.63,2.63,2.63,2.63,375,0
AAME.US,5,20260210,202000,2.631,2.631,2.631,2.631,100,0
AAME.US,5,20260210,214000,2.53,2.53,2.53,2.53,400,0
AAME.US,5,20260210,215500,2.54,2.54,2.54,2.54,100,0
AAME.US,5,20260211,155000,2.5941,2.6,2.5941,2.6,264,0
AAME.US,5,20260211,160000,2.6138,2.6138,2.6138,2.6138,200,0
AAME.US,5,20260211,163000,2.6,2.6,2.6,2.6,130,0
AAME.US,5,20260211,170500,2.63,2.63,2.63,2.63,100,0
AAME.US,5,20260211,171000,2.6239,2.6239,2.6239,2.6239,100,0
AAME.US,5,20260211,172000,2.61,2.64,2.61,2.64,2100,0
AAME.US,5,20260211,174000,2.62,2.62,2.62,2.62,100,0
AAME.US,5,20260211,185000,2.6,2.6,2.6,2.6,100,0
AAME.US,5,20260211,215000,2.64,2.64,2.64,2.64,199,0
AAME.US,5,20260211,215500,2.57,2.57,2.57,2.57,101,0
AAME.US,5,20260212,153000,2.6299,2.6299,2.5601,2.5601,300,0
AAME.US,5,20260212,161000,2.5951,2.5951,2.5951,2.5951,900,0
AAME.US,5,20260212,164000,2.5601,2.5601,2.5601,2.5601,2000,0
AAME.US,5,20260212,164500,2.59,2.59,2.59,2.59,200,0
AAME.US,5,20260212,171500,2.61,2.61,2.61,2.61,100,0
AAME.US,5,20260212,175000,2.61,2.61,2.61,2.61,200,0
AAME.US,5,20260212,182000,2.61,2.61,2.61,2.61,100,0
AAME.US,5,20260212,195500,2.59,2.59,2.59,2.59,254,0
AAME.US,5,20260212,215000,2.62,2.62,2.62,2.62,100,0
AAME.US,5,20260213,153500,2.57,2.57,2.56,2.56,400,0
AAME.US,5,20260213,162000,2.5351,2.5351,2.5351,2.5351,318,0
AAME.US,5,20260213,163500,2.5319,2.5319,2.5319,2.5319,100,0
AAME.US,5,20260213,174500,2.5327,2.5327,2.5327,2.5327,100,0
AAME.US,5,20260213,175000,2.529,2.529,2.5186,2.5186,1200,0
AAME.US,5,20260213,180000,2.5195,2.5195,2.5195,2.5195,200,0
AAME.US,5,20260213,192500,2.55,2.55,2.55,2.55,1000,0
AAME.US,5,20260213,193000,2.55,2.55,2.55,2.55,135,0
AAME.US,5,20260213,203000,2.54,2.54,2.51,2.52,2199,0
AAME.US,5,20260213,210000,2.6,2.61,2.5968,2.61,1230,0
AAME.US,5,20260213,210500,2.6352,2.64,2.6352,2.64,1200,0
AAME.US,5,20260213,211500,2.65,2.65,2.65,2.65,946,0
AAME.US,5,20260213,215500,2.62,2.62,2.56,2.56,200,0
AAME.US,5,20260217,153000,2.53,2.53,2.53,2.53,645,0
AAME.US,5,20260217,154000,2.65,2.65,2.65,2.65,200,0
AAME.US,5,20260217,160500,2.655,2.655,2.655,2.655,705,0
AAME.US,5,20260217,161000,2.655,2.655,2.655,2.655,129,0
AAME.US,5,20260217,162000,2.65,2.65,2.65,2.65,200,0
AAME.US,5,20260217,164000,2.64,2.64,2.625,2.625,275,0
AAME.US,5,20260217,165000,2.6286,2.6286,2.6286,2.6286,940,0
AAME.US,5,20260217,174000,2.6384,2.7,2.62,2.69,8269,0
AAME.US,5,20260217,175500,2.76,2.76,2.76,2.76,100,0
AAME.US,5,20260217,181500,2.6538,2.76,2.6538,2.76,1200,0
AAME.US,5,20260217,184000,2.69,2.75,2.69,2.75,2400,0
AAME.US,5,20260217,185500,2.74,2.74,2.74,2.74,100,0
AAME.US,5,20260217,193000,2.74,2.74,2.74,2.74,100,0
AAME.US,5,20260217,200500,2.685,2.74,2.685,2.74,2953,0
AAME.US,5,20260217,202000,2.71,2.71,2.71,2.71,100,0
AAME.US,5,20260217,202500,2.7,2.7,2.68,2.68,1687,0
AAME.US,5,20260217,205000,2.68,2.68,2.68,2.68,200,0
AAME.US,5,20260217,205500,2.68,2.73,2.68,2.73,400,0
AAME.US,5,20260218,155000,2.75,2.76,2.75,2.76,466,0
AAME.US,5,20260218,160000,2.74,2.77,2.74,2.77,698,0
AAME.US,5,20260218,161500,2.82,2.82,2.82,2.82,100,0
AAME.US,5,20260218,165000,2.82,2.82,2.81,2.81,200,0
AAME.US,5,20260218,165500,2.83,2.83,2.83,2.83,328,0
AAME.US,5,20260218,174000,2.8252,2.8252,2.81,2.8252,400,0
AAME.US,5,20260218,174500,2.8142,2.8142,2.81,2.81,300,0
AAME.US,5,20260218,184500,2.825,2.825,2.825,2.825,2000,0
AAME.US,5,20260218,185500,2.8101,2.8101,2.8101,2.8101,200,0
AAME.US,5,20260218,195500,2.8136,2.8136,2.81,2.81,200,0
AAME.US,5,20260218,203000,2.8136,2.8136,2.8136,2.8136,100,0
AAME.US,5,20260218,205000,2.83,2.83,2.83,2.83,1000,0
AAME.US,5,20260218,210500,2.83,2.84,2.83,2.8332,1200,0
AAME.US,5,20260218,211000,2.82,2.875,2.82,2.875,767,0
AAME.US,5,20260218,211500,2.9228,2.9228,2.9,2.9,2044,0
AAME.US,5,20260218,212000,2.8602,2.8602,2.8602,2.8602,1044,0
AAME.US,5,20260218,212500,2.92,2.92,2.854,2.854,309,0
AAME.US,5,20260218,213000,2.92,2.92,2.91,2.91,1100,0
AAME.US,5,20260218,215000,2.9,2.9,2.9,2.9,994,0
AAME.US,5,20260218,215500,2.92,2.92,2.92,2.92,100,0
AAME.US,5,20260219,153000,2.87,2.91,2.87,2.91,531,0
AAME.US,5,20260219,155000,2.7762,2.95,2.7762,2.95,599,0
AAME.US,5,20260219,160500,2.92,2.95,2.92,2.95,5277,0
AAME.US,5,20260219,161000,2.95,3.05,2.95,3.05,600,0
AAME.US,5,20260219,161500,2.951,2.951,2.951,2.951,500,0
AAME.US,5,20260219,162000,3.03,3.03,3,3,949,0
AAME.US,5,20260219,163000,3.04,3.07,3.04,3.07,200,0
AAME.US,5,20260219,163500,3.01,3.01,3.01,3.01,100,0
AAME.US,5,20260219,170000,3,3,3,3,100,0
AAME.US,5,20260219,170500,3.08,3.08,3.08,3.08,200,0
AAME.US,5,20260219,171000,3,3.01,3,3.01,399,0
AAME.US,5,20260219,171500,3.0144,3.05,3.0144,3.05,495,0
AAME.US,5,20260219,172000,3.05,3.05,3.05,3.05,350,0
AAME.US,5,20260219,172500,3.05,3.05,3.05,3.05,200,0
AAME.US,5,20260219,175000,3,3,2.97,3,1701,0
AAME.US,5,20260219,181000,3,3,2.9,2.9,298,0
AAME.US,5,20260219,182500,3,3,3,3,300,0
AAME.US,5,20260219,190500,3.035,3.035,3.035,3.035,4000,0
AAME.US,5,20260219,192500,3.01,3.01,3.01,3.01,100,0
AAME.US,5,20260219,194000,3.0101,3.0101,3.0101,3.0101,200,0
AAME.US,5,20260219,200500,3.01,3.01,3.01,3.01,199,0
AAME.US,5,20260219,201500,3.03,3.03,2.975,3.03,600,0
AAME.US,5,20260219,213500,3.01,3.04,2.96,3.04,962,0
AAME.US,5,20260219,214500,3.03,3.03,3.03,3.03,100,0
AAME.US,5,20260219,215500,3.05,3.05,3.05,3.05,100,0
AAME.US,5,20260220,170500,3.075,3.08,3.075,3.08,3384,0
AAME.US,5,20260220,172000,3.04,3.04,3.04,3.04,200,0
AAME.US,5,20260220,182000,3.025,3.04,3.025,3.04,729,0
AAME.US,5,20260220,192500,3.035,3.04,3.035,3.04,466,0
AAME.US,5,20260220,205000,3.025,3.025,3.025,3.025,100,0
AAME.US,5,20260220,210000,3.025,3.025,3.025,3.025,100,0
AAME.US,5,20260220,210500,3.03,3.0301,3.03,3.03,3794,0
AAME.US,5,20260220,212500,3.03,3.03,3.02,3.03,2001,0
AAME.US,5,20260220,213000,3.04,3.04,3.04,3.04,1100,0
AAME.US,5,20260220,213500,3.05,3.05,3.05,3.05,400,0
AAME.US,5,20260220,214500,3.08,3.09,3.055,3.055,825,0
AAME.US,5,20260220,215500,3.055,3.08,3.055,3.055,400,0
AAME.US,5,20260223,153000,2.96,2.96,2.96,2.96,668,0
AAME.US,5,20260223,154000,2.965,2.965,2.835,2.835,6240,0
AAME.US,5,20260223,154500,2.78,2.82,2.77,2.82,1900,0
AAME.US,5,20260223,160000,2.86,2.86,2.81,2.86,1942,0
AAME.US,5,20260223,160500,2.7901,2.88,2.7901,2.7901,900,0
AAME.US,5,20260223,161000,2.84,2.89,2.7901,2.7901,1800,0
AAME.US,5,20260223,163500,2.81,2.81,2.81,2.81,235,0
AAME.US,5,20260223,164000,2.8,2.8,2.8,2.8,1014,0
AAME.US,5,20260223,165000,2.79,2.79,2.79,2.79,117,0
AAME.US,5,20260223,170500,2.8571,2.8781,2.84,2.84,1013,0
AAME.US,5,20260223,172000,2.8,2.8,2.8,2.8,200,0
AAME.US,5,20260223,173000,2.8,2.8,2.8,2.8,150,0
AAME.US,5,20260223,173500,2.8,2.8,2.8,2.8,200,0
AAME.US,5,20260223,174000,2.84,2.84,2.8,2.8,400,0
AAME.US,5,20260223,174500,2.802,2.802,2.802,2.802,200,0
AAME.US,5,20260223,175000,2.79,2.79,2.79,2.79,883,0
AAME.US,5,20260223,180000,2.79,2.79,2.767,2.77,703,0
AAME.US,5,20260223,181000,2.81,2.84,2.81,2.81,637,0
AAME.US,5,20260223,181500,2.81,2.81,2.81,2.81,103,0
AAME.US,5,20260223,190000,2.8,2.8,2.8,2.8,5000,0
AAME.US,5,20260223,213000,2.815,2.815,2.815,2.815,100,0
AAME.US,5,20260223,215000,2.825,2.83,2.825,2.83,200,0
AAME.US,5,20260223,215500,2.79,2.795,2.74,2.74,2636,0
AAME.US,5,20260224,153000,2.78,2.78,2.74,2.75,2650,0
AAME.US,5,20260224,195000,2.75,2.75,2.75,2.75,466,0
AAME.US,5,20260224,214500,2.7,2.7,2.7,2.7,768,0
AAME.US,5,20260224,215000,2.73,2.75,2.73,2.75,400,0
AAME.US,5,20260224,215500,2.74,2.75,2.675,2.71,1296,0
AAME.US,5,20260225,153000,2.71,2.71,2.71,2.71,100,0
AAME.US,5,20260225,173000,2.68,2.68,2.68,2.68,186,0
AAME.US,5,20260225,192000,2.68,2.75,2.68,2.7056,3784,0
AAME.US,5,20260225,205500,2.7,2.7,2.7,2.7,925,0
AAME.US,5,20260225,213500,2.65,2.65,2.65,2.65,1933,0
AAME.US,5,20260225,214500,2.69,2.69,2.69,2.69,512,0
AAME.US,5,20260225,215500,2.69,2.69,2.69,2.69,130,0
AAME.US,5,20260226,162000,2.6326,2.6326,2.6326,2.6326,1081,0
AAME.US,5,20260226,190000,2.7,2.7,2.7,2.7,100,0
AAME.US,5,20260226,213000,2.68,2.68,2.68,2.68,481,0
AAME.US,5,20260226,213500,2.68,2.68,2.68,2.68,100,0
AAME.US,5,20260226,215000,2.67,2.67,2.67,2.67,151,0
AAME.US,5,20260227,153000,2.65,2.65,2.6,2.65,3081,0
AAME.US,5,20260227,154500,2.64,2.71,2.64,2.71,1066,0
AAME.US,5,20260227,160500,2.66,2.66,2.66,2.66,1900,0
AAME.US,5,20260227,165500,2.66,2.66,2.63,2.63,800,0
AAME.US,5,20260227,170500,2.61,2.61,2.61,2.61,772,0
AAME.US,5,20260227,173500,2.645,2.69,2.645,2.645,400,0
AAME.US,5,20260227,192000,2.65,2.65,2.65,2.65,100,0
AAME.US,5,20260227,211500,2.65,2.65,2.65,2.65,1065,0
AAME.US,5,20260302,153000,2.66,2.66,2.66,2.66,828,0
AAME.US,5,20260302,160500,2.64,2.64,2.64,2.64,200,0
AAME.US,5,20260302,162000,2.6455,2.66,2.62,2.62,1426,0
AAME.US,5,20260302,162500,2.62,2.62,2.62,2.62,100,0
AAME.US,5,20260302,171500,2.65,2.65,2.64,2.64,200,0
AAME.US,5,20260302,174500,2.66,2.66,2.62,2.62,1132,0
AAME.US,5,20260302,184500,2.62,2.62,2.62,2.62,297,0
AAME.US,5,20260302,185000,2.66,2.67,2.65,2.65,500,0
AAME.US,5,20260302,192000,2.6445,2.6445,2.63,2.6445,574,0
AAME.US,5,20260302,195000,2.62,2.62,2.6,2.6,536,0
AAME.US,5,20260302,201500,2.6189,2.63,2.6189,2.6189,832,0
AAME.US,5,20260302,202500,2.66,2.66,2.66,2.66,100,0
AAME.US,5,20260302,211500,2.63,2.63,2.6189,2.6189,386,0
AAME.US,5,20260302,213000,2.615,2.615,2.615,2.615,330,0
AAME.US,5,20260302,214000,2.6114,2.6114,2.6114,2.6114,106,0
AAME.US,5,20260302,215000,2.6,2.6,2.6,2.6,100,0
AAME.US,5,20260302,215500,2.61,2.61,2.59,2.59,448,0
AAME.US,5,20260303,161000,2.66,2.66,2.66,2.66,300,0
AAME.US,5,20260303,165500,2.6,2.6,2.6,2.6,343,0
AAME.US,5,20260303,170500,2.63,2.63,2.63,2.63,200,0
AAME.US,5,20260303,171000,2.6,2.61,2.53,2.53,856,0
AAME.US,5,20260303,182500,2.635,2.635,2.635,2.635,200,0
AAME.US,5,20260303,191000,2.635,2.635,2.635,2.635,260,0
AAME.US,5,20260303,215000,2.59,2.59,2.59,2.59,100,0
AAME.US,5,20260304,153500,2.64,2.64,2.64,2.64,200,0
AAME.US,5,20260304,163500,2.61,2.7,2.61,2.7,1325,0
AAME.US,5,20260304,184500,2.66,2.66,2.66,2.66,143,0
AAME.US,5,20260304,215500,2.63,2.66,2.62,2.62,896,0
AAME.US,5,20260305,153000,2.69,2.69,2.69,2.69,1002,0
AAME.US,5,20260305,175500,2.6,2.68,2.6,2.68,444,0
AAME.US,5,20260305,183000,2.6652,2.68,2.6652,2.68,490,0
AAME.US,5,20260305,193000,2.635,2.635,2.635,2.635,373,0
AAME.US,5,20260306,153000,2.64,2.64,2.64,2.64,123,0
AAME.US,5,20260306,153500,2.5901,2.63,2.54,2.63,1400,0
AAME.US,5,20260306,154000,2.6207,2.6207,2.4979,2.4979,1742,0
AAME.US,5,20260306,154500,2.57,2.6,2.57,2.6,647,0
AAME.US,5,20260306,184500,2.4901,2.54,2.4901,2.54,1036,0
AAME.US,5,20260306,205500,2.62,2.62,2.62,2.62,100,0
AAME.US,5,20260306,215500,2.56,2.62,2.56,2.62,219,0
AAME.US,5,20260309,164500,2.63,2.63,2.63,2.63,200,0
AAME.US,5,20260309,165000,2.595,2.63,2.595,2.63,673,0
AAME.US,5,20260309,170500,2.595,2.62,2.595,2.62,419,0
AAME.US,5,20260309,184500,2.6555,2.6799,2.6555,2.67,1200,0
AAME.US,5,20260309,185000,2.68,2.68,2.68,2.68,400,0
AAME.US,5,20260309,190000,2.6999,2.6999,2.6999,2.6999,200,0
AAME.US,5,20260309,192500,2.6917,2.6917,2.6917,2.6917,300,0
AAME.US,5,20260309,193000,2.7,2.71,2.7,2.71,466,0
AAME.US,5,20260309,194000,2.71,2.71,2.71,2.71,189,0
AAME.US,5,20260309,194500,2.7406,2.7406,2.7406,2.7406,5331,0
AAME.US,5,20260309,205500,2.685,2.685,2.685,2.685,500,0
AAME.US,5,20260310,153000,2.74,2.74,2.74,2.74,100,0
AAME.US,5,20260310,155000,2.74,2.74,2.74,2.74,681,0
AAME.US,5,20260310,160000,2.7,2.7,2.7,2.7,400,0
AAME.US,5,20260310,161500,2.62,2.62,2.62,2.62,500,0
AAME.US,5,20260310,162000,2.69,2.69,2.69,2.69,656,0
AAME.US,5,20260310,163500,2.7308,2.7308,2.7308,2.7308,497,0
AAME.US,5,20260310,172500,2.69,2.69,2.69,2.69,100,0
AAME.US,5,20260311,151500,2.8695,2.8695,2.8,2.81,808,0
AAME.US,5,20260311,152500,2.84,2.84,2.84,2.84,700,0
AAME.US,5,20260311,154000,2.8,2.8,2.67,2.67,437,0
AAME.US,5,20260311,171500,2.79,2.79,2.79,2.79,507,0
AAME.US,5,20260311,172500,2.66,2.66,2.66,2.66,100,0
AAME.US,5,20260311,174500,2.8,2.8,2.8,2.8,100,0
AAME.US,5,20260311,183500,2.78,2.78,2.78,2.78,100,0
AAME.US,5,20260311,193500,2.72,2.72,2.72,2.72,181,0
AAME.US,5,20260311,195000,2.68,2.76,2.68,2.76,566,0
AAME.US,5,20260311,205500,2.72,2.72,2.68,2.68,300,0
AAME.US,5,20260312,150500,2.83,2.83,2.83,2.83,500,0
AAME.US,5,20260312,172500,2.73,2.73,2.73,2.73,495,0
AAME.US,5,20260312,174500,2.79,2.79,2.79,2.79,200,0
AAME.US,5,20260312,183500,2.65,2.74,2.63,2.74,491,0
AAME.US,5,20260312,185500,2.75,2.75,2.75,2.75,200,0
AAME.US,5,20260312,191000,2.76,2.76,2.76,2.76,100,0
AAME.US,5,20260312,191500,2.77,2.77,2.77,2.77,100,0
AAME.US,5,20260312,201000,2.82,2.82,2.82,2.82,100,0
AAME.US,5,20260312,205500,2.79,2.79,2.79,2.79,100,0
AAME.US,5,20260313,145500,2.6,2.6,2.6,2.6,450,0
AAME.US,5,20260313,150000,2.57,2.71,2.57,2.71,950,0
AAME.US,5,20260313,170500,2.7893,2.7893,2.7893,2.7893,200,0
AAME.US,5,20260313,180000,2.7,2.7,2.7,2.7,100,0
AAME.US,5,20260313,193500,2.7483,2.7483,2.7483,2.7483,200,0
AAME.US,5,20260313,195500,2.74,2.77,2.74,2.74,2430,0
AAME.US,5,20260313,201000,2.79,2.79,2.79,2.79,2500,0
AAME.US,5,20260313,201500,2.76,2.76,2.76,2.76,1100,0
AAME.US,5,20260313,202000,2.7,2.76,2.7,2.76,1200,0
AAME.US,5,20260313,202500,2.75,2.7783,2.725,2.745,3229,0
AAME.US,5,20260313,203500,2.7567,2.7567,2.7567,2.7567,200,0
AAME.US,5,20260313,205000,2.78,2.78,2.78,2.78,138,0
AAME.US,5,20260313,205500,2.72,2.78,2.72,2.77,397,0
AAME.US,5,20260316,143000,2.71,2.7157,2.71,2.7157,316,0
AAME.US,5,20260316,143500,2.7157,2.7157,2.7157,2.7157,400,0
AAME.US,5,20260316,144000,2.7157,2.75,2.7157,2.75,397,0
AAME.US,5,20260316,155000,2.7,2.7,2.685,2.685,744,0
AAME.US,5,20260316,164000,2.69,2.69,2.69,2.69,200,0
AAME.US,5,20260316,175000,2.7,2.7,2.7,2.7,123,0
AAME.US,5,20260316,182500,2.715,2.7299,2.63,2.63,1241,0
AAME.US,5,20260316,190000,2.698,2.698,2.698,2.698,100,0
AAME.US,5,20260317,155000,2.6999,2.6999,2.6999,2.6999,106,0
AAME.US,5,20260317,182000,2.765,2.765,2.765,2.765,100,0
AAME.US,5,20260317,184500,2.7,2.7,2.63,2.66,9509,0
AAME.US,5,20260317,185000,2.6802,2.6802,2.6802,2.6802,300,0
AAME.US,5,20260317,195500,2.645,2.7,2.645,2.7,579,0
AAME.US,5,20260318,144000,2.69,2.75,2.69,2.75,303,0
AAME.US,5,20260318,173500,2.67,2.67,2.67,2.67,100,0
AAME.US,5,20260318,175000,2.6894,2.6894,2.6666,2.6666,200,0
AAME.US,5,20260318,180000,2.6584,2.7232,2.6584,2.7232,2148,0
AAME.US,5,20260318,205500,2.63,2.63,2.63,2.63,478,0
AAME.US,5,20260319,143000,2.7434,2.7434,2.7434,2.7434,334,0
AAME.US,5,20260319,173000,2.7587,2.7587,2.7587,2.7587,100,0
AAME.US,5,20260319,203500,2.65,2.6949,2.64,2.64,1200,0
AAME.US,5,20260319,204000,2.695,2.695,2.695,2.695,200,0
AAME.US,5,20260319,205000,2.62,2.625,2.62,2.625,366,0
AAME.US,5,20260319,205500,2.62,2.62,2.61,2.61,426,0
AAME.US,5,20260320,144500,2.7277,2.7277,2.7277,2.7277,134,0
AAME.US,5,20260320,145500,2.7,2.7,2.62,2.7,544,0
AAME.US,5,20260320,160500,2.61,2.61,2.57,2.5976,1536,0
AAME.US,5,20260320,165000,2.56,2.56,2.56,2.56,100,0
AAME.US,5,20260320,165500,2.54,2.54,2.54,2.54,100,0
AAME.US,5,20260320,170000,2.5899,2.5899,2.5899,2.5899,200,0
AAME.US,5,20260320,173500,2.5899,2.5899,2.5899,2.5899,1481,0
AAME.US,5,20260320,182500,2.58,2.58,2.579,2.5799,300,0
AAME.US,5,20260320,184500,2.5359,2.73,2.5359,2.62,1390,0
AAME.US,5,20260320,185000,2.66,2.66,2.66,2.66,100,0
AAME.US,5,20260320,205000,2.52,2.52,2.5,2.51,705,0
AAME.US,5,20260320,205500,2.52,2.58,2.51,2.58,1801,0
AAME.US,5,20260323,143000,2.45,2.45,2.45,2.45,400,0
AAME.US,5,20260323,143500,2.52,2.52,2.52,2.52,134,0
AAME.US,5,20260323,150000,2.4419,2.5038,2.4419,2.5038,600,0
AAME.US,5,20260323,150500,2.5038,2.5038,2.5038,2.5038,200,0
AAME.US,5,20260323,163500,2.42,2.42,2.42,2.42,112,0
AAME.US,5,20260323,165000,2.51,2.51,2.51,2.51,266,0
AAME.US,5,20260323,170000,2.4757,2.4757,2.4757,2.4757,1000,0
AAME.US,5,20260323,192500,2.5,2.5,2.5,2.5,101,0
AAME.US,5,20260323,193000,2.5,2.5,2.5,2.5,250,0
AAME.US,5,20260323,202000,2.4501,2.5082,2.4501,2.5082,754,0
AAME.US,5,20260323,205000,2.5299,2.5299,2.5299,2.5299,112,0
AAME.US,5,20260323,205500,2.52,2.52,2.52,2.52,481,0
AAME.US,5,20260324,145000,2.49,2.505,2.48,2.505,1044,0
AAME.US,5,20260324,155000,2.44,2.44,2.39,2.42,2062,0
AAME.US,5,20260324,160500,2.48,2.48,2.48,2.48,200,0
AAME.US,5,20260324,171500,2.435,2.48,2.435,2.48,200,0
AAME.US,5,20260324,192000,2.435,2.435,2.435,2.435,127,0
AAME.US,5,20260324,201500,2.4894,2.4894,2.4894,2.4894,200,0
AAME.US,5,20260324,204000,2.47,2.47,2.44,2.44,373,0
AAME.US,5,20260324,204500,2.47,2.47,2.4,2.4,482,0
AAME.US,5,20260324,205000,2.4899,2.4899,2.48,2.48,366,0
AAME.US,5,20260324,205500,2.4,2.4,2.4,2.4,1378,0
AAME.US,5,20260325,165500,2.48,2.52,2.48,2.52,518,0
AAME.US,5,20260326,144500,2.4301,2.4301,2.4301,2.4301,468,0
AAME.US,5,20260326,145500,2.53,2.53,2.53,2.53,384,0
AAME.US,5,20260326,153000,2.48,2.48,2.48,2.48,100,0
AAME.US,5,20260326,153500,2.52,2.53,2.48,2.53,907,0
AAME.US,5,20260326,165000,2.5047,2.5047,2.5047,2.5047,634,0
AAME.US,5,20260326,173000,2.48,2.48,2.48,2.48,100,0
AAME.US,5,20260326,175500,2.505,2.52,2.48,2.48,730,0
AAME.US,5,20260326,184500,2.4801,2.4801,2.4801,2.4801,200,0
AAME.US,5,20260326,185500,2.53,2.53,2.53,2.53,100,0
AAME.US,5,20260326,195000,2.48,2.48,2.48,2.48,200,0
AAME.US,5,20260326,195500,2.51,2.51,2.51,2.51,200,0
AAME.US,5,20260326,203500,2.51,2.51,2.51,2.51,200,0
AAME.US,5,20260326,205500,2.48,2.48,2.48,2.48,319,0
AAME.US,5,20260327,143000,2.54,2.54,2.54,2.54,191,0
AAME.US,5,20260327,144000,2.455,2.455,2.4001,2.4001,1199,0
AAME.US,5,20260327,144500,2.41,2.41,2.41,2.41,334,0
AAME.US,5,20260327,145000,2.4,2.4,2.4,2.4,196,0
AAME.US,5,20260327,145500,2.45,2.45,2.45,2.45,288,0
AAME.US,5,20260327,152000,2.4,2.4449,2.4,2.4449,1400,0
AAME.US,5,20260327,161500,2.382,2.382,2.38,2.38,403,0
AAME.US,5,20260327,164000,2.44,2.44,2.44,2.44,234,0
AAME.US,5,20260327,171500,2.48,2.49,2.48,2.49,806,0
AAME.US,5,20260327,183500,2.4291,2.49,2.4291,2.49,299,0
AAME.US,5,20260327,202500,2.49,2.49,2.49,2.49,100,0
AAME.US,5,20260327,205000,2.44,2.44,2.44,2.44,359,0
AAME.US,5,20260327,205500,2.39,2.39,2.39,2.39,164,0
AAME.US,5,20260330,155000,2.39,2.48,2.38,2.48,1129,0
AAME.US,5,20260330,162500,2.49,2.57,2.3801,2.57,852,0
AAME.US,5,20260330,172500,2.47,2.55,2.47,2.55,390,0
AAME.US,5,20260330,174000,2.57,2.58,2.51,2.58,2647,0
AAME.US,5,20260330,174500,2.525,2.58,2.525,2.58,300,0
AAME.US,5,20260330,175000,2.4733,2.57,2.4733,2.57,423,0
AAME.US,5,20260330,181000,2.58,2.59,2.51,2.52,3243,0
AAME.US,5,20260330,185500,2.56,2.56,2.56,2.56,1000,0
AAME.US,5,20260330,191500,2.5589,2.5589,2.54,2.54,597,0
AAME.US,5,20260330,193500,2.56,2.56,2.56,2.56,300,0
AAME.US,5,20260330,204500,2.56,2.56,2.56,2.56,782,0
AAME.US,5,20260330,213500,2.53,2.54,2.53,2.54,200,0
AAME.US,5,20260330,215500,2.53,2.54,2.53,2.53,300,0
AAME.US,5,20260331,153000,2.575,2.575,2.575,2.575,4496,0
AAME.US,5,20260331,153500,2.57,2.6,2.57,2.6,2308,0
AAME.US,5,20260331,154500,2.6,2.6,2.6,2.6,228,0
AAME.US,5,20260331,160500,2.635,2.635,2.635,2.635,2000,0
AAME.US,5,20260331,165000,2.64,2.64,2.4401,2.4401,3669,0
AAME.US,5,20260331,165500,2.505,2.505,2.44,2.44,3778,0
AAME.US,5,20260331,175500,2.39,2.39,2.39,2.39,100,0
AAME.US,5,20260331,180000,2.4,2.4,2.4,2.4,100,0
AAME.US,5,20260331,181500,2.39,2.39,2.39,2.39,200,0
AAME.US,5,20260331,183000,2.38,2.386,2.25,2.25,4882,0
AAME.US,5,20260331,183500,2.225,2.225,2.2,2.2,900,0
AAME.US,5,20260331,184000,2.3,2.3,2.3,2.3,363,0
AAME.US,5,20260331,184500,2.35,2.355,2.35,2.355,4216,0
AAME.US,5,20260331,185000,2.355,2.355,2.355,2.355,200,0
AAME.US,5,20260331,185500,2.41,2.41,2.41,2.41,400,0
AAME.US,5,20260331,191000,2.36,2.42,2.36,2.41,500,0
AAME.US,5,20260331,192000,2.36,2.36,2.36,2.36,1347,0
AAME.US,5,20260331,192500,2.3001,2.3001,2.3001,2.3001,1084,0
AAME.US,5,20260331,193000,2.4,2.4,2.4,2.4,134,0
AAME.US,5,20260401,153000,2.29,2.29,2.29,2.29,161,0
AAME.US,5,20260401,153500,2.21,2.265,2.21,2.265,778,0
AAME.US,5,20260401,160000,2.2021,2.2021,2.2021,2.2021,506,0
AAME.US,5,20260401,160500,2.3,2.3,2.2001,2.28,766,0
AAME.US,5,20260401,161500,2.32,2.33,2.32,2.33,400,0
AAME.US,5,20260401,162500,2.24,2.25,2.24,2.25,200,0
AAME.US,5,20260401,163500,2.25,2.25,2.25,2.25,1553,0
AAME.US,5,20260401,170000,2.306,2.32,2.306,2.32,200,0
AAME.US,5,20260401,173500,2.2642,2.275,2.2642,2.275,1000,0
AAME.US,5,20260401,174500,2.2642,2.2739,2.2642,2.2739,1000,0
AAME.US,5,20260401,180000,2.2677,2.2677,2.2677,2.2677,500,0
AAME.US,5,20260401,183000,2.2101,2.27,2.2101,2.27,1460,0
AAME.US,5,20260401,200500,2.33,2.33,2.3299,2.3299,551,0
AAME.US,5,20260401,201000,2.2751,2.2751,2.2751,2.2751,100,0
AAME.US,5,20260401,202500,2.275,2.275,2.275,2.275,112,0
AAME.US,5,20260401,203500,2.2201,2.31,2.2201,2.31,2959,0
AAME.US,5,20260401,210500,2.28,2.28,2.28,2.28,2300,0
AAME.US,5,20260401,215000,2.25,2.25,2.25,2.25,156,0
AAME.US,5,20260402,162500,2.2,2.2699,2.2,2.2,2600,0
AAME.US,5,20260402,165000,2.2089,2.2089,2.2089,2.2089,2000,0
AAME.US,5,20260402,170500,2.18,2.18,2.175,2.175,1000,0
AAME.US,5,20260402,171000,2.19,2.19,2.19,2.19,100,0
AAME.US,5,20260402,171500,2.197,2.2,2.19,2.2,500,0
AAME.US,5,20260402,172500,2.2,2.21,2.19,2.21,1100,0
AAME.US,5,20260402,173500,2.1917,2.1917,2.1917,2.1917,311,0
AAME.US,5,20260402,175500,2.245,2.245,2.245,2.245,200,0
AAME.US,5,20260402,180000,2.245,2.245,2.24,2.24,856,0
AAME.US,5,20260402,182000,2.245,2.245,2.245,2.245,266,0
AAME.US,5,20260402,194000,2.22,2.22,2.22,2.22,122,0
AAME.US,5,20260402,194500,2.22,2.22,2.22,2.22,818,0
AAME.US,5,20260406,153000,2.14,2.14,2.13,2.13,777,0
AAME.US,5,20260406,153500,2.19,2.2,2.165,2.2,2000,0
AAME.US,5,20260406,155000,2.1904,2.1904,2.1904,2.1904,1702,0
AAME.US,5,20260406,162000,2.15,2.15,2.15,2.15,399,0
AAME.US,5,20260406,162500,2.2,2.2,2.2,2.2,648,0
AAME.US,5,20260406,163500,2.22,2.22,2.22,2.22,536,0
AAME.US,5,20260406,164500,2.21,2.21,2.21,2.21,100,0
AAME.US,5,20260406,165000,2.2198,2.22,2.21,2.21,2000,0
AAME.US,5,20260406,165500,2.22,2.22,2.22,2.22,434,0
AAME.US,5,20260406,170500,2.22,2.22,2.22,2.22,530,0
AAME.US,5,20260406,172500,2.22,2.3,2.22,2.3,9828,0
AAME.US,5,20260406,173000,2.2269,2.27,2.2269,2.27,2500,0
AAME.US,5,20260406,173500,2.2601,2.2601,2.1999,2.2601,400,0
AAME.US,5,20260406,174000,2.21,2.342,2.19,2.19,6291,0
AAME.US,5,20260406,174500,2.26,2.26,2.26,2.26,100,0
AAME.US,5,20260406,180000,2.18,2.18,2.18,2.18,100,0
AAME.US,5,20260406,180500,2.28,2.28,2.28,2.28,200,0
AAME.US,5,20260406,181500,2.26,2.26,2.26,2.26,100,0
AAME.US,5,20260406,182500,2.27,2.27,2.2,2.2,1351,0
AAME.US,5,20260406,184000,2.2,2.2,2.2,2.2,101,0
AAME.US,5,20260406,184500,2.26,2.26,2.26,2.26,266,0
AAME.US,5,20260406,190500,2.2847,2.2847,2.2847,2.2847,100,0
AAME.US,5,20260406,192000,2.24,2.24,2.24,2.24,300,0
AAME.US,5,20260406,192500,2.23,2.23,2.23,2.23,100,0
AAME.US,5,20260406,200500,2.23,2.23,2.23,2.23,900,0
AAME.US,5,20260406,201000,2.23,2.23,2.23,2.23,100,0
AAME.US,5,20260406,202000,2.23,2.23,2.23,2.23,448,0
AAME.US,5,20260406,203000,2.295,2.295,2.28,2.28,200,0
AAME.US,5,20260406,203500,2.23,2.23,2.23,2.23,697,0
AAME.US,5,20260406,205500,2.23,2.23,2.23,2.23,100,0
AAME.US,5,20260406,210500,2.23,2.275,2.23,2.275,300,0
AAME.US,5,20260406,211000,2.21,2.275,2.21,2.275,300,0
AAME.US,5,20260406,215500,2.23,2.23,2.19,2.19,500,0
AAME.US,5,20260407,153000,2.1501,2.26,2.1501,2.26,300,0
AAME.US,5,20260407,153500,2.26,2.26,2.26,2.26,892,0
AAME.US,5,20260407,154500,2.27,2.27,2.27,2.27,266,0
AAME.US,5,20260407,163000,2.325,2.325,2.28,2.325,3634,0
AAME.US,5,20260407,163500,2.265,2.33,2.265,2.33,1700,0
AAME.US,5,20260407,200000,2.246,2.26,2.246,2.26,817,0
AAME.US,5,20260407,200500,2.26,2.26,2.26,2.26,714,0
AAME.US,5,20260407,205500,2.28,2.28,2.27,2.27,700,0
AAME.US,5,20260407,213000,2.3,2.3,2.3,2.3,200,0
AAME.US,5,20260407,215000,2.27,2.27,2.27,2.27,100,0
AAME.US,5,20260408,155500,2.29,2.29,2.29,2.29,108,0
AAME.US,5,20260408,163000,2.38,2.38,2.37,2.38,385,0
AAME.US,5,20260408,190500,2.335,2.335,2.335,2.335,100,0
AAME.US,5,20260408,192000,2.34,2.34,2.34,2.34,174,0
AAME.US,5,20260408,192500,2.32,2.32,2.32,2.32,853,0
AAME.US,5,20260408,200500,2.32,2.32,2.32,2.32,200,0
AAME.US,5,20260408,202000,2.32,2.39,2.32,2.365,4621,0
AAME.US,5,20260408,202500,2.395,2.395,2.395,2.395,200,0
AAME.US,5,20260409,153000,2.295,2.295,2.295,2.295,100,0
AAME.US,5,20260409,154000,2.44,2.44,2.425,2.425,200,0
AAME.US,5,20260409,160000,2.44,2.44,2.405,2.405,352,0
AAME.US,5,20260409,164500,2.37,2.37,2.36,2.36,900,0
AAME.US,5,20260409,170500,2.42,2.42,2.42,2.42,300,0
AAME.US,5,20260409,175500,2.3,2.3,2.3,2.3,400,0
AAME.US,5,20260409,180000,2.3,2.35,2.3,2.35,400,0
AAME.US,5,20260409,190000,2.288,2.3,2.288,2.3,1484,0
AAME.US,5,20260409,194000,2.34,2.35,2.31,2.33,1088,0
AAME.US,5,20260409,194500,2.3,2.3,2.3,2.3,447,0
AAME.US,5,20260409,195500,2.39,2.39,2.39,2.39,100,0
AAME.US,5,20260409,200500,2.38,2.38,2.38,2.38,200,0
AAME.US,5,20260409,201000,2.39,2.39,2.39,2.39,334,0
AAME.US,5,20260409,205000,2.38,2.38,2.38,2.38,100,0
AAME.US,5,20260409,212500,2.4,2.4,2.4,2.4,100,0
AAME.US,5,20260409,213000,2.3501,2.42,2.3501,2.4,300,0
AAME.US,5,20260409,215500,2.36,2.37,2.36,2.37,234,0
AAME.US,5,20260410,153500,2.43,2.43,2.43,2.43,100,0
AAME.US,5,20260410,154000,2.34,2.45,2.34,2.44,416,0
AAME.US,5,20260410,155000,2.45,2.45,2.3553,2.3553,600,0
AAME.US,5,20260410,161000,2.45,2.52,2.45,2.52,800,0
AAME.US,5,20260410,163000,2.485,2.51,2.4649,2.51,709,0
AAME.US,5,20260410,164000,2.4594,2.51,2.4594,2.505,465,0
AAME.US,5,20260410,170500,2.445,2.477,2.445,2.477,920,0
AAME.US,5,20260410,180500,2.505,2.51,2.445,2.51,1728,0
AAME.US,5,20260410,181000,2.5012,2.5012,2.5012,2.5012,200,0
AAME.US,5,20260410,183000,2.51,2.51,2.51,2.51,118,0
AAME.US,5,20260410,194000,2.445,2.445,2.445,2.445,100,0
AAME.US,5,20260410,194500,2.51,2.52,2.51,2.52,1041,0
AAME.US,5,20260410,202500,2.58,2.58,2.58,2.58,1081,0
AAME.US,5,20260410,203000,2.569,2.569,2.545,2.545,1000,0
AAME.US,5,20260410,211000,2.545,2.545,2.545,2.545,100,0
AAME.US,5,20260413,153000,2.52,2.52,2.52,2.52,444,0
AAME.US,5,20260413,154000,2.52,2.52,2.52,2.52,100,0
AAME.US,5,20260413,155500,2.51,2.54,2.51,2.522,1082,0
AAME.US,5,20260413,160000,2.61,2.62,2.61,2.62,388,0
AAME.US,5,20260413,174000,2.6,2.6,2.6,2.6,100,0
AAME.US,5,20260413,174500,2.55,2.55,2.55,2.55,165,0
AAME.US,5,20260413,175000,2.56,2.56,2.56,2.56,165,0
AAME.US,5,20260413,181500,2.6,2.6,2.6,2.6,100,0
AAME.US,5,20260413,195500,2.59,2.59,2.59,2.59,100,0
AAME.US,5,20260413,215500,2.53,2.53,2.53,2.53,216,0
AAME.US,5,20260414,153000,2.56,2.56,2.56,2.56,276,0
AAME.US,5,20260414,171500,2.58,2.58,2.58,2.58,100,0
AAME.US,5,20260414,180500,2.5677,2.5677,2.55,2.55,766,0
AAME.US,5,20260414,185500,2.56,2.5698,2.56,2.5698,400,0
AAME.US,5,20260414,191500,2.5699,2.5699,2.5699,2.5699,374,0
AAME.US,5,20260414,210000,2.56,2.56,2.56,2.56,368,0
AAME.US,5,20260414,215500,2.53,2.53,2.53,2.53,192,0
AAME.US,5,20260415,153000,2.53,2.53,2.53,2.53,100,0
AAME.US,5,20260415,155500,2.53,2.53,2.53,2.53,500,0
AAME.US,5,20260415,180500,2.575,2.6,2.575,2.6,1214,0
AAME.US,5,20260415,182500,2.6,2.6,2.6,2.6,150,0
AAME.US,5,20260415,183000,2.596,2.596,2.596,2.596,118,0
AAME.US,5,20260415,185000,2.5873,2.5873,2.5873,2.5873,282,0
AAME.US,5,20260415,195500,2.6,2.62,2.6,2.61,3586,0
AAME.US,5,20260415,215500,2.61,2.61,2.61,2.61,580,0
AAME.US,5,20260416,153500,2.728,2.728,2.728,2.728,1145,0
AAME.US,5,20260416,163500,2.67,2.67,2.67,2.67,700,0
AAME.US,5,20260416,164000,2.7,2.7,2.7,2.7,893,0
AAME.US,5,20260416,185500,2.6479,2.6479,2.6479,2.6479,1159,0
AAME.US,5,20260416,202000,2.63,2.64,2.63,2.63,1271,0
AAME.US,5,20260416,204000,2.63,2.64,2.63,2.63,404,0
AAME.US,5,20260416,211000,2.6,2.6,2.6,2.6,133,0
AAME.US,5,20260416,212000,2.57,2.57,2.57,2.57,218,0
AAME.US,5,20260416,212500,2.57,2.57,2.54,2.54,646,0
AAME.US,5,20260416,213000,2.54,2.54,2.54,2.54,532,0
AAME.US,5,20260416,213500,2.54,2.54,2.54,2.54,2991,0
AAME.US,5,20260416,214000,2.59,2.59,2.59,2.59,2000,0
AAME.US,5,20260416,214500,2.547,2.547,2.547,2.547,100,0
AAME.US,5,20260416,215000,2.54,2.54,2.54,2.54,1081,0
AAME.US,5,20260416,215500,2.585,2.585,2.55,2.55,1026,0
AAME.US,5,20260417,153000,2.54,2.54,2.41,2.41,4635,0
AAME.US,5,20260417,153500,2.4,2.479,2.4,2.479,776,0
AAME.US,5,20260417,154000,2.3889,2.468,2.3889,2.468,1311,0
AAME.US,5,20260417,160500,2.49,2.584,2.49,2.584,300,0
AAME.US,5,20260417,172500,2.565,2.57,2.565,2.57,406,0
AAME.US,5,20260417,173000,2.4601,2.4601,2.4601,2.4601,392,0
AAME.US,5,20260417,180500,2.575,2.575,2.575,2.575,200,0
AAME.US,5,20260417,182000,2.6281,2.6281,2.6281,2.6281,111,0
AAME.US,5,20260417,183500,2.59,2.59,2.59,2.59,100,0
AAME.US,5,20260417,191500,2.64,2.64,2.64,2.64,296,0
AAME.US,5,20260417,200000,2.615,2.64,2.615,2.64,384,0
AAME.US,5,20260417,200500,2.59,2.6,2.59,2.6,268,0
AAME.US,5,20260417,202500,2.605,2.605,2.605,2.605,281,0
AAME.US,5,20260420,153000,2.58,2.58,2.58,2.58,102,0
AAME.US,5,20260420,154500,2.57,2.6,2.57,2.6,1378,0
AAME.US,5,20260420,155000,2.64,2.64,2.64,2.64,1486,0
AAME.US,5,20260420,165000,2.7,2.7,2.7,2.7,100,0
AAME.US,5,20260420,174500,2.58,2.58,2.58,2.58,100,0
AAME.US,5,20260420,181500,2.54,2.68,2.52,2.68,2885,0
AAME.US,5,20260420,191000,2.5,2.5,2.5,2.5,613,0
AAME.US,5,20260420,193000,2.5343,2.65,2.5343,2.65,1291,0
AAME.US,5,20260420,215500,2.52,2.53,2.52,2.53,704,0
AAME.US,5,20260421,153000,2.46,2.46,2.46,2.46,204,0
AAME.US,5,20260421,153500,2.47,2.47,2.47,2.47,369,0
AAME.US,5,20260421,154500,2.525,2.525,2.525,2.525,200,0
AAME.US,5,20260421,165000,2.569,2.569,2.569,2.569,104,0
AAME.US,5,20260421,172000,2.58,2.58,2.58,2.58,200,0
AAME.US,5,20260421,211000,2.465,2.465,2.465,2.465,100,0
AAME.US,5,20260421,213500,2.475,2.475,2.465,2.465,400,0
AAME.US,5,20260422,153000,2.5,2.5,2.5,2.5,270,0
AAME.US,5,20260422,173000,2.43,2.43,2.43,2.43,891,0
AAME.US,5,20260422,173500,2.49,2.49,2.49,2.49,531,0
AAME.US,5,20260422,175500,2.49,2.49,2.49,2.49,201,0
AAME.US,5,20260422,204500,2.45,2.5,2.45,2.5,447,0
AAME.US,5,20260422,205000,2.5,2.5,2.5,2.5,200,0
AAME.US,5,20260422,213000,2.49,2.49,2.49,2.49,100,0
AAME.US,5,20260422,213500,2.5,2.5,2.5,2.5,100,0
AAME.US,5,20260422,215500,2.5,2.5,2.5,2.5,110,0
AAME.US,5,20260423,173000,2.4539,2.54,2.4539,2.54,882,0
AAME.US,5,20260423,183500,2.5476,2.5476,2.515,2.515,990,0
AAME.US,5,20260423,184500,2.515,2.56,2.515,2.56,466,0
AAME.US,5,20260423,185500,2.47,2.47,2.44,2.47,426,0
AAME.US,5,20260423,190000,2.56,2.56,2.56,2.56,134,0
AAME.US,5,20260424,162000,2.5462,2.5462,2.5462,2.5462,400,0
AAME.US,5,20260424,180000,2.475,2.57,2.475,2.57,1233,0
AAME.US,5,20260424,211500,2.475,2.56,2.475,2.56,456,0
AAME.US,5,20260424,213500,2.54,2.57,2.54,2.57,1238,0
AAME.US,5,20260427,153000,2.49,2.56,2.49,2.56,821,0
AAME.US,5,20260427,154000,2.56,2.56,2.56,2.56,179,0
AAME.US,5,20260427,154500,2.52,2.6,2.52,2.6,252,0
AAME.US,5,20260427,155000,2.62,2.62,2.6,2.62,995,0
AAME.US,5,20260427,162000,2.5,2.62,2.5,2.62,1198,0
AAME.US,5,20260427,163000,2.618,2.618,2.618,2.618,100,0
AAME.US,5,20260427,170000,2.525,2.62,2.525,2.62,399,0
AAME.US,5,20260427,181500,2.48,2.48,2.48,2.48,666,0
AAME.US,5,20260427,191000,2.62,2.62,2.61,2.61,398,0
AAME.US,5,20260427,213000,2.54,2.54,2.54,2.54,100,0
AAME.US,5,20260427,215500,2.5,2.5,2.5,2.5,126,0
AAME.US,5,20260428,155000,2.62,2.62,2.6,2.6,402,0
AAME.US,5,20260428,165000,2.5372,2.6,2.5372,2.6,1282,0
AAME.US,5,20260428,185000,2.6,2.6,2.6,2.6,149,0
AAME.US,5,20260428,190500,2.5899,2.5899,2.5899,2.5899,100,0
AAME.US,5,20260428,215500,2.55,2.55,2.55,2.55,180,0
AAME.US,5,20260429,155500,2.54,2.61,2.525,2.61,648,0
AAME.US,5,20260429,180000,2.52,2.58,2.52,2.58,205,0
AAME.US,5,20260429,181500,2.61,2.61,2.61,2.61,200,0
AAME.US,5,20260429,182000,2.55,2.61,2.55,2.61,300,0
AAME.US,5,20260429,194500,2.533,2.533,2.5,2.5,1132,0
AAME.US,5,20260429,205500,2.5,2.5,2.5,2.5,1051,0
AAME.US,5,20260429,210500,2.495,2.495,2.495,2.495,466,0
AAME.US,5,20260429,213500,2.5,2.5,2.5,2.5,100,0
AAME.US,5,20260429,215500,2.5,2.5,2.48,2.48,300,0
AAME.US,5,20260430,160000,2.575,2.6,2.575,2.6,200,0
AAME.US,5,20260430,161000,2.6,2.6,2.6,2.6,358,0
AAME.US,5,20260430,163000,2.55,2.55,2.55,2.55,371,0
AAME.US,5,20260430,180500,2.5516,2.5516,2.5516,2.5516,700,0
AAME.US,5,20260430,183500,2.61,2.61,2.6,2.6,265,0
AAME.US,5,20260501,153000,2.53,2.53,2.53,2.53,195,0
AAME.US,5,20260501,202000,2.59,2.59,2.59,2.59,100,0
AAME.US,5,20260501,213500,2.54,2.57,2.515,2.5448,400,0
AAME.US,5,20260501,214000,2.57,2.57,2.5562,2.5562,200,0
AAME.US,5,20260501,215500,2.58,2.58,2.58,2.58,333,0
AAME.US,5,20260504,155000,2.55,2.55,2.55,2.55,474,0
AAME.US,5,20260504,180500,2.55,2.55,2.55,2.55,199,0
AAME.US,5,20260504,211500,2.52,2.55,2.52,2.55,681,0
AAME.US,5,20260504,215000,2.52,2.55,2.52,2.55,1146,0
AAME.US,5,20260505,155500,2.485,2.485,2.485,2.485,566,0
AAME.US,5,20260505,160000,2.54,2.54,2.54,2.54,132,0
AAME.US,5,20260505,170000,2.5386,2.5386,2.5386,2.5386,200,0
AAME.US,5,20260505,173000,2.55,2.55,2.535,2.535,1565,0
AAME.US,5,20260505,181000,2.58,2.58,2.58,2.58,534,0
AAME.US,5,20260505,183500,2.5183,2.57,2.5183,2.57,600,0
AAME.US,5,20260505,202000,2.5447,2.5447,2.5447,2.5447,1539,0
AAME.US,5,20260506,165000,2.545,2.545,2.545,2.545,534,0
AAME.US,5,20260506,174500,2.5101,2.5101,2.5101,2.5101,111,0
AAME.US,5,20260506,175000,2.545,2.545,2.545,2.545,466,0
AAME.US,5,20260506,180500,2.5101,2.545,2.5101,2.545,5269,0
AAME.US,5,20260506,201500,2.58,2.58,2.58,2.58,173,0
AAME.US,5,20260506,210000,2.545,2.545,2.545,2.545,400,0
AAME.US,5,20260506,212000,2.52,2.52,2.5114,2.5114,354,0
AAME.US,5,20260506,212500,2.545,2.545,2.545,2.545,200,0
AAME.US,5,20260507,154500,2.54,2.54,2.54,2.54,107,0
AAME.US,5,20260507,183500,2.58,2.58,2.58,2.58,200,0
AAME.US,5,20260507,204000,2.5799,2.5799,2.5799,2.5799,266,0
AAME.US,5,20260507,213500,2.56,2.56,2.56,2.56,100,0
AAME.US,5,20260507,215500,2.57,2.58,2.57,2.58,259,0
AAME.US,5,20260508,153000,2.58,2.58,2.58,2.58,1019,0
AAME.US,5,20260508,155500,2.52,2.53,2.52,2.53,1000,0
AAME.US,5,20260508,160000,2.56,2.56,2.56,2.56,134,0
AAME.US,5,20260508,165000,2.5189,2.5189,2.5189,2.5189,200,0
AAME.US,5,20260508,165500,2.5189,2.5189,2.5189,2.5189,200,0
AAME.US,5,20260508,174000,2.5001,2.5001,2.5001,2.5001,1000,0
AAME.US,5,20260508,175000,2.54,2.54,2.54,2.54,466,0
AAME.US,5,20260511,155000,2.5102,2.5111,2.47,2.5,1891,0
AAME.US,5,20260511,165000,2.471,2.51,2.471,2.51,802,0
AAME.US,5,20260511,171000,2.51,2.51,2.51,2.51,100,0
AAME.US,5,20260511,175500,2.5233,2.5233,2.5233,2.5233,235,0
AAME.US,5,20260511,202000,2.51,2.51,2.51,2.51,500,0
AAME.US,5,20260512,153000,2.49,2.5,2.49,2.5,304,0
AAME.US,5,20260512,175500,2.38,2.435,2.37,2.37,4728,0
AAME.US,5,20260512,180000,2.425,2.47,2.425,2.47,334,0
AAME.US,5,20260512,185500,2.47,2.47,2.47,2.47,200,0
AAME.US,5,20260512,190500,2.45,2.45,2.45,2.45,300,0
AAME.US,5,20260512,191000,2.46,2.46,2.46,2.46,100,0
AAME.US,5,20260512,201000,2.4622,2.4622,2.4622,2.4622,266,0
AAME.US,5,20260513,153000,2.3,2.3,2.3,2.3,305,0
AAME.US,5,20260513,161500,2.44,2.44,2.44,2.44,589,0
AAME.US,5,20260513,165000,2.47,2.47,2.47,2.47,500,0
AAME.US,5,20260513,171000,2.45,2.45,2.45,2.45,400,0
AAME.US,5,20260513,183000,2.445,2.445,2.445,2.445,200,0
AAME.US,5,20260513,202000,2.44,2.44,2.44,2.44,366,0
AAME.US,5,20260513,203000,2.34,2.34,2.34,2.34,150,0
AAME.US,5,20260513,204500,2.3,2.3,2.3,2.3,3104,0
AAME.US,5,20260513,205500,2.41,2.41,2.41,2.41,385,0
AAME.US,5,20260513,210000,2.43,2.43,2.43,2.43,100,0
AAME.US,5,20260513,215500,2.33,2.33,2.33,2.33,109,0
AAME.US,5,20260514,153000,2.29,2.4,2.29,2.4,1867,0
AAME.US,5,20260514,174000,2.3,2.3,2.3,2.3,100,0
AAME.US,5,20260514,190000,2.36,2.36,2.3,2.3,1208,0
AAME.US,5,20260514,190500,2.3,2.35,2.3,2.3,600,0
AAME.US,5,20260514,193000,2.3,2.3,2.3,2.3,100,0
AAME.US,5,20260514,194500,2.3,2.3,2.3,2.3,100,0
AAME.US,5,20260514,210500,2.3,2.3,2.3,2.3,200,0
AAME.US,5,20260514,215500,2.3,2.3,2.27,2.27,2217,0
AAME.US,5,20260515,154000,2.27,2.27,2.27,2.27,150,0
AAME.US,5,20260515,160500,2.41,2.41,2.41,2.41,319,0
AAME.US,5,20260515,162000,2.37,2.37,2.37,2.37,100,0
AAME.US,5,20260515,182000,2.28,2.37,2.28,2.37,645,0
AAME.US,5,20260515,194500,2.27,2.27,2.27,2.27,100,0
AAME.US,5,20260515,195000,2.3389,2.3389,2.3389,2.3389,466,0
AAME.US,5,20260515,201500,2.305,2.34,2.305,2.34,200,0
AAME.US,5,20260518,153000,2.21,2.21,2.21,2.21,1014,0
AAME.US,5,20260518,154500,2.21,2.21,2.21,2.21,111,0
AAME.US,5,20260518,162500,2.2,2.2,2.2,2.2,300,0
AAME.US,5,20260518,164500,2.21,2.21,2.21,2.21,100,0
AAME.US,5,20260518,180000,2.195,2.195,2.195,2.195,100,0
AAME.US,5,20260518,215500,2.2,2.2,2.2,2.2,151,0
AAME.US,5,20260519,154000,2.2,2.2,2.2,2.2,135,0
AAME.US,5,20260519,161000,2.2,2.2,2.2,2.2,134,0
AAME.US,5,20260519,183500,2.185,2.25,2.185,2.25,6740,0
AAME.US,5,20260519,193000,2.2001,2.2001,2.2001,2.2001,100,0
AAME.US,5,20260519,193500,2.25,2.25,2.25,2.25,200,0
AAME.US,5,20260519,194000,2.2,2.2,2.2,2.2,200,0
AAME.US,5,20260519,195000,2.2577,2.2577,2.2577,2.2577,200,0
AAME.US,5,20260519,205000,2.181,2.27,2.18,2.27,521,0
AAME.US,5,20260519,215500,2.21,2.21,2.1602,2.19,1204,0
AAME.US,5,20260520,162000,2.25,2.25,2.25,2.25,200,0
AAME.US,5,20260520,171500,2.16,2.16,2.16,2.16,100,0
AAME.US,5,20260520,173500,2.2599,2.2599,2.2599,2.2599,200,0
AAME.US,5,20260520,210500,2.21,2.21,2.21,2.21,810,0
AAME.US,5,20260520,211000,2.2599,2.2599,2.2599,2.2599,200,0
AAME.US,5,20260521,163500,2.2,2.2,2.2,2.2,100,0
AAME.US,5,20260521,171500,2.2499,2.2499,2.2499,2.2499,200,0
AAME.US,5,20260521,201000,2.24,2.24,2.24,2.24,100,0
AAME.US,5,20260521,202000,2.24,2.24,2.24,2.24,200,0
AAME.US,5,20260521,211500,2.2401,2.2401,2.2401,2.2401,150,0
AAME.US,5,20260522,194500,2.2,2.2,2.2,2.2,263,0
AAME.US,5,20260522,195000,2.2399,2.2399,2.2399,2.2399,466,0
AAME.US,5,20260522,212500,2.165,2.24,2.165,2.24,559,0
AAME.US,5,20260522,214000,2.185,2.2399,2.185,2.2399,300,0
AAME.US,5,20260522,214500,2.18,2.18,2.18,2.18,100,0
AAME.US,5,20260522,215500,2.175,2.23,2.175,2.23,399,0
AAME.US,5,20260526,153000,2.23,2.23,2.23,2.23,777,0
AAME.US,5,20260526,162000,2.2,2.2,2.2,2.2,100,0
AAME.US,5,20260526,164000,2.2399,2.2399,2.2399,2.2399,466,0
AAME.US,5,20260526,170500,2.2,2.2,2.2,2.2,444,0
AAME.US,5,20260526,183500,2.2,2.2,2.2,2.2,195,0
AAME.US,5,20260526,193000,2.2125,2.2125,2.2125,2.2125,200,0
AAME.US,5,20260526,202000,2.17,2.17,2.17,2.17,100,0
AAME.US,5,20260526,211500,2.2399,2.2399,2.2399,2.2399,134,0
AAME.US,5,20260527,155000,2.21,2.21,2.21,2.21,200,0
AAME.US,5,20260527,160000,2.19,2.22,2.19,2.22,300,0
AAME.US,5,20260527,160500,2.2,2.2,2.2,2.2,100,0
AAME.US,5,20260527,162500,2.18,2.18,2.18,2.18,100,0
AAME.US,5,20260527,172500,2.1501,2.1501,2.1501,2.1501,164,0
AAME.US,5,20260527,173500,2.1501,2.1501,2.1501,2.1501,3392,0
AAME.US,5,20260527,174000,2.19,2.19,2.19,2.19,128,0
AAME.US,5,20260527,175500,2.19,2.19,2.19,2.19,209,0
AAME.US,5,20260527,184500,2.17,2.17,2.17,2.17,126,0
AAME.US,5,20260527,195500,2.15,2.15,2.15,2.15,344,0
AAME.US,5,20260527,215500,2.2244,2.2244,2.19,2.19,500,0
AAME.US,5,20260528,153500,2.19,2.19,2.19,2.19,1000,0
AAME.US,5,20260528,170500,2.24,2.24,2.24,2.24,108,0
AAME.US,5,20260528,171500,2.2,2.2,2.2,2.2,108,0
AAME.US,5,20260528,180000,2.2,2.2,2.2,2.2,181,0
AAME.US,5,20260528,180500,2.1789,2.1789,2.1789,2.1789,590,0
AAME.US,5,20260528,190000,2.1894,2.1894,2.16,2.16,5100,0
AAME.US,5,20260528,192000,2.19,2.2,2.19,2.2,3381,0
AAME.US,5,20260529,153000,2.21,2.21,2.21,2.21,102,0
AAME.US,5,20260529,153500,2.2,2.2,2.2,2.2,200,0
AAME.US,5,20260529,170500,2.18,2.18,2.18,2.18,200,0
AAME.US,5,20260529,172000,2.17,2.17,2.17,2.17,100,0
AAME.US,5,20260529,190500,2.2,2.2,2.175,2.175,590,0
AAME.US,5,20260529,191500,2.175,2.175,2.175,2.175,300,0
AAME.US,5,20260529,194000,2.15,2.15,2.15,2.15,611,0
AAME.US,5,20260529,200500,2.15,2.15,2.15,2.15,3552,0
AAME.US,5,20260529,202000,2.19,2.19,2.19,2.19,297,0
AAME.US,5,20260529,210500,2.16,2.16,2.16,2.16,300,0
AAME.US,5,20260601,153000,2.18,2.18,2.1,2.1,744,0
AAME.US,5,20260601,160500,2.115,2.115,2.115,2.115,100,0
AAME.US,5,20260601,163500,2.115,2.115,2.115,2.115,284,0
AAME.US,5,20260601,181000,2.1,2.11,2.1,2.11,599,0
AAME.US,5,20260601,184000,2.07,2.07,2.07,2.07,124,0
AAME.US,5,20260601,192500,2.07,2.07,2.07,2.07,500,0
AAME.US,5,20260601,194500,2.12,2.12,2.12,2.12,200,0
AAME.US,5,20260601,204500,2.1,2.1,2.1,2.1,100,0
AAME.US,5,20260602,153000,2.04,2.08,1.99,2.08,991,0
AAME.US,5,20260602,154000,2.02,2.02,2.02,2.02,100,0
AAME.US,5,20260602,163000,1.966,1.9827,1.966,1.9827,2266,0
AAME.US,5,20260602,164000,1.99,2.02,1.99,2.02,352,0
AAME.US,5,20260602,170500,1.99,1.99,1.95,1.95,1307,0
AAME.US,5,20260602,200500,2.03,2.03,2.03,2.03,1000,0
AAME.US,5,20260603,153000,1.95,2.015,1.95,2.015,501,0
AAME.US,5,20260603,160500,1.99,1.99,1.99,1.99,370,0
AAME.US,5,20260603,162500,2.05,2.05,1.95,1.95,200,0
AAME.US,5,20260603,172500,1.95,1.95,1.95,1.95,100,0
AAME.US,5,20260603,173500,1.93,1.93,1.92,1.92,200,0
AAME.US,5,20260603,180000,1.975,1.975,1.975,1.975,400,0
AAME.US,5,20260603,191000,1.98,1.98,1.98,1.98,999,0
AAME.US,5,20260603,192000,1.95,1.95,1.95,1.95,259,0
AAME.US,5,20260603,194500,1.955,1.955,1.955,1.955,200,0
AAME.US,5,20260603,195500,1.955,1.955,1.955,1.955,500,0
AAME.US,5,20260604,153000,1.89,1.89,1.88,1.88,955,0
AAME.US,5,20260604,154000,1.95,1.95,1.94,1.94,300,0
AAME.US,5,20260604,155500,1.92,1.92,1.92,1.92,200,0
AAME.US,5,20260604,163000,1.931,1.931,1.931,1.931,5000,0
AAME.US,5,20260604,185000,1.9,1.9,1.9,1.9,100,0
AAME.US,5,20260604,193500,1.94,1.94,1.94,1.94,100,0
AAME.US,5,20260604,194000,1.94,1.94,1.94,1.94,450,0
AAME.US,5,20260604,195000,1.94,1.94,1.91,1.91,1144,0
AAME.US,5,20260604,215500,1.86,1.86,1.86,1.86,100,0
AAME.US,5,20260605,153000,1.74,1.8,1.74,1.8,7447,0
AAME.US,5,20260605,153500,1.7667,1.7667,1.7667,1.7667,300,0
AAME.US,5,20260605,155000,1.77,1.77,1.77,1.77,100,0
AAME.US,5,20260605,160000,1.7936,1.7936,1.7936,1.7936,1000,0
AAME.US,5,20260605,161000,1.7654,1.7654,1.7654,1.7654,280,0
AAME.US,5,20260605,161500,1.76,1.78,1.76,1.78,200,0
AAME.US,5,20260605,163500,1.755,1.755,1.755,1.755,400,0
AAME.US,5,20260605,164000,1.7599,1.7599,1.7599,1.7599,100,0
AAME.US,5,20260605,164500,1.75,1.7501,1.72,1.7289,16118,0
AAME.US,5,20260605,165000,1.745,1.745,1.73,1.7411,600,0
AAME.US,5,20260605,165500,1.74,1.74,1.7,1.7,2799,0
AAME.US,5,20260605,170000,1.7,1.7,1.7,1.7,499,0
AAME.US,5,20260605,172500,1.7175,1.7175,1.7175,1.7175,156,0
AAME.US,5,20260605,174000,1.73,1.73,1.73,1.73,396,0
AAME.US,5,20260605,175500,1.72,1.72,1.72,1.72,1129,0
AAME.US,5,20260605,200000,1.71,1.71,1.71,1.71,200,0
AAME.US,5,20260605,204500,1.7,1.7,1.69,1.7,2100,0
AAME.US,5,20260605,214000,1.6875,1.6875,1.6875,1.6875,150,0
AAME.US,5,20260605,214500,1.685,1.685,1.68,1.68,2492,0
AAME.US,5,20260605,215500,1.67,1.67,1.67,1.67,500,0
AAME.US,5,20260608,153000,1.65,1.65,1.62,1.62,4388,0
AAME.US,5,20260608,153500,1.62,1.62,1.62,1.62,1886,0
AAME.US,5,20260608,154500,1.65,1.65,1.64,1.65,903,0
AAME.US,5,20260608,160500,1.65,1.65,1.65,1.65,200,0
AAME.US,5,20260608,162500,1.62,1.6358,1.615,1.6358,1155,0
AAME.US,5,20260608,164000,1.6498,1.65,1.6498,1.65,1760,0
AAME.US,5,20260608,164500,1.65,1.65,1.649,1.65,1500,0
AAME.US,5,20260608,165000,1.645,1.645,1.64,1.64,200,0
AAME.US,5,20260608,170000,1.65,1.65,1.6499,1.6499,1209,0
AAME.US,5,20260608,171500,1.64,1.64,1.64,1.64,100,0
AAME.US,5,20260608,172500,1.65,1.65,1.65,1.65,100,0
AAME.US,5,20260608,174500,1.65,1.65,1.65,1.65,1596,0
AAME.US,5,20260608,175000,1.64,1.64,1.64,1.64,200,0
AAME.US,5,20260608,175500,1.6401,1.6401,1.6401,1.6401,182,0
AAME.US,5,20260608,180500,1.645,1.65,1.645,1.6463,2634,0
AAME.US,5,20260608,181000,1.66,1.66,1.63,1.63,4316,0
AAME.US,5,20260608,182000,1.63,1.63,1.63,1.63,100,0
AAME.US,5,20260608,185500,1.66,1.66,1.66,1.66,3618,0
AAME.US,5,20260608,200500,1.6846,1.6846,1.6846,1.6846,297,0
AAME.US,5,20260608,201000,1.63,1.63,1.63,1.63,200,0
AAME.US,5,20260608,202000,1.63,1.633,1.63,1.633,1543,0
AAME.US,5,20260608,204500,1.6071,1.61,1.6071,1.61,1117,0
AAME.US,5,20260608,211000,1.6121,1.6121,1.6121,1.6121,400,0
AAME.US,5,20260608,213000,1.605,1.62,1.605,1.62,206,0
AAME.US,5,20260608,213500,1.62,1.63,1.62,1.63,300,0
AAME.US,5,20260608,214500,1.65,1.65,1.65,1.65,130,0
AAME.US,5,20260608,215500,1.62,1.62,1.6,1.6,938,0
AAME.US,5,20260609,153000,1.63,1.63,1.63,1.63,1104,0
AAME.US,5,20260609,171500,1.7039,1.83,1.665,1.825,30221,0
AAME.US,5,20260609,172000,1.8001,1.83,1.8001,1.82,1442,0
AAME.US,5,20260609,174500,1.74,1.7889,1.74,1.7889,400,0
AAME.US,5,20260609,175000,1.7647,1.7814,1.7647,1.7814,334,0
AAME.US,5,20260609,180000,1.7311,1.7311,1.7311,1.7311,300,0
AAME.US,5,20260609,182500,1.79,1.79,1.79,1.79,400,0
AAME.US,5,20260609,183000,1.79,1.79,1.79,1.79,100,0
AAME.US,5,20260609,183500,1.74,1.79,1.74,1.79,222,0
AAME.US,5,20260609,185500,1.77,1.77,1.77,1.77,100,0
AAME.US,5,20260609,191500,1.78,1.78,1.77,1.77,1249,0
AAME.US,5,20260609,193000,1.76,1.78,1.76,1.78,2500,0
AAME.US,5,20260610,153000,1.7799,1.7799,1.7799,1.7799,280,0
AAME.US,5,20260610,153500,1.7799,1.7799,1.7799,1.7799,100,0
AAME.US,5,20260610,160000,1.76,1.76,1.74,1.7548,4452,0
AAME.US,5,20260610,160500,1.78,1.78,1.78,1.78,1176,0
AAME.US,5,20260610,161000,1.78,1.8,1.78,1.79,4395,0
AAME.US,5,20260610,161500,1.7891,1.7891,1.7891,1.7891,400,0
AAME.US,5,20260610,170000,1.75,1.75,1.74,1.74,1149,0
AAME.US,5,20260610,172000,1.75,1.75,1.74,1.74,1576,0
AAME.US,5,20260610,173000,1.7401,1.7401,1.7401,1.7401,280,0
AAME.US,5,20260610,184500,1.7761,1.7761,1.76,1.76,200,0
AAME.US,5,20260610,190500,1.76,1.76,1.76,1.76,100,0
AAME.US,5,20260610,191000,1.78,1.78,1.78,1.78,500,0
AAME.US,5,20260610,191500,1.81,1.81,1.81,1.81,357,0
AAME.US,5,20260610,202000,1.79,1.79,1.79,1.79,500,0
AAME.US,5,20260610,205000,1.795,1.795,1.795,1.795,150,0
AAME.US,5,20260610,210000,1.8,1.8,1.8,1.8,697,0
AAME.US,5,20260610,212500,1.8048,1.8048,1.79,1.79,5900,0
AAME.US,5,20260610,215500,1.8,1.81,1.8,1.81,204,0
AAME.US,5,20260611,153000,1.78,1.78,1.78,1.78,500,0
AAME.US,5,20260611,165500,1.75,1.7807,1.73,1.75,10269,0
AAME.US,5,20260611,171000,1.7555,1.7555,1.7,1.7,11728,0
AAME.US,5,20260611,171500,1.7,1.7,1.7,1.7,1662,0
AAME.US,5,20260611,193000,1.745,1.745,1.745,1.745,100,0
AAME.US,5,20260611,194000,1.76,1.76,1.76,1.76,2000,0
AAME.US,5,20260611,210500,1.77,1.8,1.75,1.79,1837,0
AAME.US,5,20260611,212000,1.79,1.8,1.79,1.8,600,0
AAME.US,5,20260611,215000,1.78,1.78,1.78,1.78,100,0
AAME.US,5,20260612,153000,1.71,1.75,1.71,1.75,1114,0
AAME.US,5,20260612,153500,1.68,1.69,1.68,1.68,400,0
AAME.US,5,20260612,154000,1.78,1.8,1.78,1.8,950,0
AAME.US,5,20260612,160500,1.7101,1.7101,1.7101,1.7101,273,0
AAME.US,5,20260612,163500,1.7999,1.7999,1.7999,1.7999,2200,0
AAME.US,5,20260612,172500,1.7252,1.7252,1.7252,1.7252,120,0
AAME.US,5,20260612,180500,1.79,1.79,1.79,1.79,100,0
AAME.US,5,20260612,183500,1.79,1.8,1.79,1.8,602,0
AAME.US,5,20260612,184000,1.785,1.785,1.785,1.785,500,0
AAME.US,5,20260612,185000,1.77,1.77,1.77,1.77,200,0
AAME.US,5,20260612,185500,1.7248,1.7248,1.7248,1.7248,1200,0
AAME.US,5,20260612,191500,1.7507,1.7507,1.7507,1.7507,150,0
AAME.US,5,20260612,192500,1.75,1.75,1.75,1.75,310,0
AAME.US,5,20260612,193500,1.76,1.76,1.751,1.751,200,0
AAME.US,5,20260612,202500,1.75,1.75,1.75,1.75,350,0
AAME.US,5,20260612,205000,1.74,1.74,1.74,1.74,100,0
AAME.US,5,20260612,210000,1.75,1.77,1.75,1.77,635,0
AAME.US,5,20260612,215000,1.73,1.73,1.73,1.73,200,0
AAME.US,5,20260612,215500,1.72,1.72,1.69,1.715,300,0
AAME.US,5,20260615,153000,1.68,1.68,1.68,1.68,1418,0
AAME.US,5,20260615,154500,1.7827,1.7827,1.7827,1.7827,1000,0
AAME.US,5,20260615,155000,1.78,1.82,1.78,1.82,3639,0
AAME.US,5,20260615,155500,1.8405,1.8405,1.8405,1.8405,1000,0
AAME.US,5,20260615,160000,1.86,1.86,1.85,1.85,2078,0
AAME.US,5,20260615,190500,1.838,1.85,1.838,1.85,2386,0
AAME.US,5,20260615,200500,1.89,1.89,1.89,1.89,100,0
AAME.US,5,20260615,214500,1.8545,1.8545,1.8545,1.8545,100,0
AAME.US,5,20260615,215000,1.82,1.83,1.82,1.83,365,0
AAME.US,5,20260615,215500,1.805,1.805,1.805,1.805,200,0
AAME.US,5,20260616,153500,1.83,1.83,1.83,1.83,100,0
AAME.US,5,20260616,164500,1.83,1.83,1.83,1.83,100,0
AAME.US,5,20260616,172500,1.8399,1.8399,1.8399,1.8399,1000,0
AAME.US,5,20260616,173000,1.82,1.82,1.82,1.82,1000,0
AAME.US,5,20260616,183500,1.8,1.81,1.8,1.81,342,0
AAME.US,5,20260616,184000,1.8,1.8,1.8,1.8,121,0
AAME.US,5,20260616,212000,1.8,1.8,1.8,1.8,100,0
AAME.US,5,20260616,215000,1.8,1.8,1.8,1.8,200,0
AAME.US,5,20260616,215500,1.8,1.81,1.8,1.81,483,0
AAME.US,5,20260617,155000,1.8149,1.8149,1.8149,1.8149,100,0
AAME.US,5,20260617,165500,1.82,1.82,1.82,1.82,100,0
AAME.US,5,20260617,172500,1.83,1.83,1.83,1.83,100,0
AAME.US,5,20260617,211000,1.8499,1.8499,1.8,1.8,7088,0
AAME.US,5,20260617,215000,1.79,1.79,1.78,1.78,500,0
AAME.US,5,20260617,215500,1.77,1.77,1.77,1.77,205,0
AAME.US,5,20260618,153000,1.75,1.75,1.75,1.75,119,0
AAME.US,5,20260618,154000,1.82,1.82,1.82,1.82,100,0
AAME.US,5,20260618,160500,1.81,1.81,1.81,1.81,1100,0
AAME.US,5,20260618,161000,1.8,1.8,1.8,1.8,125,0
AAME.US,5,20260618,165500,1.77,1.77,1.77,1.77,145,0
AAME.US,5,20260618,191000,1.775,1.775,1.775,1.775,100,0
AAME.US,5,20260618,203000,1.76,1.77,1.76,1.77,200,0
AAME.US,5,20260618,205500,1.79,1.79,1.79,1.79,1000,0
AAME.US,5,20260618,211500,1.76,1.76,1.76,1.76,100,0
AAME.US,5,20260618,215000,1.81,1.87,1.8,1.82,3128,0
AAME.US,5,20260618,215500,1.83,1.83,1.83,1.83,100,0
AAME.US,5,20260622,153000,1.87,1.87,1.87,1.87,679,0
AAME.US,5,20260622,155000,1.87,1.89,1.87,1.89,517,0
AAME.US,5,20260622,180000,1.88,1.89,1.88,1.88,8315,0
AAME.US,5,20260622,182000,1.88,1.88,1.88,1.88,250,0
AAME.US,5,20260622,184500,1.86,1.86,1.86,1.86,100,0
AAME.US,5,20260622,185000,1.86,1.87,1.86,1.87,300,0
AAME.US,5,20260622,201500,1.7971,1.7971,1.7971,1.7971,243,0
AAME.US,5,20260622,215000,1.845,1.845,1.845,1.845,100,0
