<TICKER>,<PER>,<DATE>,<TIME>,<OPEN>,<HIGH>,<LOW>,<CLOSE>,<VOL>,<OPENINT>
ABLV.US,5,20260126,153500,0.735,0.735,0.735,0.735,100,0
ABLV.US,5,20260126,160500,0.74,0.74,0.74,0.74,1480,0
ABLV.US,5,20260126,161000,0.74,0.74,0.74,0.74,206,0
ABLV.US,5,20260126,164500,0.74,0.74,0.74,0.74,100,0
ABLV.US,5,20260126,171000,0.74,0.74,0.74,0.74,100,0
ABLV.US,5,20260126,193000,0.741,0.741,0.741,0.741,432,0
ABLV.US,5,20260126,194500,0.7518,0.7518,0.7518,0.7518,240,0
ABLV.US,5,20260126,205500,0.752103,0.752103,0.741,0.741,234,0
ABLV.US,5,20260126,215500,0.741,0.741,0.741,0.741,100,0
ABLV.US,5,20260127,153000,0.73,0.73,0.73,0.73,764,0
ABLV.US,5,20260127,154000,0.73,0.73,0.73,0.73,8000,0
ABLV.US,5,20260127,163000,0.75,0.75,0.75,0.75,101,0
ABLV.US,5,20260127,173000,0.766999,0.766999,0.766999,0.766999,500,0
ABLV.US,5,20260127,215500,0.74,0.74,0.74,0.74,100,0
ABLV.US,5,20260128,153000,0.6902,0.6902,0.6902,0.6902,200,0
ABLV.US,5,20260128,155000,0.7535,0.7535,0.74,0.74,18177,0
ABLV.US,5,20260128,174000,0.75,0.75,0.75,0.75,124,0
ABLV.US,5,20260128,204000,0.75,0.75,0.75,0.75,500,0
ABLV.US,5,20260129,153000,0.69,0.69,0.69,0.69,310,0
ABLV.US,5,20260129,153500,0.72,0.72,0.72,0.72,200,0
ABLV.US,5,20260129,160000,0.7001,0.7001,0.7001,0.7001,7788,0
ABLV.US,5,20260129,172500,0.7101,0.7101,0.7101,0.7101,100,0
ABLV.US,5,20260130,171000,0.71,0.7101,0.71,0.7101,4993,0
ABLV.US,5,20260130,194500,0.751177,0.751177,0.729,0.7389,767,0
ABLV.US,5,20260130,195000,0.7103,0.7103,0.7103,0.7103,467,0
ABLV.US,5,20260202,153000,0.71,0.71,0.71,0.71,511,0
ABLV.US,5,20260202,154000,0.71,0.71,0.71,0.71,109,0
ABLV.US,5,20260202,191000,0.733499,0.733499,0.733499,0.733499,100,0
ABLV.US,5,20260202,214500,0.72175,0.7335,0.7217,0.7335,1547,0
ABLV.US,5,20260202,215000,0.7669,0.767,0.7669,0.7669,1570,0
ABLV.US,5,20260202,215500,0.767,0.767,0.767,0.767,900,0
ABLV.US,5,20260203,153000,0.7699,0.77,0.769826,0.769826,875,0
ABLV.US,5,20260203,154500,0.7575,0.7575,0.7575,0.7575,100,0
ABLV.US,5,20260203,155000,0.7575,0.7575,0.7495,0.7495,730,0
ABLV.US,5,20260203,160500,0.7699,0.7699,0.7699,0.7699,400,0
ABLV.US,5,20260203,164000,0.77,0.77,0.77,0.77,500,0
ABLV.US,5,20260203,165000,0.77,0.77,0.77,0.77,1000,0
ABLV.US,5,20260203,215500,0.77,0.77,0.77,0.77,100,0
ABLV.US,5,20260204,161000,0.77,0.77,0.77,0.77,119,0
ABLV.US,5,20260204,183000,0.7605,0.7605,0.7605,0.7605,400,0
ABLV.US,5,20260204,185500,0.7775,0.7775,0.7775,0.7775,400,0
ABLV.US,5,20260204,201000,0.794,0.795,0.794,0.795,10000,0
ABLV.US,5,20260204,212000,0.795,0.795,0.795,0.795,112,0
ABLV.US,5,20260205,155500,0.818,0.8599,0.79,0.79,15242,0
ABLV.US,5,20260205,170500,0.8305,0.8305,0.8305,0.8305,816,0
ABLV.US,5,20260205,172000,0.821,0.821,0.821,0.821,300,0
ABLV.US,5,20260205,173000,0.821,0.821,0.82,0.82,515,0
ABLV.US,5,20260205,175000,0.85,0.85,0.85,0.85,133,0
ABLV.US,5,20260205,182000,0.85,0.85,0.85,0.85,100,0
ABLV.US,5,20260205,182500,0.85,0.85,0.85,0.85,100,0
ABLV.US,5,20260205,183000,0.85,0.85,0.85,0.85,1192,0
ABLV.US,5,20260205,184500,0.82,0.8201,0.82,0.82,563,0
ABLV.US,5,20260205,202500,0.8359,0.8359,0.8359,0.8359,1012,0
ABLV.US,5,20260205,203500,0.83,0.83,0.83,0.83,100,0
ABLV.US,5,20260205,204000,0.83,0.83,0.83,0.83,223,0
ABLV.US,5,20260205,213000,0.825,0.825,0.825,0.825,132,0
ABLV.US,5,20260205,214000,0.83,0.83,0.83,0.83,1000,0
ABLV.US,5,20260205,215000,0.8498,0.8498,0.8498,0.8498,100,0
ABLV.US,5,20260206,153000,0.89,0.89,0.89,0.89,6300,0
ABLV.US,5,20260206,153500,0.88,0.88,0.88,0.88,6699,0
ABLV.US,5,20260206,163500,0.8206,0.8206,0.8206,0.8206,100,0
ABLV.US,5,20260206,175000,0.8206,0.8206,0.8206,0.8206,100,0
ABLV.US,5,20260206,181500,0.837217,0.837217,0.837217,0.837217,500,0
ABLV.US,5,20260206,182500,0.839541,0.839541,0.839541,0.839541,150,0
ABLV.US,5,20260206,184000,0.8217,0.8217,0.8211,0.8211,1923,0
ABLV.US,5,20260206,185500,0.837642,0.837642,0.837642,0.837642,100,0
ABLV.US,5,20260206,195000,0.8505,0.8505,0.8505,0.8505,118,0
ABLV.US,5,20260206,203000,0.8505,0.8505,0.8505,0.8505,137,0
ABLV.US,5,20260206,211000,0.8211,0.8211,0.8211,0.8211,100,0
ABLV.US,5,20260206,215500,0.8211,0.8211,0.8211,0.8211,100,0
ABLV.US,5,20260209,153000,0.8,0.8,0.77,0.77,626,0
ABLV.US,5,20260209,155000,0.779114,0.77959,0.779114,0.77959,710,0
ABLV.US,5,20260209,160500,0.77,0.77,0.77,0.77,100,0
ABLV.US,5,20260209,184500,0.7699,0.7699,0.7699,0.7699,300,0
ABLV.US,5,20260209,201500,0.79,0.79,0.79,0.79,205,0
ABLV.US,5,20260209,210500,0.77,0.77,0.77,0.77,500,0
ABLV.US,5,20260209,215500,0.7602,0.7602,0.7602,0.7602,186,0
ABLV.US,5,20260210,153000,0.75,0.75,0.75,0.75,1000,0
ABLV.US,5,20260210,202000,0.78,0.78,0.78,0.78,100,0
ABLV.US,5,20260211,154000,0.79,0.79,0.79,0.79,100,0
ABLV.US,5,20260211,160000,0.815,0.815,0.815,0.815,100,0
ABLV.US,5,20260211,161000,0.81505,0.81505,0.81505,0.81505,300,0
ABLV.US,5,20260211,165500,0.7802,0.7802,0.7801,0.7801,400,0
ABLV.US,5,20260211,170500,0.79005,0.79005,0.79005,0.79005,300,0
ABLV.US,5,20260211,172500,0.782688,0.782688,0.782688,0.782688,166,0
ABLV.US,5,20260211,180500,0.8,0.8,0.8,0.8,100,0
ABLV.US,5,20260211,182500,0.8,0.8,0.8,0.8,250,0
ABLV.US,5,20260211,185000,0.8,0.8,0.8,0.8,100,0
ABLV.US,5,20260211,194500,0.85,0.85,0.85,0.85,100,0
ABLV.US,5,20260211,203000,0.86,0.86,0.86,0.86,100,0
ABLV.US,5,20260211,205000,0.7801,0.7801,0.7801,0.7801,200,0
ABLV.US,5,20260211,213000,0.87,0.87,0.86,0.861,531,0
ABLV.US,5,20260211,214000,0.79,0.79,0.79,0.79,575,0
ABLV.US,5,20260212,201500,0.765,0.7651,0.765,0.7651,900,0
ABLV.US,5,20260212,205000,0.767001,0.767001,0.767001,0.767001,170,0
ABLV.US,5,20260212,211000,0.79255,0.79255,0.79255,0.79255,100,0
ABLV.US,5,20260212,211500,0.82,0.82,0.82,0.82,100,0
ABLV.US,5,20260213,182500,0.8774,0.8774,0.8774,0.8774,1000,0
ABLV.US,5,20260213,185000,0.8251,0.8251,0.825,0.825,200,0
ABLV.US,5,20260213,214500,0.8251,0.8251,0.825,0.825,1178,0
ABLV.US,5,20260213,215000,0.825,0.825,0.82,0.82,1437,0
ABLV.US,5,20260217,153000,0.802,0.802,0.802,0.802,120,0
ABLV.US,5,20260217,161000,0.79,0.79,0.79,0.79,100,0
ABLV.US,5,20260217,185000,0.79,0.79,0.79,0.79,1000,0
ABLV.US,5,20260218,153000,0.829,0.829,0.811823,0.811823,9480,0
ABLV.US,5,20260219,155000,0.7889,0.7889,0.7889,0.7889,200,0
ABLV.US,5,20260219,165000,0.7888,0.7888,0.7888,0.7888,500,0
ABLV.US,5,20260219,183500,0.8099,0.8099,0.7993,0.7993,1300,0
ABLV.US,5,20260220,153000,0.8,0.8,0.8,0.8,105,0
ABLV.US,5,20260223,161000,0.8063,0.8063,0.8062,0.8062,1056,0
ABLV.US,5,20260224,163500,0.79,0.79,0.79,0.79,408,0
ABLV.US,5,20260225,153000,0.79,0.79,0.79,0.79,1463,0
ABLV.US,5,20260225,170000,0.79,0.79,0.79,0.79,299,0
ABLV.US,5,20260226,161000,0.7302,0.7302,0.7302,0.7302,124,0
ABLV.US,5,20260226,175500,0.7899,0.7899,0.73,0.73,505,0
ABLV.US,5,20260226,204500,0.759949,0.759949,0.759949,0.759949,250,0
ABLV.US,5,20260226,210000,0.789799,0.789799,0.789799,0.789799,250,0
ABLV.US,5,20260227,174500,0.743713,0.743713,0.743713,0.743713,253,0
ABLV.US,5,20260227,194500,0.73,0.730001,0.73,0.73,450,0
ABLV.US,5,20260302,161000,0.715,0.73,0.715,0.73,2294,0
ABLV.US,5,20260302,165500,0.7288,0.7288,0.7288,0.7288,337,0
ABLV.US,5,20260302,184500,0.7,0.72495,0.7,0.72495,7775,0
ABLV.US,5,20260302,185000,0.705,0.705,0.6,0.61,26165,0
ABLV.US,5,20260302,195500,0.69,0.69,0.69,0.69,100,0
ABLV.US,5,20260302,200000,0.66,0.66,0.65,0.65,1288,0
ABLV.US,5,20260303,155500,0.638201,0.65,0.638201,0.65,4412,0
ABLV.US,5,20260303,165000,0.6381,0.6381,0.6381,0.6381,400,0
ABLV.US,5,20260303,171000,0.6599,0.6599,0.6599,0.6599,100,0
ABLV.US,5,20260303,185000,0.6381,0.6381,0.6381,0.6381,200,0
ABLV.US,5,20260303,195000,0.6381,0.6381,0.6381,0.6381,300,0
ABLV.US,5,20260303,195500,0.6381,0.6381,0.6381,0.6381,14600,0
ABLV.US,5,20260303,205000,0.6381,0.6381,0.6381,0.6381,200,0
ABLV.US,5,20260303,213000,0.6565,0.6565,0.6565,0.6565,1691,0
ABLV.US,5,20260303,215000,0.6381,0.6381,0.6381,0.6381,200,0
ABLV.US,5,20260303,215500,0.6381,0.6381,0.6381,0.6381,200,0
ABLV.US,5,20260304,160000,0.6599,0.6599,0.6599,0.6599,100,0
ABLV.US,5,20260304,182000,0.64995,0.659899,0.64995,0.65342,400,0
ABLV.US,5,20260304,185500,0.658,0.658,0.658,0.658,1318,0
ABLV.US,5,20260304,213000,0.6599,0.6599,0.6599,0.6599,454,0
ABLV.US,5,20260304,213500,0.6612,0.6612,0.6612,0.6612,200,0
ABLV.US,5,20260304,215500,0.6581,0.6581,0.6581,0.6581,100,0
ABLV.US,5,20260305,173000,0.66,0.66,0.66,0.66,150,0
ABLV.US,5,20260305,192000,0.6699,0.67,0.6699,0.669998,936,0
ABLV.US,5,20260305,195500,0.6724,0.6724,0.6724,0.6724,100,0
ABLV.US,5,20260306,161000,0.712063,0.712063,0.712063,0.712063,100,0
ABLV.US,5,20260306,201500,0.7121,0.7121,0.7121,0.7121,470,0
ABLV.US,5,20260309,162000,0.69425,0.69425,0.69425,0.69425,900,0
ABLV.US,5,20260311,162500,0.6501,0.6501,0.6501,0.6501,4187,0
ABLV.US,5,20260311,202500,0.65505,0.65505,0.65505,0.65505,1000,0
ABLV.US,5,20260311,205000,0.659999,0.659999,0.659999,0.659999,200,0
ABLV.US,5,20260312,154500,0.66,0.66,0.66,0.66,492,0
ABLV.US,5,20260312,155000,0.65,0.65,0.65,0.65,382,0
ABLV.US,5,20260312,181000,0.73,0.73,0.73,0.73,200,0
ABLV.US,5,20260312,193500,0.69,0.69,0.69,0.69,253,0
ABLV.US,5,20260312,204500,0.69,0.69,0.69,0.69,100,0
ABLV.US,5,20260313,154500,0.6686,0.6686,0.65,0.65,899,0
ABLV.US,5,20260313,204500,0.69,0.69,0.69,0.69,300,0
ABLV.US,5,20260316,151500,0.67255,0.67255,0.67255,0.67255,660,0
ABLV.US,5,20260316,160500,0.6551,0.6551,0.6551,0.6551,939,0
ABLV.US,5,20260316,171500,0.6202,0.6202,0.6202,0.6202,100,0
ABLV.US,5,20260316,191500,0.689999,0.689999,0.689999,0.689999,200,0
ABLV.US,5,20260316,195500,0.6896,0.6896,0.6896,0.6896,130,0
ABLV.US,5,20260316,205000,0.6501,0.6501,0.6501,0.6501,260,0
ABLV.US,5,20260317,144000,0.650101,0.650101,0.650101,0.650101,140,0
ABLV.US,5,20260317,155000,0.6501,0.6501,0.6501,0.6501,687,0
ABLV.US,5,20260317,160500,0.6535,0.6535,0.62,0.62,2436,0
ABLV.US,5,20260317,175000,0.63,0.63,0.63,0.63,100,0
ABLV.US,5,20260317,180000,0.62,0.62,0.62,0.62,198,0
ABLV.US,5,20260317,191000,0.63,0.63,0.63,0.63,597,0
ABLV.US,5,20260317,202000,0.62,0.62,0.62,0.62,500,0
ABLV.US,5,20260318,172500,0.62,0.6201,0.62,0.6201,216,0
ABLV.US,5,20260318,182000,0.644999,0.644999,0.644999,0.644999,200,0
ABLV.US,5,20260318,191000,0.645001,0.645001,0.645001,0.645001,134,0
ABLV.US,5,20260319,161000,0.67,0.67,0.67,0.67,170,0
ABLV.US,5,20260319,182000,0.61,0.61,0.61,0.61,1913,0
ABLV.US,5,20260320,145500,0.631418,0.631418,0.631418,0.631418,200,0
ABLV.US,5,20260320,152000,0.62,0.62,0.62,0.62,100,0
ABLV.US,5,20260320,164500,0.635,0.635,0.6349,0.635,300,0
ABLV.US,5,20260325,152000,0.635,0.635,0.635,0.635,100,0
ABLV.US,5,20260325,160000,0.6475,0.6475,0.6475,0.6475,100,0
ABLV.US,5,20260326,152500,0.648,0.648,0.648,0.648,480,0
ABLV.US,5,20260326,204000,0.62,0.62,0.62,0.62,200,0
ABLV.US,5,20260330,155000,0.62,0.62,0.62,0.62,467,0
ABLV.US,5,20260330,181000,0.62,0.62,0.62,0.62,150,0
ABLV.US,5,20260331,160500,0.62,0.62,0.62,0.62,220,0
ABLV.US,5,20260331,173500,0.62,0.62,0.62,0.62,700,0
ABLV.US,5,20260331,211000,0.640999,0.640999,0.640999,0.640999,100,0
ABLV.US,5,20260401,175000,0.6101,0.6101,0.6101,0.6101,217,0
ABLV.US,5,20260401,204000,0.623,0.623,0.623,0.623,157,0
ABLV.US,5,20260402,153000,0.61,0.61,0.61,0.61,386,0
ABLV.US,5,20260402,161000,0.661999,0.661999,0.661999,0.661999,800,0
ABLV.US,5,20260402,200000,0.636,0.636,0.61936,0.61936,600,0
ABLV.US,5,20260402,215500,0.61,0.61,0.61,0.61,100,0
ABLV.US,5,20260406,153000,0.6,0.6,0.6,0.6,1000,0
ABLV.US,5,20260406,164500,0.65,0.65,0.65,0.65,110,0
ABLV.US,5,20260406,185500,0.641001,0.641001,0.62,0.62,900,0
ABLV.US,5,20260406,210000,0.6615,0.662,0.6615,0.6619,10900,0
ABLV.US,5,20260406,210500,0.66,0.66,0.66,0.66,200,0
ABLV.US,5,20260406,213000,0.6499,0.6499,0.6499,0.6499,1500,0
ABLV.US,5,20260406,215000,0.6201,0.6201,0.6201,0.6201,140,0
ABLV.US,5,20260407,215000,0.65,0.65,0.65,0.65,100,0
ABLV.US,5,20260408,175500,0.628272,0.628272,0.628272,0.628272,100,0
ABLV.US,5,20260408,201000,0.625001,0.625001,0.625001,0.625001,500,0
ABLV.US,5,20260409,164000,0.6059,0.6059,0.6059,0.6059,470,0
ABLV.US,5,20260409,172500,0.613121,0.613121,0.61,0.61,4866,0
ABLV.US,5,20260409,192000,0.637999,0.637999,0.637999,0.637999,100,0
ABLV.US,5,20260410,192500,0.605,0.605,0.605,0.605,128,0
ABLV.US,5,20260410,194500,0.605,0.605,0.605,0.605,100,0
ABLV.US,5,20260413,154500,0.64,0.64,0.64,0.64,141,0
ABLV.US,5,20260413,160000,0.6545,0.6545,0.6545,0.6545,100,0
ABLV.US,5,20260413,175500,0.6545,0.6545,0.6545,0.6545,381,0
ABLV.US,5,20260413,180000,0.605,0.605,0.605,0.605,383,0
ABLV.US,5,20260413,195500,0.6545,0.6545,0.6545,0.6545,119,0
ABLV.US,5,20260413,201500,0.605,0.605001,0.605,0.605001,1542,0
ABLV.US,5,20260413,210000,0.605,0.605,0.605,0.605,100,0
ABLV.US,5,20260413,212500,0.605,0.605,0.605,0.605,754,0
ABLV.US,5,20260414,153000,0.6399,0.6399,0.6399,0.6399,100,0
ABLV.US,5,20260414,173000,0.605,0.605,0.605,0.605,352,0
ABLV.US,5,20260414,175000,0.58,0.58,0.58,0.58,1121,0
ABLV.US,5,20260414,180500,0.58,0.58,0.58,0.58,110,0
ABLV.US,5,20260414,191500,0.609999,0.609999,0.609999,0.609999,101,0
ABLV.US,5,20260415,155000,0.581229,0.581229,0.581229,0.581229,401,0
ABLV.US,5,20260415,161500,0.58,0.58,0.58,0.58,200,0
ABLV.US,5,20260415,172000,0.65,0.65,0.65,0.65,100,0
ABLV.US,5,20260415,172500,0.6498,0.6498,0.6498,0.6498,131,0
ABLV.US,5,20260415,174000,0.614006,0.614006,0.614006,0.614006,1000,0
ABLV.US,5,20260415,180500,0.5836,0.5836,0.5836,0.5836,195,0
ABLV.US,5,20260415,183500,0.5836,0.5836,0.5836,0.5836,175,0
ABLV.US,5,20260415,185000,0.646972,0.646972,0.646972,0.646972,100,0
ABLV.US,5,20260415,195000,0.613501,0.613501,0.613501,0.613501,100,0
ABLV.US,5,20260416,172500,0.5401,0.600044,0.5401,0.5401,724,0
ABLV.US,5,20260416,180000,0.548,0.548,0.548,0.548,185,0
ABLV.US,5,20260416,182000,0.621035,0.621035,0.621035,0.621035,400,0
ABLV.US,5,20260416,182500,0.5401,0.587999,0.5401,0.577354,1200,0
ABLV.US,5,20260416,201500,0.6484,0.6484,0.6484,0.6484,100,0
ABLV.US,5,20260416,202000,0.6484,0.6484,0.6484,0.6484,100,0
ABLV.US,5,20260416,203000,0.58,0.58,0.58,0.58,188,0
ABLV.US,5,20260417,153000,0.74,0.74,0.6725,0.6764,111353,0
ABLV.US,5,20260417,153500,0.67695,0.7181,0.67695,0.6924,33627,0
ABLV.US,5,20260417,154000,0.6912,0.6924,0.661,0.6756,127184,0
ABLV.US,5,20260417,154500,0.6777,0.73,0.670001,0.716057,84069,0
ABLV.US,5,20260417,155000,0.7299,0.7398,0.7089,0.72,125144,0
ABLV.US,5,20260417,155500,0.71705,0.71705,0.6666,0.7,67737,0
ABLV.US,5,20260417,160000,0.705451,0.725,0.7,0.722,61339,0
ABLV.US,5,20260417,160500,0.722,0.7398,0.7115,0.7201,117641,0
ABLV.US,5,20260417,161000,0.7275,0.735,0.72,0.7207,15306,0
ABLV.US,5,20260417,161500,0.72,0.734,0.7101,0.726034,74228,0
ABLV.US,5,20260417,162000,0.710201,0.7192,0.710201,0.7124,10727,0
ABLV.US,5,20260417,162500,0.71275,0.7154,0.7,0.700001,22818,0
ABLV.US,5,20260417,163000,0.7097,0.7097,0.7,0.7036,28038,0
ABLV.US,5,20260417,163500,0.7036,0.7036,0.6925,0.6929,29096,0
ABLV.US,5,20260417,164000,0.6927,0.6927,0.6333,0.6475,182093,0
ABLV.US,5,20260417,164500,0.6495,0.6702,0.6302,0.635,51825,0
ABLV.US,5,20260417,165000,0.6339,0.652942,0.6111,0.611201,103928,0
ABLV.US,5,20260417,165500,0.6112,0.6354,0.6112,0.618,57895,0
ABLV.US,5,20260417,170000,0.6254,0.669,0.6254,0.669,23032,0
ABLV.US,5,20260417,170500,0.6459,0.660425,0.6459,0.6577,9446,0
ABLV.US,5,20260417,171000,0.6592,0.6592,0.6504,0.6505,20259,0
ABLV.US,5,20260417,171500,0.6504,0.6504,0.64,0.6496,14473,0
ABLV.US,5,20260417,172000,0.6452,0.6497,0.6409,0.645304,4434,0
ABLV.US,5,20260417,172500,0.6419,0.6689,0.6418,0.6654,36609,0
ABLV.US,5,20260417,173000,0.6641,0.674,0.650801,0.6724,28950,0
ABLV.US,5,20260417,173500,0.6744,0.6899,0.6697,0.6744,72103,0
ABLV.US,5,20260417,174000,0.6692,0.6778,0.667,0.6778,9135,0
ABLV.US,5,20260417,174500,0.6872,0.6872,0.6694,0.6749,3151,0
ABLV.US,5,20260417,175000,0.6772,0.68,0.6438,0.666387,22706,0
ABLV.US,5,20260417,175500,0.6665,0.6786,0.6665,0.672,9182,0
ABLV.US,5,20260417,180000,0.678,0.678,0.6499,0.6505,27381,0
ABLV.US,5,20260417,180500,0.66,0.6775,0.66,0.6609,18181,0
ABLV.US,5,20260417,181000,0.6675,0.6775,0.6674,0.6723,12799,0
ABLV.US,5,20260417,181500,0.6771,0.6771,0.6675,0.6675,1124,0
ABLV.US,5,20260417,182000,0.6763,0.6899,0.6694,0.6894,17506,0
ABLV.US,5,20260417,182500,0.68,0.6899,0.6799,0.6833,17629,0
ABLV.US,5,20260417,183000,0.6785,0.6859,0.668,0.6759,18716,0
ABLV.US,5,20260417,183500,0.670601,0.671,0.670601,0.671,1871,0
ABLV.US,5,20260417,184000,0.6769,0.6859,0.671,0.6859,10109,0
ABLV.US,5,20260417,184500,0.6834,0.6988,0.6834,0.69665,32469,0
ABLV.US,5,20260417,185000,0.6946,0.71,0.6946,0.71,30387,0
ABLV.US,5,20260417,185500,0.7086,0.71,0.6706,0.6975,30873,0
ABLV.US,5,20260417,190000,0.6976,0.7098,0.697501,0.709,20159,0
ABLV.US,5,20260417,190500,0.699,0.7103,0.6975,0.701,14783,0
ABLV.US,5,20260417,191000,0.709,0.724424,0.702101,0.7179,13232,0
ABLV.US,5,20260417,191500,0.706,0.7205,0.7056,0.72,12729,0
ABLV.US,5,20260417,192000,0.72,0.7324,0.7061,0.7301,46166,0
ABLV.US,5,20260417,192500,0.735,0.735,0.715,0.7224,43124,0
ABLV.US,5,20260417,193000,0.72125,0.735,0.72125,0.73215,12325,0
ABLV.US,5,20260417,193500,0.731,0.7333,0.724001,0.73165,11186,0
ABLV.US,5,20260417,194000,0.7333,0.737,0.7251,0.7294,20497,0
ABLV.US,5,20260417,194500,0.73,0.732,0.7231,0.7231,10142,0
ABLV.US,5,20260417,195000,0.7306,0.7311,0.7079,0.725,19660,0
ABLV.US,5,20260417,195500,0.723157,0.7269,0.7221,0.7262,13022,0
ABLV.US,5,20260417,200000,0.72645,0.737,0.7221,0.7368,13496,0
ABLV.US,5,20260417,200500,0.7366,0.737,0.7257,0.7302,13646,0
ABLV.US,5,20260417,201000,0.7302,0.7369,0.7257,0.7305,4446,0
ABLV.US,5,20260417,201500,0.73355,0.7634,0.7302,0.7488,74346,0
ABLV.US,5,20260417,202000,0.7442,0.7601,0.7442,0.7499,20686,0
ABLV.US,5,20260417,202500,0.7525,0.78,0.7525,0.7799,78895,0
ABLV.US,5,20260417,203000,0.7799,0.7882,0.77,0.786453,101678,0
ABLV.US,5,20260417,203500,0.7863,0.7865,0.756501,0.78645,72646,0
ABLV.US,5,20260417,204000,0.7864,0.8761,0.7829,0.8665,650443,0
ABLV.US,5,20260417,204500,0.865149,0.89,0.82,0.833331,580675,0
ABLV.US,5,20260417,205000,0.8479,0.87,0.7911,0.8074,212937,0
ABLV.US,5,20260417,205500,0.8037,0.8599,0.7829,0.8363,279458,0
ABLV.US,5,20260417,210000,0.84,0.9169,0.84,0.9021,543716,0
ABLV.US,5,20260417,210500,0.9022,0.9037,0.86,0.8988,193817,0
ABLV.US,5,20260417,211000,0.8987,0.95,0.88,0.8896,581572,0
ABLV.US,5,20260417,211500,0.8848,0.9394,0.852864,0.863,368970,0
ABLV.US,5,20260417,212000,0.8551,0.87,0.8309,0.8577,154044,0
ABLV.US,5,20260417,212500,0.851129,0.93,0.83,0.8666,240701,0
ABLV.US,5,20260417,213000,0.8768,0.8862,0.8029,0.8101,159658,0
ABLV.US,5,20260417,213500,0.8032,0.86,0.8032,0.829799,73955,0
ABLV.US,5,20260417,214000,0.8198,0.8403,0.8105,0.821375,40049,0
ABLV.US,5,20260417,214500,0.820701,0.8236,0.77,0.792101,88866,0
ABLV.US,5,20260417,215000,0.8094,0.8232,0.77495,0.775,54259,0
ABLV.US,5,20260417,215500,0.7775,0.83,0.75,0.8251,99409,0
ABLV.US,5,20260420,153000,0.768,0.768,0.7306,0.7306,2536,0
ABLV.US,5,20260420,154000,0.7306,0.73775,0.7173,0.7173,22415,0
ABLV.US,5,20260420,155000,0.7313,0.7384,0.717401,0.717401,3237,0
ABLV.US,5,20260420,155500,0.7173,0.739,0.7173,0.7281,4838,0
ABLV.US,5,20260420,160000,0.7227,0.7227,0.7167,0.71905,2555,0
ABLV.US,5,20260420,160500,0.7191,0.7191,0.71,0.7191,877,0
ABLV.US,5,20260420,161000,0.7101,0.735,0.71,0.735,2495,0
ABLV.US,5,20260420,161500,0.738,0.75,0.7351,0.75,1527,0
ABLV.US,5,20260420,162000,0.75,0.75,0.7351,0.7351,9100,0
ABLV.US,5,20260420,162500,0.7351,0.7351,0.7351,0.7351,100,0
ABLV.US,5,20260420,163000,0.773,0.77519,0.7351,0.741371,7661,0
ABLV.US,5,20260420,163500,0.78,0.7899,0.749351,0.7899,11245,0
ABLV.US,5,20260420,164000,0.7548,0.767651,0.7548,0.767651,376,0
ABLV.US,5,20260420,164500,0.74541,0.7455,0.74541,0.7455,3080,0
ABLV.US,5,20260420,165000,0.7455,0.75,0.7455,0.75,600,0
ABLV.US,5,20260420,165500,0.762,0.7625,0.7351,0.761,7881,0
ABLV.US,5,20260420,170000,0.7351,0.7625,0.7351,0.756,1535,0
ABLV.US,5,20260420,170500,0.735101,0.761,0.735101,0.761,3196,0
ABLV.US,5,20260420,171000,0.761,0.761,0.7352,0.7352,19639,0
ABLV.US,5,20260420,171500,0.76,0.76,0.75,0.75,450,0
ABLV.US,5,20260420,172000,0.75,0.772499,0.75,0.77,10103,0
ABLV.US,5,20260420,173500,0.7725,0.7725,0.7725,0.7725,135,0
ABLV.US,5,20260420,174000,0.7725,0.7725,0.7625,0.7625,667,0
ABLV.US,5,20260420,174500,0.7725,0.7725,0.7551,0.7725,2431,0
ABLV.US,5,20260420,175000,0.7717,0.7717,0.7717,0.7717,349,0
ABLV.US,5,20260420,175500,0.7505,0.7703,0.75,0.75,888,0
ABLV.US,5,20260420,180000,0.7703,0.7703,0.7703,0.7703,301,0
ABLV.US,5,20260420,181500,0.758291,0.758291,0.758291,0.758291,300,0
ABLV.US,5,20260420,182000,0.7502,0.7725,0.75,0.7725,2935,0
ABLV.US,5,20260420,182500,0.7583,0.7583,0.7583,0.7583,166,0
ABLV.US,5,20260420,183000,0.7583,0.7583,0.7583,0.7583,527,0
ABLV.US,5,20260420,183500,0.758,0.758,0.754,0.754,859,0
ABLV.US,5,20260420,184000,0.750101,0.7583,0.750101,0.7583,628,0
ABLV.US,5,20260420,184500,0.75415,0.75415,0.75415,0.75415,188,0
ABLV.US,5,20260420,185000,0.7625,0.7625,0.7625,0.7625,100,0
ABLV.US,5,20260420,191500,0.7725,0.7725,0.7725,0.7725,672,0
ABLV.US,5,20260420,193000,0.7613,0.7613,0.7613,0.7613,255,0
ABLV.US,5,20260420,193500,0.7613,0.7613,0.7613,0.7613,100,0
ABLV.US,5,20260420,194000,0.7725,0.7725,0.7613,0.7725,2956,0
ABLV.US,5,20260420,200500,0.7725,0.7725,0.7625,0.7725,44501,0
ABLV.US,5,20260420,202500,0.7658,0.7658,0.7658,0.7658,100,0
ABLV.US,5,20260420,203000,0.762949,0.762951,0.762949,0.762951,2015,0
ABLV.US,5,20260420,204500,0.7733,0.7733,0.7733,0.7733,100,0
ABLV.US,5,20260420,205500,0.76295,0.76295,0.76295,0.76295,113,0
ABLV.US,5,20260420,210500,0.7758,0.7758,0.7758,0.7758,2542,0
ABLV.US,5,20260420,211000,0.7502,0.7758,0.7502,0.763,3352,0
ABLV.US,5,20260420,211500,0.7502,0.751,0.7502,0.751,400,0
ABLV.US,5,20260420,212000,0.751,0.775,0.751,0.775,1212,0
ABLV.US,5,20260420,212500,0.77,0.7758,0.7638,0.7758,30259,0
ABLV.US,5,20260420,213000,0.7658,0.7758,0.762951,0.763,15628,0
ABLV.US,5,20260420,214000,0.7758,0.7758,0.7758,0.7758,2055,0
ABLV.US,5,20260420,214500,0.7758,0.78,0.750101,0.77975,13157,0
ABLV.US,5,20260420,215000,0.7795,0.78,0.7637,0.7703,3057,0
ABLV.US,5,20260420,215500,0.7737,0.78,0.760374,0.7799,15935,0
ABLV.US,5,20260421,153000,0.7252,0.77,0.719001,0.77,939,0
ABLV.US,5,20260421,153500,0.7755,0.7755,0.77,0.7755,1900,0
ABLV.US,5,20260421,154000,0.769923,0.7755,0.769923,0.7755,1900,0
ABLV.US,5,20260421,154500,0.7755,0.7999,0.7667,0.7999,1743,0
ABLV.US,5,20260421,155000,0.7999,0.8,0.7999,0.8,2428,0
ABLV.US,5,20260421,155500,0.8,0.82,0.8,0.82,2452,0
ABLV.US,5,20260421,160000,0.8199,0.8675,0.77,0.8497,10870,0
ABLV.US,5,20260421,160500,0.8095,0.8095,0.77,0.77,2633,0
ABLV.US,5,20260421,161000,0.8095,0.84,0.8095,0.84,1115,0
ABLV.US,5,20260421,162500,0.797051,0.825,0.797051,0.7975,4691,0
ABLV.US,5,20260421,163000,0.825,0.83,0.794369,0.83,860,0
ABLV.US,5,20260421,163500,0.83,0.8399,0.8,0.8,670,0
ABLV.US,5,20260421,164000,0.798262,0.8394,0.798262,0.8394,1600,0
ABLV.US,5,20260421,164500,0.81,0.81,0.81,0.81,445,0
ABLV.US,5,20260421,165000,0.8394,0.8394,0.8394,0.8394,230,0
ABLV.US,5,20260421,165500,0.777101,0.8399,0.777101,0.8399,5996,0
ABLV.US,5,20260421,170000,0.84,0.8489,0.801771,0.8489,3257,0
ABLV.US,5,20260421,170500,0.794726,0.82,0.794726,0.82,462,0
ABLV.US,5,20260421,171000,0.8489,0.8489,0.8489,0.8489,100,0
ABLV.US,5,20260421,171500,0.8489,0.8489,0.8489,0.8489,1161,0
ABLV.US,5,20260421,172000,0.8489,0.8489,0.8489,0.8489,100,0
ABLV.US,5,20260421,172500,0.8234,0.8234,0.80945,0.80945,287,0
ABLV.US,5,20260421,173000,0.8489,0.8489,0.8489,0.8489,500,0
ABLV.US,5,20260421,173500,0.84,0.8489,0.84,0.8489,821,0
ABLV.US,5,20260421,174000,0.8489,0.8489,0.79,0.81285,414,0
ABLV.US,5,20260421,174500,0.8488,0.8488,0.8488,0.8488,250,0
ABLV.US,5,20260421,175000,0.8489,0.8497,0.8489,0.8497,771,0
ABLV.US,5,20260421,175500,0.8489,0.8489,0.8405,0.8405,412,0
ABLV.US,5,20260421,180000,0.8488,0.8489,0.8488,0.8489,1454,0
ABLV.US,5,20260421,180500,0.8497,0.8497,0.8302,0.8302,927,0
ABLV.US,5,20260421,181000,0.8489,0.8489,0.830201,0.8489,4557,0
ABLV.US,5,20260421,181500,0.8396,0.8489,0.8396,0.8489,470,0
ABLV.US,5,20260421,182000,0.8489,0.8489,0.8489,0.8489,1024,0
ABLV.US,5,20260421,182500,0.8396,0.8396,0.8396,0.8396,700,0
ABLV.US,5,20260421,183000,0.8396,0.8396,0.832174,0.832174,831,0
ABLV.US,5,20260421,183500,0.8489,0.8489,0.8307,0.8307,3282,0
ABLV.US,5,20260421,185000,0.8498,0.8498,0.84,0.84,1102,0
ABLV.US,5,20260421,185500,0.7997,0.86,0.7911,0.86,575,0
ABLV.US,5,20260421,190000,0.86,0.866,0.86,0.866,400,0
ABLV.US,5,20260421,190500,0.8081,0.866,0.8081,0.866,340,0
ABLV.US,5,20260421,191000,0.8675,0.8675,0.8675,0.8675,310,0
ABLV.US,5,20260421,192000,0.8659,0.868,0.8659,0.8659,1709,0
ABLV.US,5,20260421,192500,0.8659,0.8659,0.8659,0.8659,102,0
ABLV.US,5,20260421,193000,0.86,0.86,0.815999,0.815999,708,0
ABLV.US,5,20260421,193500,0.86,0.86,0.813915,0.813915,6473,0
ABLV.US,5,20260421,195000,0.8599,0.86,0.8599,0.86,2073,0
ABLV.US,5,20260421,200000,0.810362,0.85,0.810362,0.85,2200,0
ABLV.US,5,20260421,200500,0.85,0.85,0.8468,0.85,600,0
ABLV.US,5,20260421,201500,0.86,0.86,0.8599,0.8599,974,0
ABLV.US,5,20260421,202000,0.86,0.86,0.86,0.86,800,0
ABLV.US,5,20260421,202500,0.86,0.86,0.86,0.86,800,0
ABLV.US,5,20260421,203000,0.86,0.86,0.86,0.86,900,0
ABLV.US,5,20260421,203500,0.86,0.86,0.86,0.86,899,0
ABLV.US,5,20260421,211000,0.839951,0.839951,0.839951,0.839951,125,0
ABLV.US,5,20260421,211500,0.839951,0.839951,0.839951,0.839951,300,0
ABLV.US,5,20260421,213000,0.8489,0.8599,0.8353,0.8452,2250,0
ABLV.US,5,20260421,213500,0.84,0.86,0.84,0.86,5129,0
ABLV.US,5,20260421,214000,0.86,0.86,0.84,0.86,9806,0
ABLV.US,5,20260421,214500,0.84,0.84,0.84,0.84,127,0
ABLV.US,5,20260421,215000,0.84,0.84,0.83165,0.8317,1750,0
ABLV.US,5,20260421,215500,0.86,0.86,0.8437,0.86,8765,0
ABLV.US,5,20260422,153000,0.818,0.818,0.790001,0.790001,1159,0
ABLV.US,5,20260422,153500,0.79,0.8199,0.79,0.8199,1150,0
ABLV.US,5,20260422,155000,0.8188,0.8188,0.8,0.8,330,0
ABLV.US,5,20260422,155500,0.8185,0.8185,0.8185,0.8185,110,0
ABLV.US,5,20260422,161000,0.79,0.793,0.789899,0.789899,762,0
ABLV.US,5,20260422,161500,0.780001,0.780001,0.780001,0.780001,1142,0
ABLV.US,5,20260422,162000,0.770842,0.770842,0.770842,0.770842,866,0
ABLV.US,5,20260422,163000,0.78025,0.78025,0.78025,0.78025,180,0
ABLV.US,5,20260422,163500,0.7803,0.785249,0.7616,0.7616,1389,0
ABLV.US,5,20260422,164500,0.79,0.7901,0.79,0.7901,2424,0
ABLV.US,5,20260422,165500,0.7808,0.7808,0.7616,0.7616,1146,0
ABLV.US,5,20260422,170500,0.79,0.8179,0.79,0.798844,1000,0
ABLV.US,5,20260422,171500,0.7988,0.7988,0.7988,0.7988,1970,0
ABLV.US,5,20260422,174000,0.7987,0.7987,0.7987,0.7987,222,0
ABLV.US,5,20260422,175000,0.78015,0.78015,0.78015,0.78015,400,0
ABLV.US,5,20260422,175500,0.7987,0.7987,0.7616,0.7616,2506,0
ABLV.US,5,20260422,180000,0.7985,0.7985,0.7985,0.7985,224,0
ABLV.US,5,20260422,180500,0.7985,0.7985,0.7985,0.7985,200,0
ABLV.US,5,20260422,182000,0.78,0.78,0.78,0.78,500,0
ABLV.US,5,20260422,182500,0.78,0.7986,0.78,0.7801,2637,0
ABLV.US,5,20260422,183000,0.78,0.78,0.78,0.78,2100,0
ABLV.US,5,20260422,194000,0.7801,0.7839,0.78,0.78,4928,0
ABLV.US,5,20260422,195000,0.785,0.785,0.785,0.785,100,0
ABLV.US,5,20260422,202000,0.776,0.776,0.776,0.776,7472,0
ABLV.US,5,20260422,204000,0.777,0.777,0.777,0.777,100,0
ABLV.US,5,20260422,210500,0.7525,0.7525,0.7521,0.7521,300,0
ABLV.US,5,20260422,211500,0.7808,0.7808,0.78,0.78,942,0
ABLV.US,5,20260422,212000,0.78,0.78,0.78,0.78,100,0
ABLV.US,5,20260422,213500,0.8,0.8,0.8,0.8,8143,0
ABLV.US,5,20260423,153000,0.7181,0.7181,0.7181,0.7181,236,0
ABLV.US,5,20260423,153500,0.731551,0.731551,0.731551,0.731551,144,0
ABLV.US,5,20260423,154000,0.744,0.744,0.744,0.744,100,0
ABLV.US,5,20260423,155500,0.81,0.81,0.81,0.81,271,0
ABLV.US,5,20260423,160000,0.8,0.8,0.8,0.8,100,0
ABLV.US,5,20260423,161000,0.765,0.765,0.765,0.765,101,0
ABLV.US,5,20260423,161500,0.765,0.765,0.73,0.7301,16368,0
ABLV.US,5,20260423,162000,0.75,0.78,0.75,0.7601,619,0
ABLV.US,5,20260423,163000,0.76,0.76,0.75,0.75,3580,0
ABLV.US,5,20260423,164500,0.78,0.78,0.78,0.78,200,0
ABLV.US,5,20260423,165500,0.7601,0.7601,0.7601,0.7601,218,0
ABLV.US,5,20260423,185500,0.77,0.77,0.77,0.77,2000,0
ABLV.US,5,20260423,191000,0.77,0.77,0.77,0.77,1607,0
ABLV.US,5,20260423,200500,0.75,0.75,0.75,0.75,100,0
ABLV.US,5,20260423,205000,0.76,0.76,0.76,0.76,200,0
ABLV.US,5,20260423,215000,0.7499,0.7499,0.7499,0.7499,382,0
ABLV.US,5,20260423,215500,0.75,0.75,0.74,0.74,2371,0
ABLV.US,5,20260424,153000,0.708,0.708,0.708,0.708,299,0
ABLV.US,5,20260424,154000,0.758899,0.7599,0.758,0.7599,300,0
ABLV.US,5,20260424,155000,0.7599,0.7599,0.7564,0.7564,200,0
ABLV.US,5,20260424,162500,0.7555,0.7555,0.7555,0.7555,100,0
ABLV.US,5,20260424,164000,0.7082,0.7082,0.7082,0.7082,1100,0
ABLV.US,5,20260424,165500,0.7588,0.7588,0.7588,0.7588,100,0
ABLV.US,5,20260424,170500,0.7331,0.7331,0.73305,0.73305,1100,0
ABLV.US,5,20260424,171000,0.73,0.733,0.73,0.73,1897,0
ABLV.US,5,20260424,171500,0.728595,0.728595,0.728595,0.728595,110,0
ABLV.US,5,20260424,175000,0.7579,0.758,0.7455,0.7455,450,0
ABLV.US,5,20260424,175500,0.7598,0.7599,0.75,0.7599,3451,0
ABLV.US,5,20260424,180000,0.7697,0.7697,0.7697,0.7697,100,0
ABLV.US,5,20260424,191500,0.753768,0.753768,0.753768,0.753768,1000,0
ABLV.US,5,20260424,194000,0.8,0.8,0.7999,0.7999,200,0
ABLV.US,5,20260424,194500,0.8,0.8,0.8,0.8,100,0
ABLV.US,5,20260424,203500,0.808,0.808,0.808,0.808,100,0
ABLV.US,5,20260424,210500,0.756552,0.8079,0.756552,0.8079,300,0
ABLV.US,5,20260424,211500,0.7687,0.7687,0.7687,0.7687,185,0
ABLV.US,5,20260427,153000,0.7301,0.76375,0.7153,0.71539,33876,0
ABLV.US,5,20260427,154500,0.728925,0.728925,0.728925,0.728925,150,0
ABLV.US,5,20260427,155000,0.7155,0.7155,0.7155,0.7155,176,0
ABLV.US,5,20260427,155500,0.752919,0.752919,0.752919,0.752919,300,0
ABLV.US,5,20260427,160000,0.75,0.75,0.7493,0.7493,888,0
ABLV.US,5,20260427,164000,0.7157,0.7157,0.7157,0.7157,700,0
ABLV.US,5,20260427,165000,0.7154,0.7154,0.7154,0.7154,500,0
ABLV.US,5,20260427,170000,0.7161,0.7161,0.7161,0.7161,470,0
ABLV.US,5,20260427,170500,0.7479,0.7479,0.7479,0.7479,100,0
ABLV.US,5,20260427,171500,0.7161,0.7479,0.7155,0.7479,22713,0
ABLV.US,5,20260427,181500,0.7479,0.7479,0.7479,0.7479,258,0
ABLV.US,5,20260427,185500,0.7155,0.7161,0.6955,0.7,1200,0
ABLV.US,5,20260427,191500,0.74504,0.74504,0.74504,0.74504,100,0
ABLV.US,5,20260427,203500,0.715262,0.715262,0.715262,0.715262,1200,0
ABLV.US,5,20260427,210500,0.7154,0.7154,0.7153,0.7153,16040,0
ABLV.US,5,20260427,215000,0.745,0.745,0.745,0.745,606,0
ABLV.US,5,20260427,215500,0.7057,0.7226,0.7002,0.7226,364,0
ABLV.US,5,20260428,154000,0.7001,0.7001,0.7001,0.7001,100,0
ABLV.US,5,20260428,160000,0.7101,0.7101,0.7101,0.7101,400,0
ABLV.US,5,20260428,163000,0.7292,0.7292,0.7292,0.7292,500,0
ABLV.US,5,20260428,165000,0.739151,0.75,0.739151,0.75,400,0
ABLV.US,5,20260428,165500,0.724601,0.724601,0.724601,0.724601,300,0
ABLV.US,5,20260428,173000,0.7582,0.7582,0.7582,0.7582,100,0
ABLV.US,5,20260428,191500,0.7247,0.7247,0.7247,0.7247,200,0
ABLV.US,5,20260428,195500,0.7582,0.7583,0.7582,0.7583,684,0
ABLV.US,5,20260428,201000,0.735937,0.735937,0.735937,0.735937,100,0
ABLV.US,5,20260428,205000,0.7683,0.7683,0.7683,0.7683,242,0
ABLV.US,5,20260428,210000,0.7643,0.7999,0.7359,0.7999,8100,0
ABLV.US,5,20260428,211000,0.751541,0.751541,0.751541,0.751541,279,0
ABLV.US,5,20260428,212000,0.7974,0.7974,0.7974,0.7974,200,0
ABLV.US,5,20260428,214500,0.738198,0.738198,0.738198,0.738198,1000,0
ABLV.US,5,20260428,215500,0.7975,0.7975,0.7975,0.7975,100,0
ABLV.US,5,20260429,153000,0.7596,0.7596,0.73,0.73,363,0
ABLV.US,5,20260429,161000,0.73,0.73,0.73,0.73,8000,0
ABLV.US,5,20260429,164500,0.785,0.785,0.785,0.785,2500,0
ABLV.US,5,20260429,172000,0.735,0.735,0.73,0.7301,4084,0
ABLV.US,5,20260429,172500,0.7085,0.7085,0.6901,0.6901,15172,0
ABLV.US,5,20260429,173000,0.6904,0.6904,0.66,0.688,11791,0
ABLV.US,5,20260429,173500,0.6601,0.6715,0.657,0.6715,10400,0
ABLV.US,5,20260429,174000,0.6551,0.6551,0.6413,0.6413,4496,0
ABLV.US,5,20260429,180000,0.63,0.6324,0.612001,0.612001,2050,0
ABLV.US,5,20260429,180500,0.656337,0.6799,0.656337,0.6799,1100,0
ABLV.US,5,20260429,181000,0.66815,0.66815,0.66815,0.66815,220,0
ABLV.US,5,20260429,182500,0.6564,0.6564,0.6199,0.645,16292,0
ABLV.US,5,20260429,183500,0.62,0.62,0.62,0.62,200,0
ABLV.US,5,20260429,184500,0.65,0.65,0.65,0.65,100,0
ABLV.US,5,20260429,185000,0.6375,0.6375,0.6375,0.6375,120,0
ABLV.US,5,20260429,185500,0.655,0.655,0.6549,0.6549,200,0
ABLV.US,5,20260429,192000,0.6549,0.6549,0.6549,0.6549,1400,0
ABLV.US,5,20260429,192500,0.6375,0.63755,0.5859,0.5859,38362,0
ABLV.US,5,20260429,194000,0.6124,0.6124,0.6124,0.6124,110,0
ABLV.US,5,20260429,195000,0.6349,0.6349,0.63,0.6349,2324,0
ABLV.US,5,20260429,195500,0.6348,0.6348,0.6348,0.6348,615,0
ABLV.US,5,20260429,202000,0.629,0.629,0.629,0.629,2000,0
ABLV.US,5,20260429,205500,0.606449,0.606449,0.606449,0.606449,150,0
ABLV.US,5,20260429,211500,0.5861,0.5861,0.586001,0.586001,515,0
ABLV.US,5,20260429,212500,0.603451,0.603451,0.6034,0.6034,279,0
ABLV.US,5,20260429,213000,0.6,0.61,0.6,0.6025,3896,0
ABLV.US,5,20260429,213500,0.6027,0.6027,0.6026,0.6026,994,0
ABLV.US,5,20260429,214500,0.617,0.617,0.6168,0.617,3138,0
ABLV.US,5,20260430,153000,0.6562,0.6562,0.6526,0.6526,348,0
ABLV.US,5,20260430,153500,0.632207,0.67,0.632207,0.67,1500,0
ABLV.US,5,20260430,154000,0.656,0.656,0.656,0.656,150,0
ABLV.US,5,20260430,155000,0.638208,0.638208,0.638208,0.638208,1000,0
ABLV.US,5,20260430,160000,0.66,0.66,0.66,0.66,403,0
ABLV.US,5,20260430,160500,0.6617,0.6617,0.6263,0.6263,2069,0
ABLV.US,5,20260430,161000,0.6617,0.6617,0.6595,0.6595,4964,0
ABLV.US,5,20260430,164000,0.6591,0.6591,0.6587,0.6587,1487,0
ABLV.US,5,20260430,164500,0.6591,0.6591,0.6587,0.6587,633,0
ABLV.US,5,20260430,171500,0.6401,0.648,0.64,0.648,1664,0
ABLV.US,5,20260430,173000,0.64105,0.64105,0.64105,0.64105,100,0
ABLV.US,5,20260430,173500,0.656,0.656,0.6555,0.6555,3986,0
ABLV.US,5,20260430,175500,0.6555,0.6555,0.6555,0.6555,100,0
ABLV.US,5,20260430,181000,0.6555,0.6555,0.6555,0.6555,1000,0
ABLV.US,5,20260430,185000,0.655499,0.655499,0.655499,0.655499,150,0
ABLV.US,5,20260430,205500,0.648,0.648,0.648,0.648,410,0
ABLV.US,5,20260430,215500,0.6479,0.653,0.6479,0.653,4163,0
ABLV.US,5,20260501,153000,0.6203,0.6203,0.6203,0.6203,116,0
ABLV.US,5,20260501,160000,0.6231,0.6231,0.6231,0.6231,1800,0
ABLV.US,5,20260501,175000,0.6505,0.6509,0.6499,0.6505,1000,0
ABLV.US,5,20260501,180500,0.624,0.6241,0.6,0.6,10886,0
ABLV.US,5,20260501,184000,0.62505,0.62505,0.62505,0.62505,171,0
ABLV.US,5,20260501,185000,0.6251,0.6251,0.6099,0.61,3125,0
ABLV.US,5,20260501,190500,0.5979,0.5979,0.5979,0.5979,200,0
ABLV.US,5,20260501,201000,0.604,0.604,0.604,0.604,100,0
ABLV.US,5,20260501,205500,0.6099,0.6099,0.6099,0.6099,8265,0
ABLV.US,5,20260501,211500,0.6095,0.61,0.6095,0.61,363,0
ABLV.US,5,20260501,213500,0.6099,0.61,0.6099,0.6099,1118,0
ABLV.US,5,20260501,215500,0.627,0.627,0.627,0.627,1000,0
ABLV.US,5,20260504,153000,0.5858,0.5858,0.5858,0.5858,242,0
ABLV.US,5,20260504,153500,0.6449,0.6449,0.6449,0.6449,150,0
ABLV.US,5,20260504,154500,0.6409,0.6409,0.6409,0.6409,500,0
ABLV.US,5,20260504,155000,0.6144,0.6144,0.6144,0.6144,258,0
ABLV.US,5,20260504,160500,0.6408,0.6408,0.63999,0.63999,2627,0
ABLV.US,5,20260504,161000,0.6119,0.6119,0.6119,0.6119,1627,0
ABLV.US,5,20260504,162000,0.6119,0.6119,0.5999,0.6119,1600,0
ABLV.US,5,20260504,162500,0.6119,0.6439,0.5865,0.6439,6240,0
ABLV.US,5,20260504,163000,0.6425,0.6425,0.6425,0.6425,304,0
ABLV.US,5,20260504,163500,0.622,0.622,0.622,0.622,100,0
ABLV.US,5,20260504,164500,0.637,0.64,0.6305,0.6305,1955,0
ABLV.US,5,20260504,172000,0.6389,0.65,0.6389,0.65,22132,0
ABLV.US,5,20260504,172500,0.664,0.7,0.664,0.7,623,0
ABLV.US,5,20260504,173000,0.697,0.7179,0.6761,0.6761,1111,0
ABLV.US,5,20260504,173500,0.7279,0.7279,0.7279,0.7279,300,0
ABLV.US,5,20260504,174000,0.706604,0.706604,0.685,0.685,250,0
ABLV.US,5,20260504,181500,0.685,0.685,0.685,0.685,100,0
ABLV.US,5,20260504,182500,0.7244,0.7244,0.7241,0.7241,550,0
ABLV.US,5,20260504,184500,0.6972,0.6972,0.6972,0.6972,100,0
ABLV.US,5,20260504,185000,0.6666,0.6666,0.6666,0.6666,100,0
ABLV.US,5,20260504,185500,0.6942,0.6942,0.6942,0.6942,300,0
ABLV.US,5,20260504,193500,0.6643,0.6936,0.6643,0.6936,200,0
ABLV.US,5,20260504,200000,0.6641,0.6641,0.6641,0.6641,100,0
ABLV.US,5,20260504,203000,0.6641,0.6641,0.6641,0.6641,100,0
ABLV.US,5,20260504,203500,0.6641,0.6641,0.6641,0.6641,250,0
ABLV.US,5,20260504,204000,0.6942,0.6942,0.6942,0.6942,200,0
ABLV.US,5,20260504,204500,0.6942,0.6942,0.6942,0.6942,100,0
ABLV.US,5,20260504,205000,0.6641,0.6641,0.6641,0.6641,100,0
ABLV.US,5,20260504,212500,0.7011,0.7011,0.7011,0.7011,100,0
ABLV.US,5,20260504,214000,0.694199,0.694199,0.694199,0.694199,450,0
ABLV.US,5,20260504,214500,0.7244,0.7244,0.6641,0.6764,7591,0
ABLV.US,5,20260504,215000,0.7085,0.7085,0.7085,0.7085,100,0
ABLV.US,5,20260504,215500,0.73,0.73,0.6645,0.683,1609,0
ABLV.US,5,20260505,153000,0.6828,0.6828,0.6828,0.6828,100,0
ABLV.US,5,20260505,173500,0.657696,0.657696,0.657696,0.657696,306,0
ABLV.US,5,20260505,174000,0.6594,0.6719,0.65,0.6687,1167,0
ABLV.US,5,20260505,175500,0.6501,0.6501,0.6501,0.6501,100,0
ABLV.US,5,20260505,181000,0.65,0.65,0.65,0.65,450,0
ABLV.US,5,20260505,181500,0.661,0.661,0.661,0.661,100,0
ABLV.US,5,20260505,185000,0.665,0.665,0.665,0.665,100,0
ABLV.US,5,20260505,194500,0.665,0.665,0.665,0.665,2966,0
ABLV.US,5,20260505,200000,0.6501,0.6501,0.6501,0.6501,100,0
ABLV.US,5,20260505,203500,0.6502,0.6502,0.6502,0.6502,100,0
ABLV.US,5,20260505,212500,0.679899,0.679899,0.679899,0.679899,100,0
ABLV.US,5,20260505,213000,0.6793,0.69,0.6792,0.69,1200,0
ABLV.US,5,20260505,215500,0.67505,0.6778,0.67505,0.6778,278,0
ABLV.US,5,20260506,153000,0.67,0.702,0.6511,0.702,3700,0
ABLV.US,5,20260506,154000,0.67,0.67,0.67,0.67,101,0
ABLV.US,5,20260506,160000,0.678,0.678,0.678,0.678,109,0
ABLV.US,5,20260506,163500,0.651,0.651,0.651,0.651,100,0
ABLV.US,5,20260506,164500,0.651,0.651,0.651,0.651,148,0
ABLV.US,5,20260506,171000,0.6801,0.6801,0.68,0.68,200,0
ABLV.US,5,20260506,173000,0.6801,0.6801,0.6801,0.6801,100,0
ABLV.US,5,20260506,183000,0.69,0.69,0.69,0.69,810,0
ABLV.US,5,20260506,183500,0.6805,0.6805,0.6805,0.6805,100,0
ABLV.US,5,20260506,190000,0.7,0.7,0.7,0.7,1000,0
ABLV.US,5,20260506,191500,0.6809,0.6809,0.6809,0.6809,100,0
ABLV.US,5,20260506,192000,0.6805,0.6903,0.6805,0.6903,300,0
ABLV.US,5,20260506,193500,0.6809,0.6809,0.6809,0.6809,100,0
ABLV.US,5,20260506,201500,0.6903,0.6903,0.6903,0.6903,129,0
ABLV.US,5,20260506,202500,0.6809,0.6809,0.6809,0.6809,100,0
ABLV.US,5,20260506,205000,0.6805,0.6805,0.6805,0.6805,220,0
ABLV.US,5,20260506,211000,0.6805,0.6805,0.6805,0.6805,100,0
ABLV.US,5,20260506,215500,0.69,0.69,0.69,0.69,4917,0
ABLV.US,5,20260507,160500,0.675,0.675,0.675,0.675,100,0
ABLV.US,5,20260507,170500,0.666934,0.666934,0.666934,0.666934,200,0
ABLV.US,5,20260507,172000,0.65,0.65,0.65,0.65,113,0
ABLV.US,5,20260507,173000,0.6669,0.6669,0.6669,0.6669,1900,0
ABLV.US,5,20260507,173500,0.6501,0.6501,0.65,0.65,811,0
ABLV.US,5,20260507,174000,0.67,0.67,0.67,0.67,100,0
ABLV.US,5,20260507,180000,0.6501,0.6501,0.6501,0.6501,100,0
ABLV.US,5,20260507,183500,0.6501,0.6501,0.6501,0.6501,1200,0
ABLV.US,5,20260507,191500,0.6501,0.6598,0.6501,0.65975,619,0
ABLV.US,5,20260507,193500,0.67,0.67,0.6501,0.6501,200,0
ABLV.US,5,20260507,215500,0.67,0.67,0.67,0.67,1173,0
ABLV.US,5,20260508,153000,0.69,0.69,0.69,0.69,3000,0
ABLV.US,5,20260508,153500,0.69,0.74,0.69,0.725,2424,0
ABLV.US,5,20260508,154000,0.7475,0.82,0.7475,0.8,31730,0
ABLV.US,5,20260508,154500,0.8025,0.83,0.7701,0.8001,19467,0
ABLV.US,5,20260508,155000,0.825,0.87,0.81,0.87,14064,0
ABLV.US,5,20260508,155500,0.87,0.93,0.779101,0.7954,83126,0
ABLV.US,5,20260508,160000,0.7927,0.82,0.7316,0.81,30573,0
ABLV.US,5,20260508,160500,0.8151,0.8151,0.8,0.8,39908,0
ABLV.US,5,20260508,161000,0.8199,0.8299,0.81,0.8299,6221,0
ABLV.US,5,20260508,161500,0.8251,0.88199,0.8251,0.875,16253,0
ABLV.US,5,20260508,162000,0.85,0.8699,0.84,0.84,17401,0
ABLV.US,5,20260508,162500,0.84,0.85995,0.84,0.85,2740,0
ABLV.US,5,20260508,163000,0.8455,0.8455,0.83,0.8301,11999,0
ABLV.US,5,20260508,163500,0.826,0.826,0.81,0.8101,6109,0
ABLV.US,5,20260508,164000,0.82,0.82,0.82,0.82,800,0
ABLV.US,5,20260508,164500,0.821,0.821,0.821,0.821,1287,0
ABLV.US,5,20260508,165000,0.81,0.810051,0.81,0.810051,9178,0
ABLV.US,5,20260508,170000,0.7806,0.7806,0.77,0.7759,6204,0
ABLV.US,5,20260508,170500,0.801,0.8199,0.7929,0.7929,5910,0
ABLV.US,5,20260508,171000,0.770101,0.7702,0.7701,0.7702,874,0
ABLV.US,5,20260508,171500,0.7701,0.772,0.7701,0.772,1311,0
ABLV.US,5,20260508,172000,0.7803,0.7803,0.7803,0.7803,813,0
ABLV.US,5,20260508,173500,0.77,0.772,0.7615,0.7615,1361,0
ABLV.US,5,20260508,174000,0.74,0.75,0.74,0.747745,3135,0
ABLV.US,5,20260508,174500,0.772,0.8199,0.772,0.7935,10365,0
ABLV.US,5,20260508,175000,0.817,0.817,0.817,0.817,112,0
ABLV.US,5,20260508,175500,0.8169,0.8169,0.8169,0.8169,1000,0
ABLV.US,5,20260508,180000,0.816,0.816,0.8151,0.816,1533,0
ABLV.US,5,20260508,181500,0.7421,0.7482,0.7421,0.7421,1673,0
ABLV.US,5,20260508,182000,0.7999,0.7999,0.7401,0.7401,810,0
ABLV.US,5,20260508,182500,0.74,0.74,0.73,0.73,1449,0
ABLV.US,5,20260508,183000,0.73,0.73,0.73,0.73,130,0
ABLV.US,5,20260508,184000,0.7321,0.7321,0.7321,0.7321,100,0
ABLV.US,5,20260508,184500,0.7321,0.7321,0.7321,0.7321,149,0
ABLV.US,5,20260508,190000,0.75095,0.7699,0.7329,0.7329,2120,0
ABLV.US,5,20260508,191000,0.732101,0.732101,0.732101,0.732101,143,0
ABLV.US,5,20260508,192000,0.7331,0.7331,0.7331,0.7331,100,0
ABLV.US,5,20260508,192500,0.7331,0.7331,0.7331,0.7331,200,0
ABLV.US,5,20260508,193500,0.7361,0.7361,0.7361,0.7361,100,0
ABLV.US,5,20260508,194000,0.7371,0.7371,0.7371,0.7371,100,0
ABLV.US,5,20260508,202500,0.7415,0.7779,0.7415,0.761,6614,0
ABLV.US,5,20260508,203500,0.7499,0.7499,0.74,0.74,718,0
ABLV.US,5,20260508,211000,0.74,0.7407,0.74,0.7407,5800,0
ABLV.US,5,20260508,213000,0.741,0.741,0.741,0.741,1395,0
ABLV.US,5,20260508,213500,0.75,0.7699,0.7431,0.7699,508,0
ABLV.US,5,20260508,215500,0.756,0.7611,0.74,0.741,11325,0
ABLV.US,5,20260511,153000,0.76,0.77,0.76,0.77,1237,0
ABLV.US,5,20260511,153500,0.77,0.81,0.7525,0.7925,14341,0
ABLV.US,5,20260511,154000,0.81,0.82,0.81,0.82,1625,0
ABLV.US,5,20260511,154500,0.804,0.85,0.7965,0.85,4106,0
ABLV.US,5,20260511,155000,0.85,0.85,0.85,0.85,2280,0
ABLV.US,5,20260511,155500,0.85,0.85,0.85,0.85,1980,0
ABLV.US,5,20260511,160000,0.83,0.85,0.83,0.85,1299,0
ABLV.US,5,20260511,160500,0.85,0.8627,0.84,0.8627,2407,0
ABLV.US,5,20260511,161000,0.87,0.87,0.87,0.87,499,0
ABLV.US,5,20260511,161500,0.87,0.8999,0.8288,0.8999,7616,0
ABLV.US,5,20260511,162000,0.8999,0.8999,0.8999,0.8999,1000,0
ABLV.US,5,20260511,162500,0.899,0.91,0.899,0.91,5907,0
ABLV.US,5,20260511,163000,0.9,0.9,0.9,0.9,2006,0
ABLV.US,5,20260511,163500,0.92,0.92,0.92,0.92,488,0
ABLV.US,5,20260511,164000,0.8999,0.8999,0.8828,0.8999,1084,0
ABLV.US,5,20260511,164500,0.9,0.9,0.85,0.85,242,0
ABLV.US,5,20260511,165000,0.899,0.9,0.85,0.88,1399,0
ABLV.US,5,20260511,165500,0.865,0.9,0.86,0.9,11573,0
ABLV.US,5,20260511,170000,0.9,0.9,0.9,0.9,500,0
ABLV.US,5,20260511,170500,0.9,0.9,0.86,0.8674,13549,0
ABLV.US,5,20260511,171000,0.8601,0.904,0.86,0.8601,2567,0
ABLV.US,5,20260511,171500,0.9098,0.92,0.9096,0.92,447,0
ABLV.US,5,20260511,172000,0.86,0.9199,0.86,0.9096,1547,0
ABLV.US,5,20260511,173500,0.9091,0.9092,0.9091,0.9092,626,0
ABLV.US,5,20260511,174000,0.915,0.915,0.915,0.915,475,0
ABLV.US,5,20260511,175000,0.915,0.915,0.915,0.915,500,0
ABLV.US,5,20260511,175500,0.9186,0.9223,0.915,0.9223,3956,0
ABLV.US,5,20260511,181000,0.9491,0.95,0.8801,0.8801,900,0
ABLV.US,5,20260511,182000,0.942,0.95,0.942,0.95,434,0
ABLV.US,5,20260511,182500,0.95,0.96,0.95,0.96,1837,0
ABLV.US,5,20260511,183000,0.959,0.9701,0.959,0.97,700,0
ABLV.US,5,20260511,183500,0.96,0.96,0.959,0.959,6010,0
ABLV.US,5,20260511,184000,0.96,0.96,0.96,0.96,700,0
ABLV.US,5,20260511,185000,0.96,0.96,0.96,0.96,500,0
ABLV.US,5,20260511,185500,0.96,0.975,0.96,0.975,7914,0
ABLV.US,5,20260511,190000,0.9501,0.98,0.9501,0.9601,2400,0
ABLV.US,5,20260511,190500,0.97,0.9728,0.97,0.9701,1674,0
ABLV.US,5,20260511,191000,0.99,0.99,0.99,0.99,400,0
ABLV.US,5,20260511,191500,1,1,0.9901,0.9901,1800,0
ABLV.US,5,20260511,192000,0.995,0.995,0.990001,0.9915,1100,0
ABLV.US,5,20260511,192500,0.9901,0.9932,0.99,0.99,1705,0
ABLV.US,5,20260511,193000,0.99,0.99,0.9867,0.9867,700,0
ABLV.US,5,20260511,193500,0.99,0.9901,0.99,0.9901,2100,0
ABLV.US,5,20260511,194500,0.97,0.9783,0.97,0.9701,1410,0
ABLV.US,5,20260511,195500,0.9866,1,0.98659,0.9999,3427,0
ABLV.US,5,20260511,200000,0.985,0.985,0.985,0.985,500,0
ABLV.US,5,20260511,202500,0.9885,0.9885,0.9701,0.9701,807,0
ABLV.US,5,20260511,203000,0.9701,0.9701,0.9701,0.9701,1485,0
ABLV.US,5,20260511,203500,0.9701,0.9701,0.97005,0.9701,1399,0
ABLV.US,5,20260511,210000,0.9701,0.9701,0.97,0.9701,8008,0
ABLV.US,5,20260511,212000,0.9999,0.9999,0.9999,0.9999,1236,0
ABLV.US,5,20260511,212500,0.994,1.02,0.994,1.02,26799,0
ABLV.US,5,20260511,213000,1.02,1.04,1.02,1.04,1768,0
ABLV.US,5,20260511,213500,1.05,1.05,1.0274,1.04,4559,0
ABLV.US,5,20260511,214000,1.0366,1.0366,1.03,1.03,978,0
ABLV.US,5,20260511,214500,1.04,1.04,1.0307,1.0307,1964,0
ABLV.US,5,20260511,215500,1.05,1.08,1.04,1.05,8794,0
ABLV.US,5,20260512,153000,1.05,1.05,1,1.045,1147,0
ABLV.US,5,20260512,153500,1.02,1.02,1.02,1.02,100,0
ABLV.US,5,20260512,154500,1.035,1.05,1.01,1.05,10178,0
ABLV.US,5,20260512,160000,1.048,1.0493,1.045,1.045,480,0
ABLV.US,5,20260512,161000,1.045,1.045,1.04,1.04,700,0
ABLV.US,5,20260512,161500,1.0202,1.0202,1.0202,1.0202,100,0
ABLV.US,5,20260512,162000,1.02,1.0215,1.02,1.0215,500,0
ABLV.US,5,20260512,162500,1.03,1.03,1.03,1.03,200,0
ABLV.US,5,20260512,164000,1.03,1.03,1.03,1.03,695,0
ABLV.US,5,20260512,175000,1.025,1.025,1.02,1.02,5100,0
ABLV.US,5,20260512,175500,1.02,1.02,1.02,1.02,100,0
ABLV.US,5,20260512,180000,1.01,1.01,1,1,10300,0
ABLV.US,5,20260512,181500,0.9899,1,0.9899,1,594,0
ABLV.US,5,20260512,182000,1,1.025,1,1.025,649,0
ABLV.US,5,20260512,182500,1,1,1,1,500,0
ABLV.US,5,20260512,183000,0.99,1.015,0.99,1.015,1533,0
ABLV.US,5,20260512,192500,1.015,1.015,1.015,1.015,200,0
ABLV.US,5,20260512,193000,1.028,1.028,1.028,1.028,200,0
ABLV.US,5,20260512,195000,1.03,1.03,1.03,1.03,600,0
ABLV.US,5,20260512,200500,1.03,1.03,1.03,1.03,200,0
ABLV.US,5,20260512,203000,1.02,1.025,1.02,1.025,400,0
ABLV.US,5,20260512,203500,1.02,1.02,1.02,1.02,100,0
ABLV.US,5,20260512,204000,1.01,1.02,1,1.01,5365,0
ABLV.US,5,20260512,212000,1.02,1.03,1.02,1.02,14255,0
ABLV.US,5,20260512,212500,1.03,1.03,1,1.03,21798,0
ABLV.US,5,20260512,213000,1.02,1.03,1.02,1.02,26200,0
ABLV.US,5,20260512,213500,1.03,1.03,1,1.0186,5862,0
ABLV.US,5,20260512,214500,1.02,1.02,1.02,1.02,300,0
ABLV.US,5,20260513,153000,1.01,1.01,1.0005,1.0005,547,0
ABLV.US,5,20260513,153500,1,1,1,1,1300,0
ABLV.US,5,20260513,155500,1.028,1.028,1.028,1.028,100,0
ABLV.US,5,20260513,160000,1.02,1.04,1.02,1.04,2285,0
ABLV.US,5,20260513,161500,1.02,1.03,1.02,1.03,3100,0
ABLV.US,5,20260513,162000,1.02,1.02,1.02,1.02,250,0
ABLV.US,5,20260513,163500,1.02,1.0399,1.02,1.0399,1751,0
ABLV.US,5,20260513,164000,1.02,1.02,1.02,1.02,280,0
ABLV.US,5,20260513,170000,1.02,1.02,1.02,1.02,3000,0
ABLV.US,5,20260513,171500,1,1,1,1,100,0
ABLV.US,5,20260513,172000,1,1,1,1,123,0
ABLV.US,5,20260513,172500,1.02,1.02,1.02,1.02,5500,0
ABLV.US,5,20260513,175000,1,1,1,1,100,0
ABLV.US,5,20260513,175500,1.0005,1.0005,1,1,11736,0
ABLV.US,5,20260513,181500,1.01,1.01,1.0003,1.01,6200,0
ABLV.US,5,20260513,183500,1.01,1.01,1.01,1.01,100,0
ABLV.US,5,20260513,190500,1.02,1.02,1.02,1.02,10000,0
ABLV.US,5,20260513,192500,1.02,1.03,1.02,1.02,10698,0
ABLV.US,5,20260513,194500,1.02,1.04,1.02,1.04,10200,0
ABLV.US,5,20260513,195000,1.01,1.01,1,1,400,0
ABLV.US,5,20260513,201000,1.03,1.03,1.03,1.03,10000,0
ABLV.US,5,20260513,202000,1.03,1.03,1.03,1.03,13000,0
ABLV.US,5,20260513,202500,1.0007,1.0007,1,1,1583,0
ABLV.US,5,20260513,203500,1.02,1.02,1.0001,1.0001,2747,0
ABLV.US,5,20260513,204500,1.005,1.03,1.005,1.03,20080,0
ABLV.US,5,20260513,205000,1.03,1.03,1.03,1.03,2040,0
ABLV.US,5,20260513,210000,1,1,1,1,100,0
ABLV.US,5,20260513,214000,1,1.01,1,1.01,505,0
ABLV.US,5,20260513,215500,1.025,1.025,1.025,1.025,100,0
ABLV.US,5,20260514,153000,1,1,1,1,1100,0
ABLV.US,5,20260514,154500,1.03,1.03,1.03,1.03,700,0
ABLV.US,5,20260514,155500,1.0082,1.0082,1.0076,1.0076,2835,0
ABLV.US,5,20260514,160000,1.0148,1.0148,1.0148,1.0148,465,0
ABLV.US,5,20260514,161500,1,1.01,1,1.01,7191,0
ABLV.US,5,20260514,162000,1.01,1.01,1.01,1.01,3000,0
ABLV.US,5,20260514,163500,1.005,1.005,1.005,1.005,100,0
ABLV.US,5,20260514,165000,1.005,1.0051,1,1.0051,705,0
ABLV.US,5,20260514,171500,1.01,1.01,1.01,1.01,6867,0
ABLV.US,5,20260514,172000,1.01,1.01,1.01,1.01,5700,0
ABLV.US,5,20260514,173500,1.01,1.01,1.01,1.01,1802,0
ABLV.US,5,20260514,174000,1.01,1.01,1.01,1.01,482,0
ABLV.US,5,20260514,174500,1.02,1.02,1,1.02,829,0
ABLV.US,5,20260514,175500,1,1.02,1,1.02,15395,0
ABLV.US,5,20260514,181000,1.0026,1.01,1.0026,1.0026,3246,0
ABLV.US,5,20260514,183000,1,1,1,1,100,0
ABLV.US,5,20260514,191000,1.02,1.02,1.02,1.02,15120,0
ABLV.US,5,20260514,192000,1.01,1.01,1.01,1.01,100,0
ABLV.US,5,20260514,192500,1,1,1,1,1880,0
ABLV.US,5,20260514,194000,1,1.02,1,1,3393,0
ABLV.US,5,20260514,194500,1,1,1,1,1535,0
ABLV.US,5,20260514,195500,1.02,1.03,1.02,1.03,15500,0
ABLV.US,5,20260514,200500,1.02,1.02,1.02,1.02,100,0
ABLV.US,5,20260514,201500,1.03,1.03,1.03,1.03,6900,0
ABLV.US,5,20260514,202000,1.03,1.03,1.02,1.03,8100,0
ABLV.US,5,20260514,203500,1,1,1,1,100,0
ABLV.US,5,20260514,204500,1.03,1.03,1.03,1.03,15220,0
ABLV.US,5,20260514,212000,1,1,1,1,100,0
ABLV.US,5,20260514,213500,1,1,1,1,100,0
ABLV.US,5,20260514,215000,1.02,1.02,1.02,1.02,164,0
ABLV.US,5,20260514,215500,1.01,1.04,1,1.04,2795,0
ABLV.US,5,20260515,154500,1.02,1.02,1.02,1.02,10200,0
ABLV.US,5,20260515,160000,1.02,1.02,1.02,1.02,1300,0
ABLV.US,5,20260515,160500,1,1.0153,1,1.0153,1980,0
ABLV.US,5,20260515,161000,1,1.01,1,1.01,6895,0
ABLV.US,5,20260515,162500,1,1,1,1,165,0
ABLV.US,5,20260515,163500,1,1,0.99,1,20081,0
ABLV.US,5,20260515,164000,1.01,1.01,1.01,1.01,112,0
ABLV.US,5,20260515,164500,1,1.01,1,1.01,9448,0
ABLV.US,5,20260515,165000,1.01,1.02,1.01,1.02,18036,0
ABLV.US,5,20260515,171500,1.02,1.02,1.02,1.02,3526,0
ABLV.US,5,20260515,174500,1,1,1,1,100,0
ABLV.US,5,20260515,182500,1.02,1.02,1.02,1.02,10000,0
ABLV.US,5,20260515,190000,1,1,1,1,100,0
ABLV.US,5,20260515,191000,1.02,1.02,1.02,1.02,10000,0
ABLV.US,5,20260515,193000,1.0002,1.0002,1.0002,1.0002,1278,0
ABLV.US,5,20260515,195500,1.01,1.01,1.01,1.01,100,0
ABLV.US,5,20260515,200000,1.02,1.03,1.02,1.03,21791,0
ABLV.US,5,20260515,203500,1.01,1.01,1.01,1.01,100,0
ABLV.US,5,20260515,204000,1.01,1.01,1.01,1.01,200,0
ABLV.US,5,20260515,211000,1.015,1.015,1.015,1.015,100,0
ABLV.US,5,20260515,215500,1.02,1.02,1.02,1.02,416,0
ABLV.US,5,20260518,153000,0.9894,1.01,0.9894,1.01,516,0
ABLV.US,5,20260518,160500,1.01,1.01,1.01,1.01,100,0
ABLV.US,5,20260518,163000,1.0009,1.0009,1.0009,1.0009,200,0
ABLV.US,5,20260518,163500,1,1,1,1,200,0
ABLV.US,5,20260518,164000,1,1,1,1,584,0
ABLV.US,5,20260518,165500,1.01,1.01,1.01,1.01,100,0
ABLV.US,5,20260518,172500,1.01,1.01,1.01,1.01,100,0
ABLV.US,5,20260518,173000,1.01,1.01,1.01,1.01,2000,0
ABLV.US,5,20260518,173500,1.01,1.01,1.01,1.01,11100,0
ABLV.US,5,20260518,174500,1.02,1.02,1.02,1.02,200,0
ABLV.US,5,20260518,181000,1.01,1.01,1.01,1.01,10000,0
ABLV.US,5,20260518,182000,1.01,1.01,1.01,1.01,1000,0
ABLV.US,5,20260518,183500,1,1,1,1,100,0
ABLV.US,5,20260518,190500,1.01,1.01,1.01,1.01,21100,0
ABLV.US,5,20260518,192500,1.01,1.01,1.01,1.01,3000,0
ABLV.US,5,20260518,193000,1.01,1.01,1.01,1.01,20121,0
ABLV.US,5,20260518,195000,1.01,1.01,1.01,1.01,800,0
ABLV.US,5,20260518,195500,1.01,1.01,1.01,1.01,1200,0
ABLV.US,5,20260518,200000,1.01,1.01,1.01,1.01,2600,0
ABLV.US,5,20260518,200500,1.01,1.01,1.01,1.01,3700,0
ABLV.US,5,20260518,201000,1.01,1.01,1.01,1.01,5200,0
ABLV.US,5,20260518,201500,1.01,1.01,1.01,1.01,2600,0
ABLV.US,5,20260518,202000,1.01,1.01,1.01,1.01,6000,0
ABLV.US,5,20260518,202500,1.01,1.01,1.01,1.01,2500,0
ABLV.US,5,20260518,203000,1.01,1.01,1.01,1.01,1400,0
ABLV.US,5,20260518,203500,1.01,1.01,1.01,1.01,4200,0
ABLV.US,5,20260518,204000,1.01,1.01,1.01,1.01,11700,0
ABLV.US,5,20260518,204500,1.01,1.01,1.01,1.01,5000,0
ABLV.US,5,20260518,205500,1,1,1,1,100,0
ABLV.US,5,20260518,212000,1.0001,1.0001,1.0001,1.0001,10000,0
ABLV.US,5,20260518,212500,1,1,1,1,745,0
ABLV.US,5,20260518,215500,1.01,1.02,1.01,1.01,400,0
ABLV.US,5,20260519,153000,0.9894,1.02,0.9894,1.02,897,0
ABLV.US,5,20260519,160000,1.02,1.02,1.02,1.02,2600,0
ABLV.US,5,20260519,160500,1.02,1.02,1.02,1.02,6500,0
ABLV.US,5,20260519,161000,1.02,1.02,1.02,1.02,2500,0
ABLV.US,5,20260519,161500,1.02,1.02,1.02,1.02,5000,0
ABLV.US,5,20260519,162000,1.02,1.02,1.02,1.02,4500,0
ABLV.US,5,20260519,162500,1.02,1.02,1.02,1.02,3500,0
ABLV.US,5,20260519,163000,1.02,1.02,1.02,1.02,2700,0
ABLV.US,5,20260519,164000,1.02,1.02,1.02,1.02,3200,0
ABLV.US,5,20260519,164500,1.02,1.02,1.02,1.02,3800,0
ABLV.US,5,20260519,165500,1.02,1.02,1.02,1.02,4000,0
ABLV.US,5,20260519,170500,1.02,1.02,1.01,1.02,8700,0
ABLV.US,5,20260519,171000,1.01,1.01,1.01,1.01,300,0
ABLV.US,5,20260519,173500,1.005,1.005,1.005,1.005,200,0
ABLV.US,5,20260519,175500,1.01,1.01,1,1.01,1400,0
ABLV.US,5,20260519,181000,1.01,1.01,1.01,1.01,2373,0
ABLV.US,5,20260519,181500,1.01,1.01,1.01,1.01,2000,0
ABLV.US,5,20260519,183000,1.01,1.01,1.01,1.01,2800,0
ABLV.US,5,20260519,183500,1.01,1.01,1.01,1.01,2800,0
ABLV.US,5,20260519,184000,1.0024,1.01,1.0024,1.01,5036,0
ABLV.US,5,20260519,185000,1.01,1.01,1.01,1.01,2000,0
ABLV.US,5,20260519,185500,1.01,1.01,1.01,1.01,2700,0
ABLV.US,5,20260519,190000,1.005,1.01,1,1.01,7097,0
ABLV.US,5,20260519,190500,1.01,1.01,1.0001,1.0001,1800,0
ABLV.US,5,20260519,191500,1.01,1.01,1.01,1.01,6400,0
ABLV.US,5,20260519,192000,1.01,1.01,1.01,1.01,4200,0
ABLV.US,5,20260519,192500,1,1,1,1,17928,0
ABLV.US,5,20260519,193000,0.99,1,0.99,0.99,1674,0
ABLV.US,5,20260519,193500,0.9999,1.01,0.995,1.01,35552,0
ABLV.US,5,20260519,201500,1,1,1,1,100,0
ABLV.US,5,20260519,202500,1,1,1,1,100,0
ABLV.US,5,20260519,204000,1,1,1,1,100,0
ABLV.US,5,20260519,213500,1,1,1,1,100,0
ABLV.US,5,20260519,215500,1.01,1.01,1.01,1.01,634,0
ABLV.US,5,20260520,154500,1.01,1.01,1.01,1.01,3827,0
ABLV.US,5,20260520,155000,1.01,1.01,1.01,1.01,2800,0
ABLV.US,5,20260520,160000,1.01,1.01,1.01,1.01,3100,0
ABLV.US,5,20260520,160500,1.01,1.01,1.01,1.01,2200,0
ABLV.US,5,20260520,161000,1.01,1.01,1.01,1.01,1100,0
ABLV.US,5,20260520,161500,1.01,1.01,1.01,1.01,1500,0
ABLV.US,5,20260520,162000,1.01,1.01,1.01,1.01,1400,0
ABLV.US,5,20260520,163000,1.01,1.01,1.01,1.01,1600,0
ABLV.US,5,20260520,163500,1,1.01,1,1.01,900,0
ABLV.US,5,20260520,164500,1.01,1.01,1.01,1.01,2000,0
ABLV.US,5,20260520,170000,1.01,1.01,1,1,900,0
ABLV.US,5,20260520,171500,1,1,1,1,8500,0
ABLV.US,5,20260520,172500,1.01,1.01,1.01,1.01,100,0
ABLV.US,5,20260520,174500,1.01,1.02,1.009,1.02,13797,0
ABLV.US,5,20260520,175500,1.02,1.02,1.02,1.02,4500,0
ABLV.US,5,20260520,180000,1,1.02,1,1.02,4001,0
ABLV.US,5,20260520,181000,1.02,1.02,1.02,1.02,25700,0
ABLV.US,5,20260520,185500,1.02,1.02,1.02,1.02,20111,0
ABLV.US,5,20260520,194000,1.02,1.02,1.02,1.02,2700,0
ABLV.US,5,20260520,194500,1.02,1.02,1.02,1.02,2200,0
ABLV.US,5,20260520,195000,1.02,1.02,1.02,1.02,15083,0
ABLV.US,5,20260520,200500,1.02,1.02,1.02,1.02,1000,0
ABLV.US,5,20260520,212500,1.01,1.01,1.01,1.01,477,0
ABLV.US,5,20260520,214500,1.02,1.02,1.02,1.02,100,0
ABLV.US,5,20260520,215000,1.04,1.04,1.01,1.01,3750,0
ABLV.US,5,20260520,215500,1.0136,1.0136,1.0136,1.0136,100,0
ABLV.US,5,20260521,153000,1.01,1.01,1.0016,1.0016,326,0
ABLV.US,5,20260521,160500,1.02,1.02,1.02,1.02,3500,0
ABLV.US,5,20260521,161500,1.02,1.02,1.02,1.02,5700,0
ABLV.US,5,20260521,162000,1.02,1.02,1.02,1.02,1800,0
ABLV.US,5,20260521,163500,1,1.02,1,1.02,4511,0
ABLV.US,5,20260521,164000,1.02,1.02,1.02,1.02,3800,0
ABLV.US,5,20260521,164500,1.02,1.02,1.02,1.02,3900,0
ABLV.US,5,20260521,165000,1.02,1.02,1.02,1.02,2000,0
ABLV.US,5,20260521,165500,1.006,1.02,1,1.02,10200,0
ABLV.US,5,20260521,170000,1.02,1.02,1.02,1.02,1500,0
ABLV.US,5,20260521,170500,1.02,1.02,1.02,1.02,3100,0
ABLV.US,5,20260521,171000,1.02,1.02,1.02,1.02,3100,0
ABLV.US,5,20260521,171500,1.02,1.02,1.02,1.02,2200,0
ABLV.US,5,20260521,172000,1.02,1.02,1.02,1.02,3200,0
ABLV.US,5,20260521,172500,1.02,1.02,1.02,1.02,2700,0
ABLV.US,5,20260521,173000,1.02,1.02,1.02,1.02,8200,0
ABLV.US,5,20260521,173500,1.02,1.02,1.02,1.02,12968,0
ABLV.US,5,20260521,174000,1.02,1.02,1.02,1.02,2600,0
ABLV.US,5,20260521,174500,1.02,1.02,1.02,1.02,2500,0
ABLV.US,5,20260521,175000,1.02,1.02,1.02,1.02,5175,0
ABLV.US,5,20260521,180500,1.02,1.02,1.02,1.02,2800,0
ABLV.US,5,20260521,181000,1.02,1.02,1.02,1.02,2700,0
ABLV.US,5,20260521,181500,1.02,1.02,1.02,1.02,2300,0
ABLV.US,5,20260521,182000,1.02,1.02,1.02,1.02,2300,0
ABLV.US,5,20260521,183500,1.02,1.02,1.02,1.02,2100,0
ABLV.US,5,20260521,184000,1.02,1.02,1.02,1.02,3000,0
ABLV.US,5,20260521,185000,1.02,1.02,1.02,1.02,2300,0
ABLV.US,5,20260521,190500,1.02,1.02,1.02,1.02,2000,0
ABLV.US,5,20260521,191000,1.02,1.02,1.02,1.02,1386,0
ABLV.US,5,20260521,193500,1.02,1.02,1.02,1.02,1600,0
ABLV.US,5,20260521,194500,1.02,1.02,1.02,1.02,3000,0
ABLV.US,5,20260521,195000,1.02,1.02,1.02,1.02,2800,0
ABLV.US,5,20260521,195500,1.02,1.02,1.02,1.02,5700,0
ABLV.US,5,20260521,200000,1.02,1.02,1,1.02,3350,0
ABLV.US,5,20260522,153000,1,1,1,1,20000,0
ABLV.US,5,20260522,153500,1.002,1.002,1.002,1.002,7000,0
ABLV.US,5,20260522,154500,1.01,1.01,1.01,1.01,5000,0
ABLV.US,5,20260522,160500,1.01,1.01,1.01,1.01,8000,0
ABLV.US,5,20260522,161500,1.01,1.01,1.01,1.01,7300,0
ABLV.US,5,20260522,163000,1.01,1.01,1.01,1.01,2300,0
ABLV.US,5,20260522,164500,1.01,1.01,1.01,1.01,2555,0
ABLV.US,5,20260522,170000,1.01,1.01,1.01,1.01,6200,0
ABLV.US,5,20260522,171000,1.01,1.01,1.01,1.01,2200,0
ABLV.US,5,20260522,171500,1.01,1.01,1.01,1.01,2500,0
ABLV.US,5,20260522,172500,1.01,1.01,1.01,1.01,1500,0
ABLV.US,5,20260522,173000,1.005,1.01,1.005,1.01,3900,0
ABLV.US,5,20260522,174500,1.01,1.01,1.01,1.01,4200,0
ABLV.US,5,20260522,175500,1.01,1.01,1.01,1.01,2900,0
ABLV.US,5,20260522,180000,1.01,1.01,1.01,1.01,4700,0
ABLV.US,5,20260522,181000,1.01,1.01,1.01,1.01,2000,0
ABLV.US,5,20260522,181500,1.01,1.01,1.01,1.01,1700,0
ABLV.US,5,20260522,182000,1.005,1.01,1.005,1.01,2100,0
ABLV.US,5,20260522,182500,1.01,1.01,1.01,1.01,3745,0
ABLV.US,5,20260522,183000,1.015,1.015,1.015,1.015,100,0
ABLV.US,5,20260522,183500,1.0046,1.0046,1.0046,1.0046,4952,0
ABLV.US,5,20260522,185000,1.01,1.01,1.005,1.005,2151,0
ABLV.US,5,20260522,190000,1.01,1.01,1.01,1.01,1800,0
ABLV.US,5,20260522,190500,1.01,1.01,1.01,1.01,2700,0
ABLV.US,5,20260522,191000,1.01,1.01,1.01,1.01,3500,0
ABLV.US,5,20260522,192000,1.01,1.01,1.01,1.01,1600,0
ABLV.US,5,20260522,192500,1.01,1.01,1.01,1.01,2500,0
ABLV.US,5,20260522,193500,1.01,1.01,1.01,1.01,2400,0
ABLV.US,5,20260522,194500,1.005,1.005,1.005,1.005,100,0
ABLV.US,5,20260522,195500,1.005,1.01,1.005,1.01,3790,0
ABLV.US,5,20260522,201000,1.01,1.01,1.01,1.01,2000,0
ABLV.US,5,20260522,201500,1.01,1.01,1.01,1.01,4700,0
ABLV.US,5,20260522,210500,1.015,1.015,1.015,1.015,333,0
ABLV.US,5,20260522,212500,1.015,1.015,1.015,1.015,114,0
ABLV.US,5,20260522,215500,1.03,1.03,1.03,1.03,503,0
ABLV.US,5,20260526,160000,1.02,1.02,1.02,1.02,2200,0
ABLV.US,5,20260526,160500,1.02,1.02,1.02,1.02,2300,0
ABLV.US,5,20260526,161000,1.02,1.02,1.02,1.02,3159,0
ABLV.US,5,20260526,161500,1.02,1.02,1.02,1.02,1400,0
ABLV.US,5,20260526,162000,1.02,1.02,1.02,1.02,1600,0
ABLV.US,5,20260526,162500,1.02,1.02,1.02,1.02,3000,0
ABLV.US,5,20260526,164000,1.02,1.02,1.02,1.02,2200,0
ABLV.US,5,20260526,164500,1.02,1.02,1.02,1.02,2000,0
ABLV.US,5,20260526,165000,1.01,1.02,1.01,1.02,2700,0
ABLV.US,5,20260526,165500,1.02,1.02,1.02,1.02,2700,0
ABLV.US,5,20260526,170000,1.02,1.02,1.02,1.02,639,0
ABLV.US,5,20260526,170500,1.02,1.02,1.02,1.02,8300,0
ABLV.US,5,20260526,171000,1.02,1.02,1.02,1.02,12000,0
ABLV.US,5,20260526,171500,1.01,1.01,1,1.01,8869,0
ABLV.US,5,20260526,172000,1.01,1.01,1.01,1.01,7200,0
ABLV.US,5,20260526,172500,1,1.01,1,1.01,6800,0
ABLV.US,5,20260526,173000,1.01,1.01,1.01,1.01,4300,0
ABLV.US,5,20260526,173500,1.01,1.01,1.01,1.01,3400,0
ABLV.US,5,20260526,174000,1.01,1.01,1.01,1.01,2200,0
ABLV.US,5,20260526,174500,1.01,1.01,1.01,1.01,2000,0
ABLV.US,5,20260526,175000,1.01,1.01,1.01,1.01,4700,0
ABLV.US,5,20260526,175500,1.01,1.01,1.01,1.01,3700,0
ABLV.US,5,20260526,180000,1.01,1.01,1.01,1.01,2000,0
ABLV.US,5,20260526,180500,1.01,1.01,1.01,1.01,1800,0
ABLV.US,5,20260526,181500,1.01,1.01,1.01,1.01,3000,0
ABLV.US,5,20260526,182000,1.01,1.01,1.01,1.01,6650,0
ABLV.US,5,20260526,182500,1.01,1.01,1.01,1.01,1500,0
ABLV.US,5,20260526,183000,1.01,1.01,1.01,1.01,2300,0
ABLV.US,5,20260526,184500,1.01,1.01,1.01,1.01,1300,0
ABLV.US,5,20260526,190000,1.01,1.01,1.01,1.01,2500,0
ABLV.US,5,20260526,191000,1.01,1.01,1.01,1.01,1700,0
ABLV.US,5,20260526,194000,1.01,1.01,1.01,1.01,2400,0
ABLV.US,5,20260526,194500,1.01,1.01,1.01,1.01,3300,0
ABLV.US,5,20260526,195000,1.01,1.01,1.01,1.01,2000,0
ABLV.US,5,20260526,200000,1.01,1.01,1.01,1.01,1200,0
ABLV.US,5,20260526,201500,1,1,1,1,10000,0
ABLV.US,5,20260526,214500,1.01,1.01,1.01,1.01,300,0
ABLV.US,5,20260526,215500,1,1,1,1,278,0
ABLV.US,5,20260527,153500,1.01,1.01,1.01,1.01,700,0
ABLV.US,5,20260527,164000,1.02,1.02,1.02,1.02,2600,0
ABLV.US,5,20260527,164500,1.02,1.02,1.02,1.02,1200,0
ABLV.US,5,20260527,165000,1.02,1.02,1.02,1.02,1000,0
ABLV.US,5,20260527,165500,1.02,1.02,1.02,1.02,2000,0
ABLV.US,5,20260527,170000,1.02,1.02,1.02,1.02,2600,0
ABLV.US,5,20260527,170500,1.02,1.02,1.02,1.02,500,0
ABLV.US,5,20260527,171000,1.02,1.02,1.02,1.02,2400,0
ABLV.US,5,20260527,171500,1.02,1.02,1.02,1.02,1800,0
ABLV.US,5,20260527,172000,1.02,1.02,1.02,1.02,1000,0
ABLV.US,5,20260527,172500,1.02,1.02,1.02,1.02,1900,0
ABLV.US,5,20260527,173000,1.02,1.02,1.02,1.02,3900,0
ABLV.US,5,20260527,173500,1.02,1.02,1.02,1.02,2200,0
ABLV.US,5,20260527,174000,1.02,1.02,1.02,1.02,3300,0
ABLV.US,5,20260527,174500,1.02,1.02,1.02,1.02,5400,0
ABLV.US,5,20260527,175000,1.02,1.02,1.02,1.02,6200,0
ABLV.US,5,20260527,180000,1.02,1.02,1.01,1.02,4700,0
ABLV.US,5,20260527,180500,1.02,1.02,1.02,1.02,5900,0
ABLV.US,5,20260527,181000,1.02,1.02,1.02,1.02,3100,0
ABLV.US,5,20260527,182500,1.02,1.02,1.02,1.02,6700,0
ABLV.US,5,20260527,184000,1.01,1.01,1.01,1.01,3000,0
ABLV.US,5,20260527,184500,1.01,1.01,1.01,1.01,2700,0
ABLV.US,5,20260527,185500,1.01,1.01,1.01,1.01,4300,0
ABLV.US,5,20260527,190000,1.01,1.01,1,1.01,9095,0
ABLV.US,5,20260527,190500,1.01,1.01,1.01,1.01,3000,0
ABLV.US,5,20260527,191500,1,1.01,1,1.01,7200,0
ABLV.US,5,20260527,192000,1.01,1.01,1,1.01,5174,0
ABLV.US,5,20260527,192500,1.01,1.01,1.01,1.01,5000,0
ABLV.US,5,20260527,193000,1.01,1.01,1.01,1.01,3500,0
ABLV.US,5,20260527,193500,1.01,1.01,1.01,1.01,3000,0
ABLV.US,5,20260527,195000,1,1.01,1,1.01,4100,0
ABLV.US,5,20260527,200500,1.01,1.01,1,1,5176,0
ABLV.US,5,20260527,202000,1.01,1.01,1.01,1.01,5000,0
ABLV.US,5,20260527,210000,1,1,1,1,100,0
ABLV.US,5,20260528,153000,0.98,0.98,0.98,0.98,509,0
ABLV.US,5,20260528,154500,1.02,1.02,1.02,1.02,2100,0
ABLV.US,5,20260528,155000,1.02,1.02,1.02,1.02,2000,0
ABLV.US,5,20260528,155500,1.02,1.02,1.02,1.02,600,0
ABLV.US,5,20260528,160000,1.02,1.02,1.02,1.02,2200,0
ABLV.US,5,20260528,160500,1,1.02,1,1.02,5243,0
ABLV.US,5,20260528,161000,1.02,1.02,1,1,1954,0
ABLV.US,5,20260528,161500,1.02,1.02,1.02,1.02,3300,0
ABLV.US,5,20260528,162000,1.02,1.02,1.02,1.02,2200,0
ABLV.US,5,20260528,162500,1.02,1.02,1.02,1.02,1300,0
ABLV.US,5,20260528,163000,1.02,1.02,1.02,1.02,1800,0
ABLV.US,5,20260528,164000,1.02,1.02,1.02,1.02,2100,0
ABLV.US,5,20260528,164500,1.02,1.02,1.02,1.02,2000,0
ABLV.US,5,20260528,165000,1.02,1.02,1.02,1.02,1800,0
ABLV.US,5,20260528,165500,1.02,1.02,1.02,1.02,1400,0
ABLV.US,5,20260528,170000,1,1,1,1,582,0
ABLV.US,5,20260528,170500,1.02,1.02,1.02,1.02,2100,0
ABLV.US,5,20260528,171000,1.02,1.02,1.02,1.02,1300,0
ABLV.US,5,20260528,172500,1.02,1.04,1.01,1.03,6505,0
ABLV.US,5,20260528,173000,1.03,1.03,1.03,1.03,1300,0
ABLV.US,5,20260528,173500,1.03,1.03,1.03,1.03,2400,0
ABLV.US,5,20260528,174000,1.03,1.03,1.03,1.03,3100,0
ABLV.US,5,20260528,174500,1.03,1.03,1.03,1.03,2400,0
ABLV.US,5,20260528,175000,1.03,1.03,1.03,1.03,1500,0
ABLV.US,5,20260528,180000,1.03,1.03,1.03,1.03,1600,0
ABLV.US,5,20260528,181000,1.03,1.03,1.03,1.03,1600,0
ABLV.US,5,20260528,181500,1.03,1.03,1.03,1.03,2600,0
ABLV.US,5,20260528,182000,1.03,1.03,1.03,1.03,1600,0
ABLV.US,5,20260528,183000,1.03,1.03,1.03,1.03,2000,0
ABLV.US,5,20260528,184000,1.03,1.03,1.03,1.03,1800,0
ABLV.US,5,20260528,184500,1.03,1.03,1.03,1.03,6076,0
ABLV.US,5,20260528,192000,1.01,1.01,1.01,1.01,100,0
ABLV.US,5,20260528,193500,1.04,1.04,1.04,1.04,9000,0
ABLV.US,5,20260528,194000,1.04,1.04,1.04,1.04,9000,0
ABLV.US,5,20260528,195000,1.04,1.04,1.04,1.04,12500,0
ABLV.US,5,20260528,195500,1.04,1.069,1.04,1.04,11500,0
ABLV.US,5,20260528,200000,1.04,1.04,1.04,1.04,8600,0
ABLV.US,5,20260528,201000,1.04,1.04,1.04,1.04,500,0
ABLV.US,5,20260528,201500,1.04,1.04,1.04,1.04,1800,0
ABLV.US,5,20260528,202000,1.04,1.05,1.04,1.04,1278,0
ABLV.US,5,20260528,215500,1.05,1.085,1.05,1.05,12576,0
ABLV.US,5,20260529,161000,1.05,1.05,1.05,1.05,300,0
ABLV.US,5,20260529,181500,1,1,0.96795,0.96795,1044,0
ABLV.US,5,20260529,195500,0.9768,1.01,0.9768,1.01,32259,0
ABLV.US,5,20260529,200500,1.01,1.01,1.01,1.01,10300,0
ABLV.US,5,20260529,201000,1.004,1.01,0.9825,0.985,20948,0
ABLV.US,5,20260529,201500,0.98,0.9801,0.98,0.9801,400,0
ABLV.US,5,20260529,202000,0.9801,0.9801,0.98,0.98,600,0
ABLV.US,5,20260529,202500,1,1,1,1,100,0
ABLV.US,5,20260529,204000,0.9972,1,0.93,0.93,14843,0
ABLV.US,5,20260529,205000,0.9701,1,0.97,1,19770,0
ABLV.US,5,20260529,210500,1.02,1.02,1.02,1.02,200,0
ABLV.US,5,20260529,213000,1.02,1.02,1.002,1.02,4500,0
ABLV.US,5,20260529,214500,1.04,1.05,1.03,1.04,1200,0
ABLV.US,5,20260529,215000,1.05,1.1,1.035,1.1,10148,0
ABLV.US,5,20260529,215500,1.09,1.11,1.07,1.1,7600,0
ABLV.US,5,20260601,154000,1.07,1.07,1.07,1.07,940,0
ABLV.US,5,20260601,154500,1.0873,1.0873,1.0873,1.0873,170,0
ABLV.US,5,20260601,163500,1.07,1.07,1.07,1.07,100,0
ABLV.US,5,20260601,164500,1.08,1.08,1.08,1.08,1600,0
ABLV.US,5,20260601,165000,1.07,1.075,1.07,1.07,10023,0
ABLV.US,5,20260601,170000,1.065,1.065,1.065,1.065,462,0
ABLV.US,5,20260601,171500,1.0697,1.0697,1.0697,1.0697,340,0
ABLV.US,5,20260601,172000,1.07,1.07,1.07,1.07,355,0
ABLV.US,5,20260601,194000,1.06,1.06,1.06,1.06,100,0
ABLV.US,5,20260601,201000,1.07,1.07,1.065,1.065,200,0
ABLV.US,5,20260601,204500,1.07,1.07,1.07,1.07,100,0
ABLV.US,5,20260601,211500,1.065,1.065,1.06,1.06,2615,0
ABLV.US,5,20260601,215500,1.07,1.07,1.07,1.07,1158,0
ABLV.US,5,20260602,153000,1.054,1.054,1.05,1.05,1125,0
ABLV.US,5,20260602,153500,1.05,1.05,1.05,1.05,2086,0
ABLV.US,5,20260602,173000,1.05,1.05,1.05,1.05,267,0
ABLV.US,5,20260602,192500,1.03,1.04,0.98,0.98,14200,0
ABLV.US,5,20260602,193000,1.05,1.09,1.045,1.09,12500,0
ABLV.US,5,20260602,200500,1.06,1.06,1.06,1.06,6100,0
ABLV.US,5,20260602,201000,1.07,1.07,1.06,1.06,12200,0
ABLV.US,5,20260602,201500,1.07,1.07,1.04,1.04,5000,0
ABLV.US,5,20260602,202000,1.055,1.055,1.05,1.05,800,0
ABLV.US,5,20260602,202500,1.05,1.05,1.04,1.04,5333,0
ABLV.US,5,20260602,203000,1.04,1.04,1.04,1.04,4800,0
ABLV.US,5,20260602,203500,1.05,1.05,1.04,1.04,4600,0
ABLV.US,5,20260602,204000,1.05,1.05,1.04,1.04,400,0
ABLV.US,5,20260602,204500,1.03,1.04,1.02,1.0202,2167,0
ABLV.US,5,20260602,205000,1.025,1.03,1.0202,1.03,7600,0
ABLV.US,5,20260602,205500,1.03,1.03,1.03,1.03,7700,0
ABLV.US,5,20260602,210000,1.03,1.03,1.03,1.03,4400,0
ABLV.US,5,20260602,210500,1.03,1.04,1.03,1.04,5100,0
ABLV.US,5,20260602,213500,1.068,1.14,1.04,1.13,6125,0
ABLV.US,5,20260602,214000,1.14,1.205,1.14,1.205,4563,0
ABLV.US,5,20260602,214500,1.205,1.205,1.205,1.205,250,0
ABLV.US,5,20260602,215000,1.205,1.205,1.205,1.205,200,0
ABLV.US,5,20260602,215500,1.165,1.17,1.16,1.17,728,0
ABLV.US,5,20260603,153000,1.14,1.14,1.14,1.14,260,0
ABLV.US,5,20260603,153500,1.14,1.14,1.14,1.14,100,0
ABLV.US,5,20260603,154000,1.13,1.13,1.1,1.1,1914,0
ABLV.US,5,20260603,160000,1.1,1.1,1.1,1.1,1000,0
ABLV.US,5,20260603,160500,1.13,1.13,1.06,1.06,865,0
ABLV.US,5,20260603,161000,1.055,1.07,1.05,1.07,1387,0
ABLV.US,5,20260603,161500,1.06,1.06,1.03,1.03,10960,0
ABLV.US,5,20260603,162000,1.01,1.01,1,1,300,0
ABLV.US,5,20260603,165000,1.015,1.015,1.015,1.015,177,0
ABLV.US,5,20260603,170500,0.985,0.9925,0.9801,0.9805,2962,0
ABLV.US,5,20260603,171500,1.01,1.02,1.01,1.02,300,0
ABLV.US,5,20260603,172000,1.02,1.02,1.02,1.02,100,0
ABLV.US,5,20260603,173000,1.03,1.03,1.03,1.03,2000,0
ABLV.US,5,20260603,173500,1.03,1.03,1.025,1.03,9007,0
ABLV.US,5,20260603,182000,1.03,1.03,1.03,1.03,150,0
ABLV.US,5,20260603,184500,1.0351,1.0351,1.0351,1.0351,1050,0
ABLV.US,5,20260603,191500,1.045,1.045,1.02,1.03,5400,0
ABLV.US,5,20260603,192000,1.035,1.04,1.02,1.03,15200,0
ABLV.US,5,20260603,192500,1.0464,1.08,1.0464,1.065,3500,0
ABLV.US,5,20260603,193000,1.05,1.07,1.05,1.07,15353,0
ABLV.US,5,20260603,193500,1.05,1.06,1.045,1.06,4500,0
ABLV.US,5,20260603,194000,1.06,1.06,1.05,1.05,3255,0
ABLV.US,5,20260603,194500,1.045,1.045,1.02,1.02,999,0
ABLV.US,5,20260603,195000,1.03,1.04,1.03,1.03,1600,0
ABLV.US,5,20260603,195500,1.03,1.03,1.01,1.02,3255,0
ABLV.US,5,20260603,200500,1.03,1.03,1.02,1.02,5500,0
ABLV.US,5,20260603,201000,1.03,1.03,1.03,1.03,100,0
ABLV.US,5,20260603,201500,1.03,1.03,1.02,1.02,4438,0
ABLV.US,5,20260603,214500,1.045,1.08,1.03,1.08,16200,0
ABLV.US,5,20260603,215000,1.08,1.08,1.07,1.07,5400,0
ABLV.US,5,20260603,215500,1.08,1.11,1.075,1.11,25311,0
ABLV.US,5,20260604,160000,1.07,1.07,1.07,1.07,122,0
ABLV.US,5,20260604,163000,1.0701,1.072,1.07,1.07,1460,0
ABLV.US,5,20260604,171000,1.06,1.06,1.06,1.06,200,0
ABLV.US,5,20260604,171500,1.06,1.06,1.05,1.055,4700,0
ABLV.US,5,20260604,172000,1.055,1.06,1.05,1.06,875,0
ABLV.US,5,20260604,172500,1.06,1.06,1.06,1.06,700,0
ABLV.US,5,20260604,173000,1.06,1.06,1.06,1.06,1100,0
ABLV.US,5,20260604,173500,1.06,1.06,1.02,1.06,16930,0
ABLV.US,5,20260604,174000,1.06,1.06,1.06,1.06,200,0
ABLV.US,5,20260604,174500,1.06,1.06,1.04,1.05,5928,0
ABLV.US,5,20260604,175000,1.05,1.0501,1.0401,1.0501,1863,0
ABLV.US,5,20260604,175500,1.05,1.05,1.05,1.05,4100,0
ABLV.US,5,20260604,180000,1.05,1.06,1.05,1.06,794,0
ABLV.US,5,20260604,180500,1.07,1.07,1.07,1.07,160,0
ABLV.US,5,20260604,181500,1.07,1.07,1.065,1.065,800,0
ABLV.US,5,20260604,182000,1.05,1.05,1.045,1.05,1900,0
ABLV.US,5,20260604,184000,1.06,1.06,1.04,1.05,14094,0
ABLV.US,5,20260604,184500,1.04,1.05,1.04,1.04,3560,0
ABLV.US,5,20260604,185500,1.04,1.04,1.04,1.04,5000,0
ABLV.US,5,20260604,190000,1.05,1.05,1.05,1.05,5000,0
ABLV.US,5,20260604,190500,1.05,1.05,1.05,1.05,5000,0
ABLV.US,5,20260604,191500,1.06,1.06,1.05,1.05,10000,0
ABLV.US,5,20260604,192000,1.06,1.06,1.06,1.06,5000,0
ABLV.US,5,20260604,192500,1.05,1.05,1.05,1.05,300,0
ABLV.US,5,20260604,193000,1.04,1.04,1.04,1.04,6640,0
ABLV.US,5,20260604,193500,1.03,1.04,1.02,1.03,3519,0
ABLV.US,5,20260604,195500,1.035,1.035,1.035,1.035,375,0
ABLV.US,5,20260604,200500,1.035,1.035,1.035,1.035,100,0
ABLV.US,5,20260604,202000,1.035,1.035,1.035,1.035,100,0
ABLV.US,5,20260604,202500,1.05,1.05,1.05,1.05,100,0
ABLV.US,5,20260604,204000,1.035,1.035,1.035,1.035,100,0
ABLV.US,5,20260604,215000,1.07,1.07,1.07,1.07,986,0
ABLV.US,5,20260604,215500,1.045,1.11,1.045,1.085,10712,0
ABLV.US,5,20260605,153500,1.06,1.06,1.06,1.06,500,0
ABLV.US,5,20260605,155000,1.065,1.065,1.065,1.065,100,0
ABLV.US,5,20260605,161500,1.05,1.05,1.05,1.05,100,0
ABLV.US,5,20260605,163000,1.06,1.065,1.06,1.06,5000,0
ABLV.US,5,20260605,164000,1.07,1.07,1.065,1.065,256,0
ABLV.US,5,20260605,165000,1.07,1.08,1.06,1.08,951,0
ABLV.US,5,20260605,165500,1.05,1.07,1.05,1.07,1455,0
ABLV.US,5,20260605,170500,1.07,1.08,1.07,1.07,3668,0
ABLV.US,5,20260605,171000,1.07,1.07,1.07,1.07,200,0
ABLV.US,5,20260605,172000,1.05,1.06,1.05,1.06,300,0
ABLV.US,5,20260605,172500,1.06,1.06,1.04,1.04,14529,0
ABLV.US,5,20260605,173000,1.05,1.05,1.05,1.05,156,0
ABLV.US,5,20260605,174000,1.08,1.085,1.06,1.06,2200,0
ABLV.US,5,20260605,174500,1.08,1.09,1.06,1.07,14800,0
ABLV.US,5,20260605,175000,1.08,1.08,1.06,1.0709,2640,0
ABLV.US,5,20260605,175500,1.07,1.07,1.07,1.07,1600,0
ABLV.US,5,20260605,180000,1.0709,1.0709,1.0709,1.0709,1000,0
ABLV.US,5,20260605,180500,1.08,1.08,1.075,1.075,1850,0
ABLV.US,5,20260605,181000,1.07,1.07,1.06,1.06,3500,0
ABLV.US,5,20260605,182000,1.07,1.07,1.07,1.07,5000,0
ABLV.US,5,20260605,184000,1.06,1.06,1.06,1.06,4388,0
ABLV.US,5,20260605,184500,1.06,1.06,1.06,1.06,150,0
ABLV.US,5,20260605,185500,1.07,1.07,1.07,1.07,100,0
ABLV.US,5,20260605,190000,1.075,1.075,1.075,1.075,156,0
ABLV.US,5,20260605,192500,1.06,1.06,1.06,1.06,100,0
ABLV.US,5,20260605,193500,1.05,1.05,1.05,1.05,145,0
ABLV.US,5,20260605,195000,1.05,1.05,1.05,1.05,154,0
ABLV.US,5,20260605,201000,1.05,1.05,1.05,1.05,156,0
ABLV.US,5,20260605,203500,1.05,1.07,1.05,1.05,10300,0
ABLV.US,5,20260605,204000,1.075,1.075,1.06,1.06,5200,0
ABLV.US,5,20260605,204500,1.075,1.08,1.05,1.05,3489,0
ABLV.US,5,20260605,205000,1.07,1.07,1.06,1.06,3100,0
ABLV.US,5,20260605,210000,1.08,1.08,1.08,1.08,5000,0
ABLV.US,5,20260605,210500,1.07,1.07,1.07,1.07,5220,0
ABLV.US,5,20260605,215500,1.075,1.1,1.05,1.07,15390,0
ABLV.US,5,20260608,153000,1.04,1.04,1.04,1.04,240,0
ABLV.US,5,20260608,160000,1.02,1.03,1.02,1.03,29954,0
ABLV.US,5,20260608,161000,1.0056,1.0056,1.0056,1.0056,2002,0
ABLV.US,5,20260608,162000,1.01,1.01,1.005,1.01,43207,0
ABLV.US,5,20260608,162500,1.01,1.01,1.01,1.01,27602,0
ABLV.US,5,20260608,171000,1.04,1.04,1.04,1.04,200,0
ABLV.US,5,20260608,171500,1.05,1.05,1.05,1.05,2389,0
ABLV.US,5,20260608,210500,1.015,1.015,1.015,1.015,100,0
ABLV.US,5,20260608,213000,1.01,1.01,1.01,1.01,2689,0
ABLV.US,5,20260608,215500,1,1.005,1,1.005,1010,0
ABLV.US,5,20260609,153000,0.99,0.99,0.99,0.99,982,0
ABLV.US,5,20260609,160500,1.02,1.02,1.02,1.02,5000,0
ABLV.US,5,20260609,161500,1.01,1.015,1,1.01,7000,0
ABLV.US,5,20260609,162000,1.02,1.025,1.01,1.025,2523,0
ABLV.US,5,20260609,162500,1.03,1.03,1.02,1.02,490,0
ABLV.US,5,20260609,163000,1.03,1.04,1.02,1.02,9100,0
ABLV.US,5,20260609,163500,1.03,1.03,1.03,1.03,100,0
ABLV.US,5,20260609,164000,1.04,1.04,1.04,1.04,100,0
ABLV.US,5,20260609,164500,1.05,1.0699,1.05,1.05,5939,0
ABLV.US,5,20260609,165000,1.04,1.05,1.04,1.05,300,0
ABLV.US,5,20260609,165500,1.04,1.04,1.04,1.04,2423,0
ABLV.US,5,20260609,170000,1.04,1.04,1.04,1.04,7700,0
ABLV.US,5,20260609,170500,1.06,1.06,1.05,1.05,3400,0
ABLV.US,5,20260609,180500,1.045,1.045,1.045,1.045,100,0
ABLV.US,5,20260609,183500,1.03,1.04,1.03,1.03,4000,0
ABLV.US,5,20260609,184000,1.04,1.04,1.04,1.04,5000,0
ABLV.US,5,20260609,184500,1.03,1.04,1.03,1.04,10000,0
ABLV.US,5,20260609,185000,1.03,1.04,1.03,1.04,4400,0
ABLV.US,5,20260609,190000,1.03,1.04,1.03,1.04,5029,0
ABLV.US,5,20260609,190500,1.04,1.04,1.03,1.035,2804,0
ABLV.US,5,20260609,191000,1.04,1.05,1.04,1.05,4500,0
ABLV.US,5,20260609,191500,1.05,1.06,1.05,1.06,6100,0
ABLV.US,5,20260609,192000,1.05,1.05,1.05,1.05,11096,0
ABLV.US,5,20260609,194000,1.06,1.06,1.05,1.06,1000,0
ABLV.US,5,20260609,214000,1.07,1.09,1.06,1.09,22800,0
ABLV.US,5,20260609,215000,1.1,1.14,1.09,1.14,26702,0
ABLV.US,5,20260609,215500,1.12,1.125,1.1,1.1,7584,0
ABLV.US,5,20260610,153000,1.07,1.07,1.04,1.055,9774,0
ABLV.US,5,20260610,153500,1.0037,1.04,1.0037,1.04,1940,0
ABLV.US,5,20260610,163000,1.03,1.04,1.02,1.04,3257,0
ABLV.US,5,20260610,163500,1.04,1.05,1.03,1.03,4000,0
ABLV.US,5,20260610,164000,1.03,1.04,1.02,1.04,1900,0
ABLV.US,5,20260610,164500,1.04,1.06,1.04,1.06,3833,0
ABLV.US,5,20260610,165000,1.05,1.05,1.05,1.05,6000,0
ABLV.US,5,20260610,165500,1.02,1.04,1.02,1.03,2800,0
ABLV.US,5,20260610,170000,1.04,1.05,1.04,1.04,1700,0
ABLV.US,5,20260610,170500,1.05,1.05,1.05,1.05,100,0
ABLV.US,5,20260610,171000,1.05,1.05,1.05,1.05,1902,0
ABLV.US,5,20260610,171500,1.06,1.07,1.06,1.06,6600,0
ABLV.US,5,20260610,180500,1.06,1.06,1.06,1.06,200,0
ABLV.US,5,20260610,191500,1.08,1.08,1.07,1.07,7389,0
ABLV.US,5,20260610,192000,1.07,1.07,1.06,1.07,3110,0
ABLV.US,5,20260610,192500,1.07,1.07,1.07,1.07,4852,0
ABLV.US,5,20260610,193500,1.07,1.07,1.07,1.07,1100,0
ABLV.US,5,20260610,194000,1.07,1.07,1.07,1.07,1966,0
ABLV.US,5,20260610,194500,1.07,1.08,1.07,1.08,8488,0
ABLV.US,5,20260610,195500,1.07,1.07,1.07,1.07,3100,0
ABLV.US,5,20260610,200000,1.08,1.08,1.07,1.07,11300,0
ABLV.US,5,20260610,200500,1.08,1.08,1.07,1.08,5200,0
ABLV.US,5,20260610,201000,1.07,1.08,1.07,1.08,200,0
ABLV.US,5,20260610,204000,1.08,1.08,1.08,1.08,7900,0
ABLV.US,5,20260610,205500,1.0723,1.0723,1.0723,1.0723,5000,0
ABLV.US,5,20260610,214000,1.05,1.06,1.05,1.06,381,0
ABLV.US,5,20260610,214500,1.06,1.09,1.06,1.08,5229,0
ABLV.US,5,20260610,215000,1.08,1.09,1.08,1.08,400,0
ABLV.US,5,20260610,215500,1.07,1.11,1.07,1.1,30844,0
ABLV.US,5,20260611,153500,1.07,1.08,1.07,1.08,2200,0
ABLV.US,5,20260611,154000,1.085,1.13,1.085,1.13,1016,0
ABLV.US,5,20260611,154500,1.13,1.1498,1.13,1.1498,5200,0
ABLV.US,5,20260611,155000,1.12,1.12,1.12,1.12,2200,0
ABLV.US,5,20260611,160000,1.12,1.12,1.12,1.12,2800,0
ABLV.US,5,20260611,161500,1.13,1.16,1.13,1.1331,5665,0
ABLV.US,5,20260611,162000,1.15,1.17,1.15,1.17,1457,0
ABLV.US,5,20260611,162500,1.15,1.15,1.15,1.15,100,0
ABLV.US,5,20260611,163000,1.16,1.17,1.16,1.17,1685,0
ABLV.US,5,20260611,163500,1.12,1.12,1.12,1.12,200,0
ABLV.US,5,20260611,164000,1.12,1.12,1.12,1.12,130,0
ABLV.US,5,20260611,164500,1.12,1.13,1.1,1.1,655,0
ABLV.US,5,20260611,165000,1.11,1.11,1.09,1.09,542,0
ABLV.US,5,20260611,165500,1.0899,1.1,1.0899,1.1,2300,0
ABLV.US,5,20260611,170000,1.1,1.1006,1.09,1.09,687,0
ABLV.US,5,20260611,170500,1.08,1.09,1.08,1.09,3870,0
ABLV.US,5,20260611,171000,1.1,1.1,1.1,1.1,4370,0
ABLV.US,5,20260611,171500,1.09,1.09,1.09,1.09,4448,0
ABLV.US,5,20260611,172000,1.1,1.1,1.1,1.1,5160,0
ABLV.US,5,20260611,172500,1.11,1.11,1.11,1.11,4800,0
ABLV.US,5,20260611,173000,1.11,1.12,1.11,1.12,4800,0
ABLV.US,5,20260611,173500,1.12,1.12,1.12,1.12,5060,0
ABLV.US,5,20260611,174000,1.12,1.12,1.12,1.12,1200,0
ABLV.US,5,20260611,182500,1.1399,1.1399,1.1385,1.1385,2188,0
ABLV.US,5,20260611,184000,1.12,1.13,1.12,1.13,200,0
ABLV.US,5,20260611,184500,1.13,1.14,1.13,1.1351,1752,0
ABLV.US,5,20260611,185000,1.13,1.13,1.12,1.12,4900,0
ABLV.US,5,20260611,190500,1.1345,1.1345,1.1345,1.1345,5000,0
ABLV.US,5,20260611,194000,1.1101,1.1107,1.11,1.1107,2188,0
ABLV.US,5,20260611,214500,1.12,1.12,1.115,1.12,434,0
ABLV.US,5,20260611,215000,1.1001,1.1001,1.1001,1.1001,3000,0
ABLV.US,5,20260611,215500,1.11,1.11,1.11,1.11,991,0
ABLV.US,5,20260612,165000,1.11,1.12,1.11,1.12,8226,0
ABLV.US,5,20260612,170000,1.105,1.12,1.105,1.12,5900,0
ABLV.US,5,20260612,171000,1.11,1.12,1.11,1.12,5800,0
ABLV.US,5,20260612,171500,1.11,1.11,1.1,1.1,5700,0
ABLV.US,5,20260612,172000,1.1,1.1,1.1,1.1,5405,0
ABLV.US,5,20260612,173000,1.1,1.11,1.1,1.11,8200,0
ABLV.US,5,20260612,173500,1.12,1.12,1.1,1.1,4104,0
ABLV.US,5,20260612,174000,1.11,1.11,1.11,1.11,4000,0
ABLV.US,5,20260612,174500,1.1,1.1,1.1,1.1,8000,0
ABLV.US,5,20260612,175000,1.11,1.11,1.11,1.11,2700,0
ABLV.US,5,20260612,175500,1.1,1.1,1.1,1.1,2705,0
ABLV.US,5,20260612,204500,1.1,1.1,1.1,1.1,400,0
ABLV.US,5,20260612,210500,1.09,1.09,1.09,1.09,100,0
ABLV.US,5,20260612,215000,1.1,1.11,1.1,1.1,1900,0
ABLV.US,5,20260612,215500,1.1,1.1,1.1,1.1,2341,0
ABLV.US,5,20260615,153000,1.08,1.08,1.08,1.08,173,0
ABLV.US,5,20260615,153500,1.07,1.08,1.07,1.08,4737,0
ABLV.US,5,20260615,154000,1.08,1.08,1.08,1.08,300,0
ABLV.US,5,20260615,154500,1.08,1.1,1.08,1.1,800,0
ABLV.US,5,20260615,155000,1.13,1.14,1.13,1.14,200,0
ABLV.US,5,20260615,155500,1.13,1.13,1.09,1.09,330,0
ABLV.US,5,20260615,160000,1.08,1.16,1.08,1.15,5950,0
ABLV.US,5,20260615,160500,1.14,1.14,1.12,1.12,3829,0
ABLV.US,5,20260615,161500,1.1,1.11,1.1,1.1,3300,0
ABLV.US,5,20260615,162000,1.11,1.11,1.11,1.11,2000,0
ABLV.US,5,20260615,162500,1.11,1.11,1.11,1.11,2000,0
ABLV.US,5,20260615,163000,1.1,1.1,1.1,1.1,4100,0
ABLV.US,5,20260615,164000,1.11,1.11,1.11,1.11,4100,0
ABLV.US,5,20260615,164500,1.1,1.1,1.1,1.1,4100,0
ABLV.US,5,20260615,170500,1.09,1.09,1.09,1.09,2000,0
ABLV.US,5,20260615,171500,1.11,1.14,1.11,1.14,2200,0
ABLV.US,5,20260615,173000,1.14,1.14,1.13,1.14,1883,0
ABLV.US,5,20260615,173500,1.13,1.13,1.13,1.13,2000,0
ABLV.US,5,20260615,174000,1.14,1.14,1.09,1.09,4140,0
ABLV.US,5,20260615,174500,1.12,1.12,1.12,1.12,4000,0
ABLV.US,5,20260615,175000,1.14,1.14,1.14,1.14,4000,0
ABLV.US,5,20260615,175500,1.13,1.14,1.13,1.14,8000,0
ABLV.US,5,20260615,180000,1.12,1.12,1.12,1.12,300,0
ABLV.US,5,20260615,180500,1.13,1.13,1.13,1.13,4300,0
ABLV.US,5,20260615,191000,1.12,1.12,1.12,1.12,100,0
ABLV.US,5,20260615,191500,1.11,1.11,1.11,1.11,200,0
ABLV.US,5,20260615,215500,1.1,1.11,1.1,1.11,1953,0
ABLV.US,5,20260616,154000,1.18,1.18,1.18,1.18,124,0
ABLV.US,5,20260616,155000,1.14,1.14,1.14,1.14,6000,0
ABLV.US,5,20260616,155500,1.15,1.15,1.15,1.15,6000,0
ABLV.US,5,20260616,160500,1.14,1.14,1.14,1.14,3000,0
ABLV.US,5,20260616,161000,1.14,1.14,1.14,1.14,3000,0
ABLV.US,5,20260616,161500,1.1,1.1,1.1,1.1,6115,0
ABLV.US,5,20260616,162000,1.09,1.09,1.09,1.09,6000,0
ABLV.US,5,20260616,163000,1.09,1.09,1.09,1.09,4000,0
ABLV.US,5,20260616,163500,1.09,1.1,1.09,1.1,4200,0
ABLV.US,5,20260616,164000,1.08,1.08,1.08,1.08,4000,0
ABLV.US,5,20260616,164500,1.1,1.1,1.1,1.1,4000,0
ABLV.US,5,20260616,165000,1.08,1.1,1.08,1.1,6300,0
ABLV.US,5,20260616,170000,1.08,1.09,1.08,1.09,6100,0
ABLV.US,5,20260616,170500,1.1,1.1,1.1,1.1,1300,0
ABLV.US,5,20260616,171000,1.09,1.09,1.09,1.09,1300,0
ABLV.US,5,20260616,183000,1.09,1.09,1.09,1.09,100,0
ABLV.US,5,20260616,190000,1.09,1.09,1.09,1.09,800,0
ABLV.US,5,20260616,193500,1.09,1.09,1.09,1.09,100,0
ABLV.US,5,20260616,211000,1.08,1.08,1.08,1.08,200,0
ABLV.US,5,20260616,215000,1.1,1.1,1.1,1.1,200,0
ABLV.US,5,20260616,215500,1.1,1.11,1.095,1.11,5145,0
ABLV.US,5,20260617,153500,1.09,1.09,1.09,1.09,6000,0
ABLV.US,5,20260617,162000,1.1,1.1,1.1,1.1,4000,0
ABLV.US,5,20260617,171000,1.05,1.05,1.05,1.05,100,0
ABLV.US,5,20260617,173500,1.09,1.1,1.08,1.1,4300,0
ABLV.US,5,20260617,180000,1.07,1.07,1.07,1.07,6000,0
ABLV.US,5,20260617,181000,1.09,1.09,1.09,1.09,3000,0
ABLV.US,5,20260617,183500,1.08,1.08,1.08,1.08,6000,0
ABLV.US,5,20260617,184000,1.07,1.08,1.04,1.08,12100,0
ABLV.US,5,20260617,184500,1.066,1.1,1.06,1.07,6500,0
ABLV.US,5,20260617,185500,1.08,1.08,1.08,1.08,2600,0
ABLV.US,5,20260617,190000,1.07,1.07,1.07,1.07,2600,0
ABLV.US,5,20260617,214500,1.1,1.11,1.1,1.11,1162,0
ABLV.US,5,20260618,153500,1.08,1.08,1.08,1.08,6000,0
ABLV.US,5,20260618,154500,1.09,1.09,1.09,1.09,3900,0
ABLV.US,5,20260618,155500,1.11,1.11,1.11,1.11,4000,0
ABLV.US,5,20260618,164500,1.12,1.12,1.12,1.12,458,0
ABLV.US,5,20260618,170500,1.09,1.11,1.09,1.11,6000,0
ABLV.US,5,20260618,172000,1.11,1.11,1.11,1.11,2000,0
ABLV.US,5,20260618,173000,1.11,1.11,1.11,1.11,4000,0
ABLV.US,5,20260618,174000,1.11,1.11,1.11,1.11,2000,0
ABLV.US,5,20260618,174500,1.12,1.12,1.11,1.11,3000,0
ABLV.US,5,20260618,175000,1.11,1.12,1.11,1.12,8997,0
ABLV.US,5,20260618,175500,1.11,1.11,1.11,1.11,4000,0
ABLV.US,5,20260618,180000,1.12,1.12,1.11,1.11,11292,0
ABLV.US,5,20260618,181000,1.12,1.12,1.12,1.12,5200,0
ABLV.US,5,20260618,214000,1.14,1.14,1.14,1.14,1194,0
ABLV.US,5,20260618,215500,1.14,1.14,1.12,1.12,2429,0
ABLV.US,5,20260622,155500,1.13,1.13,1.13,1.13,6000,0
ABLV.US,5,20260622,161000,1.12,1.12,1.12,1.12,100,0
ABLV.US,5,20260622,163500,1.13,1.13,1.13,1.13,3000,0
ABLV.US,5,20260622,164000,1.14,1.14,1.14,1.14,3000,0
ABLV.US,5,20260622,165000,1.13,1.14,1.13,1.14,6000,0
ABLV.US,5,20260622,165500,1.13,1.13,1.13,1.13,3000,0
ABLV.US,5,20260622,170000,1.14,1.14,1.13,1.13,4000,0
ABLV.US,5,20260622,171000,1.14,1.14,1.14,1.14,3000,0
ABLV.US,5,20260622,171500,1.13,1.13,1.13,1.13,3000,0
ABLV.US,5,20260622,172000,1.14,1.14,1.13,1.14,4700,0
ABLV.US,5,20260622,172500,1.15,1.16,1.14,1.14,8200,0
ABLV.US,5,20260622,173000,1.15,1.15,1.13,1.13,10035,0
ABLV.US,5,20260622,173500,1.13,1.13,1.13,1.13,6000,0
ABLV.US,5,20260622,174000,1.12,1.12,1.12,1.12,6000,0
ABLV.US,5,20260622,174500,1.13,1.13,1.13,1.13,1300,0
ABLV.US,5,20260622,175000,1.12,1.12,1.12,1.12,1300,0
ABLV.US,5,20260622,214500,1.125,1.125,1.125,1.125,400,0
ABLV.US,5,20260622,215500,1.13,1.13,1.13,1.13,115,0
