<TICKER>,<PER>,<DATE>,<TIME>,<OPEN>,<HIGH>,<LOW>,<CLOSE>,<VOL>,<OPENINT>
AIFU.US,5,20260126,153000,46.2,46.2,46.2,46.2,62.1,0
AIFU.US,5,20260126,154500,47.798,47.798,47.798,47.798,5.050000000000001,0
AIFU.US,5,20260126,162000,44,44,43.8,43.8,25.5,0
AIFU.US,5,20260126,163500,43.1777,43.1777,43.1777,43.1777,25,0
AIFU.US,5,20260126,164000,42.4,42.4,40.812,40.812,10,0
AIFU.US,5,20260126,165500,44.5,44.5,44.5,44.5,10,0
AIFU.US,5,20260126,170500,43.8,44.4,43.8,44.4,15,0
AIFU.US,5,20260126,173500,43.8,43.8,43.8,43.8,5,0
AIFU.US,5,20260126,175000,43.8,43.8,43.8,43.8,5,0
AIFU.US,5,20260126,180000,45,45,45,45,12.5,0
AIFU.US,5,20260126,182000,43.8,43.8,43.8,43.8,5,0
AIFU.US,5,20260126,190500,44,44.8,43.4,43.4,15.600000000000001,0
AIFU.US,5,20260126,191000,44.2,44.2,43.8,43.8,17.900000000000002,0
AIFU.US,5,20260126,202500,45.8,45.8,45.8,45.8,5,0
AIFU.US,5,20260126,215000,44.216,44.216,44.216,44.216,10.5,0
AIFU.US,5,20260126,215500,44.6,45.9,44.6,45.9,12.5,0
AIFU.US,5,20260127,153000,44.984,44.984,42.464,42.464,39.7,0
AIFU.US,5,20260127,161500,47.09,47.09,47.09,47.09,95.4,0
AIFU.US,5,20260127,162500,44.194,44.194,44.194,44.194,75.35000000000001,0
AIFU.US,5,20260127,170500,44.2,44.2,43,43,35,0
AIFU.US,5,20260127,172000,45.808,45.808,45.808,45.808,71.95,0
AIFU.US,5,20260127,172500,40.402,40.402,40.402,40.402,148.05,0
AIFU.US,5,20260127,181500,43.2,43.2,43.002,43.002,25,0
AIFU.US,5,20260127,211500,43.4,43.4,43.4,43.4,5,0
AIFU.US,5,20260127,213500,43.4,43.4,43.002,43.002,30,0
AIFU.US,5,20260127,215500,45,45,45,45,5,0
AIFU.US,5,20260128,154500,42.186,42.186,42.186,42.186,24.950000000000003,0
AIFU.US,5,20260128,162000,41.8,41.8,41.8,41.8,5,0
AIFU.US,5,20260128,165000,39.648,39.648,39.648,39.648,11.15,0
AIFU.US,5,20260128,165500,41.8,42,41.8,41.8,20,0
AIFU.US,5,20260128,205500,44.08,44.08,44.08,44.08,10,0
AIFU.US,5,20260128,210000,44,44,43.4,43.4,88.30000000000001,0
AIFU.US,5,20260128,211500,43.2,43.2,43.2,43.2,5,0
AIFU.US,5,20260128,214500,42.4,42.4,42.4,42.4,5,0
AIFU.US,5,20260128,215000,42.2,42.2,41.6,42,60,0
AIFU.US,5,20260128,215500,41.8,41.8,41.8,41.8,7.2,0
AIFU.US,5,20260129,153000,40,40,40,40,17.05,0
AIFU.US,5,20260129,163500,40.2,40.56,40.2,40.56,14.05,0
AIFU.US,5,20260129,175000,40.6,40.6,40.6,40.6,10,0
AIFU.US,5,20260129,183500,40.2,40.2,40.2,40.2,5,0
AIFU.US,5,20260129,184000,40.2,40.2,40.2,40.2,5,0
AIFU.US,5,20260129,195000,39.8,40,39.8,40,10.25,0
AIFU.US,5,20260129,200500,40.4,40.4,40.4,40.4,30,0
AIFU.US,5,20260129,204500,38.9,38.9,38.9,38.9,24.5,0
AIFU.US,5,20260129,215500,38.9,38.95,38.9,38.95,13.8,0
AIFU.US,5,20260130,153000,39.2,39.2,39,39,20,0
AIFU.US,5,20260130,161000,38.2,38.2,38.2,38.2,5,0
AIFU.US,5,20260130,162000,38,38,38,38,62.95,0
AIFU.US,5,20260130,162500,38.2,38.2,38.2,38.2,6.45,0
AIFU.US,5,20260130,163000,38,38.2,37.8,38.2,78.2,0
AIFU.US,5,20260130,164000,37.4,37.4,36.6,36.6,31.55,0
AIFU.US,5,20260130,184500,38.228,38.228,38.228,38.228,13,0
AIFU.US,5,20260130,191500,37.6,38.6,37.6,38.24,170,0
AIFU.US,5,20260130,193500,39,39,39,39,26.25,0
AIFU.US,5,20260130,194500,39.8,39.8,39.8,39.8,14.700000000000001,0
AIFU.US,5,20260130,200000,38.4,38.4,38.4,38.4,5,0
AIFU.US,5,20260130,201500,38.6,38.6,38.6,38.6,10.200000000000001,0
AIFU.US,5,20260130,202000,39.8,39.8,39.2,39.2,27.5,0
AIFU.US,5,20260130,203000,39.2,39.2,39.2,39.2,14,0
AIFU.US,5,20260130,211000,41.198,41.198,41.198,41.198,50,0
AIFU.US,5,20260130,215500,41.2,41.2,41.2,41.2,5,0
AIFU.US,5,20260202,153000,40.2,40.2,40.2,40.2,48.75,0
AIFU.US,5,20260202,153500,40.2,40.2,40.2,40.2,48.75,0
AIFU.US,5,20260202,160000,40.058,40.058,40.058,40.058,22,0
AIFU.US,5,20260202,181000,39.2,39.2,39.2,39.2,31.650000000000002,0
AIFU.US,5,20260202,211000,39.3,40.8,39.3,40.8,15,0
AIFU.US,5,20260202,213000,40.998,40.998,40.998,40.998,118.75,0
AIFU.US,5,20260202,215500,40.6,40.6,40.6,40.6,5.8500000000000005,0
AIFU.US,5,20260203,153000,40.6,40.6,40.6,40.6,8.15,0
AIFU.US,5,20260203,154500,41,41,41,41,10,0
AIFU.US,5,20260203,155000,42.2,42.2,41.6,41.6,25,0
AIFU.US,5,20260203,155500,41.4,41.4,41.4,41.4,5.95,0
AIFU.US,5,20260203,170500,40.8,40.8,40.8,40.8,10,0
AIFU.US,5,20260203,174500,40,40,40,40,10,0
AIFU.US,5,20260203,201000,39.8,39.8,39.8,39.8,5,0
AIFU.US,5,20260203,212000,38.2,38.2,38.2,38.2,33.800000000000004,0
AIFU.US,5,20260203,214000,39.1,40,39.1,39.8,50,0
AIFU.US,5,20260203,215500,39.8,39.8,39.8,39.8,9.850000000000001,0
AIFU.US,5,20260204,164000,38,38,38,38,15.4,0
AIFU.US,5,20260204,165500,38.2,38.2,38.2,38.2,5,0
AIFU.US,5,20260204,170000,38,38,37.8,37.8,76.2,0
AIFU.US,5,20260204,170500,37.6,37.6,37.6,37.6,5,0
AIFU.US,5,20260204,175000,37.6,37.6,37.6,37.6,7.2,0
AIFU.US,5,20260204,184000,37.2,37.2,36.4,36.4,148.15,0
AIFU.US,5,20260204,190000,38.198,38.198,37.3,37.3,50,0
AIFU.US,5,20260204,193500,36.692,36.692,36.692,36.692,49.95,0
AIFU.US,5,20260204,202000,38.198,38.198,38.198,38.198,50,0
AIFU.US,5,20260204,203000,37.98,37.98,37.98,37.98,50,0
AIFU.US,5,20260204,215000,37.4,37.4,37.4,37.4,5,0
AIFU.US,5,20260205,164000,38,38,38,38,9.700000000000001,0
AIFU.US,5,20260205,181000,36.2,36.2,36,36,46.650000000000006,0
AIFU.US,5,20260205,181500,36,36,35.6,35.6,33.25,0
AIFU.US,5,20260205,182000,34.6,34.6,34,34,80,0
AIFU.US,5,20260205,194500,34.6,34.6,34.6,34.6,10.65,0
AIFU.US,5,20260205,195500,34.6,34.6,34.6,34.6,5,0
AIFU.US,5,20260206,154000,34.8,34.8,34.8,34.8,102.7,0
AIFU.US,5,20260206,155500,37,37,36,36,62.5,0
AIFU.US,5,20260206,160000,34.946,34.946,34.946,34.946,100,0
AIFU.US,5,20260206,160500,34.908,34.908,34.908,34.908,200,0
AIFU.US,5,20260206,161500,35,35,34.8,34.8,10,0
AIFU.US,5,20260206,162000,35.5,35.5,35.5,35.5,5,0
AIFU.US,5,20260206,162500,35.042,35.042,34.6,34.6,355,0
AIFU.US,5,20260206,165500,36.4,36.4,34.8,34.8,25,0
AIFU.US,5,20260206,180000,37.198,37.198,37.198,37.198,25,0
AIFU.US,5,20260206,181000,36.2,36.2,36.2,36.2,9.9,0
AIFU.US,5,20260206,181500,37.886,37.886,37.886,37.886,25,0
AIFU.US,5,20260206,182000,37.8,37.8,37.8,37.8,15,0
AIFU.US,5,20260206,191000,36.6,36.878,36.1,36.878,55,0
AIFU.US,5,20260206,215500,36.6,36.6,36.4,36.4,10,0
AIFU.US,5,20260209,154000,34.4,34.4,34.4,34.4,5,0
AIFU.US,5,20260209,161000,36.8,36.8,36.8,36.8,15.950000000000001,0
AIFU.US,5,20260209,181500,35.6,35.6,35.6,35.6,5,0
AIFU.US,5,20260209,185000,35.6,35.6,35.6,35.6,5,0
AIFU.US,5,20260209,190000,34.864,34.864,34.8,34.8,39.1,0
AIFU.US,5,20260209,211000,34.8,34.8,34.8,34.8,5,0
AIFU.US,5,20260209,212000,34.626,34.626,34.626,34.626,17.5,0
AIFU.US,5,20260210,153000,35.2,35.2,35,35,50,0
AIFU.US,5,20260210,154500,35,35,35,35,5,0
AIFU.US,5,20260210,165000,35.0808,35.0808,35.0808,35.0808,6,0
AIFU.US,5,20260210,171500,34.4,34.4,34.4,34.4,5,0
AIFU.US,5,20260210,191000,34.4,34.4,34.4,34.4,5,0
AIFU.US,5,20260210,215500,35.4,35.4,35.4,35.4,5,0
AIFU.US,5,20260211,153000,35.4,35.4,35.4,35.4,5.4,0
AIFU.US,5,20260211,153500,36.212,36.212,36.212,36.212,5.6000000000000005,0
AIFU.US,5,20260211,160000,35.2,35.2,34.6,34.6,37.4,0
AIFU.US,5,20260211,174500,35.2,35.2,35.2,35.2,5.1000000000000005,0
AIFU.US,5,20260211,202500,34,34,34,34,5,0
AIFU.US,5,20260211,204500,34.2,34.2,33.8,33.8,91.9,0
AIFU.US,5,20260211,211000,32.4,32.4,32.4,32.4,5,0
AIFU.US,5,20260212,153000,35.8,35.8,35.8,35.8,5.9,0
AIFU.US,5,20260213,153000,33.2,34.4,33.2,34.4,11.200000000000001,0
AIFU.US,5,20260213,160000,34,34,34,34,13.65,0
AIFU.US,5,20260213,161000,34.814,34.814,32.4,32.4,10.850000000000001,0
AIFU.US,5,20260213,163500,32.4,32.4,32.4,32.4,5.9,0
AIFU.US,5,20260213,172000,32.8,32.8,32.8,32.8,5,0
AIFU.US,5,20260213,184000,34.5,34.5,34.5,34.5,150,0
AIFU.US,5,20260213,184500,33.8,33.8,33.8,33.8,75,0
AIFU.US,5,20260213,193000,33,33,33,33,25.25,0
AIFU.US,5,20260213,195500,33.2,33.2,33,33,51.400000000000006,0
AIFU.US,5,20260213,202000,34.6,34.6,34.6,34.6,5,0
AIFU.US,5,20260217,153000,34.2,34.2,34.2,34.2,14.700000000000001,0
AIFU.US,5,20260217,171000,34.2,34.2,34.2,34.2,5,0
AIFU.US,5,20260217,171500,32.8,33.8,32.8,33.8,10,0
AIFU.US,5,20260217,195000,34.4,34.4,34.4,34.4,22,0
AIFU.US,5,20260217,200500,36.26,36.26,35.6,35.6,13.25,0
AIFU.US,5,20260217,201000,34.028,34.028,34.028,34.028,11.450000000000001,0
AIFU.US,5,20260217,215500,36.62,36.62,36.62,36.62,7.25,0
AIFU.US,5,20260218,164500,34.1,34.1,34.1,34.1,5.9,0
AIFU.US,5,20260219,185000,34,34,34,34,28.1,0
AIFU.US,5,20260220,162000,36.6,36.6,36.6,36.6,5,0
AIFU.US,5,20260220,172000,36.2,36.4,36.2,36.4,27.85,0
AIFU.US,5,20260220,204500,35.6,35.6,35.6,35.6,7.15,0
AIFU.US,5,20260220,215500,36,36,35.6,35.6,10,0
AIFU.US,5,20260223,184500,36.014,36.014,36.014,36.014,7.300000000000001,0
AIFU.US,5,20260223,215500,35.4,35.4,35.2,35.2,13.5,0
AIFU.US,5,20260224,153000,35.6,35.6,35.6,35.6,7.25,0
AIFU.US,5,20260225,163500,37.2,37.4,37.2,37.4,25,0
AIFU.US,5,20260225,164000,37.4,37.4,37.4,37.4,30,0
AIFU.US,5,20260225,164500,37.3,37.4,37.2,37.4,32.300000000000004,0
AIFU.US,5,20260225,193000,36.832,36.832,35.8,35.8,80,0
AIFU.US,5,20260225,193500,37.4,37.4,37.4,37.4,5,0
AIFU.US,5,20260225,194000,37.8,37.8,37.8,37.8,5,0
AIFU.US,5,20260225,200500,38.8,39,38.8,38.8,39.2,0
AIFU.US,5,20260225,204000,38.6,38.6,38.4,38.6,19.1,0
AIFU.US,5,20260226,160000,39.4,39.5,39.4,39.4,25,0
AIFU.US,5,20260226,215500,39.6,40.24,39.6,40.24,16.5,0
AIFU.US,5,20260227,154500,40,40,40,40,13,0
AIFU.US,5,20260227,182500,38.2,38.2,38.2,38.2,5,0
AIFU.US,5,20260227,215500,38.6,38.6,38.6,38.6,5.1000000000000005,0
AIFU.US,5,20260302,160500,38.6,39,35.4,35.4,86.9,0
AIFU.US,5,20260302,164000,41.998,41.998,41.998,41.998,15.8,0
AIFU.US,5,20260302,164500,41.6,41.6,38.9,38.9,34.2,0
AIFU.US,5,20260302,165000,40.2,40.2,40.2,40.2,75,0
AIFU.US,5,20260302,193000,39,39,39,39,5,0
AIFU.US,5,20260302,215500,38,38,38,38,5,0
AIFU.US,5,20260303,163000,36.2,36.2,36.2,36.2,6.2,0
AIFU.US,5,20260303,174500,36.4,36.4,36.4,36.4,10.200000000000001,0
AIFU.US,5,20260303,202500,38,38,38,38,19.950000000000003,0
AIFU.US,5,20260304,212500,38.6,38.6,38.6,38.6,10,0
AIFU.US,5,20260304,213000,38.4,38.4,38.4,38.4,29.75,0
AIFU.US,5,20260305,164000,38.4,38.4,38.204,38.4,93.5,0
AIFU.US,5,20260305,164500,38,38,38,38,45.5,0
AIFU.US,5,20260305,180000,38.9,39.8,38.9,39.8,10,0
AIFU.US,5,20260305,182000,40,40,40,40,7.8500000000000005,0
AIFU.US,5,20260305,182500,38.9,38.9,37.822,37.822,12.850000000000001,0
AIFU.US,5,20260305,183500,38,38,38,38,19.1,0
AIFU.US,5,20260305,192500,37.9,37.9,37.9,37.9,7.4,0
AIFU.US,5,20260305,213500,38,38,38,38,40,0
AIFU.US,5,20260306,153000,37.8,37.8,37.6,37.6,15,0
AIFU.US,5,20260306,154500,37.6,37.6,37.6,37.6,84.4,0
AIFU.US,5,20260306,170500,38,38,38,38,44.75,0
AIFU.US,5,20260306,213000,38,38,38,38,5,0
AIFU.US,5,20260309,152000,38.002,38.002,38.002,38.002,5,0
AIFU.US,5,20260309,160500,38.2,38.2,38,38,10,0
AIFU.US,5,20260309,164500,37.6,37.8,37.6,37.8,15.850000000000001,0
AIFU.US,5,20260309,200000,36.6,36.6,36.6,36.6,15,0
AIFU.US,5,20260309,201500,36.6,36.6,36.4,36.4,12.850000000000001,0
AIFU.US,5,20260310,145000,40.2,40.2,40.2,40.2,49.75,0
AIFU.US,5,20260310,150500,39,40,39,40,175,0
AIFU.US,5,20260310,163500,39.8,39.998,39.8,39.8,127.85000000000001,0
AIFU.US,5,20260310,200000,37.6,37.6,37.4,37.4,20,0
AIFU.US,5,20260310,205500,37.4,37.4,37.4,37.4,5,0
AIFU.US,5,20260311,161500,39.4,39.8,39.4,39.6,47.650000000000006,0
AIFU.US,5,20260311,174500,38,38,38,38,12.3,0
AIFU.US,5,20260311,175000,38.4,38.4,38.4,38.4,5,0
AIFU.US,5,20260311,201500,38.9,38.9,38.9,38.9,28.900000000000002,0
AIFU.US,5,20260311,205500,38.2,38.2,38.2,38.2,6.8500000000000005,0
AIFU.US,5,20260312,143000,40,40,40,40,10,0
AIFU.US,5,20260312,144500,32.402,37,32.402,37,297.2,0
AIFU.US,5,20260312,194000,37.8,37.8,37.8,37.8,32,0
AIFU.US,5,20260312,194500,38,38,38,38,7.5,0
AIFU.US,5,20260312,195000,37.4,37.4,37.4,37.4,34.1,0
AIFU.US,5,20260312,205500,39.4,39.4,39.4,39.4,8.4,0
AIFU.US,5,20260313,163500,39.98,39.98,39.98,39.98,10,0
AIFU.US,5,20260313,170500,39.2,39.2,39.2,39.2,10,0
AIFU.US,5,20260313,171500,38.6,38.6,38,38,15,0
AIFU.US,5,20260313,194500,39.756,39.756,39.756,39.756,13.15,0
AIFU.US,5,20260316,144500,39.8,39.8,38,38,321.5,0
AIFU.US,5,20260316,150500,38,38,38,38,10.200000000000001,0
AIFU.US,5,20260316,160000,36.6,36.6,36.4,36.4,15.8,0
AIFU.US,5,20260316,204500,36.4,36.4,36.4,36.4,10.3,0
AIFU.US,5,20260316,205500,37.18,37.18,37.18,37.18,14.350000000000001,0
AIFU.US,5,20260317,153500,37.2,37.2,36.8,36.8,20,0
AIFU.US,5,20260317,154000,36.8,36.8,36.8,36.8,15.4,0
AIFU.US,5,20260317,160500,36.6,36.8,36.6,36.8,50,0
AIFU.US,5,20260317,161000,36.8,36.8,36.6,36.8,185,0
AIFU.US,5,20260317,162500,37.8,37.8,37.8,37.8,83.15,0
AIFU.US,5,20260317,165000,38,38,37.2,37.8,45,0
AIFU.US,5,20260317,174500,39.398,39.398,39.398,39.398,15,0
AIFU.US,5,20260317,205500,36.8,36.8,36.8,36.8,5,0
AIFU.US,5,20260318,195000,37,37,37,37,5,0
AIFU.US,5,20260318,202500,36.626,36.626,36.626,36.626,7.300000000000001,0
AIFU.US,5,20260318,205000,36.6,36.6,36,36,86.9,0
AIFU.US,5,20260318,205500,36,36,36,36,97.85000000000001,0
AIFU.US,5,20260319,143000,36,36,36,36,5.050000000000001,0
AIFU.US,5,20260319,203500,36,36.5,36,36.5,10,0
AIFU.US,5,20260319,204000,36,36,36,36,5,0
AIFU.US,5,20260319,205500,36,36,36,36,25.1,0
AIFU.US,5,20260320,143000,36,36,36,36,20.200000000000003,0
AIFU.US,5,20260320,160500,35.798,35.798,35.798,35.798,15.65,0
AIFU.US,5,20260320,195000,34.8,34.8,34.4,34.6,50,0
AIFU.US,5,20260320,200500,34.4,34.4,33.6,33.6,12.200000000000001,0
AIFU.US,5,20260320,201500,33.4,33.4,33.4,33.4,5.75,0
AIFU.US,5,20260320,205500,33.8,33.8,33.8,33.8,5,0
AIFU.US,5,20260323,144500,33,33.2,32.4,32.4,89.5,0
AIFU.US,5,20260323,152000,33.798,33.798,33.798,33.798,40,0
AIFU.US,5,20260323,164000,32.6,32.6,32.6,32.6,10,0
AIFU.US,5,20260323,164500,32.588,32.588,32.588,32.588,50,0
AIFU.US,5,20260323,190000,33.544,33.544,33.544,33.544,50,0
AIFU.US,5,20260323,201000,32.4,32.4,32.4,32.4,5,0
AIFU.US,5,20260323,205500,32.404,32.404,32.4,32.4,65,0
AIFU.US,5,20260324,143000,31.8,31.8,31.8,31.8,8,0
AIFU.US,5,20260324,144000,32.4,32.4,32.4,32.4,43.1,0
AIFU.US,5,20260324,164000,31.918,31.918,31.918,31.918,7.7,0
AIFU.US,5,20260324,174500,32.6,32.6,32.6,32.6,5,0
AIFU.US,5,20260324,181500,32,32.002,32,32.002,35,0
AIFU.US,5,20260324,182000,32.8,32.8,32.5,32.5,50,0
AIFU.US,5,20260324,195000,32.4,32.4,32.4,32.4,10,0
AIFU.US,5,20260324,205500,36,36,36,36,5.050000000000001,0
AIFU.US,5,20260325,145000,34.5,34.5,34.5,34.5,10,0
AIFU.US,5,20260325,162000,34.25,34.25,34.25,34.25,9.5,0
AIFU.US,5,20260325,165500,32.4,32.4,32,32,45,0
AIFU.US,5,20260325,171500,32.4,33,32.4,33,15,0
AIFU.US,5,20260325,205500,33,33,33,33,8.9,0
AIFU.US,5,20260326,155500,30.4,30.4,30.4,30.4,41.75,0
AIFU.US,5,20260326,161000,31.818,31.818,31.818,31.818,50,0
AIFU.US,5,20260326,172000,31.1,31.1,31.1,31.1,7.5,0
AIFU.US,5,20260326,200000,30.4,30.4,30.2,30.2,138.65,0
AIFU.US,5,20260326,200500,31.8,31.8,31.8,31.8,16.55,0
AIFU.US,5,20260326,201000,30,30.2,29.8,29.8,133.85,0
AIFU.US,5,20260326,201500,28.8,28.8,27.2,27.2,264.6,0
AIFU.US,5,20260326,203500,30.4,30.4,29.6,29.6,20,0
AIFU.US,5,20260326,204500,28.02,28.6,28,28,123.5,0
AIFU.US,5,20260326,205000,28.4,28.4,28,28,42.1,0
AIFU.US,5,20260326,205500,28.596,28.598,27.2,27.2,105,0
AIFU.US,5,20260327,143000,28.6,28.6,28.6,28.6,25,0
AIFU.US,5,20260327,151000,28,28,28,28,100,0
AIFU.US,5,20260327,161000,27.2,27.2,27.2,27.2,12,0
AIFU.US,5,20260327,171000,28.2,28.2,28.2,28.2,45.400000000000006,0
AIFU.US,5,20260327,174000,28.214,28.214,28.214,28.214,15.55,0
AIFU.US,5,20260327,191000,28.212,28.212,28.212,28.212,6.2,0
AIFU.US,5,20260327,203000,28.36,28.36,27.8,27.8,50,0
AIFU.US,5,20260327,205000,28.4,28.4,28.4,28.4,9.4,0
AIFU.US,5,20260330,154000,28.4,28.4,28.4,28.4,16.55,0
AIFU.US,5,20260330,174000,28.8,28.8,28.8,28.8,10,0
AIFU.US,5,20260330,193000,28.4,28.4,28.4,28.4,6,0
AIFU.US,5,20260330,200500,28,28,28,28,7.25,0
AIFU.US,5,20260330,201000,28,28,26.8,27,45.2,0
AIFU.US,5,20260330,203500,26.678,26.678,26.678,26.678,39.6,0
AIFU.US,5,20260330,204500,28.792,28.792,28.792,28.792,5,0
AIFU.US,5,20260331,165000,28.268,28.6,26.9,28.6,85,0
AIFU.US,5,20260331,182000,26.9,26.9,26.9,26.9,19.85,0
AIFU.US,5,20260331,184500,26.9,26.9,26.9,26.9,16.2,0
AIFU.US,5,20260331,194500,26.6,26.6,26.6,26.6,6.8500000000000005,0
AIFU.US,5,20260331,203000,26.8,26.8,26.8,26.8,15.100000000000001,0
AIFU.US,5,20260331,203500,27.962,27.962,27.962,27.962,5,0
AIFU.US,5,20260401,153000,28.4,28.4,26.6,26.6,11.4,0
AIFU.US,5,20260401,155000,27.3,27.3,27.3,27.3,5,0
AIFU.US,5,20260401,160000,26.41,26.41,26.41,26.41,15,0
AIFU.US,5,20260401,162500,27.948,28.2,27.3,28.2,84.45,0
AIFU.US,5,20260401,163000,28.9,29.4,28.9,29.4,37.5,0
AIFU.US,5,20260401,174000,28.344,28.9,28.2,28.2,62.5,0
AIFU.US,5,20260401,194000,28.2,28.2,28.2,28.2,7.1000000000000005,0
AIFU.US,5,20260401,205000,27.6,27.6,27.6,27.6,5.65,0
AIFU.US,5,20260402,153000,28,28,28,28,5,0
AIFU.US,5,20260402,154500,31.264,31.264,31.264,31.264,5,0
AIFU.US,5,20260402,155000,29.7,29.7,29.7,29.7,5,0
AIFU.US,5,20260402,160000,29.7,29.7,29.7,29.7,5,0
AIFU.US,5,20260402,164500,29.6,29.6,29.6,29.6,5,0
AIFU.US,5,20260402,180500,28.8,28.8,28.8,28.8,22.25,0
AIFU.US,5,20260402,200000,28.8,29.312,28.4,28.4,25,0
AIFU.US,5,20260402,215500,29.44,29.44,29.44,29.44,10,0
AIFU.US,5,20260406,153500,27.3,27.3,27.3,27.3,5,0
AIFU.US,5,20260406,155000,27.7,27.7,27.7,27.7,5,0
AIFU.US,5,20260406,173500,29.2,29.2,29.2,29.2,5,0
AIFU.US,5,20260406,175500,29.6,29.6,29.6,29.6,10,0
AIFU.US,5,20260406,180000,29.2,29.6,29.2,29.6,22.3,0
AIFU.US,5,20260406,205000,31.8,31.8,31.8,31.8,10,0
AIFU.US,5,20260406,205500,30.686,30.686,30.686,30.686,5,0
AIFU.US,5,20260406,210000,31.6,31.6,31.4,31.4,10,0
AIFU.US,5,20260406,214000,30.3,30.3,30.15,30.15,25,0
AIFU.US,5,20260406,215500,28.8,28.8,28.8,28.8,5,0
AIFU.US,5,20260407,153000,29.8,29.8,29.8,29.8,5,0
AIFU.US,5,20260407,154000,31.4,31.4,31.4,31.4,5,0
AIFU.US,5,20260407,154500,31.4,31.4,31.4,31.4,5,0
AIFU.US,5,20260407,165500,31.6,31.8,31.6,31.8,33.9,0
AIFU.US,5,20260407,170500,31.4,31.4,31.002,31.004,45,0
AIFU.US,5,20260407,171000,30.5,31.6,30.5,31.6,15,0
AIFU.US,5,20260407,171500,31.52,31.52,31.52,31.52,9,0
AIFU.US,5,20260407,173500,31.6,31.8,31.6,31.6,18.400000000000002,0
AIFU.US,5,20260407,181500,29.4,31.8,29.4,29.6,135,0
AIFU.US,5,20260407,182000,29.4,29.4,29.4,29.4,5,0
AIFU.US,5,20260407,193500,29.4,29.4,29.4,29.4,10,0
AIFU.US,5,20260407,194500,29.2,29.2,29.2,29.2,5,0
AIFU.US,5,20260407,195000,29,29,29,29,10,0
AIFU.US,5,20260407,200000,29,29,29,29,20,0
AIFU.US,5,20260407,212000,28.6,28.8,28.6,28.8,10,0
AIFU.US,5,20260407,213500,28.7,28.7,28.7,28.7,50,0
AIFU.US,5,20260407,215500,28.2,28.2,28.16,28.16,11.55,0
AIFU.US,5,20260408,153500,30.976,30.976,30.976,30.976,23.55,0
AIFU.US,5,20260408,160500,28.1,28.1,28.1,28.1,8.9,0
AIFU.US,5,20260408,161500,29.392,30,29.392,30,155,0
AIFU.US,5,20260408,163000,28.2,28.4,27.6,28.2,105,0
AIFU.US,5,20260408,163500,27.44,28.2,25.8,26,226,0
AIFU.US,5,20260408,164500,25.8,25.8,25.8,25.8,48.7,0
AIFU.US,5,20260408,165000,26.8,26.8,25.8,25.8,50,0
AIFU.US,5,20260408,165500,25.8,25.8,25.798,25.8,60.35,0
AIFU.US,5,20260408,170000,25.764,26.4,25.764,26,76.10000000000001,0
AIFU.US,5,20260408,171000,25.6,25.6,25.6,25.6,42.75,0
AIFU.US,5,20260408,172000,26.8,26.8,25.2,25.2,55,0
AIFU.US,5,20260408,172500,25.2,26.5,25.2,26.5,30,0
AIFU.US,5,20260408,173000,25,25,25,25,5,0
AIFU.US,5,20260408,175000,25.6,25.6,25.4,25.4,20,0
AIFU.US,5,20260408,183500,25.9,25.9,25.9,25.9,5,0
AIFU.US,5,20260408,184500,26.4,26.6,26,26,40,0
AIFU.US,5,20260408,185000,25,25.2,25,25,15,0
AIFU.US,5,20260408,192000,25.2,26.3,25,25.2,60,0
AIFU.US,5,20260408,194000,26,26,24.6,24.6,205,0
AIFU.US,5,20260408,194500,24.6,24.6,24.6,24.6,5,0
AIFU.US,5,20260408,195500,25.2,26.6,25.2,26.412,225.05,0
AIFU.US,5,20260408,200000,26,26,26,26,5,0
AIFU.US,5,20260408,200500,26,26,26,26,5,0
AIFU.US,5,20260408,203500,26,26,26,26,12.350000000000001,0
AIFU.US,5,20260408,204000,25.2,25.2,24.8,24.8,75,0
AIFU.US,5,20260408,211000,27.2,27.2,27.2,27.2,35,0
AIFU.US,5,20260408,212500,25.6,25.6,25.6,25.6,5,0
AIFU.US,5,20260408,213000,26,26,26,26,5,0
AIFU.US,5,20260408,215000,26,26,26,26,5,0
AIFU.US,5,20260408,215500,25.88,25.88,25.88,25.88,8.4,0
AIFU.US,5,20260409,153000,25.6,25.8,24.4,24.4,20.3,0
AIFU.US,5,20260409,154000,23.6,23.6,23.6,23.6,5,0
AIFU.US,5,20260409,154500,23.624,23.624,23.624,23.624,15,0
AIFU.US,5,20260409,160000,23.7,23.7,23.7,23.7,10,0
AIFU.US,5,20260409,161000,23.6,23.6,22.4,22.4,89.05000000000001,0
AIFU.US,5,20260409,162500,22.6,22.6,22,22.1,76.5,0
AIFU.US,5,20260409,163000,22,22,22,22,5,0
AIFU.US,5,20260409,163500,21.4,21.4,20.234,20.234,104.80000000000001,0
AIFU.US,5,20260409,170500,21.2,21.6,21.2,21.6,133.35,0
AIFU.US,5,20260409,171000,23.8,23.8,23.8,23.8,7.550000000000001,0
AIFU.US,5,20260409,173000,22.8,22.8,22.8,22.8,5,0
AIFU.US,5,20260409,183000,23.788,23.788,23.788,23.788,10.450000000000001,0
AIFU.US,5,20260409,185500,23.6,23.6,23.6,23.6,5,0
AIFU.US,5,20260409,191000,23.6,24.8,23.6,24.8,51.85,0
AIFU.US,5,20260409,194000,23.6,23.6,23.6,23.6,30,0
AIFU.US,5,20260409,194500,24,24,24,24,20,0
AIFU.US,5,20260409,213000,24.4,24.6,24.4,24.6,20,0
AIFU.US,5,20260409,215500,22.76,22.76,22.76,22.76,11.75,0
AIFU.US,5,20260410,165500,24.4,24.4,24.4,24.4,15,0
AIFU.US,5,20260410,171000,21.2,21.2,19.998,20.4,1245.3000000000002,0
AIFU.US,5,20260410,174500,20.8,20.8,20.6,20.6,25,0
AIFU.US,5,20260410,175000,20.6,20.6,20.6,20.6,12.5,0
AIFU.US,5,20260410,182500,21.2,21.2,21,21,25,0
AIFU.US,5,20260410,185500,22.542,24,22.4,23.03,67.5,0
AIFU.US,5,20260410,190000,24.4,24.4,24.4,24.4,17.5,0
AIFU.US,5,20260410,192500,23.028,23.028,23.028,23.028,7.7,0
AIFU.US,5,20260410,193000,23,23.02,23,23.02,25,0
AIFU.US,5,20260410,195000,24.4,24.4,24.4,24.4,5,0
AIFU.US,5,20260410,195500,24.4,24.4,24.4,24.4,10,0
AIFU.US,5,20260410,200000,24.2,24.2,24.2,24.2,5,0
AIFU.US,5,20260410,203000,24.2,24.4,24.2,24.4,18.55,0
AIFU.US,5,20260410,214000,24.6,24.6,24.6,24.6,5,0
AIFU.US,5,20260410,215500,24.8,24.8,24.6,24.6,10,0
AIFU.US,5,20260413,153000,24.6,24.6,24.6,24.6,52.900000000000006,0
AIFU.US,5,20260413,153500,23.9,23.9,22,22,96.9,0
AIFU.US,5,20260413,160500,25.8,25.8,25.8,25.8,25,0
AIFU.US,5,20260413,161000,25.4,25.4,25.4,25.4,6.5,0
AIFU.US,5,20260413,162000,25,25.6,25,25.6,40.75,0
AIFU.US,5,20260413,162500,25.6,25.8,25.6,25.8,30,0
AIFU.US,5,20260413,163500,25.8,25.8,25.8,25.8,80.4,0
AIFU.US,5,20260413,172500,26,26,26,26,5,0
AIFU.US,5,20260413,181000,26,26,26,26,5,0
AIFU.US,5,20260413,181500,26,26,26,26,5,0
AIFU.US,5,20260413,182000,25.8,25.8,25.8,25.8,5,0
AIFU.US,5,20260413,182500,26,26,26,26,5,0
AIFU.US,5,20260413,190000,26.4,26.4,26.4,26.4,10,0
AIFU.US,5,20260413,192500,26.2,26.2,26.2,26.2,7.75,0
AIFU.US,5,20260413,195500,27.8,27.8,26.6,26.6,20,0
AIFU.US,5,20260413,203000,26.8,27.8,26.8,27.8,18.75,0
AIFU.US,5,20260413,210000,25.234,25.234,25.22,25.22,35,0
AIFU.US,5,20260413,210500,26.4,26.4,26.4,26.4,5,0
AIFU.US,5,20260413,214500,26.6,26.6,26.6,26.6,10,0
AIFU.US,5,20260414,170000,27.4,27.4,27.4,27.4,5,0
AIFU.US,5,20260414,171000,22,25,22,25,35,0
AIFU.US,5,20260414,171500,25,25,25,25,15,0
AIFU.US,5,20260414,172000,25,25,25,25,25,0
AIFU.US,5,20260414,172500,26.4,26.4,26.4,26.4,15,0
AIFU.US,5,20260414,180000,26.4,26.4,26.4,26.4,5,0
AIFU.US,5,20260414,182000,26.6,27.8,26.6,27.8,35,0
AIFU.US,5,20260414,183000,27.6,27.6,27.6,27.6,5,0
AIFU.US,5,20260414,200000,27.6,27.6,27.6,27.6,5,0
AIFU.US,5,20260414,204500,27.2,27.4,27.2,27.4,25,0
AIFU.US,5,20260414,212500,27.2,27.2,27.2,27.2,7.800000000000001,0
AIFU.US,5,20260414,213000,27.2,27.4,27.2,27.4,15.600000000000001,0
AIFU.US,5,20260414,215500,27.4,27.4,27.4,27.4,5.45,0
AIFU.US,5,20260415,170500,26.262,26.262,26.262,26.262,15,0
AIFU.US,5,20260415,173000,27.4,27.4,27.4,27.4,5,0
AIFU.US,5,20260415,174000,26,27.8,26,27.8,50,0
AIFU.US,5,20260415,180000,27.2,27.4,27.2,27.4,25,0
AIFU.US,5,20260415,184500,27.6,27.8,27.6,27.8,30,0
AIFU.US,5,20260415,185000,28,28,28,28,5,0
AIFU.US,5,20260415,190500,29.8,29.8,29.8,29.8,5,0
AIFU.US,5,20260415,191500,28.2,28.2,28.2,28.2,26.700000000000003,0
AIFU.US,5,20260415,192000,29.8,29.8,29.8,29.8,5,0
AIFU.US,5,20260415,202500,28.8,29,28.8,29,110,0
AIFU.US,5,20260415,210000,28.6,28.6,28.02,28.02,50.900000000000006,0
AIFU.US,5,20260415,210500,29,29,29,29,5,0
AIFU.US,5,20260415,211500,29,29,29,29,5,0
AIFU.US,5,20260415,214000,29,29,29,29,58.550000000000004,0
AIFU.US,5,20260415,215000,28.6,29.2,28.6,29.2,10,0
AIFU.US,5,20260416,155000,29.2,29.2,29.2,29.2,25,0
AIFU.US,5,20260416,160000,29.2,29.2,29.2,29.2,26.05,0
AIFU.US,5,20260416,160500,28.6,28.6,28.6,28.6,5,0
AIFU.US,5,20260416,161000,28.8,28.8,28.8,28.8,23.450000000000003,0
AIFU.US,5,20260416,163000,29,29,29,29,5,0
AIFU.US,5,20260416,163500,28.4,28.8,28.4,28.8,10,0
AIFU.US,5,20260416,201000,29,29.2,29,29,20,0
AIFU.US,5,20260416,214000,29,29.2,29,29.2,20,0
AIFU.US,5,20260417,153000,29.2,29.2,28.2,29,108.65,0
AIFU.US,5,20260417,154500,29,29,29,29,19.900000000000002,0
AIFU.US,5,20260417,162500,29,29,29,29,50,0
AIFU.US,5,20260417,165000,28.998,28.998,28.998,28.998,32.35,0
AIFU.US,5,20260417,172500,29.2,29.2,29.2,29.2,20,0
AIFU.US,5,20260417,173000,28.6,28.6,28.6,28.6,5,0
AIFU.US,5,20260417,174500,28.8,28.8,28.8,28.8,5,0
AIFU.US,5,20260417,185000,29.2,29.2,29.2,29.2,18.05,0
AIFU.US,5,20260417,191000,28.2,28.202,28.2,28.2,60,0
AIFU.US,5,20260417,194000,29.198,29.198,29.198,29.198,9.9,0
AIFU.US,5,20260417,201500,29.2,29.2,29.2,29.2,10,0
AIFU.US,5,20260417,210000,29.2,29.2,29.2,29.2,20,0
AIFU.US,5,20260417,210500,28.6,28.6,28.6,28.6,17.25,0
AIFU.US,5,20260417,212000,28.6,28.6,28.6,28.6,12.25,0
AIFU.US,5,20260417,213500,28.204,28.204,28.204,28.204,15.55,0
AIFU.US,5,20260417,215500,28.2,28.2,25.6,26.6,259.6,0
AIFU.US,5,20260420,153000,26.4,26.4,26.4,26.4,12.65,0
AIFU.US,5,20260420,153500,26.2,26.8,26.2,26.8,41.400000000000006,0
AIFU.US,5,20260420,154000,26,26.8,26,26.8,10,0
AIFU.US,5,20260420,154500,26.1,26.1,25.6,25.6,10,0
AIFU.US,5,20260420,155000,26.8,26.8,26.8,26.8,5,0
AIFU.US,5,20260420,160000,26.8,27.4,26.8,27.4,47,0
AIFU.US,5,20260420,164000,26,26,26,26,14.65,0
AIFU.US,5,20260420,172500,28.6,28.6,28.6,28.6,5,0
AIFU.US,5,20260420,173500,28.6,28.6,28.6,28.6,5,0
AIFU.US,5,20260420,174500,28.6,28.8,28.6,28.8,45.35,0
AIFU.US,5,20260420,175000,28.6,28.6,28.6,28.6,25.8,0
AIFU.US,5,20260420,184500,29,29,29,29,5,0
AIFU.US,5,20260420,191000,29.2,29.2,29.2,29.2,15,0
AIFU.US,5,20260420,192500,29.2,29.2,28.2,28.2,37.7,0
AIFU.US,5,20260420,202500,29,29.2,29,29.2,20,0
AIFU.US,5,20260420,214000,28,28,28,28,5,0
AIFU.US,5,20260420,214500,28.4,28.4,28.4,28.4,10,0
AIFU.US,5,20260420,215500,29,29,29,29,5,0
AIFU.US,5,20260421,154500,29,29.2,29,29,60,0
AIFU.US,5,20260421,155500,29.2,29.2,29.2,29.2,5,0
AIFU.US,5,20260421,161000,29.2,29.2,29.2,29.2,5,0
AIFU.US,5,20260421,164000,29.2,29.2,29.2,29.2,5,0
AIFU.US,5,20260421,165000,29.2,29.2,29.2,29.2,10,0
AIFU.US,5,20260421,165500,28.7,28.7,28.7,28.7,7.5,0
AIFU.US,5,20260421,170000,29.2,29.2,29.2,29.2,5,0
AIFU.US,5,20260421,171000,29.2,29.2,28.202,28.202,37.45,0
AIFU.US,5,20260421,172000,28.7,28.7,28.7,28.7,49.1,0
AIFU.US,5,20260421,180000,29.2,29.2,29.2,29.2,5,0
AIFU.US,5,20260421,180500,29.2,29.2,29.2,29.2,5,0
AIFU.US,5,20260421,182000,29.2,29.2,29.2,29.2,5,0
AIFU.US,5,20260421,184500,29.2,29.2,29.2,29.2,5,0
AIFU.US,5,20260421,193000,28.4,28.4,28.4,28.4,7.3500000000000005,0
AIFU.US,5,20260421,195000,28.4,28.4,28.4,28.4,10,0
AIFU.US,5,20260421,200500,28.2,28.2,28.2,28.2,10,0
AIFU.US,5,20260421,204000,29,29,28.7,28.7,10,0
AIFU.US,5,20260421,215500,28,28.4,28,28.4,35,0
AIFU.US,5,20260422,154500,28.8,28.8,28.8,28.8,10,0
AIFU.US,5,20260422,160000,29,29,29,29,5,0
AIFU.US,5,20260422,160500,29.2,29.2,29.2,29.2,19.85,0
AIFU.US,5,20260422,161500,28.8,28.8,28.8,28.8,5,0
AIFU.US,5,20260422,162500,28.8,28.8,28.8,28.8,5,0
AIFU.US,5,20260422,164500,29,29,29,29,11.200000000000001,0
AIFU.US,5,20260422,183500,29.2,29.2,29.2,29.2,20,0
AIFU.US,5,20260422,203000,29.2,29.2,29.2,29.2,20,0
AIFU.US,5,20260422,205500,28.4,28.4,28.4,28.4,7.550000000000001,0
AIFU.US,5,20260422,210500,28,28,27.8,27.8,10,0
AIFU.US,5,20260422,213000,28.4,28.6,28.4,28.6,10,0
AIFU.US,5,20260422,215500,28.2,28.2,28.2,28.2,10,0
AIFU.US,5,20260423,163500,28.4,29.2,28.4,29,19.950000000000003,0
AIFU.US,5,20260423,165000,26.648,26.648,26.648,26.648,8.9,0
AIFU.US,5,20260423,174500,28.4,29.2,28.4,29.2,20,0
AIFU.US,5,20260423,190500,27.8,27.8,27.8,27.8,5,0
AIFU.US,5,20260423,191500,26.8,26.8,26,26,91.65,0
AIFU.US,5,20260423,192000,27.1,27.1,27.1,27.1,12.5,0
AIFU.US,5,20260423,212000,27,27,27,27,5,0
AIFU.US,5,20260423,215500,27.6,27.6,27.6,27.6,5,0
AIFU.US,5,20260424,161000,27.8,27.8,27.8,27.8,5,0
AIFU.US,5,20260424,163000,27.6,27.6,27.6,27.6,10,0
AIFU.US,5,20260424,165000,27.6,27.6,27.6,27.6,5,0
AIFU.US,5,20260424,173000,27.2,27.2,26.8,26.8,50,0
AIFU.US,5,20260424,192500,27.8,29.2,27.8,29.2,20,0
AIFU.US,5,20260424,200500,29,29.2,29,29.2,10,0
AIFU.US,5,20260424,203000,29,29,29,29,5,0
AIFU.US,5,20260424,205000,28.6,28.6,28.6,28.6,5,0
AIFU.US,5,20260424,211000,29.1,29.1,29.1,29.1,5,0
AIFU.US,5,20260424,212500,29,29,28.2,28.4,31.35,0
AIFU.US,5,20260424,213000,28,28,28,28,25,0
AIFU.US,5,20260427,163000,28,28,28,28,30,0
AIFU.US,5,20260427,163500,28,28,28,28,5,0
AIFU.US,5,20260427,170000,27.6,28.1,27.6,28.1,14.75,0
AIFU.US,5,20260427,170500,28.128,28.2,27.8,27.8,55,0
AIFU.US,5,20260427,171500,28.2,28.2,28.2,28.2,5,0
AIFU.US,5,20260427,180500,29,29,29,29,10,0
AIFU.US,5,20260427,184000,29,29,29,29,10,0
AIFU.US,5,20260427,191500,29,29,29,29,5,0
AIFU.US,5,20260427,193500,29,29,29,29,5,0
AIFU.US,5,20260427,195000,28.6,28.6,28.6,28.6,5,0
AIFU.US,5,20260427,202000,28.9,29,28.8,29,618.8000000000001,0
AIFU.US,5,20260427,202500,29.2,29.2,29.2,29.2,431.1,0
AIFU.US,5,20260427,203000,29.2,29.6,29,29.6,239.55,0
AIFU.US,5,20260427,205000,29.6,30,29.6,29.6,210.35000000000002,0
AIFU.US,5,20260427,205500,29.6,29.8,29.4,29.4,55.2,0
AIFU.US,5,20260427,210500,29.6,29.6,29.6,29.6,21.200000000000003,0
AIFU.US,5,20260427,212000,29.2,29.2,29,29,53.5,0
AIFU.US,5,20260427,213000,28,28,28,28,31.6,0
AIFU.US,5,20260427,214500,27.8,27.8,27.6,27.6,74.15,0
AIFU.US,5,20260427,215000,27,27,27,27,25,0
AIFU.US,5,20260427,215500,26,26,25.4,25.4,10.9,0
AIFU.US,5,20260428,160500,24.4,24.4,24,24,40.25,0
AIFU.US,5,20260428,161000,24.3,24.3,23.202,23.202,29.75,0
AIFU.US,5,20260428,164500,25.6,25.8,25.6,25.8,23,0
AIFU.US,5,20260428,165000,26,26,26,26,55,0
AIFU.US,5,20260428,170000,25.8,26,25.8,25.8,30,0
AIFU.US,5,20260428,182500,26.4,26.4,26.2,26.2,25,0
AIFU.US,5,20260428,191000,26.9,26.9,26.9,26.9,25,0
AIFU.US,5,20260428,210500,27.4,27.4,27.4,27.4,10.700000000000001,0
AIFU.US,5,20260428,215500,27.4,27.4,27.4,27.4,5,0
AIFU.US,5,20260429,161000,27.6,27.6,27.4,27.4,24.200000000000003,0
AIFU.US,5,20260429,161500,27.6,27.6,27.6,27.6,10.25,0
AIFU.US,5,20260429,162000,27,27,26.8,26.8,10,0
AIFU.US,5,20260429,163000,26.602,26.602,26.602,26.602,7.6000000000000005,0
AIFU.US,5,20260429,182000,27.4,27.4,27.4,27.4,5.15,0
AIFU.US,5,20260429,184500,27.4,27.4,27.4,27.4,10,0
AIFU.US,5,20260429,190500,27.4,27.4,27.4,27.4,11.950000000000001,0
AIFU.US,5,20260429,202000,27.2,27.2,27.2,27.2,10,0
AIFU.US,5,20260429,211000,27.4,27.4,27.2,27.2,10,0
AIFU.US,5,20260429,214500,26.6,26.8,26.6,26.8,90,0
AIFU.US,5,20260430,155500,24.6,24.6,24.4,24.4,25,0
AIFU.US,5,20260430,162000,26.8,26.8,26.6,26.6,20,0
AIFU.US,5,20260430,165000,26.8,26.8,26.8,26.8,15,0
AIFU.US,5,20260430,172000,26.8,26.8,26.8,26.8,33.5,0
AIFU.US,5,20260430,181000,26.8,26.8,26.8,26.8,6.65,0
AIFU.US,5,20260430,184000,27.2,27.2,27.2,27.2,20,0
AIFU.US,5,20260430,192500,27.2,27.2,27.2,27.2,15,0
AIFU.US,5,20260430,200000,27,27.2,27,27.2,15,0
AIFU.US,5,20260430,205500,27.2,27.2,27.2,27.2,15,0
AIFU.US,5,20260430,213000,27.2,27.2,27.2,27.2,18.5,0
AIFU.US,5,20260430,215500,27,27.2,27,27.2,64.9,0
AIFU.US,5,20260501,154000,28.1,28.1,28,28,10,0
AIFU.US,5,20260501,155500,27.48,27.48,27.4,27.4,25,0
AIFU.US,5,20260501,161500,27.6,27.6,27.6,27.6,5,0
AIFU.US,5,20260501,163500,27.6,27.6,27.6,27.6,5,0
AIFU.US,5,20260501,165500,27.8,27.8,27.8,27.8,5,0
AIFU.US,5,20260501,171000,27.48,27.48,27.4,27.4,55,0
AIFU.US,5,20260501,172500,27.4,27.4,27.4,27.4,5,0
AIFU.US,5,20260501,192000,27.8,27.8,27.8,27.8,55.300000000000004,0
AIFU.US,5,20260501,193500,27.4,27.4,27.4,27.4,34,0
AIFU.US,5,20260501,195000,27.4,27.4,27.4,27.4,5,0
AIFU.US,5,20260501,195500,27.4,27.4,27.4,27.4,10,0
AIFU.US,5,20260501,201000,28,28,28,28,6,0
AIFU.US,5,20260501,203000,27.2,27.2,27.2,27.2,6,0
AIFU.US,5,20260501,214500,27.7,27.7,27.7,27.7,5,0
AIFU.US,5,20260501,215500,27.8,28,27.8,28,55.5,0
AIFU.US,5,20260504,161500,27.4,27.4,27.4,27.4,5,0
AIFU.US,5,20260504,163500,27.4,27.4,27.4,27.4,15.05,0
AIFU.US,5,20260504,181000,27.2,27.4,27.2,27.4,19.950000000000003,0
AIFU.US,5,20260504,193500,27.2,27.4,27.2,27.4,19.400000000000002,0
AIFU.US,5,20260504,202000,27.3,27.4,27.3,27.4,15,0
AIFU.US,5,20260504,202500,26,27.4,25,27.2,161.05,0
AIFU.US,5,20260504,203000,27.4,27.4,27.4,27.4,25,0
AIFU.US,5,20260504,203500,26.7,27.4,26.7,27.4,32.300000000000004,0
AIFU.US,5,20260504,215000,27.4,27.4,27.4,27.4,5,0
AIFU.US,5,20260504,215500,27.2,27.4,27.2,27.4,25,0
AIFU.US,5,20260505,160500,26,26,26,26,9.75,0
AIFU.US,5,20260505,162000,27.2,27.2,27.2,27.2,20,0
AIFU.US,5,20260505,162500,26,27.2,26,26.4,20.75,0
AIFU.US,5,20260505,164500,26.2,26.2,26.2,26.2,28.05,0
AIFU.US,5,20260505,183500,27.2,27.4,27.2,27.4,15,0
AIFU.US,5,20260505,192000,27.4,27.4,27.4,27.4,14.75,0
AIFU.US,5,20260505,192500,27.4,27.4,27.4,27.4,5,0
AIFU.US,5,20260505,194500,27.4,27.4,27.4,27.4,25,0
AIFU.US,5,20260505,204000,27.2,27.2,27.2,27.2,5,0
AIFU.US,5,20260505,205000,27.4,27.4,27.4,27.4,25,0
AIFU.US,5,20260505,212000,27.7,27.9,27.2,27.2,70,0
AIFU.US,5,20260505,215500,26.2,26.2,26.2,26.2,5,0
AIFU.US,5,20260506,155500,27.13,27.2,27,27.2,31.450000000000003,0
AIFU.US,5,20260506,160000,27.574,27.574,27.4,27.4,17,0
AIFU.US,5,20260506,160500,27.2,27.2,27.2,27.2,12.9,0
AIFU.US,5,20260506,171000,27.4,27.4,27.4,27.4,10,0
AIFU.US,5,20260506,175500,27.4,27.4,27.4,27.4,5,0
AIFU.US,5,20260506,190500,29.8,29.8,29.8,29.8,5,0
AIFU.US,5,20260506,191000,29.9,29.9,29.9,29.9,5,0
AIFU.US,5,20260506,192000,29.8,29.8,29.8,29.8,5,0
AIFU.US,5,20260506,194000,31.3,33.6,31.3,33.6,155,0
AIFU.US,5,20260506,194500,32,33.6,29.4,31.5,297.7,0
AIFU.US,5,20260506,195500,32.2,32.2,32.2,32.2,5.3500000000000005,0
AIFU.US,5,20260506,200000,33.4,33.6,33.4,33.6,10,0
AIFU.US,5,20260506,202000,36.6,36.6,29.202,29.202,150.65,0
AIFU.US,5,20260506,202500,29.8,32,29.6,32,124.35000000000001,0
AIFU.US,5,20260506,215500,30.274,32,30.274,32,205.65,0
AIFU.US,5,20260507,155500,30.2,30.2,30.2,30.2,50.400000000000006,0
AIFU.US,5,20260507,162000,32,32,32,32,15,0
AIFU.US,5,20260507,162500,32,33.2,32,33,98.65,0
AIFU.US,5,20260507,163000,33.2,33.2,33.2,33.2,5,0
AIFU.US,5,20260507,163500,33.2,33.8,33.2,33.8,17.25,0
AIFU.US,5,20260507,170500,33,33,33,33,5,0
AIFU.US,5,20260507,175500,32.2,32.2,32.2,32.2,5,0
AIFU.US,5,20260507,180500,32,34,31.8,32.8,110,0
AIFU.US,5,20260507,181000,32.8,32.8,30.8,31,33.4,0
AIFU.US,5,20260507,181500,31.4,33,31.4,33,50,0
AIFU.US,5,20260507,182500,32.8,32.8,32.8,32.8,15,0
AIFU.US,5,20260507,183000,32.9,33,32.8,33,15,0
AIFU.US,5,20260507,184000,31,33,31,32,85,0
AIFU.US,5,20260507,184500,32,33,32,32.8,105,0
AIFU.US,5,20260507,185000,33,33,33,33,20,0
AIFU.US,5,20260507,190000,32.6,32.6,32.6,32.6,5,0
AIFU.US,5,20260507,190500,31.4,31.8,31.4,31.8,15,0
AIFU.US,5,20260507,191000,32.8,32.8,32.8,32.8,5,0
AIFU.US,5,20260507,192500,32.6,32.6,32.6,32.6,5,0
AIFU.US,5,20260507,201500,31.9,32,31.9,32,15,0
AIFU.US,5,20260507,210000,31.1,31.1,31.1,31.1,6.5,0
AIFU.US,5,20260507,211000,31.8,31.8,31.2,31.2,35,0
AIFU.US,5,20260507,212000,31.2,31.2,31.2,31.2,10,0
AIFU.US,5,20260507,215500,31.4,31.4,30.2,30.2,23.700000000000003,0
AIFU.US,5,20260508,160500,30.2,30.2,30.2,30.2,5,0
AIFU.US,5,20260508,172000,32.3,32.3,32.3,32.3,15,0
AIFU.US,5,20260508,173500,33.8,33.8,33.6,33.6,10,0
AIFU.US,5,20260508,181000,33.4,33.4,33.4,33.4,5,0
AIFU.US,5,20260508,185500,33,33,33,33,9.4,0
AIFU.US,5,20260508,192500,32.9,32.9,32.9,32.9,5.9,0
AIFU.US,5,20260508,195500,31.8,33,31.8,32.8,50,0
AIFU.US,5,20260508,205500,31.4,31.4,31.4,31.4,5.9,0
AIFU.US,5,20260508,210000,30.6,30.6,30.6,30.6,5.9,0
AIFU.US,5,20260508,211000,31.22,33,31.22,33,55,0
AIFU.US,5,20260508,212000,32.8,32.8,32.8,32.8,10,0
AIFU.US,5,20260508,215000,30.8,30.8,30.8,30.8,5,0
AIFU.US,5,20260508,215500,31.6,31.6,31.6,31.6,5.9,0
AIFU.US,5,20260511,153000,31.6,31.6,31.6,31.6,5,0
AIFU.US,5,20260511,154000,31,33,31,33,65,0
AIFU.US,5,20260511,155000,32.5,32.5,32.5,32.5,10,0
AIFU.US,5,20260511,155500,33,33,32,32,45,0
AIFU.US,5,20260511,162500,32,32,32,32,10,0
AIFU.US,5,20260511,163000,32,32,31.8,31.8,35,0
AIFU.US,5,20260511,163500,32,32,31.8,31.8,25.200000000000003,0
AIFU.US,5,20260511,164000,31.6,31.6,31.6,31.6,5,0
AIFU.US,5,20260511,172500,30.6,30.6,30.6,30.6,5,0
AIFU.US,5,20260511,183000,30.8,30.8,30.8,30.8,5,0
AIFU.US,5,20260511,185500,32.6,32.6,32.6,32.6,5,0
AIFU.US,5,20260511,190000,30.8,30.8,30.6,30.6,27.5,0
AIFU.US,5,20260511,191500,32,32,32,32,7.550000000000001,0
AIFU.US,5,20260511,203500,32,32,32,32,15,0
AIFU.US,5,20260511,211500,32,32,32,32,15,0
AIFU.US,5,20260511,215000,31.9,31.9,31.9,31.9,5.25,0
AIFU.US,5,20260511,215500,30.6,30.6,30.6,30.6,6.7,0
AIFU.US,5,20260512,155000,30.6,31.2,30.6,31.2,21.75,0
AIFU.US,5,20260512,160500,33.998,33.998,33.998,33.998,14.15,0
AIFU.US,5,20260512,170500,32.274,32.5,32.274,32.5,200,0
AIFU.US,5,20260512,180000,32.2,32.2,32.2,32.2,16.1,0
AIFU.US,5,20260512,185000,32.2,32.2,32,32,23,0
AIFU.US,5,20260512,212000,32.7,32.8,32.7,32.8,10.450000000000001,0
AIFU.US,5,20260512,214500,32.8,32.8,32.8,32.8,5.6000000000000005,0
AIFU.US,5,20260513,155500,31.8,31.8,31.8,31.8,5,0
AIFU.US,5,20260513,160000,31.8,31.8,31.8,31.8,8.450000000000001,0
AIFU.US,5,20260513,180000,33.598,33.598,33.598,33.598,39.900000000000006,0
AIFU.US,5,20260513,180500,33.6,33.6,33.6,33.6,9.75,0
AIFU.US,5,20260513,183000,33.8,33.8,33.8,33.8,20,0
AIFU.US,5,20260513,192500,32.7,32.7,32.7,32.7,30,0
AIFU.US,5,20260513,202500,34,34,34,34,15,0
AIFU.US,5,20260513,215500,32.6,32.6,32.6,32.6,7.7,0
AIFU.US,5,20260514,153000,33.4,33.4,33,33.4,15,0
AIFU.US,5,20260514,162000,33.9,34,33.9,34,15,0
AIFU.US,5,20260514,164500,34,34.8,34,34.8,228.55,0
AIFU.US,5,20260514,165000,34.028,34.028,34,34,180,0
AIFU.US,5,20260514,165500,34.8,34.8,34.8,34.8,5,0
AIFU.US,5,20260514,170000,34.2,34.202,34,34.002,68,0
AIFU.US,5,20260514,170500,35,35,35,35,5.7,0
AIFU.US,5,20260514,172500,34.4,34.4,34.4,34.4,5,0
AIFU.US,5,20260514,174500,35.4,35.4,35.4,35.4,15,0
AIFU.US,5,20260514,175000,34.6,35.4,34.6,35.4,15,0
AIFU.US,5,20260514,175500,33.8,35.4,33.4,35.4,59.300000000000004,0
AIFU.US,5,20260514,180000,35.2,35.2,35.2,35.2,25.700000000000003,0
AIFU.US,5,20260514,191000,36,36,36,36,5,0
AIFU.US,5,20260514,191500,37.6,37.6,37.6,37.6,15,0
AIFU.US,5,20260514,202000,36,36,35.2,35.4,118.35000000000001,0
AIFU.US,5,20260514,202500,37.4,37.4,37.4,37.4,33.300000000000004,0
AIFU.US,5,20260514,205500,37.2,37.2,37.2,37.2,5,0
AIFU.US,5,20260514,210500,37.2,37.2,37.2,37.2,5.15,0
AIFU.US,5,20260514,215500,37.2,37.2,35.8,35.8,10.15,0
AIFU.US,5,20260515,153000,33.698,36.9,33.698,36.9,25.700000000000003,0
AIFU.US,5,20260515,155500,38.3,38.3,38.3,38.3,13.9,0
AIFU.US,5,20260515,160500,41.598,41.598,41.598,41.598,6.1000000000000005,0
AIFU.US,5,20260515,161000,37.6,37.6,37.4,37.6,32.5,0
AIFU.US,5,20260515,162000,37.8,37.8,37.8,37.8,5,0
AIFU.US,5,20260515,164000,37.4,39.5,37.4,39.2,16.45,0
AIFU.US,5,20260515,164500,39.2,39.2,39.2,39.2,5,0
AIFU.US,5,20260515,165000,39.8,41.6,39.8,41.6,64.75,0
AIFU.US,5,20260515,165500,42,42,40.4,40.4,25,0
AIFU.US,5,20260515,170000,43.4,46.2,43.4,46.2,51.7,0
AIFU.US,5,20260515,170500,44.6,46.196,43.6,46,119.80000000000001,0
AIFU.US,5,20260515,171000,44.782,44.782,44.782,44.782,11.950000000000001,0
AIFU.US,5,20260515,171500,44.246,44.246,44.246,44.246,5,0
AIFU.US,5,20260515,172000,43.6,43.6,43.6,43.6,5,0
AIFU.US,5,20260515,172500,43.002,43.002,43.002,43.002,10,0
AIFU.US,5,20260515,174000,43.4,43.8,43.3,43.8,33.5,0
AIFU.US,5,20260515,175000,43.4,43.4,43.4,43.4,12.5,0
AIFU.US,5,20260515,175500,43.4,43.4,43.4,43.4,10,0
AIFU.US,5,20260515,180000,43.456,43.456,43.456,43.456,9.25,0
AIFU.US,5,20260515,180500,44,44.2,44,44,20.200000000000003,0
AIFU.US,5,20260515,181000,44.4,44.8,44.2,44.5,36.85,0
AIFU.US,5,20260515,181500,44.8,45.4,44.222,45.4,106.4,0
AIFU.US,5,20260515,182000,46.2,50,46.028,48.792,1124.3,0
AIFU.US,5,20260515,182500,47.2,49,41.204,45.7,1033.7,0
AIFU.US,5,20260515,183000,46.8,47.598,45.602,45.8,456.05,0
AIFU.US,5,20260515,183500,45.4,45.4,41.8,41.8,68.95,0
AIFU.US,5,20260515,184000,41.2,45.198,41,45.198,43.150000000000006,0
AIFU.US,5,20260515,184500,40.402,44.75,40.4,44.75,85.7,0
AIFU.US,5,20260515,190000,44.6,45.8,44.6,45.8,47.300000000000004,0
AIFU.US,5,20260515,191000,45.1,45.1,45.1,45.1,25,0
AIFU.US,5,20260515,191500,45.0934,45.0934,43.8,43.8,33.2,0
AIFU.US,5,20260515,193500,45.2,45.2,45.2,45.2,9.8,0
AIFU.US,5,20260515,195500,44,44,44,44,15,0
AIFU.US,5,20260515,200000,44,44,44,44,220.70000000000002,0
AIFU.US,5,20260515,200500,45,45,45,45,28.700000000000003,0
AIFU.US,5,20260515,201500,44.196,44.328,44,44,125.85000000000001,0
AIFU.US,5,20260515,204000,44.2,44.2,44.2,44.2,5,0
AIFU.US,5,20260515,205500,44.2,44.2,44.2,44.2,15,0
AIFU.US,5,20260515,210000,44.2,44.2,42,42.2,52.050000000000004,0
AIFU.US,5,20260515,211000,42.2,42.2,42.2,42.2,7.2,0
AIFU.US,5,20260515,212000,45,45,45,45,24.05,0
AIFU.US,5,20260515,212500,43.3,43.3,43.3,43.3,15,0
AIFU.US,5,20260515,213000,45.4,45.4,45.4,45.4,5,0
AIFU.US,5,20260515,214500,46.6,46.6,46.4,46.4,40,0
AIFU.US,5,20260515,215000,46.6,46.6,46.6,46.6,115.25,0
AIFU.US,5,20260515,215500,46.4,46.4,45.2,46.2,78.80000000000001,0
AIFU.US,5,20260518,153000,45.6,52,45.6,51.4,230.85000000000002,0
AIFU.US,5,20260518,153500,52,52,50.2,50.2,49.95,0
AIFU.US,5,20260518,154000,49,49,49,49,21.1,0
AIFU.US,5,20260518,154500,49.8,50,48.2,48.2,21.200000000000003,0
AIFU.US,5,20260518,155000,48.6,50.16,47,50,156.20000000000002,0
AIFU.US,5,20260518,155500,50,50.2,47.2,47.2,160.5,0
AIFU.US,5,20260518,160000,49,49,48.8,48.8,10.8,0
AIFU.US,5,20260518,162000,48.274,48.274,48.274,48.274,27.200000000000003,0
AIFU.US,5,20260518,162500,48.1,48.702,47.498,48.6,65,0
AIFU.US,5,20260518,163000,48.4,48.8,48.4,48.596,19.900000000000002,0
AIFU.US,5,20260518,165000,48.6,48.6,48.6,48.6,5,0
AIFU.US,5,20260518,170000,47.4,47.6,47.1,47.1,15,0
AIFU.US,5,20260518,170500,47.2,47.2,47.2,47.2,5,0
AIFU.US,5,20260518,175500,47,47,47,47,70,0
AIFU.US,5,20260518,181000,46,46,46,46,8.75,0
AIFU.US,5,20260518,190000,48,48,48,48,22.75,0
AIFU.US,5,20260518,190500,47.2,47.2,47.2,47.2,29,0
AIFU.US,5,20260518,191000,47.2,47.2,47.2,47.2,18.25,0
AIFU.US,5,20260518,192500,46,46,46,46,11.350000000000001,0
AIFU.US,5,20260518,193500,46,46,44.7,44.7,23.35,0
AIFU.US,5,20260518,194000,45.1,45.1,45.1,45.1,10,0
AIFU.US,5,20260518,200000,45,45,45,45,45,0
AIFU.US,5,20260518,200500,45.4,45.4,45.4,45.4,71.2,0
AIFU.US,5,20260518,214000,46,46,46,46,55,0
AIFU.US,5,20260518,215500,45.6,45.6,45.6,45.6,5,0
AIFU.US,5,20260519,153000,44.4,44.4,44.4,44.4,7.550000000000001,0
AIFU.US,5,20260519,154000,45.53,45.53,45.53,45.53,25,0
AIFU.US,5,20260519,154500,42.2,42.2,42.2,42.2,11.200000000000001,0
AIFU.US,5,20260519,155000,44,44,44,44,5,0
AIFU.US,5,20260519,171000,43.702,43.702,43.702,43.702,20.150000000000002,0
AIFU.US,5,20260519,175500,43.4,43.4,43.4,43.4,12.5,0
AIFU.US,5,20260519,185000,43.6,43.8,43.6,43.8,33.800000000000004,0
AIFU.US,5,20260519,193500,43.2,43.2,43.2,43.2,56.2,0
AIFU.US,5,20260519,202500,43.2,43.2,43.2,43.2,5,0
AIFU.US,5,20260519,205000,43.7,43.7,43.7,43.7,33.300000000000004,0
AIFU.US,5,20260519,215500,43,43.2,43,43.2,14.100000000000001,0
AIFU.US,5,20260520,153000,44.6,44.6,44.6,44.6,45.150000000000006,0
AIFU.US,5,20260520,154500,46,46,46,46,10,0
AIFU.US,5,20260520,155500,47.4,47.4,47.4,47.4,27.5,0
AIFU.US,5,20260520,160500,46.2,46.2,46,46,22.5,0
AIFU.US,5,20260520,161500,46,46,46,46,52.5,0
AIFU.US,5,20260520,163500,44.5,44.5,43.072,43.072,47.650000000000006,0
AIFU.US,5,20260520,165000,43.2,43.2,43.2,43.2,16,0
AIFU.US,5,20260520,171000,44.5,44.5,44.5,44.5,5,0
AIFU.US,5,20260520,180000,44.5,44.5,44.474,44.474,11.25,0
AIFU.US,5,20260520,180500,45.666,45.666,45.666,45.666,60,0
AIFU.US,5,20260521,153000,45.8,46.8,45.8,46.8,20.150000000000002,0
AIFU.US,5,20260521,154500,46.8,46.8,46.8,46.8,10,0
AIFU.US,5,20260521,161000,45.6,45.6,45.6,45.6,5,0
AIFU.US,5,20260521,163000,45.6,45.6,45.6,45.6,5,0
AIFU.US,5,20260521,185500,45.6,45.6,45.6,45.6,5,0
AIFU.US,5,20260521,191500,46.998,46.998,46.998,46.998,5.65,0
AIFU.US,5,20260521,192000,47,47,46.8,46.8,106.15,0
AIFU.US,5,20260521,200500,45.8,45.8,45.6,45.6,18.5,0
AIFU.US,5,20260521,212500,45.2,45.2,45.2,45.2,5,0
AIFU.US,5,20260522,155000,42.2,42.2,42.2,42.2,5.800000000000001,0
AIFU.US,5,20260522,160000,43.5,43.5,43.5,43.5,15,0
AIFU.US,5,20260522,162000,42.4,42.4,42.4,42.4,17.35,0
AIFU.US,5,20260522,172500,42.674,43.7,42.674,43.7,54.150000000000006,0
AIFU.US,5,20260522,175000,43.6,43.6,43.6,43.6,6,0
AIFU.US,5,20260522,183000,44,44,44,44,6.4,0
AIFU.US,5,20260522,214000,43.5,43.5,43.5,43.5,5,0
AIFU.US,5,20260522,215500,43.4,43.4,43.4,43.4,17.900000000000002,0
AIFU.US,5,20260526,153000,48.2,48.2,48.2,48.2,5.050000000000001,0
AIFU.US,5,20260526,154000,40,40,40,40,12.5,0
AIFU.US,5,20260526,160000,40.4,40.4,40.4,40.4,5.65,0
AIFU.US,5,20260526,163500,41.8,41.8,41.6,41.6,10.350000000000001,0
AIFU.US,5,20260526,164500,45,45,45,45,5,0
AIFU.US,5,20260526,172000,48.8,48.8,48.8,48.8,25.05,0
AIFU.US,5,20260526,173000,41.2,41.2,41.2,41.2,65,0
AIFU.US,5,20260526,180500,44.9,44.9,44.9,44.9,23,0
AIFU.US,5,20260526,205500,43,43,43,43,15.25,0
AIFU.US,5,20260526,212500,43,43,43,43,35,0
AIFU.US,5,20260526,213000,43.2,43.2,43.2,43.2,5,0
AIFU.US,5,20260527,153000,43.2,43.2,43.2,43.2,25.650000000000002,0
AIFU.US,5,20260527,160000,43,43,43,43,10,0
AIFU.US,5,20260527,171000,43.2,43.2,43.2,43.2,5,0
AIFU.US,5,20260528,160500,45.924,45.924,45.924,45.924,12.5,0
AIFU.US,5,20260528,164000,41.8,41.8,41.8,41.8,50,0
AIFU.US,5,20260528,204000,43.4,43.4,41.802,41.802,16.85,0
AIFU.US,5,20260529,154000,45.8,46,45,45.924,68.8,0
AIFU.US,5,20260529,165000,43.2,43.2,43.004,43.004,45,0
AIFU.US,5,20260529,171500,45.6,45.6,45.6,45.6,17.5,0
AIFU.US,5,20260529,180500,44,44,44,44,6.6000000000000005,0
AIFU.US,5,20260529,182500,42.4,42.4,42.4,42.4,5,0
AIFU.US,5,20260529,211500,43.2,43.2,43.2,43.2,15,0
AIFU.US,5,20260529,215500,45,45,43.5,43.5,70.9,0
AIFU.US,5,20260601,153000,43.4,43.4,43.4,43.4,13.9,0
AIFU.US,5,20260601,160000,41.6407,41.6407,41.6407,41.6407,10,0
AIFU.US,5,20260601,161000,42.5,42.5,42.5,42.5,17.5,0
AIFU.US,5,20260601,170000,43.8,43.8,43.8,43.8,5,0
AIFU.US,5,20260601,170500,43.8,43.8,43.8,43.8,5.550000000000001,0
AIFU.US,5,20260601,183000,43.6,43.6,43.6,43.6,27.450000000000003,0
AIFU.US,5,20260601,184500,43.2,43.2,43.2,43.2,28.05,0
AIFU.US,5,20260601,203500,40.114,40.114,40.114,40.114,21.5,0
AIFU.US,5,20260602,154000,43,43,43,43,8.5,0
AIFU.US,5,20260602,165500,43.4,43.4,43.4,43.4,15.700000000000001,0
AIFU.US,5,20260602,183000,43.636,43.636,43.636,43.636,7.5,0
AIFU.US,5,20260602,184000,44.6,44.6,44.6,44.6,5,0
AIFU.US,5,20260602,190000,45.6,45.6,45.6,45.6,5,0
AIFU.US,5,20260602,190500,45.6,46,45.6,46,136.55,0
AIFU.US,5,20260602,193500,45.8,45.8,45.8,45.8,5,0
AIFU.US,5,20260602,194500,45.8,45.8,45.8,45.8,31.650000000000002,0
AIFU.US,5,20260602,195000,46.8,47,46.8,47,146.6,0
AIFU.US,5,20260602,195500,45.2,45.2,45.2,45.2,10,0
AIFU.US,5,20260602,200000,46.5,46.5,45,45,40.400000000000006,0
AIFU.US,5,20260602,215500,48,48,47.8,47.8,11.850000000000001,0
AIFU.US,5,20260603,153500,48,48,48,48,100,0
AIFU.US,5,20260603,155000,47.8,47.8,46,46,171.15,0
AIFU.US,5,20260603,155500,44.84,45,44.8,44.8,151.9,0
AIFU.US,5,20260603,160000,46.6,46.6,43,43,180.05,0
AIFU.US,5,20260603,161000,46.8,46.8,42.4,42.8,35.95,0
AIFU.US,5,20260603,161500,42.8,42.8,42.8,42.8,5,0
AIFU.US,5,20260603,163500,42.706,42.706,42.706,42.706,125,0
AIFU.US,5,20260603,164500,42.6,43,42.6,43,222.05,0
AIFU.US,5,20260603,170500,44,44.2,44,44.2,11.950000000000001,0
AIFU.US,5,20260603,172000,48.362,48.362,45,45.4,254.4,0
AIFU.US,5,20260603,174500,46.076,46.076,46.076,46.076,25,0
AIFU.US,5,20260603,181500,46,46,45.8,46,16.900000000000002,0
AIFU.US,5,20260603,201000,45.8,45.82,45.8,45.82,30,0
AIFU.US,5,20260603,215500,45,45,45,45,5,0
AIFU.US,5,20260604,153000,44,44,44,44,11.5,0
AIFU.US,5,20260604,160000,40.498,40.498,40.498,40.498,7.5,0
AIFU.US,5,20260604,161000,44,44,44,44,15,0
AIFU.US,5,20260604,161500,47.998,47.998,45.482,45.482,28.150000000000002,0
AIFU.US,5,20260604,162000,45.782,45.782,42,42,60,0
AIFU.US,5,20260604,162500,45.6,46.998,44.8,46.998,25,0
AIFU.US,5,20260604,163000,47.4,47.4,47.4,47.4,15,0
AIFU.US,5,20260604,163500,43.506,43.506,43.506,43.506,45,0
AIFU.US,5,20260604,164000,47.094,47.094,47,47,51,0
AIFU.US,5,20260604,165500,47.2,47.2,47.2,47.2,5.65,0
AIFU.US,5,20260604,171000,46.2,46.4,46.2,46.2,79.45,0
AIFU.US,5,20260604,172000,46.96,47,46.96,47,201.9,0
AIFU.US,5,20260604,174000,46.8,46.8,46.8,46.8,82.05000000000001,0
AIFU.US,5,20260604,182500,47.8,47.8,47.8,47.8,5.1000000000000005,0
AIFU.US,5,20260604,183000,47.11,47.11,47.11,47.11,52.5,0
AIFU.US,5,20260604,214000,47.012,47.012,47.012,47.012,10,0
AIFU.US,5,20260604,215000,47.2,47.2,47.2,47.2,5,0
AIFU.US,5,20260605,153000,47.8,48.6,47.8,48.6,21.75,0
AIFU.US,5,20260605,153500,49.6,51,49.6,50.4,44.5,0
AIFU.US,5,20260605,154000,54.2,54.2,54.2,54.2,11.450000000000001,0
AIFU.US,5,20260605,155000,54.4,62.6,54.2,61.4,406.85,0
AIFU.US,5,20260605,155500,62,66,55.6,62.9,3146.3500000000004,0
AIFU.US,5,20260605,160000,62.9,63.8,54.8,55.106,1905.75,0
AIFU.US,5,20260605,160500,55.2,59,55.2,57.8,410.65000000000003,0
AIFU.US,5,20260605,161000,59.4,62.2,57.2,60.6,462.25,0
AIFU.US,5,20260605,161500,60.8,62,58.8,60.8,386.95000000000005,0
AIFU.US,5,20260605,162000,61,62,57.2,57.224,418.85,0
AIFU.US,5,20260605,162500,58.7,58.7,55.36,56.6,373.1,0
AIFU.US,5,20260605,163000,56.802,59.2,56.802,58.2,82.7,0
AIFU.US,5,20260605,163500,59.2,59.6,58,58,78.60000000000001,0
AIFU.US,5,20260605,164000,57.9,57.9,56.204,57.7,78.85000000000001,0
AIFU.US,5,20260605,164500,59.198,62.4,57.828,61.6,977.4000000000001,0
AIFU.US,5,20260605,165000,59.072,61.598,58.4,60.596,523.0500000000001,0
AIFU.US,5,20260605,165500,58.4,61.6,58.4,61.6,451.5,0
AIFU.US,5,20260605,170000,61,61,57.404,58.5,344.40000000000003,0
AIFU.US,5,20260605,170500,57.8,61.4,57.8,60.596,652.0500000000001,0
AIFU.US,5,20260605,171000,57.63,57.63,57.6,57.6,14.200000000000001,0
AIFU.US,5,20260605,171500,59,59.6,57.2,57.252,315.6,0
AIFU.US,5,20260605,172000,57.402,58.7,57.402,58.7,44.800000000000004,0
AIFU.US,5,20260605,172500,59.998,59.998,59.998,59.998,43.900000000000006,0
AIFU.US,5,20260605,173000,58.8,58.8,57.434,57.434,26.25,0
AIFU.US,5,20260605,173500,57.402,57.426,57.402,57.426,22,0
AIFU.US,5,20260605,174000,58.056,61,57.8,57.8,391.05,0
AIFU.US,5,20260605,174500,59.8,60.2,56.002,56.002,928.1,0
AIFU.US,5,20260605,175000,56.032,57.8,56.032,56.052,50.2,0
AIFU.US,5,20260605,175500,57.7,57.7,57.7,57.7,52.5,0
AIFU.US,5,20260605,180000,57,59.59,55.602,59.59,75.5,0
AIFU.US,5,20260605,180500,55.746,59.55,55.746,55.802,320.55,0
AIFU.US,5,20260605,181000,56.608,56.608,55.8,55.8,70.10000000000001,0
AIFU.US,5,20260605,181500,58,58,58,58,7.5,0
AIFU.US,5,20260605,182000,57,57,56,56,35.6,0
AIFU.US,5,20260605,182500,55.602,55.602,55.602,55.602,107,0
AIFU.US,5,20260605,183000,55.8,55.8,55.6,55.8,85,0
AIFU.US,5,20260605,183500,55.6,55.6,55.6,55.6,10,0
AIFU.US,5,20260605,184500,55.96,55.96,52.802,54.5,610.1,0
AIFU.US,5,20260605,185000,53.048,53.416,53.048,53.416,66.9,0
AIFU.US,5,20260605,185500,53,53.2,52.804,53.022,122.45,0
AIFU.US,5,20260605,190000,56,56.2,56,56.198,225.8,0
AIFU.US,5,20260605,191500,59.598,59.598,56.4,56.4,230,0
AIFU.US,5,20260605,192000,56.4,59,52.6,53,76.5,0
AIFU.US,5,20260605,192500,53.3,53.3,53.3,53.3,10,0
AIFU.US,5,20260605,193500,54.598,54.598,52,52,40.1,0
AIFU.US,5,20260605,195000,53.8,53.8,53,53.8,91.9,0
AIFU.US,5,20260605,195500,53.124,53.124,53.124,53.124,5,0
AIFU.US,5,20260605,200000,54.194,54.194,54.194,54.194,16.25,0
AIFU.US,5,20260605,200500,53.8,54.4,53.8,54.4,100,0
AIFU.US,5,20260605,203500,53.9,54.2,53.9,54.2,48.2,0
AIFU.US,5,20260605,204000,54.6,54.6,54.6,54.6,9.850000000000001,0
AIFU.US,5,20260605,205000,54.598,54.598,54.598,54.598,14.25,0
AIFU.US,5,20260605,210500,53,53.002,53,53.002,29.900000000000002,0
AIFU.US,5,20260605,211500,53.2,53.2,50.2,50.2,374.75,0
AIFU.US,5,20260605,212000,51.4,51.4,51.4,51.4,5,0
AIFU.US,5,20260605,212500,52.3,52.3,52.3,52.3,5,0
AIFU.US,5,20260605,213500,52.846,57.774,52.846,57.774,45.2,0
AIFU.US,5,20260605,214000,54.8,54.8,50.492,53.96,25.150000000000002,0
AIFU.US,5,20260605,215000,53,53,52.8,52.8,31.35,0
AIFU.US,5,20260605,215500,52.4,53,50.182,50.6,36.35,0
AIFU.US,5,20260608,153000,50,50,50,50,57.45,0
AIFU.US,5,20260608,153500,53.6,53.6,50.04,50.2,93.35000000000001,0
AIFU.US,5,20260608,154000,50.4,51,50,50,165.55,0
AIFU.US,5,20260608,154500,48.5,48.5,48.5,48.5,8.5,0
AIFU.US,5,20260608,155000,46,46,46,46,15,0
AIFU.US,5,20260608,155500,48.58,48.6,48.58,48.6,71.85000000000001,0
AIFU.US,5,20260608,160000,49.1,49.1,48.2,48.2,21.85,0
AIFU.US,5,20260608,160500,48.88,48.88,48.88,48.88,5,0
AIFU.US,5,20260608,161000,49,49,49,49,5,0
AIFU.US,5,20260608,162000,48.2,48.2,48.2,48.2,5,0
AIFU.US,5,20260608,163500,49.34,49.34,49.34,49.34,30,0
AIFU.US,5,20260608,164500,49,49,49,49,313.75,0
AIFU.US,5,20260608,165000,48,48,48,48,42.5,0
AIFU.US,5,20260608,172000,49.996,49.996,49.996,49.996,17.05,0
AIFU.US,5,20260608,182500,49.3,49.3,49.3,49.3,7.5,0
AIFU.US,5,20260608,195000,48.8,48.8,48.8,48.8,5,0
AIFU.US,5,20260608,195500,49,49.4,49,49.2,15,0
AIFU.US,5,20260608,200500,48.8,48.8,48.8,48.8,5,0
AIFU.US,5,20260608,201000,48.6,48.6,48.6,48.6,5,0
AIFU.US,5,20260608,202500,49,49.8,49,49.8,11.5,0
AIFU.US,5,20260608,203000,49,49,49,49,5,0
AIFU.US,5,20260608,203500,49.8,50,49.6,49.8,280,0
AIFU.US,5,20260608,213000,49.9,49.9,49.9,49.9,25,0
AIFU.US,5,20260608,215500,48.4,48.4,48.4,48.4,20.450000000000003,0
AIFU.US,5,20260609,154500,49,49,49,49,5,0
AIFU.US,5,20260609,155000,49,49,47.6,48.9,145.95000000000002,0
AIFU.US,5,20260609,161000,48.9,48.9,48.9,48.9,10,0
AIFU.US,5,20260609,161500,48.3,48.3,48,48,22.35,0
AIFU.US,5,20260609,163000,48.908,48.908,48.908,48.908,8,0
AIFU.US,5,20260609,165500,48.2,48.2,48.2,48.2,5,0
AIFU.US,5,20260609,175000,48.2,48.2,48.2,48.2,30.1,0
AIFU.US,5,20260609,180000,47.8,47.8,47.8,47.8,26.200000000000003,0
AIFU.US,5,20260609,180500,48.092,48.092,48,48,35,0
AIFU.US,5,20260609,181000,48.2,48.5,48.2,48.5,15,0
AIFU.US,5,20260609,183000,48,48,48,48,14,0
AIFU.US,5,20260609,183500,49.712,49.712,49.712,49.712,7,0
AIFU.US,5,20260609,184500,48.8,49.7,48.8,49.7,10,0
AIFU.US,5,20260609,215500,47.8,47.8,47.8,47.8,10,0
AIFU.US,5,20260610,153000,52,55.898,52,55.898,51.5,0
AIFU.US,5,20260610,153500,50.2,50.548,50.2,50.548,22.05,0
AIFU.US,5,20260610,155000,54.1,57.4,54.1,57.4,55,0
AIFU.US,5,20260610,155500,53,53.4,53,53.4,60,0
AIFU.US,5,20260610,160000,50.858,53,50.858,53,61.25,0
AIFU.US,5,20260610,160500,53,53,52.8,53,34,0
AIFU.US,5,20260610,161000,51.402,53,51.402,53,67,0
AIFU.US,5,20260610,162500,54.398,54.398,53.8,53.8,45.2,0
AIFU.US,5,20260610,172500,52.9,53.72,52.9,53.72,50,0
AIFU.US,5,20260610,192500,54.16,54.16,53.8,53.8,25,0
AIFU.US,5,20260610,193000,52,52,52,52,15.9,0
AIFU.US,5,20260610,195500,51.6,51.6,51.6,51.6,6.25,0
AIFU.US,5,20260610,214500,52.6,53.4,52.6,53.4,25,0
AIFU.US,5,20260610,215000,51.6,52.3,51.6,52.3,24.35,0
AIFU.US,5,20260610,215500,51,52,51,51.8,58.95,0
AIFU.US,5,20260611,153000,50.4,52.8,50.2,50.2,57.550000000000004,0
AIFU.US,5,20260611,153500,50.2,51.3,50.2,51.3,15,0
AIFU.US,5,20260611,154000,49.94,50,49.6,49.6,241.25,0
AIFU.US,5,20260611,154500,51,51,50.03,50.8,59.1,0
AIFU.US,5,20260611,155000,50.8,50.8,50.8,50.8,25,0
AIFU.US,5,20260611,160000,51.4,51.4,51.4,51.4,12.5,0
AIFU.US,5,20260611,160500,51.4,51.4,50.002,50.2,35,0
AIFU.US,5,20260611,161000,50.248,50.248,50.2,50.2,22.5,0
AIFU.US,5,20260611,162000,52.4,54.7,52.4,54.7,87.5,0
AIFU.US,5,20260611,162500,54.4,55,54.4,55,172.5,0
AIFU.US,5,20260611,163000,55,55.3,55,55.3,72.5,0
AIFU.US,5,20260611,163500,55.6,56.8,54,54,42.5,0
AIFU.US,5,20260611,165000,53.9,53.9,50.2,51.604,63.6,0
AIFU.US,5,20260611,170000,50.2,50.2,50.2,50.2,11.25,0
AIFU.US,5,20260611,170500,52.96,53,52.96,53,56.900000000000006,0
AIFU.US,5,20260611,172000,50.002,54.6,50.002,54.6,33.75,0
AIFU.US,5,20260611,172500,54.566,55.4,54.566,54.8,157,0
AIFU.US,5,20260611,173000,55.4,55.4,54.6,54.6,51.35,0
AIFU.US,5,20260611,173500,54.6,56.8,54.6,56.8,51.35,0
AIFU.US,5,20260611,175000,56.8,56.8,53.5,53.5,155,0
AIFU.US,5,20260611,175500,55.9,55.9,55.9,55.9,23.8,0
AIFU.US,5,20260611,181000,56.8,56.8,56.8,56.8,13.350000000000001,0
AIFU.US,5,20260611,181500,55,56,55,56,309,0
AIFU.US,5,20260611,182000,56,56,56,56,95,0
AIFU.US,5,20260611,182500,56.2,56.2,56.2,56.2,100,0
AIFU.US,5,20260611,183500,55.2,55.2,55.2,55.2,12.5,0
AIFU.US,5,20260611,185500,56.8,56.8,56.8,56.8,6.95,0
AIFU.US,5,20260611,195500,56.2,56.6,56.2,56.6,25,0
AIFU.US,5,20260611,200500,56.6,56.6,56.6,56.6,45.150000000000006,0
AIFU.US,5,20260611,201000,55.2,55.2,55.002,55.2,174.8,0
AIFU.US,5,20260611,202500,55.2,55.2,55.2,55.2,20.150000000000002,0
AIFU.US,5,20260611,204500,55.5,55.5,55.5,55.5,5,0
AIFU.US,5,20260611,210500,55,55,55,55,5,0
AIFU.US,5,20260611,211500,55.002,55.002,55.002,55.002,10,0
AIFU.US,5,20260611,215000,55.7,56.4,55.7,55.7,75,0
AIFU.US,5,20260611,215500,56.4,56.4,56.4,56.4,62.2,0
AIFU.US,5,20260612,154000,56,56,56,56,25,0
AIFU.US,5,20260612,161500,55.8,55.8,54.9,54.9,11.450000000000001,0
AIFU.US,5,20260612,163000,57.2,57.2,57.2,57.2,5,0
AIFU.US,5,20260612,165500,54.4,54.4,54.4,54.4,6.5,0
AIFU.US,5,20260612,170000,54,54,54,54,45,0
AIFU.US,5,20260612,173000,54.702,54.702,54.702,54.702,5.25,0
AIFU.US,5,20260612,174000,57,57,57,57,5,0
AIFU.US,5,20260612,191500,54.214,54.214,54.214,54.214,5,0
AIFU.US,5,20260612,194500,55.332,55.332,55.332,55.332,25,0
AIFU.US,5,20260612,195500,53.852,53.852,53.852,53.852,21.1,0
AIFU.US,5,20260612,210500,57,57,57,57,5,0
AIFU.US,5,20260612,212500,54.1,54.1,54.1,54.1,5,0
AIFU.US,5,20260615,153000,55.6,55.6,55.6,55.6,17.3,0
AIFU.US,5,20260615,153500,55.6,55.8,55.6,55.8,50,0
AIFU.US,5,20260615,154000,52,52,51,51.2,265.5,0
AIFU.US,5,20260615,154500,51.1,53.8,51.1,53.8,68,0
AIFU.US,5,20260615,155500,53.4,53.4,53.4,53.4,30,0
AIFU.US,5,20260615,161000,52.5,53.8,52.5,53.8,187.10000000000002,0
AIFU.US,5,20260615,161500,54,56,54,56,48.6,0
AIFU.US,5,20260615,162000,50.442,51.8,50.442,51.8,30,0
AIFU.US,5,20260615,163000,53.2,53.2,53.2,53.2,75,0
AIFU.US,5,20260615,164000,53.2,53.2,53.2,53.2,5.25,0
AIFU.US,5,20260615,170000,53.2,54.998,53.2,54.998,125,0
AIFU.US,5,20260615,171500,52.4,52.4,52.4,52.4,6.2,0
AIFU.US,5,20260615,174000,53.2,53.2,53.2,53.2,5,0
AIFU.US,5,20260615,175000,53.6,53.6,53.6,53.6,6.75,0
AIFU.US,5,20260615,180000,52.3,52.3,52.3,52.3,35,0
AIFU.US,5,20260615,190500,52.3,52.3,52.3,52.3,5,0
AIFU.US,5,20260615,203500,52.8,52.8,52.8,52.8,5,0
AIFU.US,5,20260615,205000,52.4,52.4,52.4,52.4,6.2,0
AIFU.US,5,20260615,205500,52.4,52.4,52.4,52.4,5,0
AIFU.US,5,20260615,210000,50.8,50.8,50.8,50.8,5,0
AIFU.US,5,20260615,213000,52.6,52.6,52.6,52.6,9.05,0
AIFU.US,5,20260615,215500,52.5,52.5,52.5,52.5,7.8500000000000005,0
AIFU.US,5,20260616,163000,56.55,56.55,56.55,56.55,115,0
AIFU.US,5,20260616,163500,55.3802,55.3802,55.3802,55.3802,200,0
AIFU.US,5,20260616,172000,60,60,60,60,100,0
AIFU.US,5,20260616,172500,60,60,60,60,410,0
AIFU.US,5,20260616,173500,56,56,56,56,117,0
AIFU.US,5,20260616,191500,55.7,55.7,52.04,52.04,300,0
AIFU.US,5,20260616,192500,55,55,55,55,112,0
AIFU.US,5,20260616,193000,54.45,54.47,54.45,54.47,200,0
AIFU.US,5,20260616,193500,54.78,54.89,50,52.54,564,0
AIFU.US,5,20260616,194000,57,57,57,57,161,0
AIFU.US,5,20260616,203500,56.5,56.5,56.5,56.5,100,0
AIFU.US,5,20260616,205000,50.85,50.85,50.85,50.85,179,0
AIFU.US,5,20260617,160000,50.65,50.65,50.65,50.65,116,0
AIFU.US,5,20260617,160500,52.13,52.13,52.13,52.13,151,0
AIFU.US,5,20260617,174000,52.4595,52.491,52.4595,52.491,200,0
AIFU.US,5,20260617,215000,50.6539,50.6539,50.6539,50.6539,131,0
AIFU.US,5,20260617,215500,51.11,51.11,50.63,50.63,581,0
AIFU.US,5,20260618,153500,46,46,42,42,600,0
AIFU.US,5,20260618,155000,48.41,48.41,48.41,48.41,165,0
AIFU.US,5,20260618,162500,43.61,43.61,43.61,43.61,100,0
AIFU.US,5,20260618,164500,44,44.62,43.11,43.11,302,0
AIFU.US,5,20260618,165000,47.9597,47.9597,44.65,44.65,300,0
AIFU.US,5,20260618,170000,45.3,48,45.3,48,899,0
AIFU.US,5,20260618,170500,50,51.7,49.99,51,650,0
AIFU.US,5,20260618,171000,50,50,50,50,100,0
AIFU.US,5,20260618,184000,47.01,47.01,47,47,200,0
AIFU.US,5,20260618,185000,47,47,47,47,300,0
AIFU.US,5,20260618,185500,48.9,48.9,48.03,48.22,300,0
AIFU.US,5,20260618,190500,48.2,48.35,48.2,48.35,600,0
AIFU.US,5,20260618,194000,46.55,46.55,46.55,46.55,103,0
AIFU.US,5,20260618,201500,48.43,48.43,46.5406,46.5406,1100,0
AIFU.US,5,20260618,202000,48.1,48.1,48.1,48.1,100,0
AIFU.US,5,20260618,202500,48.2,48.85,48,48.66,700,0
AIFU.US,5,20260618,203000,48.51,48.51,47.82,47.82,500,0
AIFU.US,5,20260618,215500,47.7,49.4,47.7,49.31,923,0
AIFU.US,5,20260622,153000,49.62,49.62,49.62,49.62,148,0
AIFU.US,5,20260622,215500,45.05,45.05,45.05,45.05,100,0
