<TICKER>,<PER>,<DATE>,<TIME>,<OPEN>,<HIGH>,<LOW>,<CLOSE>,<VOL>,<OPENINT>
AMAN.US,5,20260519,175000,10.15,10.17,10.11,10.15,963067,0
AMAN.US,5,20260519,175500,10.155,10.19,10.14,10.17,76698,0
AMAN.US,5,20260519,180000,10.175,10.19,10.15,10.15,94036,0
AMAN.US,5,20260519,180500,10.15,10.17,10.15,10.16,67865,0
AMAN.US,5,20260519,181000,10.16,10.16,10.15,10.15,8127,0
AMAN.US,5,20260519,181500,10.15,10.155,10.15,10.15,19194,0
AMAN.US,5,20260519,182000,10.15,10.16,10.14,10.14,41545,0
AMAN.US,5,20260519,182500,10.14,10.14,10.14,10.14,1500,0
AMAN.US,5,20260519,183000,10.14,10.14,10.14,10.14,800,0
AMAN.US,5,20260519,183500,10.14,10.14,10.14,10.14,200,0
AMAN.US,5,20260519,184500,10.15,10.15,10.14,10.14,1562,0
AMAN.US,5,20260519,185000,10.145,10.145,10.14,10.14,400,0
AMAN.US,5,20260519,185500,10.14,10.14,10.14,10.14,5162,0
AMAN.US,5,20260519,190000,10.14,10.14,10.14,10.14,500,0
AMAN.US,5,20260519,190500,10.14,10.14,10.14,10.14,2368,0
AMAN.US,5,20260519,191000,10.14,10.14,10.13,10.13,22946,0
AMAN.US,5,20260519,191500,10.14,10.14,10.13,10.13,1000,0
AMAN.US,5,20260519,192000,10.13,10.14,10.13,10.135,1000,0
AMAN.US,5,20260519,192500,10.13,10.1301,10.125,10.125,4753,0
AMAN.US,5,20260519,193000,10.125,10.125,10.12,10.125,1200,0
AMAN.US,5,20260519,193500,10.12,10.125,10.12,10.12,2300,0
AMAN.US,5,20260519,194000,10.125,10.125,10.12,10.12,1100,0
AMAN.US,5,20260519,194500,10.12,10.12,10.12,10.12,19959,0
AMAN.US,5,20260519,195000,10.12,10.12,10.12,10.12,900,0
AMAN.US,5,20260519,195500,10.12,10.12,10.12,10.12,800,0
AMAN.US,5,20260519,200000,10.12,10.12,10.12,10.12,600,0
AMAN.US,5,20260519,200500,10.12,10.12,10.12,10.12,400,0
AMAN.US,5,20260519,201000,10.12,10.1201,10.12,10.12,3000,0
AMAN.US,5,20260519,201500,10.12,10.12,10.12,10.12,800,0
AMAN.US,5,20260519,202000,10.12,10.125,10.12,10.125,3400,0
AMAN.US,5,20260519,202500,10.12,10.1201,10.12,10.12,3300,0
AMAN.US,5,20260519,203000,10.12,10.12,10.12,10.12,2131,0
AMAN.US,5,20260519,203500,10.12,10.12,10.12,10.12,5883,0
AMAN.US,5,20260519,204000,10.12,10.12,10.12,10.12,600,0
AMAN.US,5,20260519,204500,10.12,10.12,10.12,10.12,900,0
AMAN.US,5,20260519,205000,10.12,10.125,10.12,10.12,1000,0
AMAN.US,5,20260519,205500,10.12,10.12,10.12,10.12,1000,0
AMAN.US,5,20260519,210000,10.12,10.12,10.1,10.1,38927,0
AMAN.US,5,20260519,210500,10.1,10.1001,10.1,10.1,13700,0
AMAN.US,5,20260519,211000,10.1,10.1,10.1,10.1,900,0
AMAN.US,5,20260519,211500,10.1,10.105,10.1,10.1,2200,0
AMAN.US,5,20260519,212000,10.1,10.105,10.1,10.1,1300,0
AMAN.US,5,20260519,212500,10.1,10.105,10.1,10.1,6600,0
AMAN.US,5,20260519,213000,10.1,10.1,10.1,10.1,1200,0
AMAN.US,5,20260519,213500,10.1,10.11,10.1,10.11,1800,0
AMAN.US,5,20260519,214000,10.1,10.11,10.1,10.1,4510,0
AMAN.US,5,20260519,214500,10.1,10.1,10.1,10.1,11630,0
AMAN.US,5,20260519,215000,10.1,10.1,10.08,10.1,26312,0
AMAN.US,5,20260519,215500,10.09,10.1,10.08,10.09,48950,0
AMAN.US,5,20260520,153000,10.15,10.15,10.1,10.1,5550,0
AMAN.US,5,20260520,154000,10.325,10.325,10.19,10.19,6200,0
AMAN.US,5,20260520,154500,10.19,10.2,10.15,10.2,15377,0
AMAN.US,5,20260520,155000,10.2,10.27,10.2,10.26,4900,0
AMAN.US,5,20260520,155500,10.26,10.27,10.205,10.205,7600,0
AMAN.US,5,20260520,160000,10.24,10.25,10.23,10.24,3651,0
AMAN.US,5,20260520,160500,10.24,10.34,10.21,10.33,8749,0
AMAN.US,5,20260520,161000,10.33,10.33,10.3,10.3,3600,0
AMAN.US,5,20260520,161500,10.3,10.3,10.3,10.3,4000,0
AMAN.US,5,20260520,162000,10.2,10.21,10.2,10.2,2100,0
AMAN.US,5,20260520,165500,10.18,10.19,10.18,10.19,400,0
AMAN.US,5,20260520,173000,10.17,10.17,10.17,10.17,1300,0
AMAN.US,5,20260520,180500,10.17,10.17,10.17,10.17,800,0
AMAN.US,5,20260520,182500,10.16,10.16,10.15,10.15,2020,0
AMAN.US,5,20260520,185000,10.15,10.15,10.15,10.15,900,0
AMAN.US,5,20260520,192000,10.15,10.15,10.15,10.15,817,0
AMAN.US,5,20260520,195000,10.15,10.15,10.15,10.15,800,0
AMAN.US,5,20260520,195500,10.165,10.165,10.165,10.165,100,0
AMAN.US,5,20260520,201500,10.13,10.15,10.13,10.13,716,0
AMAN.US,5,20260520,202500,10.13,10.13,10.13,10.13,100,0
AMAN.US,5,20260520,203500,10.13,10.13,10.13,10.13,600,0
AMAN.US,5,20260520,205000,10.13,10.13,10.13,10.13,500,0
AMAN.US,5,20260520,210500,10.13,10.13,10.13,10.13,500,0
AMAN.US,5,20260520,211500,10.13,10.13,10.1,10.1,400,0
AMAN.US,5,20260520,212500,10.1,10.1,10.1,10.1,300,0
AMAN.US,5,20260520,213500,10.1,10.11,10.1,10.11,400,0
AMAN.US,5,20260520,214000,10.1,10.1,10.1,10.1,200,0
AMAN.US,5,20260520,214500,10.1,10.1,10.1,10.1,200,0
AMAN.US,5,20260520,215000,10.1,10.1,10.1,10.1,100,0
AMAN.US,5,20260520,215500,10.1,10.1,10.1,10.1,435,0
AMAN.US,5,20260521,153000,10.12,10.12,10.1,10.1,200,0
AMAN.US,5,20260521,153500,10.14,10.23,10.13,10.23,10999,0
AMAN.US,5,20260521,154000,10.23,10.23,10.23,10.23,400,0
AMAN.US,5,20260521,154500,10.23,10.23,10.2,10.2,900,0
AMAN.US,5,20260521,155000,10.2,10.2,10.2,10.2,800,0
AMAN.US,5,20260521,155500,10.2,10.2,10.2,10.2,600,0
AMAN.US,5,20260521,160000,10.19,10.2,10.19,10.2,800,0
AMAN.US,5,20260521,160500,10.2,10.2,10.2,10.2,700,0
AMAN.US,5,20260521,161000,10.2,10.23,10.19,10.23,948,0
AMAN.US,5,20260521,161500,10.23,10.23,10.23,10.23,552,0
AMAN.US,5,20260521,162000,10.21,10.22,10.2,10.2,800,0
AMAN.US,5,20260521,162500,10.22,10.23,10.2,10.2,800,0
AMAN.US,5,20260521,163000,10.2,10.2,10.2,10.2,800,0
AMAN.US,5,20260521,163500,10.2,10.22,10.2,10.2,700,0
AMAN.US,5,20260521,164000,10.2,10.22,10.2,10.2,800,0
AMAN.US,5,20260521,164500,10.2,10.2,10.17,10.17,900,0
AMAN.US,5,20260521,165000,10.2,10.21,10.2,10.2,2000,0
AMAN.US,5,20260521,165500,10.2,10.21,10.2,10.21,2100,0
AMAN.US,5,20260521,170000,10.2,10.21,10.2,10.21,1600,0
AMAN.US,5,20260521,170500,10.2,10.21,10.2,10.21,2400,0
AMAN.US,5,20260521,171000,10.2,10.21,10.2,10.2,1962,0
AMAN.US,5,20260521,183500,10.2,10.2,10.19,10.19,1000,0
AMAN.US,5,20260521,200000,10.1368,10.1368,10.1368,10.1368,2000,0
AMAN.US,5,20260521,204500,10.14,10.14,10.14,10.14,100,0
AMAN.US,5,20260521,211000,10.14,10.15,10.14,10.15,3400,0
AMAN.US,5,20260521,211500,10.14,10.15,10.135,10.1412,700,0
AMAN.US,5,20260521,212000,10.1412,10.15,10.1412,10.15,1000,0
AMAN.US,5,20260521,212500,10.15,10.15,10.1412,10.15,300,0
AMAN.US,5,20260521,213500,10.15,10.15,10.1412,10.15,500,0
AMAN.US,5,20260521,214000,10.1412,10.15,10.135,10.15,1700,0
AMAN.US,5,20260521,215500,10.15,10.15,10.13,10.13,3300,0
AMAN.US,5,20260522,153500,10.17,10.19,10.145,10.17,9083,0
AMAN.US,5,20260522,154000,10.19,10.19,10.19,10.19,500,0
AMAN.US,5,20260522,154500,10.21,10.24,10.19,10.19,5100,0
AMAN.US,5,20260522,161000,10.19,10.19,10.18,10.18,5741,0
AMAN.US,5,20260522,161500,10.19,10.2,10.185,10.2,3900,0
AMAN.US,5,20260522,162000,10.2,10.2,10.19,10.19,5246,0
AMAN.US,5,20260522,162500,10.16,10.175,10.16,10.16,600,0
AMAN.US,5,20260522,165500,10.17,10.17,10.17,10.17,400,0
AMAN.US,5,20260522,180500,10.13,10.13,10.13,10.13,100,0
AMAN.US,5,20260522,190500,10.14,10.14,10.13,10.13,200,0
AMAN.US,5,20260522,191000,10.14,10.15,10.14,10.15,200,0
AMAN.US,5,20260522,200000,10.16,10.16,10.16,10.16,700,0
AMAN.US,5,20260522,203500,10.15,10.15,10.14,10.1499,9085,0
AMAN.US,5,20260522,204000,10.1499,10.15,10.145,10.15,4994,0
AMAN.US,5,20260522,210000,10.145,10.15,10.14,10.15,2306,0
AMAN.US,5,20260522,210500,10.15,10.15,10.15,10.15,100,0
AMAN.US,5,20260522,214500,10.15,10.15,10.15,10.15,192,0
AMAN.US,5,20260522,215500,10.1498,10.15,10.1498,10.15,597,0
AMAN.US,5,20260526,192000,10.14,10.14,10.14,10.14,1000,0
AMAN.US,5,20260526,201000,10.14,10.2,10.14,10.2,500,0
AMAN.US,5,20260526,204000,10.14,10.14,10.14,10.14,3000,0
AMAN.US,5,20260526,204500,10.13,10.14,10.13,10.14,1100,0
AMAN.US,5,20260526,205500,10.13,10.13,10.13,10.13,200,0
AMAN.US,5,20260526,210500,10.13,10.13,10.13,10.13,100,0
AMAN.US,5,20260526,211500,10.13,10.13,10.13,10.13,100,0
AMAN.US,5,20260526,212000,10.13,10.13,10.13,10.13,200,0
AMAN.US,5,20260526,213000,10.14,10.14,10.13,10.13,600,0
AMAN.US,5,20260526,215000,10.14,10.14,10.13,10.13,600,0
AMAN.US,5,20260526,215500,10.13,10.13,10.13,10.13,200,0
AMAN.US,5,20260527,155500,10.13,10.13,10.13,10.13,500,0
AMAN.US,5,20260527,160000,10.13,10.13,10.125,10.13,25776,0
AMAN.US,5,20260527,160500,10.16,10.16,10.16,10.16,100,0
AMAN.US,5,20260527,161500,10.13,10.13,10.13,10.13,750,0
AMAN.US,5,20260527,164000,10.13,10.13,10.13,10.13,1787,0
AMAN.US,5,20260527,165000,10.13,10.13,10.13,10.13,100,0
AMAN.US,5,20260527,185500,10.14,10.15,10.135,10.15,4500,0
AMAN.US,5,20260527,211500,10.16,10.16,10.16,10.16,100,0
AMAN.US,5,20260527,212000,10.16,10.16,10.16,10.16,1197,0
AMAN.US,5,20260527,214500,10.15,10.15,10.15,10.15,500,0
AMAN.US,5,20260527,215000,10.15,10.15,10.15,10.15,1200,0
AMAN.US,5,20260528,165000,10.14,10.14,10.14,10.14,100,0
AMAN.US,5,20260528,170500,10.14,10.14,10.14,10.14,100,0
AMAN.US,5,20260528,171000,10.14,10.14,10.14,10.14,100,0
AMAN.US,5,20260528,171500,10.14,10.14,10.14,10.14,100,0
AMAN.US,5,20260528,173000,10.14,10.14,10.14,10.14,500,0
AMAN.US,5,20260528,174000,10.14,10.14,10.14,10.14,100,0
AMAN.US,5,20260528,174500,10.14,10.14,10.14,10.14,100,0
AMAN.US,5,20260528,175500,10.14,10.14,10.14,10.14,100,0
AMAN.US,5,20260528,180500,10.14,10.14,10.14,10.14,100,0
AMAN.US,5,20260528,181500,10.14,10.14,10.14,10.14,100,0
AMAN.US,5,20260528,182500,10.14,10.14,10.14,10.14,100,0
AMAN.US,5,20260528,184500,10.14,10.14,10.14,10.14,100,0
AMAN.US,5,20260528,185500,10.14,10.14,10.14,10.14,100,0
AMAN.US,5,20260528,190500,10.14,10.14,10.14,10.14,100,0
AMAN.US,5,20260528,191500,10.14,10.14,10.135,10.135,2100,0
AMAN.US,5,20260528,192000,10.13,10.13,10.13,10.13,250,0
AMAN.US,5,20260528,193000,10.13,10.14,10.13,10.1398,7600,0
AMAN.US,5,20260528,193500,10.1398,10.14,10.135,10.14,6100,0
AMAN.US,5,20260528,194000,10.13,10.13,10.13,10.13,493,0
AMAN.US,5,20260528,200000,10.135,10.135,10.135,10.135,100,0
AMAN.US,5,20260528,201000,10.135,10.135,10.135,10.135,100,0
AMAN.US,5,20260528,210000,10.135,10.135,10.135,10.135,900,0
AMAN.US,5,20260528,211000,10.135,10.135,10.135,10.135,100,0
AMAN.US,5,20260528,212500,10.135,10.135,10.135,10.135,500,0
AMAN.US,5,20260529,153000,10.4,10.4,10.4,10.4,100,0
AMAN.US,5,20260529,154000,10.15,10.15,10.15,10.15,100,0
AMAN.US,5,20260529,155500,10.14,10.15,10.14,10.14,1450,0
AMAN.US,5,20260529,161000,10.15,10.15,10.15,10.15,1432,0
AMAN.US,5,20260529,181500,10.16,10.16,10.16,10.16,800,0
AMAN.US,5,20260529,182000,10.164,10.164,10.161,10.161,1000,0
AMAN.US,5,20260529,190000,10.18,10.18,10.16,10.16,500,0
AMAN.US,5,20260529,190500,10.16,10.16,10.16,10.16,500,0
AMAN.US,5,20260529,191000,10.1608,10.1649,10.16,10.16,1600,0
AMAN.US,5,20260529,194000,10.16,10.165,10.15,10.15,1200,0
AMAN.US,5,20260529,194500,10.16,10.16,10.16,10.16,740,0
AMAN.US,5,20260529,195000,10.15,10.16,10.15,10.15,700,0
AMAN.US,5,20260529,200000,10.15,10.15,10.15,10.15,100,0
AMAN.US,5,20260529,200500,10.16,10.16,10.15,10.15,200,0
AMAN.US,5,20260529,213000,10.13,10.13,10.13,10.13,1050,0
AMAN.US,5,20260529,213500,10.13,10.13,10.13,10.13,420,0
AMAN.US,5,20260601,161000,10.14,10.1669,10.14,10.14,900,0
AMAN.US,5,20260601,161500,10.1669,10.17,10.14,10.1669,1600,0
AMAN.US,5,20260601,164000,10.15,10.17,10.14,10.14,2750,0
AMAN.US,5,20260601,165000,10.14,10.14,10.12,10.12,5450,0
AMAN.US,5,20260601,171500,10.12,10.12,10.1,10.1,60700,0
AMAN.US,5,20260601,172000,10.1,10.1,10.1,10.1,100,0
AMAN.US,5,20260601,172500,10.11,10.11,10.1,10.11,27489,0
AMAN.US,5,20260601,173000,10.1,10.1,10.1,10.1,581,0
AMAN.US,5,20260601,173500,10.11,10.11,10.11,10.11,956,0
AMAN.US,5,20260601,174500,10.1,10.1,10.1,10.1,72683,0
AMAN.US,5,20260601,175000,10.07,10.09,10.07,10.09,3737,0
AMAN.US,5,20260601,180000,10.08,10.08,10.055,10.08,1400,0
AMAN.US,5,20260601,180500,10.08,10.08,10.055,10.08,1400,0
AMAN.US,5,20260601,181000,10.08,10.08,10.08,10.08,200,0
AMAN.US,5,20260601,181500,10.0981,10.1,10.0981,10.1,5300,0
AMAN.US,5,20260601,212500,10.1167,10.1167,10.1,10.1166,4100,0
AMAN.US,5,20260601,214500,10.1187,10.1187,10.1,10.1,1100,0
AMAN.US,5,20260601,215500,10.1,10.1,10.1,10.1,454,0
AMAN.US,5,20260602,170000,10.12,10.12,10.12,10.12,25000,0
AMAN.US,5,20260602,184500,10.12,10.12,10.12,10.12,100,0
AMAN.US,5,20260602,201000,10.1,10.13,10.1,10.1,19800,0
AMAN.US,5,20260602,204000,10.11,10.13,10.11,10.13,1106,0
AMAN.US,5,20260602,214000,10.1,10.1,10.1,10.1,900,0
AMAN.US,5,20260602,215000,10.105,10.11,10.1,10.11,9944,0
AMAN.US,5,20260602,215500,10.11,10.11,10.1,10.1,751,0
AMAN.US,5,20260603,153000,10.11,10.12,10.1,10.12,11663,0
AMAN.US,5,20260603,153500,10.1,10.1,10.1,10.1,24754,0
AMAN.US,5,20260603,154000,10.05,10.0999,10.05,10.075,1500,0
AMAN.US,5,20260603,155000,10.06,10.06,10.05,10.05,900,0
AMAN.US,5,20260603,160000,10.0858,10.11,10.0858,10.1,19950,0
AMAN.US,5,20260603,160500,10.11,10.11,10.0956,10.11,3400,0
AMAN.US,5,20260603,161000,10.0963,10.0963,10.09,10.09,1400,0
AMAN.US,5,20260603,161500,10.11,10.11,10.11,10.11,900,0
AMAN.US,5,20260603,163000,10.09,10.11,10.09,10.11,4447,0
AMAN.US,5,20260603,163500,10.09,10.09,10.09,10.09,900,0
AMAN.US,5,20260603,164000,10.11,10.11,10.11,10.11,1800,0
AMAN.US,5,20260603,164500,10.09,10.09,10.09,10.09,900,0
AMAN.US,5,20260603,165000,10.09,10.11,10.09,10.11,1800,0
AMAN.US,5,20260603,165500,10.11,10.11,10.11,10.11,900,0
AMAN.US,5,20260603,171000,10.09,10.09,10.08,10.08,15702,0
AMAN.US,5,20260603,173000,10.09,10.09,10.09,10.09,1000,0
AMAN.US,5,20260603,190500,10.08,10.08,10.08,10.08,7794,0
AMAN.US,5,20260603,191000,10.07,10.07,10.07,10.07,900,0
AMAN.US,5,20260603,191500,10.07,10.07,10.04,10.04,12800,0
AMAN.US,5,20260603,192000,10.04,10.04,10.04,10.04,100,0
AMAN.US,5,20260603,195500,10.04,10.04,10.04,10.04,100,0
AMAN.US,5,20260603,202000,10.04,10.04,10,10.01,9123,0
AMAN.US,5,20260603,202500,10,10.01,10,10,75072,0
AMAN.US,5,20260603,203000,10.01,10.06,10,10.06,99812,0
AMAN.US,5,20260603,203500,10.06,10.06,10.06,10.06,61700,0
AMAN.US,5,20260603,204000,10.06,10.07,10.02,10.06,63784,0
AMAN.US,5,20260603,204500,10.06,10.06,10.06,10.06,800,0
AMAN.US,5,20260603,205000,10.06,10.065,10.06,10.065,66800,0
AMAN.US,5,20260603,210000,10.06,10.065,10.06,10.06,18786,0
AMAN.US,5,20260603,211000,10.07,10.07,10.06,10.06,2800,0
AMAN.US,5,20260603,212000,10.07,10.07,10.06,10.07,10268,0
AMAN.US,5,20260603,212500,10.07,10.07,10.06,10.06,3804,0
AMAN.US,5,20260603,213000,10.06,10.06,10.06,10.06,208,0
AMAN.US,5,20260603,213500,10.06,10.06,10.06,10.06,50611,0
AMAN.US,5,20260603,214000,10.06,10.07,10.06,10.06,4300,0
AMAN.US,5,20260603,214500,10.07,10.07,10.07,10.07,900,0
AMAN.US,5,20260603,215000,10.07,10.07,10.06,10.07,25387,0
AMAN.US,5,20260603,215500,10.07,10.07,10.06,10.065,13288,0
AMAN.US,5,20260604,153000,10.06,10.07,10.06,10.06,4506,0
AMAN.US,5,20260604,163500,10.1,10.1,10.08,10.08,600,0
AMAN.US,5,20260604,164500,10.079,10.08,10.074,10.08,3569,0
AMAN.US,5,20260604,171000,10.09,10.09,10.08,10.08,500,0
AMAN.US,5,20260604,171500,10.06,10.08,10.06,10.08,4716,0
AMAN.US,5,20260604,172000,10.0704,10.08,10.0704,10.08,300,0
AMAN.US,5,20260604,172500,10.08,10.08,10.07,10.08,1000,0
AMAN.US,5,20260604,173500,10.08,10.08,10.0704,10.08,500,0
AMAN.US,5,20260604,174000,10.08,10.08,10.0704,10.08,400,0
AMAN.US,5,20260604,182500,10.0704,10.08,10.0704,10.08,900,0
AMAN.US,5,20260604,183000,10.06,10.06,10.06,10.06,1600,0
AMAN.US,5,20260604,184000,10.075,10.09,10.075,10.09,1203,0
AMAN.US,5,20260604,184500,10.08,10.08,10.08,10.08,500,0
AMAN.US,5,20260604,213500,10.08,10.08,10.08,10.08,500,0
AMAN.US,5,20260604,214000,10.06,10.07,10.06,10.07,12500,0
AMAN.US,5,20260604,215000,10.09,10.09,10.09,10.09,100,0
AMAN.US,5,20260604,215500,10.08,10.08,10.08,10.08,271,0
AMAN.US,5,20260605,153000,10.09,10.09,10.06,10.06,26498,0
AMAN.US,5,20260605,153500,10.08,10.08,10.06,10.08,4724,0
AMAN.US,5,20260605,154000,10.07,10.08,10.07,10.08,7900,0
AMAN.US,5,20260605,155000,10.09,10.1,10.09,10.09,2000,0
AMAN.US,5,20260605,160000,10.09,10.09,10.08,10.08,1400,0
AMAN.US,5,20260605,160500,10.11,10.11,10.11,10.11,900,0
AMAN.US,5,20260605,161000,10.09,10.09,10.08,10.09,4500,0
AMAN.US,5,20260605,162000,10.1,10.1,10.08,10.08,5200,0
AMAN.US,5,20260605,162500,10.08,10.1,10.08,10.1,2800,0
AMAN.US,5,20260605,163000,10.1,10.1,10.1,10.1,100,0
AMAN.US,5,20260605,163500,10.08,10.08,10.08,10.08,3675,0
AMAN.US,5,20260605,164500,10.08,10.08,10.08,10.08,4024,0
AMAN.US,5,20260605,170000,10.09,10.09,10.08,10.08,3400,0
AMAN.US,5,20260605,170500,10.07,10.09,10.07,10.08,6600,0
AMAN.US,5,20260605,171500,10.08,10.08,10.08,10.08,100601,0
AMAN.US,5,20260605,173500,10.09,10.09,10.09,10.09,1600,0
AMAN.US,5,20260605,175000,10.09,10.09,10.09,10.09,900,0
AMAN.US,5,20260605,175500,10.07,10.07,10.07,10.07,2800,0
AMAN.US,5,20260605,180000,10.09,10.09,10.08,10.08,9929,0
AMAN.US,5,20260605,180500,10.09,10.09,10.08,10.09,3300,0
AMAN.US,5,20260605,181500,10.09,10.09,10.07,10.07,13179,0
AMAN.US,5,20260605,182000,10.07,10.08,10.07,10.07,6232,0
AMAN.US,5,20260605,182500,10.08,10.08,10.07,10.07,3182,0
AMAN.US,5,20260605,183000,10.08,10.08,10.08,10.08,1841,0
AMAN.US,5,20260605,183500,10.07,10.07,10.07,10.07,1753,0
AMAN.US,5,20260605,184000,10.07,10.08,10.06,10.08,12714,0
AMAN.US,5,20260605,184500,10.07,10.07,10.06,10.06,1000,0
AMAN.US,5,20260605,185500,10.08,10.08,10.07,10.07,2900,0
AMAN.US,5,20260605,190000,10.07,10.07,10.07,10.07,179,0
AMAN.US,5,20260605,190500,10.075,10.075,10.075,10.075,100,0
AMAN.US,5,20260605,191500,10.07,10.07,10.07,10.07,10095,0
AMAN.US,5,20260605,192000,10.07,10.07,10.07,10.07,439,0
AMAN.US,5,20260605,193000,10.08,10.08,10.08,10.08,1900,0
AMAN.US,5,20260605,193500,10.08,10.08,10.06,10.06,2000,0
AMAN.US,5,20260605,194000,10.07,10.07,10.07,10.07,100,0
AMAN.US,5,20260605,194500,10.08,10.08,10.08,10.08,7300,0
AMAN.US,5,20260605,195000,10.08,10.09,10.08,10.09,8100,0
AMAN.US,5,20260605,201000,10.08,10.08,10.07,10.07,1000,0
AMAN.US,5,20260605,202000,10.08,10.08,10.08,10.08,200,0
AMAN.US,5,20260605,202500,10.08,10.08,10.08,10.08,100,0
AMAN.US,5,20260605,203000,10.07,10.07,10.07,10.07,900,0
AMAN.US,5,20260605,205000,10.09,10.09,10.09,10.09,1800,0
AMAN.US,5,20260605,205500,10.07,10.09,10.07,10.09,4600,0
AMAN.US,5,20260605,210000,10.09,10.1,10.07,10.1,627700,0
AMAN.US,5,20260605,210500,10.1,10.1,10.095,10.095,1200,0
AMAN.US,5,20260605,211000,10.095,10.24,10.095,10.11,27172,0
AMAN.US,5,20260605,212000,10.11,10.11,10.11,10.11,1100,0
AMAN.US,5,20260605,212500,10.11,10.1185,10.11,10.11,1500,0
AMAN.US,5,20260605,213000,10.11,10.12,10.1,10.1,7098,0
AMAN.US,5,20260605,213500,10.1,10.1,10.1,10.1,2700,0
AMAN.US,5,20260605,214000,10.1,10.11,10.09,10.09,11463,0
AMAN.US,5,20260605,215000,10.1,10.1,10.09,10.1,18317,0
AMAN.US,5,20260605,215500,10.1,10.14,10.09,10.09,4829,0
AMAN.US,5,20260608,153000,10.19,10.19,10.11,10.11,1112,0
AMAN.US,5,20260608,154000,10.13,10.13,10.12,10.12,2600,0
AMAN.US,5,20260608,154500,10.12,10.1227,10.12,10.12,8347,0
AMAN.US,5,20260608,155000,10.12,10.12,10.12,10.12,3600,0
AMAN.US,5,20260608,155500,10.12,10.14,10.12,10.12,6600,0
AMAN.US,5,20260608,160000,10.13,10.13,10.13,10.13,400,0
AMAN.US,5,20260608,160500,10.13,10.13,10.12,10.12,2300,0
AMAN.US,5,20260608,161500,10.12,10.12,10.12,10.12,759,0
AMAN.US,5,20260608,162500,10.12,10.125,10.12,10.125,1700,0
AMAN.US,5,20260608,163000,10.12,10.12,10.12,10.12,1300,0
AMAN.US,5,20260608,164000,10.12,10.12,10.12,10.12,2500,0
AMAN.US,5,20260608,164500,10.12,10.12,10.12,10.12,500,0
AMAN.US,5,20260608,165500,10.125,10.125,10.09,10.109,424815,0
AMAN.US,5,20260608,170000,10.11,10.11,10.11,10.11,90671,0
AMAN.US,5,20260608,170500,10.11,10.11,10.11,10.11,25359,0
AMAN.US,5,20260608,171000,10.11,10.11,10.11,10.11,640,0
AMAN.US,5,20260608,172000,10.12,10.12,10.11,10.11,699,0
AMAN.US,5,20260608,173000,10.13,10.15,10.13,10.15,1150,0
AMAN.US,5,20260608,174000,10.1221,10.13,10.11,10.1217,3900,0
AMAN.US,5,20260608,174500,10.1217,10.13,10.11,10.1111,5200,0
AMAN.US,5,20260608,175000,10.11,10.1123,10.1,10.1,31596,0
AMAN.US,5,20260608,180000,10.11,10.11,10.11,10.11,102,0
AMAN.US,5,20260608,181000,10.11,10.11,10.105,10.105,4039,0
AMAN.US,5,20260608,183000,10.11,10.1105,10.11,10.1105,700,0
AMAN.US,5,20260608,184000,10.11,10.11,10.11,10.11,500,0
AMAN.US,5,20260608,184500,10.11,10.11,10.11,10.11,1300,0
AMAN.US,5,20260608,185500,10.11,10.11,10.11,10.11,500,0
AMAN.US,5,20260608,190000,10.11,10.11,10.11,10.11,600,0
AMAN.US,5,20260608,190500,10.1127,10.115,10.11,10.1127,1000,0
AMAN.US,5,20260608,195000,10.1127,10.1127,10.11,10.11,500,0
AMAN.US,5,20260608,200500,10.12,10.12,10.12,10.12,200,0
AMAN.US,5,20260608,202000,10.12,10.12,10.12,10.12,200,0
AMAN.US,5,20260608,202500,10.12,10.21,10.12,10.17,2300,0
AMAN.US,5,20260608,203000,10.13,10.13,10.13,10.13,400,0
AMAN.US,5,20260608,203500,10.125,10.125,10.125,10.125,100,0
AMAN.US,5,20260608,204000,10.125,10.14,10.125,10.125,300,0
AMAN.US,5,20260608,205500,10.13,10.13,10.12,10.1205,800,0
AMAN.US,5,20260608,212000,10.12,10.13,10.11,10.11,4849,0
AMAN.US,5,20260608,213500,10.115,10.12,10.11,10.11,2252,0
AMAN.US,5,20260608,214000,10.12,10.12,10.12,10.12,400,0
AMAN.US,5,20260608,215000,10.12,10.12,10.11,10.11,2316,0
AMAN.US,5,20260608,215500,10.11,10.12,10.11,10.12,5100,0
AMAN.US,5,20260609,153000,10.1314,10.135,10.11,10.11,2047,0
AMAN.US,5,20260609,153500,10.133,10.16,10.11,10.133,3100,0
AMAN.US,5,20260609,154000,10.11,10.133,10.11,10.11,2095,0
AMAN.US,5,20260609,154500,10.1327,10.1327,10.11,10.11,3500,0
AMAN.US,5,20260609,155000,10.11,10.12,10.11,10.12,10269,0
AMAN.US,5,20260609,160000,10.13,10.13,10.12,10.12,8904,0
AMAN.US,5,20260609,160500,10.13,10.13,10.12,10.12,7277,0
AMAN.US,5,20260609,161000,10.12,10.13,10.12,10.13,3457,0
AMAN.US,5,20260609,161500,10.12,10.12,10.12,10.12,100,0
AMAN.US,5,20260609,162000,10.1223,10.1223,10.12,10.12,1300,0
AMAN.US,5,20260609,162500,10.12,10.12,10.12,10.12,100,0
AMAN.US,5,20260609,163000,10.13,10.13,10.12,10.13,4129,0
AMAN.US,5,20260609,163500,10.13,10.13,10.125,10.125,400,0
AMAN.US,5,20260609,165500,10.12,10.12,10.12,10.12,1794,0
AMAN.US,5,20260609,170000,10.13,10.13,10.12,10.12,7334,0
AMAN.US,5,20260609,170500,10.12,10.12,10.12,10.12,100,0
AMAN.US,5,20260609,171000,10.12,10.12,10.12,10.12,200,0
AMAN.US,5,20260609,171500,10.14,10.14,10.12,10.12,695,0
AMAN.US,5,20260609,172500,10.12,10.14,10.12,10.14,203,0
AMAN.US,5,20260609,173000,10.12,10.12,10.12,10.12,27462,0
AMAN.US,5,20260609,173500,10.14,10.14,10.12,10.12,22238,0
AMAN.US,5,20260609,174000,10.12,10.12,10.12,10.12,200,0
AMAN.US,5,20260609,174500,10.12,10.13,10.11,10.12,43400,0
AMAN.US,5,20260609,175000,10.12,10.13,10.12,10.12,1500,0
AMAN.US,5,20260609,175500,10.12,10.13,10.12,10.12,1460,0
AMAN.US,5,20260609,180000,10.12,10.12,10.11,10.11,1670,0
AMAN.US,5,20260609,180500,10.11,10.11,10.11,10.11,6600,0
AMAN.US,5,20260609,181000,10.11,10.11,10.11,10.11,100,0
AMAN.US,5,20260609,181500,10.11,10.11,10.11,10.11,200,0
AMAN.US,5,20260609,182000,10.11,10.11,10.11,10.11,7566,0
AMAN.US,5,20260609,182500,10.13,10.13,10.11,10.12,8004,0
AMAN.US,5,20260609,183000,10.12,10.12,10.11,10.11,3396,0
AMAN.US,5,20260609,183500,10.11,10.12,10.11,10.11,925,0
AMAN.US,5,20260609,184000,10.11,10.12,10.11,10.11,2859,0
AMAN.US,5,20260609,184500,10.11,10.11,10.11,10.11,3392,0
AMAN.US,5,20260609,185000,10.11,10.11,10.11,10.11,200,0
AMAN.US,5,20260609,185500,10.11,10.11,10.11,10.11,400,0
AMAN.US,5,20260609,190000,10.11,10.11,10.1,10.105,6440,0
AMAN.US,5,20260609,190500,10.105,10.105,10.105,10.105,200,0
AMAN.US,5,20260609,191000,10.105,10.11,10.1,10.11,691,0
AMAN.US,5,20260609,191500,10.105,10.105,10.105,10.105,100,0
AMAN.US,5,20260609,192000,10.105,10.108,10.1,10.1,2802,0
AMAN.US,5,20260609,192500,10.105,10.105,10.105,10.105,100,0
AMAN.US,5,20260609,193500,10.1,10.1,10.1,10.1,1888,0
AMAN.US,5,20260609,194500,10.11,10.11,10.11,10.11,696,0
AMAN.US,5,20260609,195000,10.1,10.11,10.1,10.1057,2468,0
AMAN.US,5,20260609,195500,10.105,10.11,10.105,10.105,5500,0
AMAN.US,5,20260609,200000,10.11,10.11,10.105,10.1072,5800,0
AMAN.US,5,20260609,200500,10.11,10.11,10.105,10.11,2700,0
AMAN.US,5,20260609,201000,10.1092,10.11,10.1,10.1,7400,0
AMAN.US,5,20260609,201500,10.1,10.1,10.1,10.1,500,0
AMAN.US,5,20260609,202500,10.105,10.11,10.105,10.11,400,0
AMAN.US,5,20260609,203000,10.1,10.105,10.1,10.105,674,0
AMAN.US,5,20260609,203500,10.105,10.105,10.095,10.1,29388,0
AMAN.US,5,20260609,204000,10.1,10.1,10.095,10.1,3245,0
AMAN.US,5,20260609,204500,10.1,10.1,10.1,10.1,3622,0
AMAN.US,5,20260609,205000,10.1,10.1,10.1,10.1,200,0
AMAN.US,5,20260609,205500,10.1,10.1,10.1,10.1,100,0
AMAN.US,5,20260609,210000,10.11,10.11,10.1,10.1,2566,0
AMAN.US,5,20260609,210500,10.1,10.1,10.1,10.1,4427,0
AMAN.US,5,20260609,211000,10.1,10.11,10.1,10.1,2056,0
AMAN.US,5,20260609,211500,10.1,10.1,10.1,10.1,100,0
AMAN.US,5,20260609,212000,10.11,10.11,10.1,10.1,3290,0
AMAN.US,5,20260609,212500,10.1,10.1,10.0977,10.1,6498,0
AMAN.US,5,20260609,213000,10.1,10.1,10.0978,10.0999,800,0
AMAN.US,5,20260609,213500,10.095,10.095,10.09,10.09,900,0
AMAN.US,5,20260609,214000,10.09,10.09,10.09,10.09,100,0
AMAN.US,5,20260609,214500,10.1,10.1,10.1,10.1,200,0
AMAN.US,5,20260609,215000,10.095,10.1,10.09,10.09,2400,0
AMAN.US,5,20260609,215500,10.1,10.1,10.09,10.09,2002,0
AMAN.US,5,20260610,153000,10.1,10.11,10.1,10.1,3334,0
AMAN.US,5,20260610,153500,10.1,10.11,10.1,10.1,5946,0
AMAN.US,5,20260610,154000,10.1,10.1,10.1,10.1,1076,0
AMAN.US,5,20260610,154500,10.1,10.1,10.1,10.1,200,0
AMAN.US,5,20260610,155000,10.1,10.1,10.1,10.1,1400,0
AMAN.US,5,20260610,155500,10.1,10.11,10.1,10.11,1454,0
AMAN.US,5,20260610,160000,10.1,10.1,10.1,10.1,3100,0
AMAN.US,5,20260610,160500,10.1,10.1,10.1,10.1,2354,0
AMAN.US,5,20260610,161000,10.1,10.1,10.1,10.1,200,0
AMAN.US,5,20260610,161500,10.09,10.09,10.09,10.09,1200,0
AMAN.US,5,20260610,162000,10.09,10.1,10.09,10.1,1996,0
AMAN.US,5,20260610,163000,10.09,10.1,10.09,10.09,2010,0
AMAN.US,5,20260610,163500,10.1,10.1,10.095,10.095,200,0
AMAN.US,5,20260610,164500,10.1,10.1,10.09,10.09,2489,0
AMAN.US,5,20260610,165000,10.09,10.09,10.09,10.09,1034,0
AMAN.US,5,20260610,165500,10.095,10.1,10.095,10.1,1234,0
AMAN.US,5,20260610,171000,10.09,10.095,10.09,10.09,1619,0
AMAN.US,5,20260610,171500,10.1,10.1,10.09,10.09,1300,0
AMAN.US,5,20260610,172000,10.09,10.09,10.09,10.09,620,0
AMAN.US,5,20260610,174000,10.1,10.1,10.1,10.1,740,0
AMAN.US,5,20260610,175000,10.1,10.1,10.1,10.1,156,0
AMAN.US,5,20260610,181500,10.09,10.09,10.09,10.09,1628,0
AMAN.US,5,20260610,182500,10.1,10.1,10.1,10.1,878,0
AMAN.US,5,20260610,184000,10.09,10.09,10.09,10.09,346,0
AMAN.US,5,20260610,194000,10.09,10.09,10.09,10.09,100,0
AMAN.US,5,20260610,205000,10.09,10.09,10.09,10.09,441,0
AMAN.US,5,20260610,212500,10.1,10.1,10.1,10.1,214,0
AMAN.US,5,20260610,213000,10.1,10.1,10.1,10.1,321,0
AMAN.US,5,20260610,214000,10.09,10.09,10.09,10.09,100,0
AMAN.US,5,20260611,153500,10.06,10.06,10.06,10.06,300,0
AMAN.US,5,20260611,164000,10.07,10.08,10.07,10.08,200,0
AMAN.US,5,20260611,180000,10.09,10.09,10.08,10.08,400,0
AMAN.US,5,20260611,182000,10.08,10.08,10.08,10.08,575,0
AMAN.US,5,20260611,195500,10.08,10.08,10.08,10.08,6306,0
AMAN.US,5,20260611,201000,10.08,10.08,10.08,10.08,670,0
AMAN.US,5,20260611,202000,10.07,10.07,10.07,10.07,2101,0
AMAN.US,5,20260611,214500,10.08,10.08,10.075,10.0792,900,0
AMAN.US,5,20260611,215000,10.0779,10.08,10.07,10.07,734,0
AMAN.US,5,20260611,215500,10.07,10.1,10.07,10.08,3503,0
AMAN.US,5,20260612,161500,10.08,10.08,10.08,10.08,200,0
AMAN.US,5,20260612,162000,10.13,10.13,10.13,10.13,100,0
AMAN.US,5,20260612,163000,10.09,10.09,10.09,10.09,100,0
AMAN.US,5,20260612,183500,10.08,10.1,10.08,10.1,837,0
AMAN.US,5,20260612,184000,10.085,10.085,10.07,10.085,3400,0
AMAN.US,5,20260612,184500,10.085,10.085,10.07,10.085,6200,0
AMAN.US,5,20260612,185000,10.07,10.1,10.07,10.1,3000,0
AMAN.US,5,20260612,191000,10.1,10.1,10.1,10.1,944,0
AMAN.US,5,20260612,192000,10.085,10.085,10.07,10.085,1100,0
AMAN.US,5,20260612,193000,10.07,10.085,10.07,10.085,2700,0
AMAN.US,5,20260612,193500,10.1,10.1,10.1,10.1,100,0
AMAN.US,5,20260612,200000,10.085,10.085,10.07,10.085,500,0
AMAN.US,5,20260612,215000,10.1,10.1,10.1,10.1,616,0
AMAN.US,5,20260615,163500,10.1,10.1,10.1,10.1,100,0
AMAN.US,5,20260615,164000,10.09,10.09,10.09,10.09,306,0
AMAN.US,5,20260615,165000,10.0925,10.095,10.08,10.08,4400,0
AMAN.US,5,20260615,172000,10.09,10.09,10.09,10.09,1381,0
AMAN.US,5,20260615,174500,10.09,10.095,10.085,10.09,2745,0
AMAN.US,5,20260615,182000,10.09,10.1,10.09,10.09,2543,0
AMAN.US,5,20260615,182500,10.1,10.1,10.09,10.1,13561,0
AMAN.US,5,20260615,183500,10.09,10.09,10.08,10.09,1723,0
AMAN.US,5,20260615,190500,10.0896,10.0896,10.0896,10.0896,100,0
AMAN.US,5,20260615,191000,10.09,10.09,10.09,10.09,800,0
AMAN.US,5,20260615,192000,10.08,10.08,10.08,10.08,842,0
AMAN.US,5,20260615,211500,10.09,10.09,10.09,10.09,300,0
AMAN.US,5,20260615,212500,10.09,10.095,10.085,10.085,7700,0
AMAN.US,5,20260615,213000,10.09,10.09,10.09,10.09,1736,0
AMAN.US,5,20260615,214500,10.08,10.08,10.08,10.08,1300,0
AMAN.US,5,20260615,215000,10.075,10.075,10.075,10.075,100,0
AMAN.US,5,20260616,170500,10.1,10.1,10.1,10.1,100,0
AMAN.US,5,20260616,172500,10.07,10.07,10.07,10.07,1000,0
AMAN.US,5,20260616,174000,10.07,10.07,10.07,10.07,210,0
AMAN.US,5,20260616,174500,10.08,10.08,10.08,10.08,300,0
AMAN.US,5,20260616,175000,10.07,10.08,10.07,10.08,3650,0
AMAN.US,5,20260616,180000,10.07,10.07,10.07,10.07,144,0
AMAN.US,5,20260616,181500,10.07,10.08,10.07,10.08,779,0
AMAN.US,5,20260616,210500,10.07,10.07,10.07,10.07,827,0
AMAN.US,5,20260616,211500,10.09,10.09,10.09,10.09,100,0
AMAN.US,5,20260616,212000,10.08,10.081,10.08,10.08,6223,0
AMAN.US,5,20260616,212500,10.08,10.08,10.075,10.075,600,0
AMAN.US,5,20260616,213000,10.08,10.08,10.07,10.07,793,0
AMAN.US,5,20260616,215500,10.07,10.08,10.07,10.08,937,0
AMAN.US,5,20260617,153500,10.06,10.06,10.06,10.06,100,0
AMAN.US,5,20260617,154500,10.07,10.07,10.07,10.07,3250,0
AMAN.US,5,20260617,155000,10.07,10.08,10.07,10.07,18517,0
AMAN.US,5,20260617,155500,10.09,10.09,10.07,10.07,1314,0
AMAN.US,5,20260617,160000,10.07,10.08,10.07,10.08,15262,0
AMAN.US,5,20260617,161000,10.11,10.11,10.07,10.07,1200,0
AMAN.US,5,20260617,161500,10.07,10.08,10.07,10.08,1800,0
AMAN.US,5,20260617,162500,10.09,10.09,10.09,10.09,100,0
AMAN.US,5,20260617,164500,10.07,10.07,10.07,10.07,900,0
AMAN.US,5,20260617,170000,10.08,10.08,10.08,10.08,2000,0
AMAN.US,5,20260617,170500,10.08,10.08,10.08,10.08,500,0
AMAN.US,5,20260617,171000,10.07,10.08,10.07,10.08,1100,0
AMAN.US,5,20260617,172000,10.08,10.08,10.08,10.08,2116,0
AMAN.US,5,20260617,172500,10.08,10.08,10.0771,10.08,2721,0
AMAN.US,5,20260617,173000,10.0771,10.08,10.0771,10.08,2211,0
AMAN.US,5,20260617,190500,10.08,10.08,10.08,10.08,1500,0
AMAN.US,5,20260617,191500,10.09,10.09,10.08,10.08,637,0
AMAN.US,5,20260617,192500,10.09,10.09,10.09,10.09,1299,0
AMAN.US,5,20260617,193000,10.09,10.09,10.09,10.09,100,0
AMAN.US,5,20260617,200000,10.08,10.09,10.08,10.08,7506,0
AMAN.US,5,20260617,201000,10.09,10.09,10.09,10.09,100,0
AMAN.US,5,20260617,202000,10.07,10.08,10.07,10.08,4449,0
AMAN.US,5,20260617,202500,10.08,10.08,10.08,10.08,100,0
AMAN.US,5,20260617,203000,10.08,10.08,10.07,10.075,2823,0
AMAN.US,5,20260617,203500,10.07,10.08,10.07,10.08,3113,0
AMAN.US,5,20260617,204000,10.07,10.07,10.07,10.07,1800,0
AMAN.US,5,20260617,204500,10.07,10.07,10.07,10.07,1000,0
AMAN.US,5,20260617,205500,10.08,10.08,10.07,10.075,3465,0
AMAN.US,5,20260617,210000,10.08,10.08,10.08,10.08,100,0
AMAN.US,5,20260617,210500,10.07,10.08,10.07,10.08,1804,0
AMAN.US,5,20260617,211500,10.07,10.07,10.07,10.07,1248,0
AMAN.US,5,20260617,212000,10.08,10.08,10.07,10.08,3148,0
AMAN.US,5,20260617,212500,10.07,10.08,10.07,10.08,3000,0
AMAN.US,5,20260617,213000,10.07,10.075,10.07,10.075,657,0
AMAN.US,5,20260617,214000,10.08,10.08,10.08,10.08,4585,0
AMAN.US,5,20260617,215000,10.08,10.08,10.07,10.07,2620,0
AMAN.US,5,20260617,215500,10.07,10.08,10.07,10.07,5429,0
AMAN.US,5,20260618,153000,10.16,10.16,10.16,10.16,100,0
AMAN.US,5,20260618,163500,10.08,10.08,10.08,10.08,100,0
AMAN.US,5,20260618,170500,10.06,10.07,10.06,10.06,1142,0
AMAN.US,5,20260618,171000,10.065,10.07,10.06,10.07,726,0
AMAN.US,5,20260618,190500,10.08,10.08,10.08,10.08,100,0
AMAN.US,5,20260618,194500,10.06,10.06,10.06,10.06,250,0
AMAN.US,5,20260618,214500,10.06,10.06,10.06,10.06,105,0
AMAN.US,5,20260622,154500,10.07,10.07,10.07,10.07,100,0
AMAN.US,5,20260622,155500,10.09,10.09,10.09,10.09,100,0
AMAN.US,5,20260622,161000,10.09,10.09,10.09,10.09,200,0
AMAN.US,5,20260622,205000,10.09,10.09,10.09,10.09,800,0
AMAN.US,5,20260622,210500,10.08,10.08,10.08,10.08,700,0
AMAN.US,5,20260622,214500,10.08,10.08,10.07,10.075,5390,0
AMAN.US,5,20260622,215000,10.08,10.08,10.07,10.07,2000,0
AMAN.US,5,20260622,215500,10.07,10.08,10.07,10.075,5141,0
