<TICKER>,<PER>,<DATE>,<TIME>,<OPEN>,<HIGH>,<LOW>,<CLOSE>,<VOL>,<OPENINT>
AMSS.US,5,20260520,171000,17,17,17,17,4001,0
AMSS.US,5,20260520,172000,17,17,15.01,15.01,2921,0
AMSS.US,5,20260520,173500,13.17,13.17,11.8317,13.1,3891,0
AMSS.US,5,20260520,174500,12.63,13.6,12.63,13.6,260,0
AMSS.US,5,20260520,175000,13.9,14,13.9,14,1000,0
AMSS.US,5,20260520,180500,13.25,13.25,13.25,13.25,413,0
AMSS.US,5,20260520,181000,13.99,14,13,13.55,1200,0
AMSS.US,5,20260520,181500,13.96,13.96,13.96,13.96,100,0
AMSS.US,5,20260520,182000,14,14,14,14,300,0
AMSS.US,5,20260520,182500,13.1186,13.6,13.1,13.6,2357,0
AMSS.US,5,20260520,184500,13.59,13.59,13.59,13.59,100,0
AMSS.US,5,20260520,185000,13.59,13.88,13.5,13.88,424,0
AMSS.US,5,20260520,185500,13.8,14.3,13.8,14.3,4242,0
AMSS.US,5,20260520,190000,14,14,13.25,14,600,0
AMSS.US,5,20260520,192000,13.15,13.15,13.15,13.15,516,0
AMSS.US,5,20260520,192500,13.1501,13.1501,13.1501,13.1501,100,0
AMSS.US,5,20260520,200000,13.3,13.3,13,13,10538,0
AMSS.US,5,20260520,200500,12.5,12.5,12.5,12.5,733,0
AMSS.US,5,20260520,201000,12.25,12.25,12.25,12.25,100,0
AMSS.US,5,20260520,202000,12.4,12.41,12.4,12.41,1000,0
AMSS.US,5,20260520,202500,12.1,12.1,11.8,11.8,345,0
AMSS.US,5,20260520,203000,12,12,11.8,11.8,436,0
AMSS.US,5,20260520,203500,12.5,12.5,11.95,11.95,200,0
AMSS.US,5,20260520,204000,12,12.0099,11.4097,11.4097,499,0
AMSS.US,5,20260520,204500,11.4,11.8,11.4,11.8,600,0
AMSS.US,5,20260520,205000,11,11,11,11,200,0
AMSS.US,5,20260520,205500,11.14,11.14,11.14,11.14,100,0
AMSS.US,5,20260520,210000,11.1,11.1125,11.1,11.1125,300,0
AMSS.US,5,20260520,212500,10.975,11.01,10.6,10.6,1838,0
AMSS.US,5,20260520,213000,10.75,10.875,10.5,10.875,725,0
AMSS.US,5,20260520,213500,10.86,10.86,10.86,10.86,100,0
AMSS.US,5,20260520,214000,11,11.5,10.9625,11.5,2334,0
AMSS.US,5,20260520,214500,11.18,11.65,11.05,11.6,1994,0
AMSS.US,5,20260520,215000,11.2,11.5,11.2,11.43,1200,0
AMSS.US,5,20260520,215500,11.4,11.66,11.3,11.3,3022,0
AMSS.US,5,20260521,153000,8.7,9.68,8.7,9.68,1019,0
AMSS.US,5,20260521,153500,9.24,9.24,9.24,9.24,100,0
AMSS.US,5,20260521,154000,8.54,8.54,8.54,8.54,300,0
AMSS.US,5,20260521,155000,9.0336,9.0336,9.0336,9.0336,100,0
AMSS.US,5,20260521,160000,8.65,8.65,8.19,8.19,3114,0
AMSS.US,5,20260521,160500,8.12,8.12,7.87,7.9,2233,0
AMSS.US,5,20260521,161000,8,8.1,8,8,1946,0
AMSS.US,5,20260521,161500,8.2,8.2,7.94,7.94,2712,0
AMSS.US,5,20260521,162000,7.6,7.6,7.44,7.6,1199,0
AMSS.US,5,20260521,162500,7.6586,7.91,7.6,7.7,2872,0
AMSS.US,5,20260521,163500,7.8995,7.9999,7.86,7.9999,1310,0
AMSS.US,5,20260521,164000,7.945,8.18,7.92,8.18,1221,0
AMSS.US,5,20260521,164500,8.15,8.15,7.7533,7.7533,857,0
AMSS.US,5,20260521,165000,7.875,7.875,7.875,7.875,264,0
AMSS.US,5,20260521,165500,7.7591,7.9579,7.7,7.7,1970,0
AMSS.US,5,20260521,170000,7.7,7.7,7.5501,7.6,3339,0
AMSS.US,5,20260521,170500,7.55,7.6,7.46,7.46,400,0
AMSS.US,5,20260521,171500,7.49,7.68,7.4601,7.68,1551,0
AMSS.US,5,20260521,172000,7.59,7.59,7.52,7.5899,1200,0
AMSS.US,5,20260521,172500,7.59,7.59,7.4613,7.59,700,0
AMSS.US,5,20260521,173000,7.59,7.59,7.559,7.559,500,0
AMSS.US,5,20260521,173500,7.56,7.56,7.56,7.56,200,0
AMSS.US,5,20260521,174500,7.56,7.56,7.55,7.55,300,0
AMSS.US,5,20260521,175000,7.32,7.32,7.3,7.3101,2344,0
AMSS.US,5,20260521,175500,7.55,7.56,7.31,7.31,650,0
AMSS.US,5,20260521,180000,7.2,7.28,6.92,7.28,8566,0
AMSS.US,5,20260521,180500,6.81,7.13,6.79,6.8,1039,0
AMSS.US,5,20260521,181000,6.8068,6.8068,6.79,6.79,818,0
AMSS.US,5,20260521,182000,6.635,6.635,6.635,6.635,100,0
AMSS.US,5,20260521,182500,6.63,6.635,6.63,6.635,1040,0
AMSS.US,5,20260521,183000,6.635,6.635,6.635,6.635,100,0
AMSS.US,5,20260521,183500,6.706,6.706,6.524,6.524,450,0
AMSS.US,5,20260521,184000,6.53,6.57,6.5101,6.55,5261,0
AMSS.US,5,20260521,184500,6.52,6.6327,6.52,6.6327,1280,0
AMSS.US,5,20260521,185000,6.63,6.6691,6.63,6.655,710,0
AMSS.US,5,20260521,185500,6.6199,6.6199,6.26,6.27,2405,0
AMSS.US,5,20260521,190000,6.255,6.43,6.255,6.43,772,0
AMSS.US,5,20260521,190500,6.5771,6.5771,6.2901,6.4699,2880,0
AMSS.US,5,20260521,191000,6.4957,6.4957,6.29,6.29,600,0
AMSS.US,5,20260521,191500,6.39,6.39,6.39,6.39,1542,0
AMSS.US,5,20260521,192000,6.31,6.4978,6.31,6.35,1604,0
AMSS.US,5,20260521,192500,6.3098,6.31,6.2962,6.31,5078,0
AMSS.US,5,20260521,193000,6.31,6.3494,6.31,6.31,662,0
AMSS.US,5,20260521,193500,6.315,6.38,6.315,6.38,215,0
AMSS.US,5,20260521,194000,6.35,6.35,6.35,6.35,200,0
AMSS.US,5,20260521,194500,6.3499,6.3499,6.3499,6.3499,346,0
AMSS.US,5,20260521,195000,6.3135,6.349,6.3135,6.349,505,0
AMSS.US,5,20260521,195500,6.28,6.28,6.28,6.28,288,0
AMSS.US,5,20260521,200000,6.3116,6.48,6.31,6.39,5104,0
AMSS.US,5,20260521,200500,6.48,6.48,6.31,6.44,4246,0
AMSS.US,5,20260521,201000,6.446,6.46,6.3132,6.3511,1812,0
AMSS.US,5,20260521,201500,6.35,6.36,6.35,6.36,300,0
AMSS.US,5,20260521,202000,6.4599,6.46,6.41,6.41,450,0
AMSS.US,5,20260521,202500,6.41,6.44,6.4,6.44,566,0
AMSS.US,5,20260521,203000,6.38,6.38,6.38,6.38,300,0
AMSS.US,5,20260521,204000,6.45,6.45,6.43,6.43,1100,0
AMSS.US,5,20260521,204500,6.46,6.495,6.46,6.495,600,0
AMSS.US,5,20260521,205000,6.57,6.64,6.52,6.545,3596,0
AMSS.US,5,20260521,205500,6.61,6.61,6.505,6.505,1366,0
AMSS.US,5,20260521,210000,6.54,6.58,6.51,6.58,1900,0
AMSS.US,5,20260521,210500,6.545,6.6,6.54,6.56,500,0
AMSS.US,5,20260521,211000,6.48,6.5505,6.4,6.4,2072,0
AMSS.US,5,20260521,211500,6.4,6.6,6.35,6.6,2766,0
AMSS.US,5,20260521,212000,6.54,6.54,6.54,6.54,199,0
AMSS.US,5,20260521,212500,6.57,6.6,6.57,6.6,1600,0
AMSS.US,5,20260521,213000,6.59,6.59,6.4,6.4001,1254,0
AMSS.US,5,20260521,213500,6.42,6.6,6.41,6.41,2560,0
AMSS.US,5,20260521,214500,6.52,6.59,6.4808,6.4808,3987,0
AMSS.US,5,20260521,215000,6.41,6.45,6.41,6.45,2160,0
AMSS.US,5,20260521,215500,6.44,6.47,6.4101,6.43,8547,0
AMSS.US,5,20260522,153000,5.71,5.9,5.71,5.74,2306,0
AMSS.US,5,20260522,153500,5.77,5.77,5.77,5.77,100,0
AMSS.US,5,20260522,154000,5.855,5.8998,5.855,5.855,556,0
AMSS.US,5,20260522,154500,5.9999,5.9999,5.75,5.75,1942,0
AMSS.US,5,20260522,155000,5.7833,5.7833,5.75,5.75,230,0
AMSS.US,5,20260522,155500,5.7801,5.7801,5.7801,5.7801,101,0
AMSS.US,5,20260522,160500,5.7801,5.7801,5.752,5.752,814,0
AMSS.US,5,20260522,161000,5.9999,6,5.86,5.86,1738,0
AMSS.US,5,20260522,161500,5.85,5.9536,5.85,5.9536,473,0
AMSS.US,5,20260522,162000,5.85,5.85,5.85,5.85,200,0
AMSS.US,5,20260522,162500,5.85,5.9499,5.7001,5.9499,2955,0
AMSS.US,5,20260522,163500,5.85,5.85,5.85,5.85,500,0
AMSS.US,5,20260522,164500,5.75,5.75,5.75,5.75,100,0
AMSS.US,5,20260522,165500,5.74,5.74,5.7,5.7,284,0
AMSS.US,5,20260522,170000,5.55,5.7,5.54,5.54,2150,0
AMSS.US,5,20260522,170500,5.5,5.5,5.42,5.42,783,0
AMSS.US,5,20260522,171000,5.506,5.506,5.506,5.506,346,0
AMSS.US,5,20260522,171500,5.635,5.635,5.635,5.635,855,0
AMSS.US,5,20260522,173000,5.525,5.525,5.05,5.08,3846,0
AMSS.US,5,20260522,173500,5.09,5.1,5.0001,5.1,2303,0
AMSS.US,5,20260522,174000,5.01,5.2,5.0001,5.2,4800,0
AMSS.US,5,20260522,174500,5.23,5.25,5,5,6090,0
AMSS.US,5,20260522,175000,5,5,4.9899,4.9899,1700,0
AMSS.US,5,20260522,180000,4.845,4.845,4.845,4.845,150,0
AMSS.US,5,20260522,180500,4.71,4.71,4.71,4.71,100,0
AMSS.US,5,20260522,181000,4.86,4.86,4.73,4.73,765,0
AMSS.US,5,20260522,181500,4.8001,4.8001,4.8001,4.8001,100,0
AMSS.US,5,20260522,182000,4.8,4.8,4.8,4.8,100,0
AMSS.US,5,20260522,182500,4.875,4.9,4.77,4.78,1700,0
AMSS.US,5,20260522,183000,4.82,4.82,4.82,4.82,500,0
AMSS.US,5,20260522,183500,4.82,4.98,4.8,4.8,595,0
AMSS.US,5,20260522,184000,4.86,4.86,4.8,4.8,2160,0
AMSS.US,5,20260522,185000,4.75,4.75,4.65,4.6501,1346,0
AMSS.US,5,20260522,185500,4.66,4.6701,4.66,4.67,402,0
AMSS.US,5,20260522,190000,4.7,4.7,4.7,4.7,125,0
AMSS.US,5,20260522,190500,4.7,4.7,4.6885,4.6885,430,0
AMSS.US,5,20260522,191000,4.7,4.71,4.6801,4.6801,565,0
AMSS.US,5,20260522,191500,4.6901,4.71,4.6901,4.71,700,0
AMSS.US,5,20260522,192000,4.895,4.895,4.855,4.855,330,0
AMSS.US,5,20260522,192500,4.76,4.855,4.72,4.855,700,0
AMSS.US,5,20260522,193000,4.73,4.73,4.72,4.72,400,0
AMSS.US,5,20260522,194000,4.7599,4.7599,4.71,4.71,400,0
AMSS.US,5,20260522,195000,4.65,4.65,4.62,4.62,800,0
AMSS.US,5,20260522,195500,4.6597,4.6597,4.45,4.45,1443,0
AMSS.US,5,20260522,200500,4.47,4.47,4.45,4.45,1298,0
AMSS.US,5,20260522,201500,4.55,4.5882,4.455,4.455,3798,0
AMSS.US,5,20260522,202000,4.52,4.52,4.52,4.52,200,0
AMSS.US,5,20260522,202500,4.47,4.47,4.45,4.4699,1447,0
AMSS.US,5,20260522,203000,4.45,4.45,4.4,4.42,1600,0
AMSS.US,5,20260522,203500,4.4,4.4,4.35,4.35,200,0
AMSS.US,5,20260522,204000,4.315,4.315,4.29,4.31,700,0
AMSS.US,5,20260522,204500,4.27,4.28,4.22,4.28,1382,0
AMSS.US,5,20260522,205000,4.3,4.34,4.3,4.33,552,0
AMSS.US,5,20260522,205500,4.27,4.27,4.22,4.25,1200,0
AMSS.US,5,20260522,210000,4.23,4.24,4.22,4.24,699,0
AMSS.US,5,20260522,210500,4.2,4.3028,4.1884,4.22,2448,0
AMSS.US,5,20260522,211000,4.2899,4.2899,4.1501,4.22,7700,0
AMSS.US,5,20260522,212000,4.25,4.25,4.19,4.24,5403,0
AMSS.US,5,20260522,212500,4.17,4.17,4.15,4.15,200,0
AMSS.US,5,20260522,213000,4.17,4.17,4.1501,4.151,1000,0
AMSS.US,5,20260522,213500,4.1599,4.27,4.14,4.2,4917,0
AMSS.US,5,20260522,214000,4.21,4.21,4.15,4.17,7631,0
AMSS.US,5,20260522,214500,4.16,4.16,4.15,4.15,1420,0
AMSS.US,5,20260522,215000,4.1951,4.22,4.15,4.22,3544,0
AMSS.US,5,20260522,215500,4.22,4.39,4.22,4.32,20474,0
AMSS.US,5,20260526,153000,3.7,3.7494,3.5708,3.6,14005,0
AMSS.US,5,20260526,153500,3.62,3.85,3.612,3.85,3433,0
AMSS.US,5,20260526,154000,3.875,3.875,3.875,3.875,100,0
AMSS.US,5,20260526,155000,3.88,4,3.865,3.865,309,0
AMSS.US,5,20260526,155500,3.93,3.93,3.73,3.73,1635,0
AMSS.US,5,20260526,160000,3.75,3.86,3.75,3.75,9987,0
AMSS.US,5,20260526,160500,3.7501,3.85,3.7501,3.85,1000,0
AMSS.US,5,20260526,161000,3.75,3.8,3.75,3.7501,844,0
AMSS.US,5,20260526,161500,3.75,3.75,3.75,3.75,206,0
AMSS.US,5,20260526,162000,3.79,3.79,3.745,3.745,2700,0
AMSS.US,5,20260526,162500,3.75,3.76,3.4201,3.53,8524,0
AMSS.US,5,20260526,163000,3.47,3.47,3.42,3.42,1271,0
AMSS.US,5,20260526,163500,3.42,3.42,3.3813,3.3813,690,0
AMSS.US,5,20260526,164500,3.6,3.7,3.6,3.6,1000,0
AMSS.US,5,20260526,165000,3.62,3.62,3.3801,3.45,2700,0
AMSS.US,5,20260526,165500,3.51,3.655,3.51,3.655,400,0
AMSS.US,5,20260526,170000,3.51,3.6082,3.51,3.6082,800,0
AMSS.US,5,20260526,170500,3.51,3.56,3.4,3.495,2435,0
AMSS.US,5,20260526,171000,3.55,3.5599,3.55,3.5599,500,0
AMSS.US,5,20260526,171500,3.5424,3.5424,3.19,3.19,7710,0
AMSS.US,5,20260526,172000,3.082,3.15,3.08,3.15,2060,0
AMSS.US,5,20260526,172500,3.16,3.16,3.16,3.16,300,0
AMSS.US,5,20260526,173000,3.15,3.245,3.11,3.14,8716,0
AMSS.US,5,20260526,173500,3.13,3.15,3.1,3.14,2522,0
AMSS.US,5,20260526,174000,3.1,3.1,3.1,3.1,100,0
AMSS.US,5,20260526,174500,3.1,3.1,3.09,3.0999,4243,0
AMSS.US,5,20260526,175000,3.09,3.22,3.09,3.22,3832,0
AMSS.US,5,20260526,175500,3.28,3.3399,3.25,3.25,6643,0
AMSS.US,5,20260526,180000,3.2998,3.2999,3.1701,3.1701,1593,0
AMSS.US,5,20260526,180500,3.235,3.235,3.19,3.19,1100,0
AMSS.US,5,20260526,181000,3.29,3.29,3.23,3.23,2500,0
AMSS.US,5,20260526,181500,3.1801,3.1801,3.13,3.13,1745,0
AMSS.US,5,20260526,182000,3.1115,3.12,3.1115,3.12,2450,0
AMSS.US,5,20260526,183000,3.1,3.1001,3.01,3.01,2409,0
AMSS.US,5,20260526,183500,3.1,3.1,3,3.0201,2473,0
AMSS.US,5,20260526,184000,3.01,3.01,3.01,3.01,340,0
AMSS.US,5,20260526,184500,3.06,3.06,3.06,3.06,400,0
AMSS.US,5,20260526,185000,3.1,3.155,3.1,3.1,947,0
AMSS.US,5,20260526,191500,3.03,3.09,3.03,3.09,533,0
AMSS.US,5,20260526,192000,3.14,3.14,3.14,3.14,127,0
AMSS.US,5,20260526,193000,3.14,3.14,3.14,3.14,400,0
AMSS.US,5,20260526,194000,3.1,3.1,3.1,3.1,400,0
AMSS.US,5,20260526,195000,3.12,3.12,3.12,3.12,455,0
AMSS.US,5,20260526,195500,3.1,3.1,3.09,3.09,612,0
AMSS.US,5,20260526,200000,3.13,3.13,3.13,3.13,2500,0
AMSS.US,5,20260526,200500,3.1,3.1,3.1,3.1,100,0
AMSS.US,5,20260526,201500,3.0588,3.0588,3.0588,3.0588,208,0
AMSS.US,5,20260526,202000,3.1,3.1,3.075,3.075,456,0
AMSS.US,5,20260526,202500,3.075,3.075,3.075,3.075,100,0
AMSS.US,5,20260526,203000,3.07,3.07,3.07,3.07,200,0
AMSS.US,5,20260526,203500,3.09,3.09,3.09,3.09,268,0
AMSS.US,5,20260526,204000,3.1,3.1,3.1,3.1,867,0
AMSS.US,5,20260526,204500,3.0834,3.0834,3.08,3.08,602,0
AMSS.US,5,20260526,205500,3.08,3.08,3.08,3.08,601,0
AMSS.US,5,20260526,210500,3.07,3.1,3.07,3.1,2611,0
AMSS.US,5,20260526,212000,3.1,3.1,3.1,3.1,2000,0
AMSS.US,5,20260526,212500,3.1,3.14,3.1,3.129,9024,0
AMSS.US,5,20260526,213000,3.13,3.23,3.13,3.21,5001,0
AMSS.US,5,20260526,213500,3.25,3.4899,3.25,3.3999,10031,0
AMSS.US,5,20260526,214000,3.4,3.7543,3.4,3.645,11655,0
AMSS.US,5,20260526,214500,3.5411,3.64,3.53,3.53,6124,0
AMSS.US,5,20260526,215000,3.5301,3.63,3.37,3.5,7328,0
AMSS.US,5,20260526,215500,3.475,3.67,3.33,3.58,16210,0
AMSS.US,5,20260527,153000,7.51,7.565,6.53,7.23,348788,0
AMSS.US,5,20260527,153500,7.175,7.3,6.55,6.64,223645,0
AMSS.US,5,20260527,154000,6.64,6.9499,6.3,6.65,169733,0
AMSS.US,5,20260527,154500,6.6776,7.1287,6.55,7.03,144373,0
AMSS.US,5,20260527,155000,7.055,7.21,6.78,7.02,103121,0
AMSS.US,5,20260527,155500,7.03,7.25,6.98,7.05,114416,0
AMSS.US,5,20260527,160000,7.0801,7.17,6.85,6.9,51829,0
AMSS.US,5,20260527,160500,6.975,7.25,6.941,7.05,92523,0
AMSS.US,5,20260527,161000,7.14,7.2999,7.05,7.1815,108200,0
AMSS.US,5,20260527,161500,7.19,7.27,6.8501,7.1399,73585,0
AMSS.US,5,20260527,162000,7.0778,7.2002,6.94,7.1199,46139,0
AMSS.US,5,20260527,162500,7.12,7.12,6.5,6.69,62214,0
AMSS.US,5,20260527,163000,6.69,6.8246,6.55,6.66,44477,0
AMSS.US,5,20260527,163500,6.6828,6.88,6.5801,6.88,45287,0
AMSS.US,5,20260527,164000,6.8799,6.8799,6.5804,6.65,38662,0
AMSS.US,5,20260527,164500,6.68,6.6932,6.5001,6.59,35382,0
AMSS.US,5,20260527,165000,6.59,6.73,6.45,6.7094,50297,0
AMSS.US,5,20260527,165500,6.6801,6.9999,6.63,6.877,54298,0
AMSS.US,5,20260527,170000,6.7928,7.05,6.7,6.8,102208,0
AMSS.US,5,20260527,170500,6.75,6.915,6.6,6.63,69875,0
AMSS.US,5,20260527,171000,6.6468,6.7602,6.48,6.57,49833,0
AMSS.US,5,20260527,171500,6.575,6.82,6.46,6.705,39380,0
AMSS.US,5,20260527,172000,6.705,6.84,6.61,6.64,42984,0
AMSS.US,5,20260527,172500,6.6001,6.7899,6.53,6.6499,16065,0
AMSS.US,5,20260527,173000,6.65,6.84,6.6026,6.7799,47114,0
AMSS.US,5,20260527,173500,6.7781,6.79,6.46,6.48,77740,0
AMSS.US,5,20260527,174000,6.49,6.545,6.45,6.47,51420,0
AMSS.US,5,20260527,174500,6.45,6.55,6.19,6.1981,88570,0
AMSS.US,5,20260527,175000,6.19,6.1999,5.7001,6.06,104720,0
AMSS.US,5,20260527,175500,6.06,6.25,6.0001,6.13,37170,0
AMSS.US,5,20260527,180000,6.15,6.5,6.12,6.4099,64385,0
AMSS.US,5,20260527,180500,6.325,6.5,6.25,6.4399,37549,0
AMSS.US,5,20260527,181000,6.435,6.5,6.36,6.42,20731,0
AMSS.US,5,20260527,181500,6.43,6.5,6.3601,6.45,14411,0
AMSS.US,5,20260527,182000,6.4799,6.4882,6.35,6.46,11268,0
AMSS.US,5,20260527,182500,6.4099,6.5,6.26,6.2601,25147,0
AMSS.US,5,20260527,183000,6.27,6.52,6.27,6.4117,38903,0
AMSS.US,5,20260527,183500,6.35,6.5166,6.35,6.5166,26638,0
AMSS.US,5,20260527,184000,6.5,6.5199,6.4,6.42,18012,0
AMSS.US,5,20260527,184500,6.43,6.5,6.42,6.4299,12576,0
AMSS.US,5,20260527,185000,6.4301,6.52,6,6.13,75568,0
AMSS.US,5,20260527,185500,6.12,6.37,6.1,6.37,25805,0
AMSS.US,5,20260527,190000,6.38,6.52,6.38,6.4899,15706,0
AMSS.US,5,20260527,190500,6.455,6.55,6.3988,6.4073,42893,0
AMSS.US,5,20260527,191000,6.42,6.455,6.2,6.36,19361,0
AMSS.US,5,20260527,191500,6.33,6.3983,6.04,6.055,22243,0
AMSS.US,5,20260527,192000,6.05,6.31,6.03,6.1801,19785,0
AMSS.US,5,20260527,192500,6.16,6.22,6.0607,6.1299,25708,0
AMSS.US,5,20260527,193000,6.07,6.07,5.61,5.86,55164,0
AMSS.US,5,20260527,193500,5.825,6,5.6219,5.98,25555,0
AMSS.US,5,20260527,194000,6.01,6.0399,5.8301,5.85,12642,0
AMSS.US,5,20260527,194500,5.9299,6.04,5.84,5.9793,12455,0
AMSS.US,5,20260527,195000,6,6,5.8308,6,10479,0
AMSS.US,5,20260527,195500,5.975,6,5.62,5.845,44204,0
AMSS.US,5,20260527,200000,5.9,5.99,5.82,5.97,20059,0
AMSS.US,5,20260527,200500,6,6.04,5.65,5.89,20270,0
AMSS.US,5,20260527,201000,5.81,5.8999,5.75,5.83,8852,0
AMSS.US,5,20260527,201500,5.89,6.0299,5.8501,5.99,29746,0
AMSS.US,5,20260527,202000,5.96,5.9999,5.85,5.85,5236,0
AMSS.US,5,20260527,202500,5.92,6,5.7,5.9,19392,0
AMSS.US,5,20260527,203000,5.95,6,5.9089,6,8750,0
AMSS.US,5,20260527,203500,5.96,5.96,5.87,5.87,2518,0
AMSS.US,5,20260527,204000,5.8799,5.88,5.7,5.7998,14533,0
AMSS.US,5,20260527,204500,5.835,6,5.79,5.9911,11158,0
AMSS.US,5,20260527,205000,5.99,6,5.7289,5.9,19169,0
AMSS.US,5,20260527,205500,5.95,6,5.84,5.8499,14586,0
AMSS.US,5,20260527,210000,5.85,5.99,5.85,5.92,13459,0
AMSS.US,5,20260527,210500,5.91,5.97,5.85,5.86,17078,0
AMSS.US,5,20260527,211000,5.86,5.94,5.61,5.795,18530,0
AMSS.US,5,20260527,211500,5.79,5.9799,5.7,5.815,14434,0
AMSS.US,5,20260527,212000,5.79,5.79,5.65,5.69,18655,0
AMSS.US,5,20260527,212500,5.7,5.7399,5.6201,5.64,20531,0
AMSS.US,5,20260527,213000,5.6399,5.6399,4.81,4.96,122682,0
AMSS.US,5,20260527,213500,4.9831,5.22,4.9201,5.1,31149,0
AMSS.US,5,20260527,214000,5.145,5.334,5.06,5.26,16932,0
AMSS.US,5,20260527,214500,5.22,5.24,5.05,5.075,36452,0
AMSS.US,5,20260527,215000,5.075,5.1,5.03,5.08,20592,0
AMSS.US,5,20260527,215500,5.08,5.56,5.08,5.56,68255,0
AMSS.US,5,20260528,153000,4.5,4.7595,4.44,4.6,35214,0
AMSS.US,5,20260528,153500,4.6088,4.75,4.57,4.7499,23476,0
AMSS.US,5,20260528,154000,4.7,4.75,4.6501,4.71,16940,0
AMSS.US,5,20260528,154500,4.725,4.9,4.725,4.8699,8644,0
AMSS.US,5,20260528,155000,4.87,4.87,4.73,4.845,9098,0
AMSS.US,5,20260528,155500,4.9351,4.9351,4.6601,4.6601,7872,0
AMSS.US,5,20260528,160000,4.97,4.97,4.68,4.735,7153,0
AMSS.US,5,20260528,160500,4.735,4.735,4.6001,4.65,11713,0
AMSS.US,5,20260528,161000,4.69,4.71,4.612,4.7095,5894,0
AMSS.US,5,20260528,161500,4.6999,4.75,4.68,4.75,1950,0
AMSS.US,5,20260528,162000,4.8499,4.941,4.8,4.925,3629,0
AMSS.US,5,20260528,162500,4.925,4.9699,4.88,4.92,10403,0
AMSS.US,5,20260528,163000,4.96,5.015,4.955,5,8521,0
AMSS.US,5,20260528,163500,4.9503,4.9911,4.83,4.83,3708,0
AMSS.US,5,20260528,164000,4.82,4.82,4.69,4.8199,1563,0
AMSS.US,5,20260528,164500,4.82,4.82,4.6701,4.6716,1742,0
AMSS.US,5,20260528,165000,4.671,4.71,4.61,4.61,20050,0
AMSS.US,5,20260528,165500,4.65,4.65,4.6,4.6,9271,0
AMSS.US,5,20260528,170000,4.58,4.6999,4.4,4.565,23537,0
AMSS.US,5,20260528,170500,4.5,4.5769,4.49,4.545,6251,0
AMSS.US,5,20260528,171000,4.4601,4.53,4.405,4.505,6421,0
AMSS.US,5,20260528,171500,4.46,4.6,4.46,4.46,3417,0
AMSS.US,5,20260528,172000,4.485,4.5899,4.485,4.57,692,0
AMSS.US,5,20260528,172500,4.5458,4.5458,4.47,4.47,2937,0
AMSS.US,5,20260528,173000,4.5,4.5,4.45,4.4602,1315,0
AMSS.US,5,20260528,173500,4.475,4.475,4.45,4.4661,2079,0
AMSS.US,5,20260528,174000,4.4501,4.475,4.45,4.47,20370,0
AMSS.US,5,20260528,174500,4.485,4.4999,4.43,4.43,9006,0
AMSS.US,5,20260528,175000,4.43,4.5,4.42,4.485,5786,0
AMSS.US,5,20260528,175500,4.48,4.485,4.46,4.46,1490,0
AMSS.US,5,20260528,180000,4.43,4.47,4.43,4.46,5153,0
AMSS.US,5,20260528,180500,4.47,4.47,4.45,4.45,1237,0
AMSS.US,5,20260528,181000,4.45,4.45,4.4,4.4,2443,0
AMSS.US,5,20260528,181500,4.4046,4.43,4.31,4.375,31932,0
AMSS.US,5,20260528,182000,4.375,4.4124,4.3201,4.375,2195,0
AMSS.US,5,20260528,182500,4.3787,4.42,4.3701,4.38,6036,0
AMSS.US,5,20260528,183000,4.35,4.39,4.35,4.37,1303,0
AMSS.US,5,20260528,183500,4.4,4.4,4.34,4.38,7757,0
AMSS.US,5,20260528,184000,4.3501,4.3748,4.25,4.2815,5742,0
AMSS.US,5,20260528,184500,4.26,4.3,4.18,4.18,10431,0
AMSS.US,5,20260528,185000,4.1801,4.31,4.1801,4.31,9061,0
AMSS.US,5,20260528,185500,4.337,4.34,4.31,4.34,1334,0
AMSS.US,5,20260528,190000,4.3392,4.3392,4.2,4.225,27950,0
AMSS.US,5,20260528,190500,4.22,4.22,4.2,4.21,9255,0
AMSS.US,5,20260528,191000,4.21,4.2193,4.2,4.2,3400,0
AMSS.US,5,20260528,191500,4.22,4.29,4.21,4.2888,3365,0
AMSS.US,5,20260528,192000,4.25,4.2996,4.22,4.2996,600,0
AMSS.US,5,20260528,192500,4.2508,4.4,4.2508,4.38,22580,0
AMSS.US,5,20260528,193000,4.34,4.38,4.25,4.25,4746,0
AMSS.US,5,20260528,193500,4.32,4.32,4.245,4.27,8630,0
AMSS.US,5,20260528,194000,4.2472,4.27,4.2472,4.25,990,0
AMSS.US,5,20260528,194500,4.2691,4.32,4.25,4.32,7965,0
AMSS.US,5,20260528,195000,4.3,4.4,4.3,4.385,22742,0
AMSS.US,5,20260528,195500,4.385,4.5,4.38,4.435,4254,0
AMSS.US,5,20260528,200000,4.44,4.5,4.44,4.49,3809,0
AMSS.US,5,20260528,200500,4.4889,4.5,4.4401,4.47,2300,0
AMSS.US,5,20260528,201000,4.485,4.5,4.47,4.49,2353,0
AMSS.US,5,20260528,201500,4.4828,4.4828,4.425,4.45,6392,0
AMSS.US,5,20260528,202000,4.43,4.43,4.4034,4.415,2200,0
AMSS.US,5,20260528,202500,4.43,4.45,4.41,4.43,1642,0
AMSS.US,5,20260528,203000,4.435,4.45,4.42,4.45,5944,0
AMSS.US,5,20260528,203500,4.4457,4.45,4.435,4.45,2012,0
AMSS.US,5,20260528,204000,4.43,4.45,4.37,4.375,12672,0
AMSS.US,5,20260528,204500,4.4,4.4344,4.37,4.37,2565,0
AMSS.US,5,20260528,205000,4.361,4.4083,4.31,4.35,6328,0
AMSS.US,5,20260528,205500,4.33,4.4,4.3,4.3,700,0
AMSS.US,5,20260528,210000,4.3341,4.3765,4.28,4.28,3274,0
AMSS.US,5,20260528,210500,4.35,4.35,4.28,4.345,2049,0
AMSS.US,5,20260528,211000,4.35,4.35,4.26,4.27,11160,0
AMSS.US,5,20260528,211500,4.305,4.31,4.25,4.26,3730,0
AMSS.US,5,20260528,212000,4.25,4.25,4.245,4.245,500,0
AMSS.US,5,20260528,212500,4.25,4.25,4.2408,4.2408,2064,0
AMSS.US,5,20260528,213000,4.245,4.2499,4.24,4.24,5442,0
AMSS.US,5,20260528,213500,4.2499,4.25,4.2401,4.25,7926,0
AMSS.US,5,20260528,214000,4.245,4.25,4.2401,4.25,3841,0
AMSS.US,5,20260528,214500,4.245,4.25,4.24,4.2498,5451,0
AMSS.US,5,20260528,215000,4.25,4.25,4.24,4.245,7448,0
AMSS.US,5,20260528,215500,4.25,4.25,4.24,4.245,13630,0
AMSS.US,5,20260529,153000,4.36,4.49,4.31,4.31,10705,0
AMSS.US,5,20260529,153500,4.301372,4.301372,4.22,4.2494,21528,0
AMSS.US,5,20260529,154000,4.2024,4.24,4.0601,4.0999,8994,0
AMSS.US,5,20260529,154500,4.07,4.07,3.9,4.055,12558,0
AMSS.US,5,20260529,155000,4.0401,4.1872,4.0401,4.155,2670,0
AMSS.US,5,20260529,155500,4.16,4.16,4.01,4.08,3395,0
AMSS.US,5,20260529,160000,4.08,4.125,4.08,4.125,343,0
AMSS.US,5,20260529,160500,4.145,4.15,4.1,4.1,1703,0
AMSS.US,5,20260529,161000,4.1002,4.1223,4.1,4.1,2313,0
AMSS.US,5,20260529,161500,4.0301,4.07,4.0301,4.0599,2073,0
AMSS.US,5,20260529,162000,4.0301,4.0301,4,4.02,11628,0
AMSS.US,5,20260529,162500,4.04,4.04,4,4.03,3180,0
AMSS.US,5,20260529,163000,4.05,4.12,4.045,4.12,2400,0
AMSS.US,5,20260529,163500,4.1876,4.1998,4.15,4.16,2540,0
AMSS.US,5,20260529,164000,4.16,4.16,4.1517,4.1517,520,0
AMSS.US,5,20260529,164500,4.16,4.22,4.15,4.21,11685,0
AMSS.US,5,20260529,165000,4.2,4.2,4.16,4.16,1548,0
AMSS.US,5,20260529,165500,4.17,4.17,4.16,4.16,410,0
AMSS.US,5,20260529,170000,4.155,4.1999,4.155,4.1999,22899,0
AMSS.US,5,20260529,170500,4.205,4.2799,4.205,4.2499,5312,0
AMSS.US,5,20260529,171000,4.25,4.26,4.22,4.22,9149,0
AMSS.US,5,20260529,171500,4.2201,4.235,4.2,4.21,12525,0
AMSS.US,5,20260529,172000,4.2499,4.2799,4.225,4.25,14400,0
AMSS.US,5,20260529,172500,4.24,4.2798,4.2301,4.26,6572,0
AMSS.US,5,20260529,173000,4.28,4.28,4.245,4.245,7470,0
AMSS.US,5,20260529,173500,4.245,4.25,4.15,4.195,8294,0
AMSS.US,5,20260529,174000,4.1704,4.1704,4.1704,4.1704,146,0
AMSS.US,5,20260529,174500,4.14,4.1893,4.080237,4.15,3938,0
AMSS.US,5,20260529,175000,4.1223,4.1223,4.1223,4.1223,500,0
AMSS.US,5,20260529,175500,4.13,4.13,4.13,4.13,200,0
AMSS.US,5,20260529,180000,4.15,4.15,4.15,4.15,200,0
AMSS.US,5,20260529,180500,4.185,4.25,4.1001,4.1001,28897,0
AMSS.US,5,20260529,181000,4.18,4.18,4.1,4.175,8849,0
AMSS.US,5,20260529,181500,4.1851,4.1851,4.13,4.13,1128,0
AMSS.US,5,20260529,182000,4.11,4.11,4.1,4.1098,1397,0
AMSS.US,5,20260529,182500,4.1001,4.1001,4,4.005,7620,0
AMSS.US,5,20260529,183000,4.0427,4.0427,4.0427,4.0427,495,0
AMSS.US,5,20260529,183500,4.07,4.07,4.035,4.05,1157,0
AMSS.US,5,20260529,184000,4.01,4.065,3.95,4.05,5386,0
AMSS.US,5,20260529,184500,4.006,4.006,4,4,300,0
AMSS.US,5,20260529,185000,4,4.05,4,4.05,2332,0
AMSS.US,5,20260529,185500,4.05,4.05,4.01,4.05,2938,0
AMSS.US,5,20260529,190000,4,4.03,4,4.03,400,0
AMSS.US,5,20260529,190500,4,4,4,4,2955,0
AMSS.US,5,20260529,191500,4.04,4.04,4.04,4.04,388,0
AMSS.US,5,20260529,192000,4.09,4.09,4.09,4.09,100,0
AMSS.US,5,20260529,192500,4.06,4.1,4.06,4.0901,1665,0
AMSS.US,5,20260529,193000,4.06,4.06,4,4,2697,0
AMSS.US,5,20260529,193500,4.04,4.07,4,4.07,450,0
AMSS.US,5,20260529,194000,4.05,4.09,4.04,4.04,400,0
AMSS.US,5,20260529,194500,4.04,4.04,4.04,4.04,395,0
AMSS.US,5,20260529,195000,4,4.07,4,4.07,7708,0
AMSS.US,5,20260529,195500,4,4.07,4,4.0001,1437,0
AMSS.US,5,20260529,200000,4,4.0926,4,4.045,2396,0
AMSS.US,5,20260529,200500,4.01,4.05,4.01,4.05,300,0
AMSS.US,5,20260529,201000,4.05,4.05,4.05,4.05,1000,0
AMSS.US,5,20260529,201500,4.01,4.0298,4.01,4.01,808,0
AMSS.US,5,20260529,202000,4.0754,4.0754,4.06,4.07,484,0
AMSS.US,5,20260529,203000,4.1,4.15,4.1,4.15,450,0
AMSS.US,5,20260529,203500,4.155,4.2,4.1526,4.1526,4062,0
AMSS.US,5,20260529,204000,4.1527,4.1999,4.1,4.13,4014,0
AMSS.US,5,20260529,204500,4.12,4.12,4.12,4.12,200,0
AMSS.US,5,20260529,205000,4.19,4.2057,4.19,4.2057,2763,0
AMSS.US,5,20260529,205500,4.23,4.24,4.23,4.2389,4099,0
AMSS.US,5,20260529,210000,4.195,4.195,4.195,4.195,100,0
AMSS.US,5,20260529,210500,4.195,4.195,4.195,4.195,200,0
AMSS.US,5,20260529,211000,4.195,4.195,4.195,4.195,100,0
AMSS.US,5,20260529,211500,4.15,4.2183,4.15,4.15,620,0
AMSS.US,5,20260529,212000,4.15,4.17,4.1001,4.17,3480,0
AMSS.US,5,20260529,212500,4.195,4.195,4.15,4.15,2074,0
AMSS.US,5,20260529,213500,4.1699,4.1699,4.1001,4.1002,1350,0
AMSS.US,5,20260529,214000,4.11,4.17,4.1001,4.17,1751,0
AMSS.US,5,20260529,214500,4.1001,4.175,4.1001,4.175,2600,0
AMSS.US,5,20260529,215000,4.11,4.17,4.11,4.17,1013,0
AMSS.US,5,20260529,215500,4.18,4.24,4.1101,4.24,5895,0
AMSS.US,5,20260601,153000,4,4,3.81,3.855,17337,0
AMSS.US,5,20260601,153500,3.81,3.9999,3.71,3.9999,11813,0
AMSS.US,5,20260601,154000,3.784355,3.93,3.7201,3.75,4334,0
AMSS.US,5,20260601,154500,3.75,3.76,3.68,3.76,7915,0
AMSS.US,5,20260601,155000,3.7401,3.7401,3.74,3.74,293,0
AMSS.US,5,20260601,155500,3.725,3.7886,3.65,3.763,13636,0
AMSS.US,5,20260601,160000,3.79,3.8784,3.74,3.82,1200,0
AMSS.US,5,20260601,160500,3.8922,3.8945,3.754687,3.8492,1564,0
AMSS.US,5,20260601,161000,3.87,4.04,3.87,4,12847,0
AMSS.US,5,20260601,161500,3.986,4.06,3.98,4,2201,0
AMSS.US,5,20260601,162000,3.99,3.99,3.92,3.9399,560,0
AMSS.US,5,20260601,162500,3.94,3.94,3.94,3.94,185,0
AMSS.US,5,20260601,163000,4,4,3.9502,4,1166,0
AMSS.US,5,20260601,163500,3.9501,3.9501,3.8509,3.9,2055,0
AMSS.US,5,20260601,164000,3.9208,3.9208,3.81,3.81,3525,0
AMSS.US,5,20260601,164500,3.8401,3.8401,3.8401,3.8401,1000,0
AMSS.US,5,20260601,165000,3.915,3.915,3.75,3.83,9872,0
AMSS.US,5,20260601,165500,3.76,3.855,3.76,3.855,979,0
AMSS.US,5,20260601,170000,3.81,3.81,3.81,3.81,100,0
AMSS.US,5,20260601,170500,3.7604,3.82,3.76,3.788,1188,0
AMSS.US,5,20260601,171000,3.7801,3.8573,3.7801,3.81,1400,0
AMSS.US,5,20260601,171500,3.78,3.83,3.7658,3.7658,2656,0
AMSS.US,5,20260601,172000,3.88,3.88,3.83,3.83,220,0
AMSS.US,5,20260601,172500,3.83,3.83,3.7707,3.83,345,0
AMSS.US,5,20260601,173000,3.82,3.82,3.78,3.78,1370,0
AMSS.US,5,20260601,173500,3.77,3.8058,3.76,3.8,1771,0
AMSS.US,5,20260601,174500,3.8199,3.8199,3.7601,3.7601,250,0
AMSS.US,5,20260601,175000,3.76,3.7999,3.76,3.7856,1926,0
AMSS.US,5,20260601,175500,3.7501,3.785,3.73005,3.74,3176,0
AMSS.US,5,20260601,180000,3.76,3.795,3.71005,3.73,3738,0
AMSS.US,5,20260601,180500,3.75,3.795,3.75,3.795,1450,0
AMSS.US,5,20260601,181000,3.83,3.84,3.795,3.795,970,0
AMSS.US,5,20260601,181500,3.81,3.81,3.81,3.81,555,0
AMSS.US,5,20260601,182000,3.83,3.83,3.83,3.83,250,0
AMSS.US,5,20260601,183000,3.85,3.9,3.85,3.9,1882,0
AMSS.US,5,20260601,183500,3.8587,3.87,3.8541,3.8541,600,0
AMSS.US,5,20260601,184000,3.86,3.86,3.86,3.86,100,0
AMSS.US,5,20260601,184500,3.85,3.8764,3.85,3.8764,3020,0
AMSS.US,5,20260601,185000,3.8513,3.8513,3.835,3.835,1025,0
AMSS.US,5,20260601,190000,3.88,3.9,3.87,3.9,8795,0
AMSS.US,5,20260601,190500,3.9018,3.96,3.9018,3.96,4133,0
AMSS.US,5,20260601,191000,3.95,3.995,3.95,3.98,1328,0
AMSS.US,5,20260601,191500,4,4.015,4,4.015,6100,0
AMSS.US,5,20260601,192000,3.9501,3.96,3.9501,3.96,1051,0
AMSS.US,5,20260601,192500,4.04,4.04,3.92,3.92,1487,0
AMSS.US,5,20260601,193500,3.99,3.99,3.99,3.99,200,0
AMSS.US,5,20260601,194000,3.91,3.91,3.9001,3.9001,348,0
AMSS.US,5,20260601,194500,3.9301,3.975,3.9001,3.975,664,0
AMSS.US,5,20260601,195000,3.9001,3.9001,3.9,3.9,586,0
AMSS.US,5,20260601,200000,3.97,3.97,3.95,3.95,401,0
AMSS.US,5,20260601,201000,3.97,3.97,3.97,3.97,100,0
AMSS.US,5,20260601,201500,3.96,3.96,3.945,3.945,200,0
AMSS.US,5,20260601,202500,3.975,3.975,3.975,3.975,500,0
AMSS.US,5,20260601,203000,3.95,3.95,3.93,3.93,276,0
AMSS.US,5,20260601,203500,3.93,3.93,3.93,3.93,115,0
AMSS.US,5,20260601,204500,3.9959,3.9959,3.9959,3.9959,100,0
AMSS.US,5,20260601,205000,3.99,3.99,3.99,3.99,100,0
AMSS.US,5,20260601,210000,3.94,4,3.94,4,915,0
AMSS.US,5,20260601,210500,3.9301,3.95,3.88,3.88,4190,0
AMSS.US,5,20260601,211500,3.87,3.87,3.7801,3.7801,1108,0
AMSS.US,5,20260601,213000,3.88,3.88,3.88,3.88,113,0
AMSS.US,5,20260601,213500,3.835,3.8781,3.835,3.8781,450,0
AMSS.US,5,20260601,214000,3.8449,3.85,3.8449,3.85,406,0
AMSS.US,5,20260601,214500,3.85,3.85,3.81,3.81,1806,0
AMSS.US,5,20260601,215000,3.82,3.85,3.82,3.85,900,0
AMSS.US,5,20260601,215500,3.82,3.8734,3.82,3.835,1330,0
AMSS.US,5,20260602,153000,3.63,3.74,3.63,3.65,9828,0
AMSS.US,5,20260602,153500,3.7094,3.7094,3.63,3.66,4426,0
AMSS.US,5,20260602,154000,3.66,3.66,3.66,3.66,1146,0
AMSS.US,5,20260602,154500,3.66,3.6611,3.66,3.6611,4048,0
AMSS.US,5,20260602,155000,3.6601,3.725,3.6601,3.725,1100,0
AMSS.US,5,20260602,155500,3.6701,3.79,3.6701,3.7859,1263,0
AMSS.US,5,20260602,160000,3.74,3.74,3.67,3.68,300,0
AMSS.US,5,20260602,160500,3.6704,3.6704,3.6444,3.665,1558,0
AMSS.US,5,20260602,161000,3.67,3.7282,3.67,3.7282,669,0
AMSS.US,5,20260602,161500,3.7281,3.7281,3.7281,3.7281,307,0
AMSS.US,5,20260602,162000,3.61,3.72,3.61,3.72,1973,0
AMSS.US,5,20260602,162500,3.7379,3.7379,3.7379,3.7379,200,0
AMSS.US,5,20260602,163000,3.72,3.78,3.7,3.7,1450,0
AMSS.US,5,20260602,164000,3.6515,3.6515,3.6515,3.6515,277,0
AMSS.US,5,20260602,164500,3.675,3.6996,3.675,3.6996,516,0
AMSS.US,5,20260602,165000,3.675,3.675,3.6503,3.6503,850,0
AMSS.US,5,20260602,165500,3.652,3.67,3.652,3.67,400,0
AMSS.US,5,20260602,170000,3.67,3.69,3.66,3.67,1485,0
AMSS.US,5,20260602,170500,3.66,3.67,3.66,3.67,3111,0
AMSS.US,5,20260602,171000,3.6547,3.665,3.65,3.665,1110,0
AMSS.US,5,20260602,171500,3.66,3.66,3.65,3.65,1909,0
AMSS.US,5,20260602,172000,3.6498,3.65,3.64,3.64,700,0
AMSS.US,5,20260602,172500,3.64,3.65,3.64,3.64,901,0
AMSS.US,5,20260602,173000,3.64,3.66,3.6301,3.6301,400,0
AMSS.US,5,20260602,173500,3.67,3.67,3.67,3.67,656,0
AMSS.US,5,20260602,174000,3.674,3.674,3.674,3.674,300,0
AMSS.US,5,20260602,174500,3.7,3.77,3.67,3.77,6212,0
AMSS.US,5,20260602,175000,3.735,3.735,3.735,3.735,300,0
AMSS.US,5,20260602,175500,3.7012,3.7012,3.7,3.7,3023,0
AMSS.US,5,20260602,180000,3.71,3.71,3.71,3.71,100,0
AMSS.US,5,20260602,180500,3.735,3.77,3.72,3.77,2600,0
AMSS.US,5,20260602,181500,3.765,3.765,3.735,3.735,581,0
AMSS.US,5,20260602,182000,3.73,3.73,3.71,3.71,1300,0
AMSS.US,5,20260602,182500,3.7001,3.74,3.7001,3.7002,821,0
AMSS.US,5,20260602,184500,3.7133,3.7133,3.7133,3.7133,100,0
AMSS.US,5,20260602,185000,3.7899,3.7899,3.7899,3.7899,327,0
AMSS.US,5,20260602,185500,3.79,3.79,3.79,3.79,100,0
AMSS.US,5,20260602,190000,3.745,3.745,3.72,3.73,2631,0
AMSS.US,5,20260602,190500,3.71,3.71,3.71,3.71,1000,0
AMSS.US,5,20260602,191000,3.7,3.73,3.7,3.73,810,0
AMSS.US,5,20260602,191500,3.72,3.745,3.7001,3.745,1602,0
AMSS.US,5,20260602,192000,3.745,3.745,3.745,3.745,100,0
AMSS.US,5,20260602,192500,3.7399,3.745,3.71,3.745,350,0
AMSS.US,5,20260602,193000,3.745,3.745,3.745,3.745,400,0
AMSS.US,5,20260602,193500,3.79,3.79,3.71,3.71,1907,0
AMSS.US,5,20260602,194500,3.745,3.745,3.745,3.745,1595,0
AMSS.US,5,20260602,195000,3.745,3.75,3.7,3.7,1832,0
AMSS.US,5,20260602,195500,3.7499,3.7499,3.72,3.72,1100,0
AMSS.US,5,20260602,200000,3.72,3.72,3.7,3.7,1338,0
AMSS.US,5,20260602,201000,3.7,3.74,3.7,3.74,200,0
AMSS.US,5,20260602,201500,3.71,3.74,3.71,3.74,2170,0
AMSS.US,5,20260602,202500,3.705,3.73,3.705,3.73,626,0
AMSS.US,5,20260602,204500,3.71,3.71,3.7,3.7,600,0
AMSS.US,5,20260602,205000,3.7,3.79,3.68,3.79,2359,0
AMSS.US,5,20260602,205500,3.78,3.8,3.735,3.79,3165,0
AMSS.US,5,20260602,210000,3.825,3.9,3.825,3.9,2338,0
AMSS.US,5,20260602,210500,3.93,3.93,3.7816,3.7816,311,0
AMSS.US,5,20260602,211000,3.8312,3.94,3.8312,3.94,2864,0
AMSS.US,5,20260602,211500,3.94,3.94,3.91,3.91,325,0
AMSS.US,5,20260602,212000,3.92,4.15,3.91,4.06,6717,0
AMSS.US,5,20260602,212500,4.06,4.14,4.02,4.055,5872,0
AMSS.US,5,20260602,213000,4.03,4.14,3.97005,4.118,9435,0
AMSS.US,5,20260602,213500,4.06,4.088,3.9711,3.98,3149,0
AMSS.US,5,20260602,214000,3.99,4.0299,3.95,4.0299,1396,0
AMSS.US,5,20260602,214500,4,4.05,3.965,4.05,3163,0
AMSS.US,5,20260602,215000,4.049,4.049,3.91,4,3103,0
AMSS.US,5,20260602,215500,3.97,4.015,3.9301,3.955,2181,0
AMSS.US,5,20260603,153000,3.95,3.95,3.84,3.88,3745,0
AMSS.US,5,20260603,153500,3.79,3.83,3.73,3.83,2645,0
AMSS.US,5,20260603,154000,3.83,3.9,3.83,3.9,3600,0
AMSS.US,5,20260603,154500,3.9,3.9,3.83,3.83,3123,0
AMSS.US,5,20260603,155000,3.83,3.83,3.79,3.81,2900,0
AMSS.US,5,20260603,155500,3.9237,3.9237,3.9237,3.9237,150,0
AMSS.US,5,20260603,160000,3.79,3.8,3.79,3.79,1000,0
AMSS.US,5,20260603,160500,3.8003,3.85,3.8003,3.85,784,0
AMSS.US,5,20260603,161000,3.8004,3.85,3.775,3.775,1249,0
AMSS.US,5,20260603,161500,3.815,3.9,3.815,3.9,6054,0
AMSS.US,5,20260603,162000,3.9,3.93,3.9,3.92,1077,0
AMSS.US,5,20260603,162500,3.9,4.15,3.9,4.15,9559,0
AMSS.US,5,20260603,163000,4.14,4.14,4.1,4.1,1273,0
AMSS.US,5,20260603,163500,4.07,4.07,3.7801,3.7801,5559,0
AMSS.US,5,20260603,164000,4.15,4.15,3.9,3.9,1750,0
AMSS.US,5,20260603,164500,3.965,4.01,3.9525,3.99,908,0
AMSS.US,5,20260603,165000,3.99,3.99,3.965,3.965,200,0
AMSS.US,5,20260603,165500,3.92,3.95,3.9,3.95,1405,0
AMSS.US,5,20260603,170500,3.9,3.9,3.84,3.84,386,0
AMSS.US,5,20260603,171000,3.9,3.905,3.9,3.905,200,0
AMSS.US,5,20260603,171500,3.835,3.905,3.835,3.905,200,0
AMSS.US,5,20260603,172000,3.93,3.93,3.86,3.86,786,0
AMSS.US,5,20260603,173000,3.86,3.95,3.86,3.95,618,0
AMSS.US,5,20260603,173500,3.8967,3.8967,3.8967,3.8967,600,0
AMSS.US,5,20260603,174000,3.9,3.9,3.8501,3.8501,1941,0
AMSS.US,5,20260603,174500,3.85,3.85,3.8,3.84,1288,0
AMSS.US,5,20260603,175000,3.83,3.83,3.83,3.83,100,0
AMSS.US,5,20260603,175500,3.87,3.87,3.87,3.87,200,0
AMSS.US,5,20260603,180500,3.79,3.79,3.79,3.79,100,0
AMSS.US,5,20260603,182000,3.79,3.79,3.79,3.79,250,0
AMSS.US,5,20260603,182500,3.79,3.86,3.79,3.815,746,0
AMSS.US,5,20260603,183500,3.804,3.804,3.804,3.804,408,0
AMSS.US,5,20260603,184000,3.8001,3.89,3.8001,3.89,1515,0
AMSS.US,5,20260603,184500,3.8,3.8,3.8,3.8,1000,0
AMSS.US,5,20260603,190000,3.88,3.895,3.88,3.895,200,0
AMSS.US,5,20260603,191000,3.9,3.9,3.8996,3.8996,672,0
AMSS.US,5,20260603,191500,3.86,3.86,3.86,3.86,128,0
AMSS.US,5,20260603,192000,3.8368,3.8368,3.8368,3.8368,350,0
AMSS.US,5,20260603,193000,3.87,3.87,3.87,3.87,907,0
AMSS.US,5,20260603,193500,3.9,3.9,3.9,3.9,504,0
AMSS.US,5,20260603,194000,3.9,3.93,3.9,3.93,767,0
AMSS.US,5,20260603,194500,3.94,3.94,3.92,3.92,300,0
AMSS.US,5,20260603,195500,3.95,3.95,3.945,3.945,201,0
AMSS.US,5,20260603,200500,3.9,3.9,3.9,3.9,100,0
AMSS.US,5,20260603,201500,3.95,3.9999,3.95,3.9999,584,0
AMSS.US,5,20260603,202500,3.9,3.925,3.9,3.925,1200,0
AMSS.US,5,20260603,203000,3.9999,3.9999,3.98,3.98,1524,0
AMSS.US,5,20260603,203500,3.95,3.9931,3.94,3.955,2497,0
AMSS.US,5,20260603,204500,3.95,3.96,3.95,3.96,2500,0
AMSS.US,5,20260603,205000,3.94,4.0401,3.94,4.0401,1428,0
AMSS.US,5,20260603,205500,4,4.05,4,4.04,3200,0
AMSS.US,5,20260603,210000,4,4.0693,4,4.025,6443,0
AMSS.US,5,20260603,210500,4.01,4.01,3.9841,4.005,3661,0
AMSS.US,5,20260603,211000,4.04,4.04,4.0025,4.03,760,0
AMSS.US,5,20260603,211500,4.02,4.02,4.02,4.02,1100,0
AMSS.US,5,20260603,212000,4.02,4.02,4,4,203,0
AMSS.US,5,20260603,213000,3.9622,3.9622,3.955,3.955,1633,0
AMSS.US,5,20260603,213500,3.985,3.985,3.95,3.95,10446,0
AMSS.US,5,20260603,214000,3.9,3.9,3.9,3.9,270,0
AMSS.US,5,20260603,215000,3.95,3.95,3.95,3.95,500,0
AMSS.US,5,20260603,215500,4,4,3.95,3.95,1668,0
AMSS.US,5,20260604,153000,3.9,3.93,3.9,3.93,1200,0
AMSS.US,5,20260604,153500,3.8,3.86,3.8,3.86,780,0
AMSS.US,5,20260604,154000,3.9,3.9,3.84,3.8661,1321,0
AMSS.US,5,20260604,154500,3.86,3.86,3.82,3.86,2550,0
AMSS.US,5,20260604,155000,3.82,3.86,3.7989,3.7989,1000,0
AMSS.US,5,20260604,155500,3.8,3.8,3.7663,3.7663,1718,0
AMSS.US,5,20260604,160000,3.74,3.8555,3.73,3.8555,650,0
AMSS.US,5,20260604,161000,3.795,3.85,3.73,3.77,4569,0
AMSS.US,5,20260604,161500,3.9138,3.9138,3.9138,3.9138,100,0
AMSS.US,5,20260604,162000,3.76,3.76,3.76,3.76,200,0
AMSS.US,5,20260604,162500,3.855,3.855,3.8,3.8,3040,0
AMSS.US,5,20260604,163500,3.77,3.77,3.68,3.7087,8309,0
AMSS.US,5,20260604,164000,3.69,3.69,3.65,3.67,1851,0
AMSS.US,5,20260604,164500,3.7599,3.7599,3.72,3.73,6000,0
AMSS.US,5,20260604,165500,3.7299,3.7299,3.706,3.706,1230,0
AMSS.US,5,20260604,171000,3.72,3.8191,3.72,3.8191,1097,0
AMSS.US,5,20260604,172500,3.71,3.71,3.71,3.71,120,0
AMSS.US,5,20260604,173000,3.71,3.71,3.645,3.645,3692,0
AMSS.US,5,20260604,173500,3.67,3.69,3.645,3.69,700,0
AMSS.US,5,20260604,174000,3.7,3.7,3.7,3.7,800,0
AMSS.US,5,20260604,174500,3.67,3.67,3.67,3.67,100,0
AMSS.US,5,20260604,175000,3.71,3.71,3.71,3.71,400,0
AMSS.US,5,20260604,175500,3.7001,3.7001,3.7001,3.7001,100,0
AMSS.US,5,20260604,180000,3.74,3.74,3.71,3.7319,7100,0
AMSS.US,5,20260604,182000,3.7251,3.7251,3.7251,3.7251,250,0
AMSS.US,5,20260604,182500,3.67,3.69,3.67,3.69,2520,0
AMSS.US,5,20260604,183000,3.7,3.7,3.67,3.69,5202,0
AMSS.US,5,20260604,184500,3.69,3.7202,3.65,3.65,1300,0
AMSS.US,5,20260604,185000,3.6501,3.73,3.65,3.73,1785,0
AMSS.US,5,20260604,185500,3.73,3.73,3.69,3.69,200,0
AMSS.US,5,20260604,190500,3.6519,3.66,3.6519,3.66,678,0
AMSS.US,5,20260604,191000,3.65,3.65,3.65,3.65,300,0
AMSS.US,5,20260604,192000,3.65,3.675,3.65,3.655,2476,0
AMSS.US,5,20260604,192500,3.64,3.655,3.64,3.655,400,0
AMSS.US,5,20260604,193000,3.61,3.6101,3.61,3.6101,248,0
AMSS.US,5,20260604,193500,3.62,3.65,3.62,3.65,400,0
AMSS.US,5,20260604,194500,3.65,3.65,3.65,3.65,206,0
AMSS.US,5,20260604,195000,3.6999,3.6999,3.6999,3.6999,100,0
AMSS.US,5,20260604,201000,3.68,3.68,3.65,3.65,200,0
AMSS.US,5,20260604,203000,3.65,3.65,3.65,3.65,100,0
AMSS.US,5,20260604,204000,3.665,3.68,3.665,3.68,340,0
AMSS.US,5,20260604,210000,3.6799,3.6799,3.6799,3.6799,100,0
AMSS.US,5,20260604,210500,3.64,3.6606,3.64,3.65,1458,0
AMSS.US,5,20260604,211000,3.6795,3.6795,3.6795,3.6795,100,0
AMSS.US,5,20260604,213000,3.6382,3.6382,3.6382,3.6382,286,0
AMSS.US,5,20260604,213500,3.63,3.63,3.63,3.63,680,0
AMSS.US,5,20260604,214500,3.645,3.75,3.645,3.715,2800,0
AMSS.US,5,20260604,215000,3.72,3.76,3.72,3.76,1146,0
AMSS.US,5,20260604,215500,3.69,3.7,3.68,3.7,2360,0
AMSS.US,5,20260605,153000,3.7469,3.7469,3.58,3.5919,2923,0
AMSS.US,5,20260605,153500,3.705,3.705,3.45,3.4601,10073,0
AMSS.US,5,20260605,154000,3.5369,3.5369,3.46,3.5,2577,0
AMSS.US,5,20260605,154500,3.5,3.53,3.45,3.5,7826,0
AMSS.US,5,20260605,155000,3.44,3.44,3.35,3.4,2590,0
AMSS.US,5,20260605,155500,3.39,3.39,3.35,3.3513,1118,0
AMSS.US,5,20260605,160000,3.36,3.4,3.3,3.4,8242,0
AMSS.US,5,20260605,160500,3.4,3.4299,3.36,3.365,1674,0
AMSS.US,5,20260605,161000,3.4,3.43,3.39,3.4,1300,0
AMSS.US,5,20260605,161500,3.39,3.4,3.39,3.4,300,0
AMSS.US,5,20260605,162000,3.43,3.4585,3.3901,3.4585,2038,0
AMSS.US,5,20260605,162500,3.46,3.51,3.46,3.485,6325,0
AMSS.US,5,20260605,163000,3.49,3.54,3.48,3.54,700,0
AMSS.US,5,20260605,163500,3.49,3.49,3.49,3.49,500,0
AMSS.US,5,20260605,164500,3.5,3.5,3.5,3.5,728,0
AMSS.US,5,20260605,165000,3.5,3.5,3.49,3.49,450,0
AMSS.US,5,20260605,165500,3.4567,3.4567,3.4567,3.4567,200,0
AMSS.US,5,20260605,170000,3.49,3.49,3.49,3.49,1609,0
AMSS.US,5,20260605,170500,3.49,3.49,3.49,3.49,450,0
AMSS.US,5,20260605,171000,3.5,3.52,3.4593,3.46,5423,0
AMSS.US,5,20260605,171500,3.47,3.495,3.46,3.495,800,0
AMSS.US,5,20260605,172000,3.495,3.495,3.475,3.475,1000,0
AMSS.US,5,20260605,172500,3.45,3.45,3.43,3.43,1256,0
AMSS.US,5,20260605,173000,3.43,3.43,3.3501,3.395,1424,0
AMSS.US,5,20260605,173500,3.395,3.4668,3.37,3.415,884,0
AMSS.US,5,20260605,174000,3.38,3.475,3.37,3.475,1295,0
AMSS.US,5,20260605,175500,3.36,3.36,3.3567,3.3567,333,0
AMSS.US,5,20260605,180000,3.464,3.464,3.464,3.464,145,0
AMSS.US,5,20260605,181500,3.37,3.37,3.35,3.37,786,0
AMSS.US,5,20260605,182000,3.3899,3.3899,3.3899,3.3899,150,0
AMSS.US,5,20260605,182500,3.35,3.36,3.345,3.345,1146,0
AMSS.US,5,20260605,183000,3.34,3.36,3.3201,3.36,624,0
AMSS.US,5,20260605,183500,3.34,3.34,3.3,3.3,3431,0
AMSS.US,5,20260605,184000,3.345,3.345,3.345,3.345,1115,0
AMSS.US,5,20260605,184500,3.37,3.37,3.37,3.37,100,0
AMSS.US,5,20260605,185500,3.345,3.345,3.345,3.345,100,0
AMSS.US,5,20260605,190000,3.34,3.345,3.34,3.345,1176,0
AMSS.US,5,20260605,191000,3.34,3.405,3.3256,3.3256,9373,0
AMSS.US,5,20260605,192000,3.375,3.375,3.375,3.375,100,0
AMSS.US,5,20260605,193000,3.38,3.38,3.38,3.38,273,0
AMSS.US,5,20260605,193500,3.4,3.4,3.4,3.4,200,0
AMSS.US,5,20260605,194000,3.45,3.47,3.45,3.47,250,0
AMSS.US,5,20260605,194500,3.47,3.47,3.4,3.4,2100,0
AMSS.US,5,20260605,195000,3.4,3.4,3.4,3.4,100,0
AMSS.US,5,20260605,200500,3.4,3.45,3.4,3.45,860,0
AMSS.US,5,20260605,201000,3.4,3.4,3.4,3.4,695,0
AMSS.US,5,20260605,201500,3.38,3.38,3.38,3.38,500,0
AMSS.US,5,20260605,202500,3.39,3.412845,3.3345,3.412845,2702,0
AMSS.US,5,20260605,203000,3.365,3.37,3.36,3.36,1509,0
AMSS.US,5,20260605,203500,3.36,3.3999,3.36,3.3999,2314,0
AMSS.US,5,20260605,204500,3.329,3.329,3.329,3.329,150,0
AMSS.US,5,20260605,205000,3.345,3.345,3.345,3.345,300,0
AMSS.US,5,20260605,205500,3.31,3.31,3.31,3.31,500,0
AMSS.US,5,20260605,210000,3.35,3.35,3.35,3.35,500,0
AMSS.US,5,20260605,211000,3.39,3.39,3.39,3.39,300,0
AMSS.US,5,20260605,211500,3.35,3.35,3.35,3.35,650,0
AMSS.US,5,20260605,212000,3.3382,3.3382,3.3382,3.3382,100,0
AMSS.US,5,20260605,213000,3.37,3.37,3.37,3.37,1000,0
AMSS.US,5,20260605,213500,3.39,3.39,3.39,3.39,494,0
AMSS.US,5,20260605,215000,3.37,3.37,3.35,3.36,1394,0
AMSS.US,5,20260605,215500,3.365,3.37,3.365,3.37,761,0
AMSS.US,5,20260608,153000,3.33,3.4,3.33,3.4,2905,0
AMSS.US,5,20260608,154000,3.44,3.44,3.44,3.44,4000,0
AMSS.US,5,20260608,154500,3.33,3.33,3.33,3.33,250,0
AMSS.US,5,20260608,155000,3.34,3.34,3.34,3.34,100,0
AMSS.US,5,20260608,155500,3.54,3.54,3.37,3.37,800,0
AMSS.US,5,20260608,160000,3.56,3.56,3.36,3.43,1039,0
AMSS.US,5,20260608,160500,3.39,3.4418,3.35,3.4418,696,0
AMSS.US,5,20260608,161000,3.3305,3.3785,3.3305,3.3785,375,0
AMSS.US,5,20260608,162000,3.395,3.395,3.395,3.395,150,0
AMSS.US,5,20260608,163000,3.3876,3.3899,3.3876,3.3899,400,0
AMSS.US,5,20260608,163500,3.36,3.44,3.36,3.395,4294,0
AMSS.US,5,20260608,164500,3.395,3.395,3.39,3.39,301,0
AMSS.US,5,20260608,170500,3.44,3.5,3.42,3.42,10137,0
AMSS.US,5,20260608,171500,3.42,3.44,3.395,3.395,4600,0
AMSS.US,5,20260608,172000,3.44,3.445,3.44,3.445,300,0
AMSS.US,5,20260608,172500,3.4009,3.4009,3.4009,3.4009,175,0
AMSS.US,5,20260608,173000,3.43,3.43,3.43,3.43,6900,0
AMSS.US,5,20260608,173500,3.43,3.46,3.43,3.46,400,0
AMSS.US,5,20260608,174000,3.465,3.4917,3.465,3.485,2800,0
AMSS.US,5,20260608,174500,3.485,3.485,3.44,3.44,641,0
AMSS.US,5,20260608,175000,3.4301,3.455,3.4301,3.455,510,0
AMSS.US,5,20260608,175500,3.48,3.48,3.48,3.48,500,0
AMSS.US,5,20260608,180500,3.4799,3.4799,3.4799,3.4799,145,0
AMSS.US,5,20260608,182000,3.4301,3.46,3.4301,3.46,1349,0
AMSS.US,5,20260608,182500,3.46,3.47,3.4409,3.47,5600,0
AMSS.US,5,20260608,183000,3.47,3.47,3.47,3.47,840,0
AMSS.US,5,20260608,183500,3.47,3.48,3.47,3.48,700,0
AMSS.US,5,20260608,184500,3.465,3.47,3.465,3.465,4200,0
AMSS.US,5,20260608,185000,3.46,3.47,3.46,3.47,721,0
AMSS.US,5,20260608,185500,3.47,3.48,3.47,3.47,650,0
AMSS.US,5,20260608,190500,3.47,3.47,3.4654,3.4654,483,0
AMSS.US,5,20260608,191500,3.46,3.46,3.405,3.45,1300,0
AMSS.US,5,20260608,195000,3.4,3.4,3.4,3.4,472,0
AMSS.US,5,20260608,201000,3.45,3.46,3.45,3.46,461,0
AMSS.US,5,20260608,202000,3.46,3.48,3.46,3.46,1807,0
AMSS.US,5,20260608,202500,3.48,3.48,3.48,3.48,265,0
AMSS.US,5,20260608,203000,3.435,3.435,3.43,3.43,508,0
AMSS.US,5,20260608,203500,3.46,3.46,3.46,3.46,200,0
AMSS.US,5,20260608,205500,3.5,3.5,3.47,3.49,3658,0
AMSS.US,5,20260608,210500,3.48,3.48,3.43,3.43,200,0
AMSS.US,5,20260608,211000,3.41,3.41,3.4,3.4,200,0
AMSS.US,5,20260608,211500,3.51,3.51,3.51,3.51,249,0
AMSS.US,5,20260608,212000,3.49,3.6,3.49,3.5999,5611,0
AMSS.US,5,20260608,212500,3.615,3.615,3.52,3.52,11221,0
AMSS.US,5,20260608,213500,3.56,3.56,3.56,3.56,200,0
AMSS.US,5,20260608,214000,3.525,3.525,3.52,3.525,698,0
AMSS.US,5,20260608,214500,3.54,3.5501,3.54,3.54,350,0
AMSS.US,5,20260608,215500,3.56,3.58,3.56,3.58,1600,0
AMSS.US,5,20260609,153000,3.54,3.54,3.3,3.3,684,0
AMSS.US,5,20260609,153500,3.5045,3.57,3.3,3.3,4798,0
AMSS.US,5,20260609,154000,3.44,3.44,3.44,3.44,100,0
AMSS.US,5,20260609,155500,3.5,3.5,3.5,3.5,100,0
AMSS.US,5,20260609,160000,3.5,3.51,3.5,3.51,200,0
AMSS.US,5,20260609,161000,3.495,3.495,3.4866,3.4866,3300,0
AMSS.US,5,20260609,161500,3.42,3.42,3.42,3.42,300,0
AMSS.US,5,20260609,162000,3.5,3.5,3.5,3.5,200,0
AMSS.US,5,20260609,162500,3.49,3.49,3.49,3.49,100,0
AMSS.US,5,20260609,163000,3.48,3.49,3.472,3.48,1317,0
AMSS.US,5,20260609,163500,3.45,3.46,3.45,3.46,637,0
AMSS.US,5,20260609,164500,3.46,3.46,3.45,3.45,600,0
AMSS.US,5,20260609,165000,3.46,3.46,3.46,3.46,100,0
AMSS.US,5,20260609,165500,3.4301,3.44,3.4301,3.4315,5276,0
AMSS.US,5,20260609,170000,3.43,3.43,3.43,3.43,100,0
AMSS.US,5,20260609,170500,3.44,3.4681,3.42,3.4681,1000,0
AMSS.US,5,20260609,171000,3.49,3.5,3.46,3.49,2656,0
AMSS.US,5,20260609,172000,3.42,3.42,3.42,3.42,494,0
AMSS.US,5,20260609,172500,3.43,3.43,3.33,3.33,14757,0
AMSS.US,5,20260609,173500,3.3,3.3275,3.3,3.3084,2499,0
AMSS.US,5,20260609,174500,3.3014,3.31,3.3,3.3,1728,0
AMSS.US,5,20260609,175000,3.33,3.33,3.33,3.33,100,0
AMSS.US,5,20260609,180000,3.3,3.3,3.28,3.28,200,0
AMSS.US,5,20260609,180500,3.25,3.32,3.12,3.29,21313,0
AMSS.US,5,20260609,181000,3.19,3.19,3.15,3.15,850,0
AMSS.US,5,20260609,181500,3.15,3.15,3.1,3.14,6324,0
AMSS.US,5,20260609,182000,3.15,3.15,3.15,3.15,100,0
AMSS.US,5,20260609,183000,3.15,3.185,3.15,3.15,2800,0
AMSS.US,5,20260609,183500,3.15,3.2,3.15,3.19,3687,0
AMSS.US,5,20260609,184000,3.16,3.16,3.16,3.16,300,0
AMSS.US,5,20260609,185000,3.1013,3.1013,3.1013,3.1013,410,0
AMSS.US,5,20260609,185500,3.15,3.15,3.15,3.15,800,0
AMSS.US,5,20260609,190000,3.15,3.15,3.1001,3.1001,602,0
AMSS.US,5,20260609,190500,3.11,3.11,3.11,3.11,554,0
AMSS.US,5,20260609,191000,3.19,3.19,3.19,3.19,200,0
AMSS.US,5,20260609,191500,3.1899,3.1899,3.137,3.145,6000,0
AMSS.US,5,20260609,192500,3.17,3.17,3.17,3.17,100,0
AMSS.US,5,20260609,193000,3.14,3.14,3.1001,3.1001,1199,0
AMSS.US,5,20260609,193500,3.14,3.14,3.14,3.14,1000,0
AMSS.US,5,20260609,194000,3.18,3.18,3.18,3.18,159,0
AMSS.US,5,20260609,195500,3.1799,3.1799,3.1,3.17,457,0
AMSS.US,5,20260609,200000,3.14,3.14,3.14,3.14,315,0
AMSS.US,5,20260609,200500,3.1799,3.1799,3.14,3.15,11600,0
AMSS.US,5,20260609,201000,3.16,3.16,3.16,3.16,300,0
AMSS.US,5,20260609,201500,3.16,3.16,3.16,3.16,100,0
AMSS.US,5,20260609,202500,3.16,3.16,3.14,3.14,4400,0
AMSS.US,5,20260609,203000,3.14,3.14,3.14,3.14,100,0
AMSS.US,5,20260609,203500,3.14,3.15,3.125,3.125,6200,0
AMSS.US,5,20260609,205000,3.1048,3.125,3.1048,3.11,6400,0
AMSS.US,5,20260609,205500,3.12,3.125,3.12,3.125,200,0
AMSS.US,5,20260609,210000,3.135,3.14,3.12,3.12,3701,0
AMSS.US,5,20260609,211000,3.1,3.18,3,3.18,43068,0
AMSS.US,5,20260609,212000,3.1,3.16,3.1,3.16,485,0
AMSS.US,5,20260609,212500,3.1,3.1,3.1,3.1,500,0
AMSS.US,5,20260609,213500,3.17,3.17,3.17,3.17,200,0
AMSS.US,5,20260609,215000,3.14,3.14,3.03,3.07,8100,0
AMSS.US,5,20260609,215500,3.08,3.12,3.08,3.115,1370,0
AMSS.US,5,20260610,153000,3.2,3.4598,3.2,3.3,43723,0
AMSS.US,5,20260610,153500,3.32,3.4415,3.32,3.4,10699,0
AMSS.US,5,20260610,154000,3.395,3.63,3.38,3.585,34368,0
AMSS.US,5,20260610,154500,3.58,3.6647,3.5,3.6,28071,0
AMSS.US,5,20260610,155000,3.63,3.7999,3.6001,3.77,35774,0
AMSS.US,5,20260610,155500,3.77,3.8499,3.6001,3.76,35453,0
AMSS.US,5,20260610,160000,3.7595,3.8475,3.7029,3.7417,18249,0
AMSS.US,5,20260610,160500,3.7301,3.8399,3.4,3.4196,48936,0
AMSS.US,5,20260610,161000,3.495,3.5849,3.2806,3.4075,24331,0
AMSS.US,5,20260610,161500,3.395,3.4899,3.395,3.46,11235,0
AMSS.US,5,20260610,162000,3.46,3.5889,3.46,3.56,8423,0
AMSS.US,5,20260610,162500,3.515,3.545,3.5101,3.54,69437,0
AMSS.US,5,20260610,163000,3.54,3.696,3.5,3.59,24219,0
AMSS.US,5,20260610,163500,3.59,3.69,3.49,3.585,19038,0
AMSS.US,5,20260610,164000,3.5909,3.5909,3.43,3.4601,13249,0
AMSS.US,5,20260610,164500,3.43,3.465,3.3801,3.465,13313,0
AMSS.US,5,20260610,165000,3.41,3.5,3.4,3.45,22803,0
AMSS.US,5,20260610,165500,3.33,3.4299,3.25,3.4294,16077,0
AMSS.US,5,20260610,170000,3.4,3.405,3.38,3.3807,1300,0
AMSS.US,5,20260610,170500,3.405,3.43,3.3924,3.43,4311,0
AMSS.US,5,20260610,171000,3.3801,3.3801,3.302,3.31,4419,0
AMSS.US,5,20260610,171500,3.425,3.43,3.3,3.35,8157,0
AMSS.US,5,20260610,172000,3.35,3.35,3.21,3.23,2604,0
AMSS.US,5,20260610,172500,3.23,3.24,2.9,2.985,32581,0
AMSS.US,5,20260610,173000,2.98,3.055,2.94,3,6597,0
AMSS.US,5,20260610,173500,3.2,3.2,3.008,3.01,2050,0
AMSS.US,5,20260610,174000,3.2,3.2,3.0001,3.0001,1400,0
AMSS.US,5,20260610,174500,3.055,3.07,3.025,3.025,8694,0
AMSS.US,5,20260610,175000,3.05,3.05,2.98,3.0299,4591,0
AMSS.US,5,20260610,175500,2.98,2.985,2.91,2.91,3235,0
AMSS.US,5,20260610,180000,2.91,2.9463,2.9,2.91,19542,0
AMSS.US,5,20260610,180500,2.85,2.938,2.82,2.92,10696,0
AMSS.US,5,20260610,181000,2.88,2.8999,2.8578,2.875,5077,0
AMSS.US,5,20260610,181500,2.875,2.89,2.8401,2.89,3985,0
AMSS.US,5,20260610,182000,2.8411,2.96,2.8411,2.89,15557,0
AMSS.US,5,20260610,182500,2.88,2.9,2.82,2.88,11002,0
AMSS.US,5,20260610,183000,2.88,2.9546,2.88,2.93,5254,0
AMSS.US,5,20260610,183500,2.93,2.9599,2.88,2.88,2327,0
AMSS.US,5,20260610,184000,2.96,2.96,2.92,2.925,2232,0
AMSS.US,5,20260610,184500,2.9594,2.9595,2.81,2.89,16485,0
AMSS.US,5,20260610,185000,2.88,2.9299,2.855,2.855,997,0
AMSS.US,5,20260610,190000,2.8508,2.88,2.81,2.88,3022,0
AMSS.US,5,20260610,190500,2.87,2.87,2.865,2.865,750,0
AMSS.US,5,20260610,191000,2.835,2.835,2.82,2.835,3287,0
AMSS.US,5,20260610,191500,2.835,2.835,2.65,2.65,12184,0
AMSS.US,5,20260610,192000,2.65,2.78,2.64,2.68,8510,0
AMSS.US,5,20260610,192500,2.68,2.7259,2.64,2.665,8423,0
AMSS.US,5,20260610,193000,2.665,2.735,2.6568,2.735,12322,0
AMSS.US,5,20260610,193500,2.735,2.75,2.6901,2.72,4810,0
AMSS.US,5,20260610,194000,2.7,2.7499,2.68,2.7499,13100,0
AMSS.US,5,20260610,194500,2.7091,2.7599,2.6401,2.7599,2253,0
AMSS.US,5,20260610,195000,2.6635,2.6635,2.6635,2.6635,198,0
AMSS.US,5,20260610,195500,2.7493,2.7493,2.7489,2.7489,366,0
AMSS.US,5,20260610,200000,2.705,2.75,2.6812,2.75,1054,0
AMSS.US,5,20260610,201000,2.725,2.73,2.7204,2.725,4130,0
AMSS.US,5,20260610,201500,2.73,2.73,2.73,2.73,100,0
AMSS.US,5,20260610,202000,2.7416,2.78,2.735,2.74,12395,0
AMSS.US,5,20260610,202500,2.7594,2.7594,2.75,2.75,1785,0
AMSS.US,5,20260610,203000,2.75,2.75,2.75,2.75,879,0
AMSS.US,5,20260610,203500,2.7499,2.77,2.74,2.74,5249,0
AMSS.US,5,20260610,204000,2.74,2.74,2.66,2.735,4090,0
AMSS.US,5,20260610,204500,2.75,2.75,2.735,2.735,2350,0
AMSS.US,5,20260610,205000,2.735,2.76,2.7001,2.735,2754,0
AMSS.US,5,20260610,205500,2.7693,2.7693,2.7693,2.7693,200,0
AMSS.US,5,20260610,210000,2.745,2.745,2.72,2.72,2600,0
AMSS.US,5,20260610,210500,2.75,2.75,2.7,2.7,3375,0
AMSS.US,5,20260610,211000,2.7597,2.7597,2.73,2.73,550,0
AMSS.US,5,20260610,211500,2.73,2.73,2.67,2.71,6767,0
AMSS.US,5,20260610,212000,2.7,2.73,2.69,2.73,4432,0
AMSS.US,5,20260610,212500,2.69,2.73,2.6801,2.6801,1084,0
AMSS.US,5,20260610,213000,2.73,2.78,2.69,2.7789,1569,0
AMSS.US,5,20260610,213500,2.7,2.745,2.645,2.745,15376,0
AMSS.US,5,20260610,214000,2.73,2.77,2.64,2.77,6573,0
AMSS.US,5,20260610,214500,2.9,2.9,2.695,2.695,2060,0
AMSS.US,5,20260610,215000,2.79,2.79,2.6501,2.735,3204,0
AMSS.US,5,20260610,215500,2.789,2.789,2.65,2.65,4182,0
AMSS.US,5,20260611,153000,2.7,2.71,2.61,2.61,7936,0
AMSS.US,5,20260611,153500,2.7072,2.7072,2.6121,2.655,5549,0
AMSS.US,5,20260611,154000,2.65,2.69,2.6109,2.6109,1849,0
AMSS.US,5,20260611,154500,2.61,2.7086,2.59,2.7,4650,0
AMSS.US,5,20260611,155000,2.6891,2.99,2.615,2.7729,12681,0
AMSS.US,5,20260611,155500,2.83,2.83,2.75,2.76,3134,0
AMSS.US,5,20260611,160000,2.76,2.78,2.742,2.78,9632,0
AMSS.US,5,20260611,160500,2.75,2.75,2.74,2.75,1143,0
AMSS.US,5,20260611,161000,2.75,2.75,2.75,2.75,100,0
AMSS.US,5,20260611,161500,2.75,2.76,2.627,2.66,1995,0
AMSS.US,5,20260611,162000,2.78,2.78,2.7,2.7,800,0
AMSS.US,5,20260611,162500,2.66,2.68,2.66,2.68,549,0
AMSS.US,5,20260611,163500,2.7563,2.7563,2.7563,2.7563,300,0
AMSS.US,5,20260611,164000,2.7501,2.873,2.7501,2.76,600,0
AMSS.US,5,20260611,164500,2.82,2.82,2.76,2.76,500,0
AMSS.US,5,20260611,165000,2.7849,2.7849,2.7,2.7,1300,0
AMSS.US,5,20260611,170000,2.71,2.71,2.71,2.71,100,0
AMSS.US,5,20260611,170500,2.71,2.71,2.7,2.7,200,0
AMSS.US,5,20260611,171000,2.7855,2.7855,2.69,2.69,1400,0
AMSS.US,5,20260611,171500,2.67,2.67,2.67,2.67,100,0
AMSS.US,5,20260611,172000,2.65,2.6501,2.65,2.6501,3400,0
AMSS.US,5,20260611,172500,2.6104,2.6104,2.6104,2.6104,1500,0
AMSS.US,5,20260611,173000,2.63,2.63,2.63,2.63,200,0
AMSS.US,5,20260611,173500,2.64,2.64,2.64,2.64,100,0
AMSS.US,5,20260611,174000,2.66,2.725,2.66,2.725,10185,0
AMSS.US,5,20260611,174500,2.725,2.7488,2.7,2.7488,7983,0
AMSS.US,5,20260611,175000,2.7,2.7,2.7,2.7,100,0
AMSS.US,5,20260611,175500,2.7014,2.7014,2.7014,2.7014,218,0
AMSS.US,5,20260611,180000,2.7825,2.7825,2.7825,2.7825,100,0
AMSS.US,5,20260611,180500,2.74,2.76,2.74,2.76,1277,0
AMSS.US,5,20260611,181000,2.7588,2.7588,2.7588,2.7588,223,0
AMSS.US,5,20260611,181500,2.7601,2.7601,2.7601,2.7601,200,0
AMSS.US,5,20260611,182500,2.8,2.8,2.773,2.773,933,0
AMSS.US,5,20260611,183500,2.715,2.74,2.715,2.72,13140,0
AMSS.US,5,20260611,185500,2.6989,2.6989,2.6989,2.6989,350,0
AMSS.US,5,20260611,191500,2.69,2.69,2.64,2.64,554,0
AMSS.US,5,20260611,192000,2.64,2.705,2.64,2.705,1890,0
AMSS.US,5,20260611,192500,2.8062,2.8062,2.74,2.74,1369,0
AMSS.US,5,20260611,193500,2.7816,2.7816,2.7816,2.7816,150,0
AMSS.US,5,20260611,194500,2.8299,2.8299,2.77,2.77,792,0
AMSS.US,5,20260611,200000,2.7501,2.7501,2.7501,2.7501,103,0
AMSS.US,5,20260611,200500,2.76,2.76,2.76,2.76,206,0
AMSS.US,5,20260611,202000,2.75,2.75,2.66,2.72,13033,0
AMSS.US,5,20260611,203500,2.63,2.63,2.63,2.63,246,0
AMSS.US,5,20260611,204000,2.715,2.715,2.71,2.71,200,0
AMSS.US,5,20260611,204500,2.7,2.705,2.7,2.705,500,0
AMSS.US,5,20260611,205000,2.71,2.71,2.71,2.71,100,0
AMSS.US,5,20260611,205500,2.682,2.682,2.682,2.682,154,0
AMSS.US,5,20260611,210500,2.7878,2.7878,2.7878,2.7878,100,0
AMSS.US,5,20260611,211000,2.71,2.71,2.71,2.71,200,0
AMSS.US,5,20260611,211500,2.71,2.7718,2.71,2.71,700,0
AMSS.US,5,20260611,212000,2.75,2.7637,2.71,2.7637,3042,0
AMSS.US,5,20260611,212500,2.75,2.79,2.74,2.745,1955,0
AMSS.US,5,20260611,213000,2.72,2.72,2.72,2.72,100,0
AMSS.US,5,20260611,214000,2.735,2.735,2.735,2.735,500,0
AMSS.US,5,20260611,214500,2.77,2.78,2.72,2.72,1347,0
AMSS.US,5,20260611,215000,2.72,2.745,2.72,2.745,1915,0
AMSS.US,5,20260611,215500,2.78,2.81,2.77,2.81,8377,0
AMSS.US,5,20260612,153000,2.6,2.61,2.6,2.6075,2744,0
AMSS.US,5,20260612,153500,2.6,2.6399,2.53,2.55,5991,0
AMSS.US,5,20260612,154000,2.54,2.6,2.54,2.6,816,0
AMSS.US,5,20260612,155000,2.58,2.625,2.57,2.625,970,0
AMSS.US,5,20260612,155500,2.59,2.645737,2.59,2.64,730,0
AMSS.US,5,20260612,160000,2.645,2.645,2.645,2.645,100,0
AMSS.US,5,20260612,160500,2.6,2.6,2.6,2.6,725,0
AMSS.US,5,20260612,161000,2.61,2.61,2.61,2.61,1000,0
AMSS.US,5,20260612,161500,2.63,2.63,2.585,2.585,700,0
AMSS.US,5,20260612,162500,2.52,2.63,2.52,2.63,300,0
AMSS.US,5,20260612,163000,2.65,2.65,2.65,2.65,480,0
AMSS.US,5,20260612,163500,2.6999,2.6999,2.6971,2.6971,336,0
AMSS.US,5,20260612,164000,2.64,2.64,2.5801,2.5801,200,0
AMSS.US,5,20260612,165000,2.58,2.58,2.58,2.58,5999,0
AMSS.US,5,20260612,165500,2.5808,2.5808,2.5808,2.5808,2009,0
AMSS.US,5,20260612,170000,2.665,2.747,2.665,2.67,1108,0
AMSS.US,5,20260612,170500,2.7466,2.7466,2.7466,2.7466,300,0
AMSS.US,5,20260612,171500,2.69,2.69,2.69,2.69,400,0
AMSS.US,5,20260612,172500,2.69,2.69,2.69,2.69,1000,0
AMSS.US,5,20260612,174500,2.705,2.705,2.7,2.705,1299,0
AMSS.US,5,20260612,175500,2.67,2.7,2.67,2.69,2207,0
AMSS.US,5,20260612,180500,2.65,2.65,2.6296,2.6296,387,0
AMSS.US,5,20260612,181000,2.75,2.75,2.75,2.75,700,0
AMSS.US,5,20260612,181500,2.592,2.7323,2.592,2.7323,700,0
AMSS.US,5,20260612,182000,2.67,2.67,2.67,2.67,500,0
AMSS.US,5,20260612,182500,2.625,2.625,2.625,2.625,100,0
AMSS.US,5,20260612,183000,2.65,2.65,2.5901,2.6,2600,0
AMSS.US,5,20260612,184000,2.625,2.625,2.625,2.625,100,0
AMSS.US,5,20260612,184500,2.5922,2.5922,2.5922,2.5922,200,0
AMSS.US,5,20260612,185000,2.5911,2.62,2.5911,2.62,570,0
AMSS.US,5,20260612,190000,2.65,2.65,2.65,2.65,108,0
AMSS.US,5,20260612,191000,2.66,2.66,2.66,2.66,2000,0
AMSS.US,5,20260612,191500,2.5801,2.5801,2.5801,2.5801,310,0
AMSS.US,5,20260612,192500,2.6,2.6,2.6,2.6,100,0
AMSS.US,5,20260612,193000,2.62,2.62,2.6,2.6,1000,0
AMSS.US,5,20260612,193500,2.6,2.61,2.59,2.59,545,0
AMSS.US,5,20260612,194500,2.59,2.615,2.55,2.615,15058,0
AMSS.US,5,20260612,200000,2.58,2.58,2.57,2.57,669,0
AMSS.US,5,20260612,200500,2.601,2.65,2.57,2.65,1100,0
AMSS.US,5,20260612,202500,2.6,2.6004,2.56,2.575,3900,0
AMSS.US,5,20260612,203000,2.615,2.615,2.615,2.615,100,0
AMSS.US,5,20260612,203500,2.615,2.62,2.615,2.62,2935,0
AMSS.US,5,20260612,204000,2.615,2.615,2.57,2.58,1695,0
AMSS.US,5,20260612,205000,2.5758,2.5758,2.5758,2.5758,100,0
AMSS.US,5,20260612,211000,2.65,2.65,2.65,2.65,1500,0
AMSS.US,5,20260612,211500,2.6,2.6,2.59,2.6,400,0
AMSS.US,5,20260612,212000,2.6,2.6,2.6,2.6,100,0
AMSS.US,5,20260612,213000,2.632,2.632,2.632,2.632,650,0
AMSS.US,5,20260612,214000,2.67,2.67,2.67,2.67,1000,0
AMSS.US,5,20260612,215000,2.63,2.63,2.58,2.58,2781,0
AMSS.US,5,20260612,215500,2.63,2.63,2.58,2.58,2000,0
AMSS.US,5,20260615,153000,2.48,2.48,2.415,2.43,11413,0
AMSS.US,5,20260615,153500,2.44,2.5,2.409,2.45,8001,0
AMSS.US,5,20260615,154000,2.4827,2.5,2.4219,2.4982,18817,0
AMSS.US,5,20260615,154500,2.4999,2.5,2.465,2.465,1200,0
AMSS.US,5,20260615,155000,2.43,2.4999,2.43,2.49,2550,0
AMSS.US,5,20260615,155500,2.46,2.46,2.4301,2.4301,928,0
AMSS.US,5,20260615,160000,2.5,2.5,2.4999,2.5,1200,0
AMSS.US,5,20260615,160500,2.4827,2.4827,2.4301,2.4301,1264,0
AMSS.US,5,20260615,161000,2.4999,2.4999,2.499,2.499,400,0
AMSS.US,5,20260615,161500,2.4501,2.4501,2.4501,2.4501,500,0
AMSS.US,5,20260615,162000,2.5,2.5,2.5,2.5,319,0
AMSS.US,5,20260615,162500,2.456,2.456,2.45,2.4501,1133,0
AMSS.US,5,20260615,163000,2.45,2.45,2.34,2.43,20538,0
AMSS.US,5,20260615,163500,2.46,2.46,2.4,2.4,1400,0
AMSS.US,5,20260615,164000,2.385,2.3998,2.38,2.3998,21253,0
AMSS.US,5,20260615,165000,2.3737,2.385,2.3704,2.3704,1014,0
AMSS.US,5,20260615,165500,2.37,2.37,2.37,2.37,200,0
AMSS.US,5,20260615,170000,2.4,2.4,2.3733,2.4,12055,0
AMSS.US,5,20260615,170500,2.4,2.445,2.4,2.445,609,0
AMSS.US,5,20260615,171500,2.4049,2.4049,2.4049,2.4049,418,0
AMSS.US,5,20260615,172500,2.4,2.4,2.4,2.4,168,0
AMSS.US,5,20260615,173500,2.41,2.41,2.4,2.4,1567,0
AMSS.US,5,20260615,174000,2.3901,2.3901,2.3901,2.3901,200,0
AMSS.US,5,20260615,174500,2.445,2.445,2.445,2.445,150,0
AMSS.US,5,20260615,175500,2.415,2.4304,2.415,2.4304,243,0
AMSS.US,5,20260615,180000,2.43,2.43,2.43,2.43,903,0
AMSS.US,5,20260615,180500,2.43,2.43,2.43,2.43,220,0
AMSS.US,5,20260615,182000,2.465,2.48,2.465,2.465,400,0
AMSS.US,5,20260615,182500,2.4301,2.4301,2.35,2.3775,15572,0
AMSS.US,5,20260615,183000,2.375,2.38,2.365,2.378,2421,0
AMSS.US,5,20260615,183500,2.36,2.36,2.36,2.36,100,0
AMSS.US,5,20260615,184000,2.36,2.36,2.36,2.36,488,0
AMSS.US,5,20260615,184500,2.36,2.36,2.33,2.335,6859,0
AMSS.US,5,20260615,185000,2.3301,2.34,2.3201,2.3201,2360,0
AMSS.US,5,20260615,185500,2.37,2.37,2.37,2.37,100,0
AMSS.US,5,20260615,190000,2.37,2.37,2.345,2.345,1550,0
AMSS.US,5,20260615,190500,2.365,2.37,2.34,2.3401,2686,0
AMSS.US,5,20260615,191000,2.355,2.37,2.355,2.37,500,0
AMSS.US,5,20260615,191500,2.3416,2.3416,2.3416,2.3416,363,0
AMSS.US,5,20260615,192000,2.42,2.42,2.42,2.42,200,0
AMSS.US,5,20260615,193000,2.484,2.484,2.39,2.39,600,0
AMSS.US,5,20260615,193500,2.44,2.44,2.44,2.44,100,0
AMSS.US,5,20260615,194000,2.38,2.38,2.38,2.38,100,0
AMSS.US,5,20260615,195000,2.36,2.425,2.36,2.425,300,0
AMSS.US,5,20260615,195500,2.36,2.36,2.36,2.36,400,0
AMSS.US,5,20260615,200500,2.38,2.38,2.38,2.38,100,0
AMSS.US,5,20260615,201500,2.425,2.425,2.425,2.425,100,0
AMSS.US,5,20260615,203000,2.39,2.39,2.39,2.39,100,0
AMSS.US,5,20260615,203500,2.43,2.43,2.43,2.43,100,0
AMSS.US,5,20260615,204500,2.395,2.395,2.395,2.395,400,0
AMSS.US,5,20260615,205000,2.43,2.43,2.43,2.43,210,0
AMSS.US,5,20260615,210500,2.43,2.43,2.43,2.43,100,0
AMSS.US,5,20260615,211000,2.45,2.45,2.3608,2.39,700,0
AMSS.US,5,20260615,211500,2.43,2.43,2.43,2.43,100,0
AMSS.US,5,20260615,212000,2.39,2.39,2.3601,2.3601,450,0
AMSS.US,5,20260615,212500,2.385,2.385,2.385,2.385,150,0
AMSS.US,5,20260615,213000,2.39,2.4,2.39,2.4,500,0
AMSS.US,5,20260615,213500,2.385,2.385,2.385,2.385,100,0
AMSS.US,5,20260615,214000,2.43,2.43,2.361,2.39,420,0
AMSS.US,5,20260615,214500,2.43,2.43,2.43,2.43,200,0
AMSS.US,5,20260615,215000,2.37,2.37,2.37,2.37,202,0
AMSS.US,5,20260615,215500,2.36,2.36,2.3201,2.3201,4813,0
AMSS.US,5,20260616,153000,2.2,2.25,2.15,2.175,17229,0
AMSS.US,5,20260616,153500,2.1955,2.245,2.18,2.245,7525,0
AMSS.US,5,20260616,154000,2.25,2.25,2.23,2.23,5191,0
AMSS.US,5,20260616,154500,2.21,2.22,2.21,2.22,566,0
AMSS.US,5,20260616,155000,2.16,2.2,2.14,2.17,1311,0
AMSS.US,5,20260616,155500,2.19,2.19,2.19,2.19,1000,0
AMSS.US,5,20260616,160500,2.28,2.28,2.2,2.2,1500,0
AMSS.US,5,20260616,161000,2.1975,2.2099,2.195,2.195,570,0
AMSS.US,5,20260616,161500,2.18,2.19,2.14,2.19,4987,0
AMSS.US,5,20260616,162000,2.15,2.15,2.15,2.15,5000,0
AMSS.US,5,20260616,162500,2.12,2.12,2.12,2.12,3500,0
AMSS.US,5,20260616,163000,2.14,2.14,2.1001,2.1139,1451,0
AMSS.US,5,20260616,163500,2.12,2.125,2.12,2.12,2751,0
AMSS.US,5,20260616,164500,2.11,2.1101,2.11,2.1101,251,0
AMSS.US,5,20260616,165000,2.125,2.125,2.1101,2.1107,1222,0
AMSS.US,5,20260616,165500,2.125,2.16,2.125,2.16,10498,0
AMSS.US,5,20260616,170500,2.16,2.16,2.16,2.16,1187,0
AMSS.US,5,20260616,172500,2.19,2.19,2.19,2.19,100,0
AMSS.US,5,20260616,173000,2.17,2.17,2.12,2.16,790,0
AMSS.US,5,20260616,173500,2.12,2.12,2.12,2.12,197,0
AMSS.US,5,20260616,174000,2.12,2.12,2.12,2.12,144,0
AMSS.US,5,20260616,175500,2.185,2.185,2.185,2.185,300,0
AMSS.US,5,20260616,180000,2.2249,2.2249,2.2249,2.2249,100,0
AMSS.US,5,20260616,180500,2.25,2.25,2.25,2.25,100,0
AMSS.US,5,20260616,181000,2.2476,2.2476,2.2476,2.2476,800,0
AMSS.US,5,20260616,184000,2.185,2.25,2.185,2.225,14185,0
AMSS.US,5,20260616,184500,2.25,2.25,2.25,2.25,200,0
AMSS.US,5,20260616,185500,2.24,2.26,2.225,2.26,4800,0
AMSS.US,5,20260616,190500,2.24,2.24,2.24,2.24,626,0
AMSS.US,5,20260616,192000,2.28,2.3299,2.265,2.265,1650,0
AMSS.US,5,20260616,192500,2.3105,2.3105,2.3105,2.3105,500,0
AMSS.US,5,20260616,193000,2.2302,2.29,2.2302,2.245,3100,0
AMSS.US,5,20260616,193500,2.29,2.29,2.245,2.29,4000,0
AMSS.US,5,20260616,194000,2.29,2.29,2.26,2.29,2139,0
AMSS.US,5,20260616,194500,2.29,2.29,2.23,2.2302,3750,0
AMSS.US,5,20260616,195000,2.2301,2.2301,2.2301,2.2301,100,0
AMSS.US,5,20260616,200500,2.305,2.305,2.305,2.305,3000,0
AMSS.US,5,20260616,204000,2.26,2.26,2.26,2.26,1100,0
AMSS.US,5,20260616,204500,2.285,2.285,2.285,2.285,187,0
AMSS.US,5,20260616,205000,2.31,2.31,2.31,2.31,269,0
AMSS.US,5,20260616,205500,2.2443,2.315,2.2443,2.315,200,0
AMSS.US,5,20260616,211000,2.255,2.255,2.255,2.255,1000,0
AMSS.US,5,20260616,212500,2.3239,2.3239,2.3239,2.3239,160,0
AMSS.US,5,20260616,213500,2.285,2.285,2.285,2.285,1000,0
AMSS.US,5,20260616,214500,2.285,2.285,2.285,2.285,100,0
AMSS.US,5,20260617,153000,2.19,2.19,2.17,2.1701,3238,0
AMSS.US,5,20260617,153500,2.19,2.19,2.13,2.13,15667,0
AMSS.US,5,20260617,154000,2.135,2.14,2.09,2.11,13081,0
AMSS.US,5,20260617,154500,2.11,2.16,2.1,2.16,10882,0
AMSS.US,5,20260617,155000,2.255,2.255,2.255,2.255,652,0
AMSS.US,5,20260617,155500,2.0628,2.165,2.0628,2.165,200,0
AMSS.US,5,20260617,160500,2.155,2.155,2.155,2.155,300,0
AMSS.US,5,20260617,161000,2.15,2.15,2.15,2.15,682,0
AMSS.US,5,20260617,162000,2.09,2.17,2.09,2.17,1728,0
AMSS.US,5,20260617,163000,2.1,2.1,2.09,2.09,4680,0
AMSS.US,5,20260617,164500,2.175,2.175,2.175,2.175,250,0
AMSS.US,5,20260617,170000,2.1,2.1,2.1,2.1,500,0
AMSS.US,5,20260617,170500,2.12,2.12,2.12,2.12,1000,0
AMSS.US,5,20260617,171000,2.0901,2.0901,2.0901,2.0901,1000,0
AMSS.US,5,20260617,171500,2.1,2.11,2.09,2.11,5304,0
AMSS.US,5,20260617,172000,2.16,2.16,2.16,2.16,300,0
AMSS.US,5,20260617,172500,2.14,2.14,2.14,2.14,250,0
AMSS.US,5,20260617,173500,2.1,2.1,2.0701,2.0701,1575,0
AMSS.US,5,20260617,174500,2.1292,2.1292,2.1292,2.1292,200,0
AMSS.US,5,20260617,175500,2.06,2.06,1.954,1.98,12432,0
AMSS.US,5,20260617,180500,2.035,2.11,2.035,2.035,3185,0
AMSS.US,5,20260617,181500,2.045,2.045,2.045,2.045,500,0
AMSS.US,5,20260617,183000,2.045,2.045,2.045,2.045,9900,0
AMSS.US,5,20260617,184500,2,2,2,2,200,0
AMSS.US,5,20260617,185000,2.04,2.04,2.04,2.04,800,0
AMSS.US,5,20260617,190500,2.02,2.02,2.02,2.02,888,0
AMSS.US,5,20260617,191000,2.01,2.02,2.01,2.02,300,0
AMSS.US,5,20260617,191500,1.9901,1.9901,1.9901,1.9901,100,0
AMSS.US,5,20260617,192000,1.9901,1.9901,1.99,1.99,599,0
AMSS.US,5,20260617,193000,1.99,2.015,1.99,1.99,433,0
AMSS.US,5,20260617,194000,1.97,2.04,1.88,1.985,24915,0
AMSS.US,5,20260617,194500,1.99,1.99,1.9438,1.9438,10281,0
AMSS.US,5,20260617,195000,1.995,1.995,1.995,1.995,1236,0
AMSS.US,5,20260617,200500,1.97,1.97,1.97,1.97,300,0
AMSS.US,5,20260617,201000,1.97,1.9894,1.9616,1.9894,400,0
AMSS.US,5,20260617,201500,1.9501,1.9894,1.9501,1.9894,610,0
AMSS.US,5,20260617,202000,1.97,1.97,1.97,1.97,140,0
AMSS.US,5,20260617,203500,1.96,1.96,1.95,1.96,2484,0
AMSS.US,5,20260617,204000,1.95,1.97,1.95,1.97,1190,0
AMSS.US,5,20260617,205000,1.97,1.97,1.97,1.97,1700,0
AMSS.US,5,20260617,210000,1.955,1.955,1.955,1.955,200,0
AMSS.US,5,20260617,211000,1.955,1.955,1.955,1.955,543,0
AMSS.US,5,20260617,211500,1.96,1.96,1.955,1.96,1000,0
AMSS.US,5,20260617,212000,1.95,1.95,1.9001,1.91,3666,0
AMSS.US,5,20260617,212500,1.92,1.92,1.91,1.91,2200,0
AMSS.US,5,20260617,213000,1.91,1.945,1.91,1.945,2100,0
AMSS.US,5,20260617,213500,1.925,1.925,1.9,1.9,4300,0
AMSS.US,5,20260617,214000,1.92,1.92,1.85,1.885,11644,0
AMSS.US,5,20260617,214500,1.86,1.8999,1.77,1.77,16327,0
AMSS.US,5,20260617,215000,1.815,1.8661,1.8142,1.865,2309,0
AMSS.US,5,20260617,215500,1.8312,1.865,1.8312,1.865,326,0
AMSS.US,5,20260618,153000,1.82,1.85,1.8,1.81,1393,0
AMSS.US,5,20260618,153500,1.82,1.87,1.8004,1.87,2111,0
AMSS.US,5,20260618,154500,1.885,1.885,1.835,1.835,348,0
AMSS.US,5,20260618,155000,1.81,1.81,1.7592,1.78,2913,0
AMSS.US,5,20260618,155500,1.77,1.77,1.76,1.76,1150,0
AMSS.US,5,20260618,160000,1.8264,1.8264,1.77,1.8,436,0
AMSS.US,5,20260618,162000,1.82,1.82,1.82,1.82,100,0
AMSS.US,5,20260618,162500,1.855,1.855,1.855,1.855,100,0
AMSS.US,5,20260618,163000,1.815,1.845,1.78,1.845,9979,0
AMSS.US,5,20260618,163500,1.795,1.805,1.7807,1.805,500,0
AMSS.US,5,20260618,164500,1.7801,1.7801,1.7801,1.7801,130,0
AMSS.US,5,20260618,165500,1.81,1.845,1.81,1.825,1600,0
AMSS.US,5,20260618,170500,1.831,1.831,1.831,1.831,200,0
AMSS.US,5,20260618,171000,1.825,1.825,1.825,1.825,100,0
AMSS.US,5,20260618,171500,1.8,1.82,1.8,1.82,4286,0
AMSS.US,5,20260618,172500,1.82,1.82,1.82,1.82,100,0
AMSS.US,5,20260618,174000,1.8,1.8,1.8,1.8,201,0
AMSS.US,5,20260618,175000,1.8,1.8,1.8,1.8,10300,0
AMSS.US,5,20260618,175500,1.8098,1.8098,1.8098,1.8098,149,0
AMSS.US,5,20260618,180000,1.83,1.83,1.83,1.83,200,0
AMSS.US,5,20260618,180500,1.8137,1.8137,1.8137,1.8137,138,0
AMSS.US,5,20260618,182500,1.81,1.81,1.81,1.81,1853,0
AMSS.US,5,20260618,183500,1.8,1.835,1.8,1.835,1600,0
AMSS.US,5,20260618,185000,1.835,1.835,1.82,1.835,1270,0
AMSS.US,5,20260618,185500,1.85,1.87,1.835,1.835,5300,0
AMSS.US,5,20260618,190500,1.86,1.9,1.86,1.895,9843,0
AMSS.US,5,20260618,191000,1.904619,2.1594,1.904619,2.13,32539,0
AMSS.US,5,20260618,191500,2.05,2.1482,1.97,2.0299,2987,0
AMSS.US,5,20260618,192000,1.99,2.01,1.99,2,309,0
AMSS.US,5,20260618,192500,2.02,2.1999,2.02,2.0786,5413,0
AMSS.US,5,20260618,193000,2.1999,2.1999,2.11,2.13,1529,0
AMSS.US,5,20260618,193500,2.135,2.135,2.0823,2.09,1669,0
AMSS.US,5,20260618,194000,2.11,2.1332,2.07,2.1,8889,0
AMSS.US,5,20260618,194500,2.14,2.1792,2.11,2.16,13161,0
AMSS.US,5,20260618,195000,2.065,2.125,2.065,2.12,1735,0
AMSS.US,5,20260618,195500,2.125,2.125,2.0815,2.11,538,0
AMSS.US,5,20260618,200000,2.11,2.11,2.08,2.08,4140,0
AMSS.US,5,20260618,200500,2.1,2.16,2.1,2.1,2269,0
AMSS.US,5,20260618,201000,2.115,2.115,2.11,2.11,1400,0
AMSS.US,5,20260618,201500,2.11,2.2,2.11,2.17,14147,0
AMSS.US,5,20260618,202000,2.1801,2.195,2.18,2.18,3800,0
AMSS.US,5,20260618,202500,2.16,2.3493,2.16,2.3352,29950,0
AMSS.US,5,20260618,203000,2.33,2.33,2.2601,2.29,12688,0
AMSS.US,5,20260618,203500,2.29,2.29,2.16,2.2,23811,0
AMSS.US,5,20260618,204000,2.1998,2.25,2.12,2.19,7218,0
AMSS.US,5,20260618,204500,2.24,2.429,2.1338,2.39,31930,0
AMSS.US,5,20260618,205000,2.395,2.4812,2.32,2.3318,40267,0
AMSS.US,5,20260618,205500,2.3309,2.45,2.3309,2.3801,22948,0
AMSS.US,5,20260618,210000,2.3502,2.3885,2.21,2.257,13851,0
AMSS.US,5,20260618,210500,2.29,2.32,2.23,2.25,6850,0
AMSS.US,5,20260618,211000,2.285,2.285,2.285,2.285,250,0
AMSS.US,5,20260618,211500,2.294,2.3,2.2618,2.2618,2780,0
AMSS.US,5,20260618,212000,2.28,2.3,2.26,2.2985,4400,0
AMSS.US,5,20260618,212500,2.3,2.3,2.08,2.255,2690,0
AMSS.US,5,20260618,213000,2.2513,2.29,2.17,2.17,6463,0
AMSS.US,5,20260618,213500,2.215,2.215,2.215,2.215,400,0
AMSS.US,5,20260618,214000,2.19,2.21,2.15,2.17,9427,0
AMSS.US,5,20260618,214500,2.2,2.24,2.0801,2.1839,10563,0
AMSS.US,5,20260618,215000,2.17,2.19,2.11,2.1702,18432,0
AMSS.US,5,20260618,215500,2.1728,2.1728,2.1001,2.13,8290,0
AMSS.US,5,20260622,153000,2.08,2.08,1.97,2,4921,0
AMSS.US,5,20260622,153500,1.98,2.065,1.97,2,1200,0
AMSS.US,5,20260622,154000,2.05,2.05,2.0101,2.0101,5898,0
AMSS.US,5,20260622,154500,2.06,2.06,2.02,2.02,674,0
AMSS.US,5,20260622,155000,2.08,2.08,2.08,2.08,816,0
AMSS.US,5,20260622,160000,2.085,2.085,2.085,2.085,2336,0
AMSS.US,5,20260622,161000,2.085,2.085,2.0398,2.0398,925,0
AMSS.US,5,20260622,162000,2.0409,2.0409,2.0409,2.0409,300,0
AMSS.US,5,20260622,163000,2.0401,2.0401,2.0401,2.0401,600,0
AMSS.US,5,20260622,163500,2.04,2.08,2.01,2.02,2425,0
AMSS.US,5,20260622,164500,2.0101,2.055,2.01,2.055,3900,0
AMSS.US,5,20260622,165000,2.055,2.055,2.055,2.055,335,0
AMSS.US,5,20260622,165500,2.01,2.0101,1.99,1.99,6800,0
AMSS.US,5,20260622,170000,1.99,1.99,1.9701,1.99,3110,0
AMSS.US,5,20260622,170500,1.99,1.99,1.97,1.97,819,0
AMSS.US,5,20260622,171500,1.985,1.985,1.9735,1.9735,500,0
AMSS.US,5,20260622,172000,1.971,1.985,1.96,1.96,1200,0
AMSS.US,5,20260622,172500,1.96,1.96,1.95,1.952,3300,0
AMSS.US,5,20260622,173000,1.95,1.955,1.9201,1.93,680,0
AMSS.US,5,20260622,173500,1.95,1.95,1.9307,1.94,3945,0
AMSS.US,5,20260622,174000,1.97,1.97,1.9303,1.9303,1200,0
AMSS.US,5,20260622,174500,1.9308,2.01,1.9,2.01,4054,0
AMSS.US,5,20260622,175000,1.8154,1.8154,1.8154,1.8154,100,0
AMSS.US,5,20260622,175500,2,2,2,2,400,0
AMSS.US,5,20260622,181000,1.9279,1.9279,1.9279,1.9279,154,0
AMSS.US,5,20260622,182500,1.93,1.93,1.93,1.93,130,0
AMSS.US,5,20260622,183000,1.92,1.92,1.92,1.92,700,0
AMSS.US,5,20260622,183500,1.9482,1.9482,1.9482,1.9482,560,0
AMSS.US,5,20260622,184000,1.95,1.95,1.9,1.95,3830,0
AMSS.US,5,20260622,184500,1.9,1.9,1.9,1.9,560,0
AMSS.US,5,20260622,185000,1.8905,1.9396,1.8905,1.9396,305,0
AMSS.US,5,20260622,190500,1.935,1.935,1.935,1.935,100,0
AMSS.US,5,20260622,191000,1.935,1.935,1.935,1.935,400,0
AMSS.US,5,20260622,191500,1.9302,1.935,1.93,1.93,2867,0
AMSS.US,5,20260622,192000,1.9,1.9,1.9,1.9,600,0
AMSS.US,5,20260622,192500,1.93,1.93,1.93,1.93,330,0
AMSS.US,5,20260622,194500,1.89,1.8902,1.87,1.87,1810,0
AMSS.US,5,20260622,201000,1.87,1.87,1.87,1.87,100,0
AMSS.US,5,20260622,202000,1.935,1.935,1.935,1.935,1075,0
AMSS.US,5,20260622,203500,1.88,1.88,1.88,1.88,1214,0
AMSS.US,5,20260622,205000,1.9245,1.9245,1.9245,1.9245,100,0
AMSS.US,5,20260622,210000,1.87,1.87,1.87,1.87,109,0
AMSS.US,5,20260622,210500,1.87,1.87,1.87,1.87,145,0
AMSS.US,5,20260622,212000,1.87,1.87,1.85,1.85,805,0
AMSS.US,5,20260622,212500,1.845,1.86,1.84,1.86,1731,0
AMSS.US,5,20260622,213000,1.86,1.86,1.86,1.86,300,0
AMSS.US,5,20260622,213500,1.86,1.86,1.86,1.86,150,0
AMSS.US,5,20260622,214000,1.86,1.86,1.86,1.86,175,0
AMSS.US,5,20260622,215000,1.88,1.88,1.86,1.8719,2910,0
AMSS.US,5,20260622,215500,1.84,1.88,1.84,1.86,10634,0
