<TICKER>,<PER>,<DATE>,<TIME>,<OPEN>,<HIGH>,<LOW>,<CLOSE>,<VOL>,<OPENINT>
ANGH.US,5,20260126,154500,2.84,2.84,2.84,2.84,100,0
ANGH.US,5,20260126,161500,2.83,2.89,2.83,2.89,600,0
ANGH.US,5,20260126,163000,2.85,2.89,2.84,2.85,2200,0
ANGH.US,5,20260126,163500,2.82,2.83,2.82,2.82,404,0
ANGH.US,5,20260126,182000,2.68,2.68,2.68,2.68,100,0
ANGH.US,5,20260126,183000,2.77,2.77,2.77,2.77,100,0
ANGH.US,5,20260126,190500,2.77,2.77,2.77,2.77,100,0
ANGH.US,5,20260126,200000,2.78,2.78,2.76,2.77,2900,0
ANGH.US,5,20260126,200500,2.8,2.8,2.8,2.8,500,0
ANGH.US,5,20260126,201000,2.77,2.77,2.77,2.77,100,0
ANGH.US,5,20260126,203500,2.79,2.79,2.79,2.79,100,0
ANGH.US,5,20260126,210000,2.971,2.971,2.971,2.971,100,0
ANGH.US,5,20260126,213000,2.77,2.77,2.77,2.77,100,0
ANGH.US,5,20260126,215500,2.82,2.82,2.76,2.76,1388,0
ANGH.US,5,20260127,153000,2.78,2.87,2.74,2.74,425,0
ANGH.US,5,20260127,153500,2.74,2.74,2.74,2.74,100,0
ANGH.US,5,20260127,154500,2.74,2.74,2.74,2.74,100,0
ANGH.US,5,20260127,155000,2.72,2.72,2.72,2.72,100,0
ANGH.US,5,20260127,155500,2.74,2.74,2.74,2.74,100,0
ANGH.US,5,20260127,164000,2.72,2.74,2.72,2.74,700,0
ANGH.US,5,20260127,165500,2.73,2.73,2.73,2.73,100,0
ANGH.US,5,20260127,172000,2.71,2.71,2.71,2.71,100,0
ANGH.US,5,20260127,180500,2.72,2.72,2.72,2.72,100,0
ANGH.US,5,20260127,181500,2.72,2.72,2.72,2.72,100,0
ANGH.US,5,20260127,184000,2.73,2.73,2.7202,2.7202,3000,0
ANGH.US,5,20260127,184500,2.72,2.72,2.72,2.72,200,0
ANGH.US,5,20260127,190500,2.72,2.72,2.72,2.72,528,0
ANGH.US,5,20260127,192000,2.73,2.73,2.73,2.73,140,0
ANGH.US,5,20260127,192500,2.73,2.73,2.73,2.73,100,0
ANGH.US,5,20260127,193000,2.73,2.73,2.73,2.73,100,0
ANGH.US,5,20260127,195000,2.89,2.89,2.89,2.89,500,0
ANGH.US,5,20260127,200500,2.76,2.8001,2.76,2.8001,722,0
ANGH.US,5,20260127,201000,2.9,2.9,2.845,2.9,3595,0
ANGH.US,5,20260127,202000,2.97,2.97,2.97,2.97,2000,0
ANGH.US,5,20260127,204000,2.73,2.73,2.73,2.73,100,0
ANGH.US,5,20260127,204500,2.72,2.72,2.72,2.72,100,0
ANGH.US,5,20260127,213500,2.72,2.795,2.72,2.795,200,0
ANGH.US,5,20260127,215500,2.79,2.79,2.79,2.79,112,0
ANGH.US,5,20260128,153000,2.77,2.77,2.74,2.74,200,0
ANGH.US,5,20260128,154500,2.67,2.67,2.67,2.67,207,0
ANGH.US,5,20260128,162000,2.78,2.78,2.78,2.78,928,0
ANGH.US,5,20260128,191500,2.84,3.06,2.84,3.06,208,0
ANGH.US,5,20260128,192500,2.71,2.71,2.71,2.71,100,0
ANGH.US,5,20260128,194500,2.7675,2.7675,2.7675,2.7675,100,0
ANGH.US,5,20260128,201000,2.71,2.71,2.71,2.71,100,0
ANGH.US,5,20260128,204500,2.73,2.73,2.73,2.73,100,0
ANGH.US,5,20260128,215500,2.77,2.77,2.7594,2.76,3117,0
ANGH.US,5,20260129,153000,2.81,2.92,2.81,2.92,1718,0
ANGH.US,5,20260129,154000,2.79,2.79,2.79,2.79,200,0
ANGH.US,5,20260129,162000,2.72,2.72,2.68,2.72,700,0
ANGH.US,5,20260129,163500,2.71,2.72,2.71,2.71,2035,0
ANGH.US,5,20260129,164000,2.7954,2.7954,2.7954,2.7954,100,0
ANGH.US,5,20260129,164500,2.8104,2.87,2.795,2.87,700,0
ANGH.US,5,20260129,165000,2.73,2.73,2.73,2.73,100,0
ANGH.US,5,20260129,170000,2.7298,2.7298,2.7298,2.7298,100,0
ANGH.US,5,20260129,171000,2.73,2.73,2.73,2.73,100,0
ANGH.US,5,20260129,171500,2.72,2.72,2.72,2.72,100,0
ANGH.US,5,20260129,172000,2.745,2.745,2.745,2.745,102,0
ANGH.US,5,20260129,174000,2.72,2.78,2.72,2.78,4125,0
ANGH.US,5,20260129,174500,2.72,2.72,2.68,2.715,1406,0
ANGH.US,5,20260129,183000,2.71,2.71,2.6647,2.6647,459,0
ANGH.US,5,20260129,183500,2.62,2.64,2.62,2.64,497,0
ANGH.US,5,20260129,184000,2.667,2.75,2.667,2.75,5300,0
ANGH.US,5,20260129,190500,2.64,2.64,2.64,2.64,100,0
ANGH.US,5,20260129,192500,2.64,2.64,2.64,2.64,100,0
ANGH.US,5,20260129,195500,2.66,2.66,2.66,2.66,100,0
ANGH.US,5,20260129,200500,2.7819,2.7819,2.7819,2.7819,200,0
ANGH.US,5,20260129,203000,2.65,2.65,2.65,2.65,100,0
ANGH.US,5,20260129,204500,2.65,2.65,2.65,2.65,100,0
ANGH.US,5,20260129,210500,2.755,2.755,2.755,2.755,250,0
ANGH.US,5,20260129,212000,2.66,2.66,2.66,2.66,100,0
ANGH.US,5,20260129,215500,2.69,2.69,2.69,2.69,100,0
ANGH.US,5,20260130,153000,2.62,2.63,2.62,2.63,700,0
ANGH.US,5,20260130,163500,2.72,2.72,2.72,2.72,100,0
ANGH.US,5,20260130,170000,2.62,2.62,2.62,2.62,100,0
ANGH.US,5,20260130,200500,2.745,2.745,2.745,2.745,1000,0
ANGH.US,5,20260130,204000,2.72,2.72,2.72,2.72,2000,0
ANGH.US,5,20260130,213500,2.77,2.77,2.77,2.77,600,0
ANGH.US,5,20260130,214000,2.7,2.7,2.7,2.7,100,0
ANGH.US,5,20260202,153000,2.65,2.65,2.65,2.65,2991,0
ANGH.US,5,20260202,153500,2.6119,2.6119,2.6119,2.6119,225,0
ANGH.US,5,20260202,162500,2.6999,2.6999,2.6999,2.6999,1000,0
ANGH.US,5,20260202,164000,2.63,2.63,2.63,2.63,100,0
ANGH.US,5,20260202,170000,2.63,2.63,2.63,2.63,100,0
ANGH.US,5,20260202,173000,2.64,2.64,2.63,2.63,200,0
ANGH.US,5,20260202,184000,2.63,2.63,2.55,2.55,3955,0
ANGH.US,5,20260202,184500,2.5809,2.5809,2.5809,2.5809,117,0
ANGH.US,5,20260202,192000,2.58,2.58,2.58,2.58,100,0
ANGH.US,5,20260202,192500,2.59,2.59,2.59,2.59,100,0
ANGH.US,5,20260202,200000,2.614,2.614,2.61,2.61,706,0
ANGH.US,5,20260202,200500,2.6,2.61,2.6,2.61,706,0
ANGH.US,5,20260202,201000,2.6,2.6,2.6,2.6,100,0
ANGH.US,5,20260202,203500,2.61,2.61,2.61,2.61,100,0
ANGH.US,5,20260202,205000,2.61,2.61,2.61,2.61,100,0
ANGH.US,5,20260202,215000,2.61,2.61,2.6,2.61,1069,0
ANGH.US,5,20260202,215500,2.6206,2.6206,2.6,2.6,200,0
ANGH.US,5,20260203,153000,2.58,2.58,2.58,2.58,201,0
ANGH.US,5,20260203,160500,2.56,2.56,2.56,2.56,100,0
ANGH.US,5,20260203,162000,2.5279,2.5279,2.5279,2.5279,100,0
ANGH.US,5,20260203,163500,2.56,2.56,2.56,2.56,100,0
ANGH.US,5,20260203,164000,2.57,2.57,2.56,2.57,441,0
ANGH.US,5,20260203,182000,2.61,2.61,2.61,2.61,200,0
ANGH.US,5,20260203,182500,2.61,2.61,2.61,2.61,200,0
ANGH.US,5,20260203,190500,2.6,2.6,2.56,2.56,2450,0
ANGH.US,5,20260203,213000,2.56,2.56,2.56,2.56,100,0
ANGH.US,5,20260203,215500,2.53,2.56,2.53,2.56,208,0
ANGH.US,5,20260204,153000,2.51,2.51,2.5,2.5,702,0
ANGH.US,5,20260204,155000,2.47,2.47,2.47,2.47,100,0
ANGH.US,5,20260204,165000,2.47,2.47,2.47,2.47,100,0
ANGH.US,5,20260204,170500,2.47,2.47,2.47,2.47,169,0
ANGH.US,5,20260204,172000,2.47,2.47,2.47,2.47,100,0
ANGH.US,5,20260204,190000,2.59,2.59,2.54,2.58,700,0
ANGH.US,5,20260204,192000,2.5065,2.5065,2.5065,2.5065,1000,0
ANGH.US,5,20260204,193000,2.535,2.535,2.47,2.47,212,0
ANGH.US,5,20260204,212500,2.53,2.53,2.53,2.53,1285,0
ANGH.US,5,20260205,160500,2.31,2.31,2.31,2.31,150,0
ANGH.US,5,20260205,163500,2.455,2.455,2.455,2.455,700,0
ANGH.US,5,20260205,165000,2.3436,2.3436,2.3436,2.3436,250,0
ANGH.US,5,20260205,171500,2.35,2.35,2.35,2.35,400,0
ANGH.US,5,20260205,180000,2.409,2.409,2.409,2.409,113,0
ANGH.US,5,20260205,181500,2.41,2.41,2.35,2.38,504,0
ANGH.US,5,20260205,183000,2.35,2.35,2.35,2.35,100,0
ANGH.US,5,20260205,184500,2.35,2.35,2.35,2.35,1000,0
ANGH.US,5,20260205,191500,2.36,2.36,2.36,2.36,100,0
ANGH.US,5,20260205,195500,2.4059,2.4059,2.4059,2.4059,104,0
ANGH.US,5,20260205,200500,2.4,2.4,2.4,2.4,2258,0
ANGH.US,5,20260205,201500,2.4,2.4,2.4,2.4,100,0
ANGH.US,5,20260205,202000,2.43,2.44,2.39,2.39,4347,0
ANGH.US,5,20260205,204500,2.36,2.36,2.35,2.35,1666,0
ANGH.US,5,20260205,210000,2.2891,2.34,2.2891,2.34,440,0
ANGH.US,5,20260205,214000,2.29,2.29,2.29,2.29,100,0
ANGH.US,5,20260205,215500,2.44,2.44,2.44,2.44,128,0
ANGH.US,5,20260206,153500,2.4474,2.4474,2.4474,2.4474,100,0
ANGH.US,5,20260206,155000,2.34,2.34,2.33,2.33,220,0
ANGH.US,5,20260206,161500,2.34,2.34,2.34,2.34,121,0
ANGH.US,5,20260206,162000,2.42,2.44,2.42,2.44,3062,0
ANGH.US,5,20260206,164500,2.34,2.34,2.34,2.34,100,0
ANGH.US,5,20260206,171000,2.34,2.34,2.34,2.34,100,0
ANGH.US,5,20260206,174000,2.38,2.38,2.38,2.38,100,0
ANGH.US,5,20260206,175500,2.438,2.438,2.43,2.438,1000,0
ANGH.US,5,20260206,200500,2.438,2.438,2.438,2.438,1170,0
ANGH.US,5,20260206,204000,2.438,2.438,2.438,2.438,500,0
ANGH.US,5,20260206,210500,2.428,2.428,2.418,2.418,500,0
ANGH.US,5,20260206,211000,2.41,2.41,2.41,2.41,100,0
ANGH.US,5,20260206,215500,2.39,2.39,2.39,2.39,100,0
ANGH.US,5,20260209,153000,2.35,2.35,2.35,2.35,112,0
ANGH.US,5,20260209,154000,2.3703,2.3703,2.3703,2.3703,122,0
ANGH.US,5,20260209,154500,2.35,2.35,2.35,2.35,100,0
ANGH.US,5,20260209,161500,2.4,2.4,2.4,2.4,2000,0
ANGH.US,5,20260209,163000,2.4,2.4,2.4,2.4,100,0
ANGH.US,5,20260209,170000,2.4299,2.4299,2.4299,2.4299,500,0
ANGH.US,5,20260209,174000,2.4,2.4,2.3784,2.38,300,0
ANGH.US,5,20260209,194000,2.4,2.428,2.4,2.428,3000,0
ANGH.US,5,20260209,195500,2.405,2.405,2.405,2.405,100,0
ANGH.US,5,20260209,201500,2.429,2.429,2.429,2.429,1625,0
ANGH.US,5,20260209,215000,2.42,2.42,2.41,2.41,214,0
ANGH.US,5,20260210,153000,2.41,2.41,2.41,2.41,311,0
ANGH.US,5,20260210,155000,2.35,2.35,2.35,2.35,1600,0
ANGH.US,5,20260210,155500,2.35,2.35,2.35,2.35,100,0
ANGH.US,5,20260210,171500,2.4041,2.4041,2.4041,2.4041,1000,0
ANGH.US,5,20260210,183500,2.4,2.4,2.4,2.4,260,0
ANGH.US,5,20260210,215000,2.4,2.4,2.4,2.4,400,0
ANGH.US,5,20260210,215500,2.43,2.44,2.43,2.44,2607,0
ANGH.US,5,20260211,164000,2.3502,2.3502,2.3502,2.3502,1000,0
ANGH.US,5,20260211,165500,2.35,2.3927,2.35,2.3927,307,0
ANGH.US,5,20260211,170500,2.3787,2.3787,2.3787,2.3787,208,0
ANGH.US,5,20260211,171500,2.35,2.353,2.35,2.353,250,0
ANGH.US,5,20260211,172000,2.35,2.35,2.35,2.35,151,0
ANGH.US,5,20260211,183000,2.35,2.35,2.35,2.35,100,0
ANGH.US,5,20260211,211000,2.38,2.41,2.38,2.41,800,0
ANGH.US,5,20260211,211500,2.38,2.38,2.38,2.38,284,0
ANGH.US,5,20260211,213000,2.38,2.38,2.38,2.38,1000,0
ANGH.US,5,20260211,215500,2.38,2.4,2.38,2.38,408,0
ANGH.US,5,20260212,173500,2.425,2.425,2.425,2.425,100,0
ANGH.US,5,20260212,175000,2.48,2.48,2.48,2.48,100,0
ANGH.US,5,20260212,194000,2.42,2.42,2.42,2.42,708,0
ANGH.US,5,20260212,200000,2.37,2.37,2.37,2.37,100,0
ANGH.US,5,20260212,211500,2.352,2.352,2.352,2.352,100,0
ANGH.US,5,20260212,212000,2.35,2.35,2.35,2.35,897,0
ANGH.US,5,20260213,154500,2.32,2.32,2.32,2.32,100,0
ANGH.US,5,20260213,155000,2.35,2.37,2.35,2.37,2000,0
ANGH.US,5,20260213,162500,2.271,2.271,2.271,2.271,200,0
ANGH.US,5,20260213,163000,2.3,2.3,2.3,2.3,193,0
ANGH.US,5,20260213,163500,2.32,2.32,2.32,2.32,100,0
ANGH.US,5,20260213,165000,2.32,2.32,2.32,2.32,200,0
ANGH.US,5,20260213,165500,2.34,2.34,2.34,2.34,100,0
ANGH.US,5,20260213,190000,2.3597,2.3597,2.3597,2.3597,375,0
ANGH.US,5,20260213,205000,2.34,2.34,2.34,2.34,239,0
ANGH.US,5,20260213,210500,2.3601,2.3601,2.3601,2.3601,115,0
ANGH.US,5,20260213,214500,2.34,2.34,2.34,2.34,1841,0
ANGH.US,5,20260213,215500,2.33,2.33,2.27,2.27,2127,0
ANGH.US,5,20260217,153000,2.36,2.36,2.35,2.36,1431,0
ANGH.US,5,20260217,162500,2.3,2.33,2.292,2.33,550,0
ANGH.US,5,20260217,163500,2.4,2.65,2.4,2.59,1000,0
ANGH.US,5,20260217,164000,2.45,2.71,2.42,2.55,1674,0
ANGH.US,5,20260217,164500,2.6,2.65,2.6,2.65,800,0
ANGH.US,5,20260217,165000,2.422,2.61,2.422,2.61,500,0
ANGH.US,5,20260217,165500,2.65,2.65,2.55,2.55,798,0
ANGH.US,5,20260217,170000,2.52,2.6,2.5,2.5,1224,0
ANGH.US,5,20260217,173000,2.48,2.69,2.48,2.69,600,0
ANGH.US,5,20260217,173500,2.6,2.66,2.6,2.66,400,0
ANGH.US,5,20260217,174000,2.61,2.64,2.55,2.55,500,0
ANGH.US,5,20260217,174500,2.57,2.57,2.56,2.56,400,0
ANGH.US,5,20260217,180000,2.5601,2.5601,2.5601,2.5601,300,0
ANGH.US,5,20260217,200500,2.57,2.57,2.57,2.57,100,0
ANGH.US,5,20260217,201500,2.61,2.61,2.61,2.61,100,0
ANGH.US,5,20260217,202000,2.6072,2.6072,2.6,2.6,300,0
ANGH.US,5,20260217,211000,2.57,2.57,2.57,2.57,307,0
ANGH.US,5,20260217,214000,2.47,2.47,2.47,2.47,600,0
ANGH.US,5,20260217,214500,2.45,2.45,2.45,2.45,550,0
ANGH.US,5,20260217,215000,2.4,2.4,2.4,2.4,488,0
ANGH.US,5,20260217,215500,2.4,2.4,2.37,2.37,1140,0
ANGH.US,5,20260218,153500,2.405,2.405,2.405,2.405,500,0
ANGH.US,5,20260218,160000,2.48,2.48,2.48,2.48,112,0
ANGH.US,5,20260218,162500,2.4035,2.4035,2.4035,2.4035,150,0
ANGH.US,5,20260218,163500,2.38,2.39,2.38,2.39,200,0
ANGH.US,5,20260218,164000,2.39,2.39,2.39,2.39,100,0
ANGH.US,5,20260218,192500,2.409,2.465,2.34,2.465,702,0
ANGH.US,5,20260218,201500,2.59,2.59,2.47,2.54,879,0
ANGH.US,5,20260219,193000,2.42,2.42,2.42,2.42,100,0
ANGH.US,5,20260219,193500,2.79,2.79,2.79,2.79,10000,0
ANGH.US,5,20260219,213000,2.41,2.51,2.41,2.51,200,0
ANGH.US,5,20260219,213500,2.53,2.56,2.47,2.55,1300,0
ANGH.US,5,20260219,214000,2.58,2.65,2.49,2.57,2909,0
ANGH.US,5,20260219,214500,2.5,2.79,2.5,2.64,5900,0
ANGH.US,5,20260219,215000,2.62,2.64,2.44,2.61,2005,0
ANGH.US,5,20260219,215500,2.66,2.7338,2.36,2.36,3382,0
ANGH.US,5,20260220,161000,2.4377,2.4377,2.4377,2.4377,129,0
ANGH.US,5,20260220,163000,2.6,2.61,2.6,2.6,400,0
ANGH.US,5,20260220,182000,2.65,2.69,2.65,2.69,974,0
ANGH.US,5,20260220,184000,2.8,2.94,2.8,2.94,2433,0
ANGH.US,5,20260220,184500,2.845,2.845,2.845,2.845,500,0
ANGH.US,5,20260220,195500,2.86,2.86,2.86,2.86,100,0
ANGH.US,5,20260220,200000,2.86,2.86,2.86,2.86,150,0
ANGH.US,5,20260220,204500,2.95,2.98,2.95,2.98,2600,0
ANGH.US,5,20260220,205000,3.06,3.06,3.06,3.06,244,0
ANGH.US,5,20260220,205500,2.8933,2.8933,2.8933,2.8933,100,0
ANGH.US,5,20260220,210500,2.89,2.95,2.8845,2.8845,664,0
ANGH.US,5,20260220,212000,2.99,3,2.86,2.965,2216,0
ANGH.US,5,20260220,213500,3.05,3.069,3.05,3.069,799,0
ANGH.US,5,20260220,214000,3.06,3.071,3.03,3.071,573,0
ANGH.US,5,20260220,214500,3.08,3.13,3.08,3.13,508,0
ANGH.US,5,20260220,215000,3.18,3.2199,2.99,3.05,2315,0
ANGH.US,5,20260220,215500,3.16,3.16,2.51,2.68,21558,0
ANGH.US,5,20260223,153000,2.8,2.8,2.8,2.8,160,0
ANGH.US,5,20260223,153500,2.83,2.83,2.83,2.83,202,0
ANGH.US,5,20260223,155500,2.8362,2.8362,2.72,2.72,210,0
ANGH.US,5,20260223,160000,2.78,2.8044,2.51,2.76,913,0
ANGH.US,5,20260223,160500,2.752,2.772,2.752,2.772,300,0
ANGH.US,5,20260223,161500,2.79,2.79,2.79,2.79,100,0
ANGH.US,5,20260223,165500,2.8001,2.8001,2.8,2.8,439,0
ANGH.US,5,20260223,172000,2.79,2.806,2.79,2.79,576,0
ANGH.US,5,20260223,175500,2.98,2.98,2.98,2.98,100,0
ANGH.US,5,20260223,181500,2.9706,2.9706,2.9706,2.9706,200,0
ANGH.US,5,20260223,192000,2.97,2.97,2.97,2.97,1000,0
ANGH.US,5,20260223,195000,2.82,2.82,2.8,2.8,2100,0
ANGH.US,5,20260223,201000,2.81,2.81,2.81,2.81,100,0
ANGH.US,5,20260223,212000,2.75,2.75,2.75,2.75,150,0
ANGH.US,5,20260224,155500,2.5791,2.5791,2.5791,2.5791,200,0
ANGH.US,5,20260224,160500,2.71,2.71,2.71,2.71,100,0
ANGH.US,5,20260224,200500,2.6,2.6,2.6,2.6,100,0
ANGH.US,5,20260224,202500,2.6,2.6,2.6,2.6,100,0
ANGH.US,5,20260225,161500,2.65,2.65,2.65,2.65,100,0
ANGH.US,5,20260225,172000,2.71,2.71,2.71,2.71,100,0
ANGH.US,5,20260225,192500,2.71,2.71,2.71,2.71,100,0
ANGH.US,5,20260225,210500,2.71,2.71,2.71,2.71,112,0
ANGH.US,5,20260225,214500,2.65,2.65,2.65,2.65,1816,0
ANGH.US,5,20260225,215500,2.65,2.65,2.63,2.63,1724,0
ANGH.US,5,20260226,182000,2.765,2.765,2.765,2.765,500,0
ANGH.US,5,20260226,185500,2.76,2.88,2.76,2.88,1259,0
ANGH.US,5,20260226,201000,2.7951,2.7951,2.7951,2.7951,112,0
ANGH.US,5,20260226,204500,2.85,2.85,2.85,2.85,200,0
ANGH.US,5,20260226,215500,2.96,2.96,2.96,2.96,362,0
ANGH.US,5,20260227,164000,2.84,2.84,2.84,2.84,100,0
ANGH.US,5,20260227,164500,2.85,2.85,2.85,2.85,100,0
ANGH.US,5,20260227,180500,2.9257,2.9432,2.9257,2.9432,614,0
ANGH.US,5,20260227,181500,2.95,2.95,2.95,2.95,353,0
ANGH.US,5,20260227,182000,3.04,3.04,3.04,3.04,1009,0
ANGH.US,5,20260227,182500,3.03,3.03,3.03,3.03,200,0
ANGH.US,5,20260227,194000,2.9498,2.9498,2.9498,2.9498,133,0
ANGH.US,5,20260227,202000,2.91,2.95,2.91,2.91,1250,0
ANGH.US,5,20260227,211500,2.95,2.95,2.95,2.95,100,0
ANGH.US,5,20260302,155000,2.87,2.91,2.85,2.85,1226,0
ANGH.US,5,20260302,162500,2.79,2.79,2.79,2.79,100,0
ANGH.US,5,20260302,180000,2.9051,2.9051,2.9051,2.9051,105,0
ANGH.US,5,20260302,190500,2.86,2.86,2.86,2.86,128,0
ANGH.US,5,20260302,204000,3,3,3,3,102,0
ANGH.US,5,20260302,213000,2.925,2.925,2.925,2.925,100,0
ANGH.US,5,20260302,215500,2.92,2.92,2.92,2.92,134,0
ANGH.US,5,20260303,153000,2.9,2.9,2.9,2.9,202,0
ANGH.US,5,20260303,155000,2.8,2.8,2.8,2.8,115,0
ANGH.US,5,20260303,193500,2.89,2.9,2.89,2.9,1862,0
ANGH.US,5,20260303,195000,3,3,3,3,743,0
ANGH.US,5,20260303,202500,2.6757,2.6757,2.6757,2.6757,1000,0
ANGH.US,5,20260303,215500,3.03,3.03,2.92,2.92,300,0
ANGH.US,5,20260304,215000,2.8144,2.8144,2.8144,2.8144,277,0
ANGH.US,5,20260305,153000,2.895,2.895,2.895,2.895,100,0
ANGH.US,5,20260305,154000,2.797,2.797,2.797,2.797,100,0
ANGH.US,5,20260305,214000,2.6365,2.6365,2.6365,2.6365,100,0
ANGH.US,5,20260306,171500,2.4601,2.4601,2.4601,2.4601,100,0
ANGH.US,5,20260306,202000,2.715,2.715,2.715,2.715,134,0
ANGH.US,5,20260306,202500,2.7151,2.83,2.7151,2.81,499,0
ANGH.US,5,20260306,203000,2.79,2.85,2.79,2.85,1819,0
ANGH.US,5,20260306,215500,2.58,2.58,2.58,2.58,176,0
ANGH.US,5,20260309,161500,2.61,2.61,2.61,2.61,107,0
ANGH.US,5,20260309,172500,2.7533,2.7533,2.7533,2.7533,500,0
ANGH.US,5,20260309,193500,2.88,2.9,2.88,2.9,500,0
ANGH.US,5,20260309,195000,2.7,2.7,2.7,2.7,1000,0
ANGH.US,5,20260309,205500,2.9699,2.9699,2.9699,2.9699,371,0
ANGH.US,5,20260310,145500,2.74,2.8,2.74,2.8,3552,0
ANGH.US,5,20260310,165000,2.95,2.95,2.95,2.95,200,0
ANGH.US,5,20260310,173000,2.98,2.98,2.98,2.98,100,0
ANGH.US,5,20260310,181500,2.8777,2.8777,2.8777,2.8777,400,0
ANGH.US,5,20260310,190500,3.01,3.01,3.01,3.01,266,0
ANGH.US,5,20260310,195000,2.81,2.81,2.81,2.81,200,0
ANGH.US,5,20260310,195500,2.81,2.81,2.81,2.81,157,0
ANGH.US,5,20260310,205500,2.8,2.8,2.67,2.67,352,0
ANGH.US,5,20260311,143000,2.71,2.71,2.71,2.71,104,0
ANGH.US,5,20260311,155000,2.7073,2.7073,2.7073,2.7073,120,0
ANGH.US,5,20260312,152500,2.74,2.92,2.74,2.92,1137,0
ANGH.US,5,20260312,161000,2.69,2.89,2.69,2.7348,3926,0
ANGH.US,5,20260312,164000,3.02,3.02,3.02,3.02,163,0
ANGH.US,5,20260312,203000,2.5501,2.5501,2.5501,2.5501,371,0
ANGH.US,5,20260312,205000,2.586,2.586,2.586,2.586,250,0
ANGH.US,5,20260312,205500,3.017,3.017,3.017,3.017,187,0
ANGH.US,5,20260313,152000,2.73,2.73,2.73,2.73,200,0
ANGH.US,5,20260316,143000,2.75,2.75,2.75,2.75,338,0
ANGH.US,5,20260316,204000,2.99,2.99,2.99,2.99,270,0
ANGH.US,5,20260317,145500,2.85,2.85,2.85,2.85,128,0
ANGH.US,5,20260317,150500,2.9,2.9,2.9,2.9,345,0
ANGH.US,5,20260317,183000,2.8939,2.8939,2.8939,2.8939,100,0
ANGH.US,5,20260317,205500,2.99,2.99,2.99,2.99,100,0
ANGH.US,5,20260318,151000,2.91,2.99,2.91,2.99,400,0
ANGH.US,5,20260318,151500,3.02,3.02,3,3.02,1800,0
ANGH.US,5,20260318,153000,3.02,3.08,2.96,3.05,674,0
ANGH.US,5,20260318,154000,3.0489,3.0489,3.0489,3.0489,106,0
ANGH.US,5,20260318,160000,3.05,3.05,3.05,3.05,647,0
ANGH.US,5,20260318,160500,3.025,3.025,3.025,3.025,318,0
ANGH.US,5,20260318,161000,3.05,3.05,3,3,1800,0
ANGH.US,5,20260318,164500,3,3,3,3,2000,0
ANGH.US,5,20260319,151000,3.2,3.2,3.2,3.2,300,0
ANGH.US,5,20260319,153500,3.2,3.2,3.2,3.2,900,0
ANGH.US,5,20260319,154500,3.2,3.2,3.2,3.2,100,0
ANGH.US,5,20260319,163500,3.2,3.2,3.2,3.2,100,0
ANGH.US,5,20260319,180500,3.19,3.2,3.19,3.2,423,0
ANGH.US,5,20260319,181500,3.15,3.2,3.02,3.17,993,0
ANGH.US,5,20260319,182000,3.2,3.2,3.18,3.18,1173,0
ANGH.US,5,20260319,182500,3.2,3.2,3.16,3.19,900,0
ANGH.US,5,20260319,183000,3.19,3.19,3.19,3.19,300,0
ANGH.US,5,20260319,192500,3.1,3.1,3.032,3.032,200,0
ANGH.US,5,20260319,193500,3.2,3.2,3.2,3.2,200,0
ANGH.US,5,20260319,200500,3.0857,3.0857,3.0857,3.0857,170,0
ANGH.US,5,20260319,205500,3.2,3.2,3.2,3.2,426,0
ANGH.US,5,20260320,144000,3.18,3.18,3.18,3.18,600,0
ANGH.US,5,20260320,145000,3.18,3.18,3.18,3.18,600,0
ANGH.US,5,20260320,145500,3.18,3.18,3.17,3.17,600,0
ANGH.US,5,20260320,150000,3.18,3.18,3.18,3.18,214,0
ANGH.US,5,20260320,151500,3.18,3.18,3.18,3.18,300,0
ANGH.US,5,20260320,152000,3.17,3.17,3.17,3.17,300,0
ANGH.US,5,20260320,155500,3.2,3.2,3.2,3.2,100,0
ANGH.US,5,20260320,164500,3.2,3.2,3.2,3.2,800,0
ANGH.US,5,20260320,183500,3.09,3.09,3.09,3.09,200,0
ANGH.US,5,20260320,200500,3.2,3.2,3.2,3.2,200,0
ANGH.US,5,20260320,204500,2.88,2.88,2.88,2.88,637,0
ANGH.US,5,20260320,205000,2.8,2.8,2.8,2.8,160,0
ANGH.US,5,20260323,143000,2.8,2.8,2.8,2.8,311,0
ANGH.US,5,20260323,144000,3.08,3.08,3.08,3.08,100,0
ANGH.US,5,20260323,152500,3.1,3.1,3.04,3.04,200,0
ANGH.US,5,20260323,205500,3.18,3.18,3.18,3.18,100,0
ANGH.US,5,20260324,143500,3.245,3.245,3.245,3.245,500,0
ANGH.US,5,20260324,155500,3.25,3.25,3.25,3.25,136,0
ANGH.US,5,20260324,162500,3.25,3.25,3.2,3.2,300,0
ANGH.US,5,20260324,170000,3.2478,3.2478,3.2478,3.2478,519,0
ANGH.US,5,20260324,172000,3.25,3.25,3.25,3.25,231,0
ANGH.US,5,20260324,173500,3.25,3.35,3.25,3.34,950,0
ANGH.US,5,20260324,175500,3.35,3.35,3.35,3.35,100,0
ANGH.US,5,20260324,183500,3.37,3.37,3.37,3.37,280,0
ANGH.US,5,20260324,204500,3.39,3.39,3.39,3.39,100,0
ANGH.US,5,20260324,205000,3.39,3.39,3.39,3.39,100,0
ANGH.US,5,20260324,205500,3.26,3.68,3.26,3.68,535,0
ANGH.US,5,20260325,143500,3.4,3.4,3.4,3.4,100,0
ANGH.US,5,20260325,151500,3.5148,3.5148,3.5016,3.5016,324,0
ANGH.US,5,20260326,150500,3.41,3.41,3.41,3.41,100,0
ANGH.US,5,20260326,152000,3.475,3.475,3.475,3.475,440,0
ANGH.US,5,20260326,153000,3.4,3.41,3.4,3.4,1000,0
ANGH.US,5,20260326,154000,3.43,3.43,3.4,3.43,300,0
ANGH.US,5,20260326,155000,3.4,3.4,3.4,3.4,100,0
ANGH.US,5,20260326,155500,3.45,3.45,3.45,3.45,100,0
ANGH.US,5,20260326,160500,3.4,3.4,3.4,3.4,100,0
ANGH.US,5,20260326,162000,3.4,3.4,3.4,3.4,100,0
ANGH.US,5,20260326,162500,3.43,3.43,3.43,3.43,200,0
ANGH.US,5,20260326,164000,3.4,3.45,3.4,3.4,1324,0
ANGH.US,5,20260326,165000,3.45,3.45,3.45,3.45,462,0
ANGH.US,5,20260326,170500,3.45,3.45,3.45,3.45,100,0
ANGH.US,5,20260326,173000,3.45,3.45,3.45,3.45,100,0
ANGH.US,5,20260326,174500,3.45,3.45,3.45,3.45,100,0
ANGH.US,5,20260326,175500,3.45,3.45,3.45,3.45,100,0
ANGH.US,5,20260326,202500,3.45,3.45,3.45,3.45,223,0
ANGH.US,5,20260326,203500,3.45,3.45,3.45,3.45,3927,0
ANGH.US,5,20260326,205500,3.46,3.46,3.46,3.46,201,0
ANGH.US,5,20260327,144000,3.42,3.42,3.4,3.4083,425,0
ANGH.US,5,20260327,144500,3.42,3.42,3.4,3.4,500,0
ANGH.US,5,20260327,145000,3.4,3.4,3.4,3.4,336,0
ANGH.US,5,20260327,155500,3.32,3.4399,3.32,3.32,545,0
ANGH.US,5,20260327,161500,3.35,3.35,3.35,3.35,240,0
ANGH.US,5,20260327,162000,3.35,3.35,3.35,3.35,600,0
ANGH.US,5,20260327,203500,3.38,3.38,3.38,3.38,150,0
ANGH.US,5,20260327,205500,3.3,3.3,3.3,3.3,220,0
ANGH.US,5,20260330,162500,3.64,3.64,3.64,3.64,200,0
ANGH.US,5,20260330,171500,3.6285,3.6285,3.6285,3.6285,300,0
ANGH.US,5,20260330,173500,3.62,3.62,3.62,3.62,150,0
ANGH.US,5,20260330,175000,3.34,3.34,3.34,3.34,100,0
ANGH.US,5,20260330,200500,3.6269,3.6269,3.6269,3.6269,300,0
ANGH.US,5,20260330,211000,3.47,3.47,3.47,3.47,172,0
ANGH.US,5,20260331,153000,3.31,3.31,3.31,3.31,136,0
ANGH.US,5,20260331,165500,3.5818,3.5818,3.5818,3.5818,200,0
ANGH.US,5,20260331,171500,3.59,3.67,3.57,3.57,1100,0
ANGH.US,5,20260331,172000,3.6575,3.6575,3.6575,3.6575,125,0
ANGH.US,5,20260331,180000,3.7933,3.7933,3.7933,3.7933,300,0
ANGH.US,5,20260331,180500,3.61,3.6999,3.5401,3.5401,2604,0
ANGH.US,5,20260331,190500,3.7566,3.7566,3.7566,3.7566,200,0
ANGH.US,5,20260331,204000,3.7789,3.7789,3.7789,3.7789,200,0
ANGH.US,5,20260331,211000,3.47,3.47,3.47,3.47,100,0
ANGH.US,5,20260331,212000,3.7848,3.7848,3.7848,3.7848,200,0
ANGH.US,5,20260331,215000,3.69,3.69,3.69,3.69,200,0
ANGH.US,5,20260331,215500,3.76,3.76,3.76,3.76,294,0
ANGH.US,5,20260401,181500,3.74,3.74,3.74,3.74,100,0
ANGH.US,5,20260401,213500,3.4282,3.4282,3.4282,3.4282,118,0
ANGH.US,5,20260401,215500,3.34,3.34,3.34,3.34,108,0
ANGH.US,5,20260402,184500,3.62,3.62,3.62,3.62,200,0
ANGH.US,5,20260406,172000,3.3,3.3,3.3,3.3,145,0
ANGH.US,5,20260406,173500,3.48,3.48,3.48,3.48,100,0
ANGH.US,5,20260406,194500,3.48,3.48,3.48,3.48,100,0
ANGH.US,5,20260406,214500,3.716,3.716,3.716,3.716,300,0
ANGH.US,5,20260407,163000,3.3629,3.3629,3.3629,3.3629,102,0
ANGH.US,5,20260407,173000,3.49,3.49,3.49,3.49,200,0
ANGH.US,5,20260407,210500,3.63,3.63,3.63,3.63,294,0
ANGH.US,5,20260407,215500,3.612,3.612,3.612,3.612,272,0
ANGH.US,5,20260408,153000,3.6,3.7953,3.6,3.7953,300,0
ANGH.US,5,20260408,154500,3.81,3.81,3.8,3.8,1692,0
ANGH.US,5,20260408,155500,3.8,3.8,3.8,3.8,582,0
ANGH.US,5,20260408,172000,3.84,3.84,3.84,3.84,100,0
ANGH.US,5,20260408,180500,3.84,3.84,3.84,3.84,100,0
ANGH.US,5,20260408,181500,3.85,3.86,3.85,3.86,492,0
ANGH.US,5,20260408,184500,3.7983,3.7983,3.7983,3.7983,110,0
ANGH.US,5,20260408,185000,3.81,3.81,3.81,3.81,300,0
ANGH.US,5,20260408,185500,3.87,3.87,3.87,3.87,667,0
ANGH.US,5,20260408,190500,3.815,3.815,3.815,3.815,300,0
ANGH.US,5,20260408,191500,3.815,3.815,3.815,3.815,100,0
ANGH.US,5,20260408,215500,3.88,3.88,3.88,3.88,226,0
ANGH.US,5,20260409,161500,3.88,3.88,3.88,3.88,480,0
ANGH.US,5,20260409,175000,3.9005,3.9005,3.9005,3.9005,200,0
ANGH.US,5,20260409,192500,3.82,3.82,3.82,3.82,102,0
ANGH.US,5,20260409,195000,3.9128,3.9128,3.9128,3.9128,300,0
ANGH.US,5,20260409,200500,3.94,3.94,3.94,3.94,1000,0
ANGH.US,5,20260409,214000,3.93,3.94,3.93,3.94,455,0
ANGH.US,5,20260409,215500,3.92,3.92,3.84,3.84,200,0
ANGH.US,5,20260410,162500,4.0635,4.0635,4.0635,4.0635,200,0
ANGH.US,5,20260410,165000,4,4,4,4,112,0
ANGH.US,5,20260410,173500,4,4,4,4,100,0
ANGH.US,5,20260410,180000,3.99,4,3.99,4,2922,0
ANGH.US,5,20260413,164000,3.8,3.8,3.79,3.79,578,0
ANGH.US,5,20260413,212500,3.93,3.94,3.93,3.94,219,0
ANGH.US,5,20260414,173500,3.8836,3.8836,3.8836,3.8836,200,0
ANGH.US,5,20260414,185000,3.86,3.86,3.86,3.86,330,0
ANGH.US,5,20260414,215000,3.79,3.79,3.79,3.79,363,0
ANGH.US,5,20260415,172000,3.9331,3.9331,3.9331,3.9331,300,0
ANGH.US,5,20260415,180000,3.845,3.845,3.845,3.845,384,0
ANGH.US,5,20260415,185500,3.84,3.84,3.84,3.84,143,0
ANGH.US,5,20260415,195000,3.75,3.75,3.75,3.75,255,0
ANGH.US,5,20260415,200500,3.74,3.74,3.74,3.74,100,0
ANGH.US,5,20260415,213500,3.74,3.74,3.72,3.72,295,0
ANGH.US,5,20260415,215000,3.73,3.73,3.73,3.73,100,0
ANGH.US,5,20260415,215500,3.722,3.722,3.722,3.722,100,0
ANGH.US,5,20260416,153000,3.73,3.73,3.73,3.73,330,0
ANGH.US,5,20260416,164000,3.9313,3.9313,3.9313,3.9313,200,0
ANGH.US,5,20260417,164000,3.9317,3.9317,3.9317,3.9317,300,0
ANGH.US,5,20260417,172000,3.9199,3.9199,3.9199,3.9199,150,0
ANGH.US,5,20260417,180000,3.73,3.9317,3.73,3.9317,400,0
ANGH.US,5,20260417,194500,3.93,3.93,3.93,3.93,100,0
ANGH.US,5,20260420,153000,3.72,3.72,3.72,3.72,824,0
ANGH.US,5,20260420,155500,3.9316,3.9316,3.9316,3.9316,200,0
ANGH.US,5,20260420,174000,3.7,3.7,3.7,3.7,195,0
ANGH.US,5,20260420,174500,3.74,3.74,3.74,3.74,100,0
ANGH.US,5,20260420,175000,3.7,3.7,3.7,3.7,156,0
ANGH.US,5,20260420,180000,3.66,3.66,3.62,3.62,1100,0
ANGH.US,5,20260420,181500,3.644,3.644,3.644,3.644,100,0
ANGH.US,5,20260420,185000,3.775,3.775,3.775,3.775,500,0
ANGH.US,5,20260420,215500,3.66,3.66,3.66,3.66,170,0
ANGH.US,5,20260421,170000,3.65,3.65,3.65,3.65,100,0
ANGH.US,5,20260421,181000,3.7589,3.7589,3.7589,3.7589,300,0
ANGH.US,5,20260421,191000,3.76,3.76,3.75,3.75,200,0
ANGH.US,5,20260422,154500,3.8185,3.8185,3.8185,3.8185,200,0
ANGH.US,5,20260422,193000,3.7539,3.7539,3.7539,3.7539,300,0
ANGH.US,5,20260423,165500,3.8749,3.8749,3.8749,3.8749,300,0
ANGH.US,5,20260423,183000,3.8713,3.8713,3.8713,3.8713,200,0
ANGH.US,5,20260423,202000,3.7046,3.7046,3.7046,3.7046,200,0
ANGH.US,5,20260423,215500,3.81,3.81,3.81,3.81,148,0
ANGH.US,5,20260424,155000,3.65,3.65,3.65,3.65,100,0
ANGH.US,5,20260424,163000,3.909,3.909,3.909,3.909,300,0
ANGH.US,5,20260427,163500,3.8275,3.8275,3.8275,3.8275,300,0
ANGH.US,5,20260427,185500,3.8451,3.8451,3.83,3.83,200,0
ANGH.US,5,20260427,192500,3.775,3.775,3.725,3.775,354,0
ANGH.US,5,20260427,195000,3.84,3.84,3.84,3.84,200,0
ANGH.US,5,20260427,212500,3.84,3.84,3.84,3.84,100,0
ANGH.US,5,20260428,153000,3.6,3.6,3.6,3.6,104,0
ANGH.US,5,20260428,153500,3.77,3.77,3.77,3.77,100,0
ANGH.US,5,20260428,154500,3.6768,3.6768,3.6768,3.6768,168,0
ANGH.US,5,20260428,160000,3.93,3.93,3.93,3.93,100,0
ANGH.US,5,20260428,164500,3.63,3.63,3.6,3.6,1906,0
ANGH.US,5,20260428,165500,3.6751,3.6751,3.6751,3.6751,160,0
ANGH.US,5,20260428,170000,3.778,3.778,3.778,3.778,250,0
ANGH.US,5,20260428,171000,3.8882,3.8882,3.8882,3.8882,300,0
ANGH.US,5,20260428,175500,3.7988,3.7988,3.7988,3.7988,1500,0
ANGH.US,5,20260428,191500,3.93,3.93,3.93,3.93,291,0
ANGH.US,5,20260428,203500,3.93,3.93,3.93,3.93,108,0
ANGH.US,5,20260429,195500,3.9,3.9,3.9,3.9,305,0
ANGH.US,5,20260501,175500,3.9,3.9,3.9,3.9,236,0
ANGH.US,5,20260501,185000,3.75,3.75,3.6,3.61,880,0
ANGH.US,5,20260501,191000,3.8,3.8,3.8,3.8,139,0
ANGH.US,5,20260501,202500,3.8,3.8,3.8,3.8,275,0
ANGH.US,5,20260501,203000,3.7,3.7,3.7,3.7,100,0
ANGH.US,5,20260504,153000,3.6,3.6,3.6,3.6,211,0
ANGH.US,5,20260504,163000,3.67,3.67,3.66,3.66,995,0
ANGH.US,5,20260504,213500,3.73,3.73,3.73,3.73,250,0
ANGH.US,5,20260505,161000,3.74,3.74,3.7399,3.74,478,0
ANGH.US,5,20260505,164500,3.8,3.8,3.8,3.8,200,0
ANGH.US,5,20260505,191500,3.72,3.76,3.66,3.76,595,0
ANGH.US,5,20260505,192000,3.65,3.66,3.53,3.66,2756,0
ANGH.US,5,20260506,155000,3.72,3.72,3.72,3.72,250,0
ANGH.US,5,20260506,161000,3.66,3.66,3.66,3.66,100,0
ANGH.US,5,20260506,193000,3.65,3.65,3.65,3.65,100,0
ANGH.US,5,20260507,153000,3.18,3.395,3.18,3.395,410,0
ANGH.US,5,20260507,184000,3.6,3.6,3.6,3.6,125,0
ANGH.US,5,20260507,185500,3.41,3.41,3.41,3.41,100,0
ANGH.US,5,20260507,190500,3.66,3.66,3.66,3.66,249,0
ANGH.US,5,20260507,193500,3.65,3.65,3.65,3.65,195,0
ANGH.US,5,20260507,195000,3.65,3.65,3.65,3.65,100,0
ANGH.US,5,20260508,174500,3.652,3.652,3.65,3.65,225,0
ANGH.US,5,20260508,192500,3.65,3.65,3.65,3.65,625,0
ANGH.US,5,20260508,195000,3.66,3.66,3.58,3.58,1786,0
ANGH.US,5,20260508,195500,3.35,3.35,3.15,3.19,19962,0
ANGH.US,5,20260508,200000,3.21,3.26,3.15,3.1999,1853,0
ANGH.US,5,20260508,200500,3.52,3.52,3.52,3.52,100,0
ANGH.US,5,20260511,153000,3.35,3.48,3.35,3.48,359,0
ANGH.US,5,20260511,164000,3.26,3.5,3.26,3.5,2919,0
ANGH.US,5,20260511,172000,3.255,3.255,3.255,3.255,1500,0
ANGH.US,5,20260511,172500,3.255,3.49,3.255,3.48,1142,0
ANGH.US,5,20260511,183000,3.49,3.49,3.49,3.49,2500,0
ANGH.US,5,20260512,154000,3.25,3.25,3.25,3.25,113,0
ANGH.US,5,20260512,160500,3.26,3.26,3.26,3.26,100,0
ANGH.US,5,20260512,181500,3.5,3.5,3.5,3.5,429,0
ANGH.US,5,20260512,205500,3.3,3.54,3.3,3.49,900,0
ANGH.US,5,20260512,210000,3.49,3.49,3.49,3.49,100,0
ANGH.US,5,20260512,212000,3.6,3.6,3.6,3.6,132,0
ANGH.US,5,20260512,212500,3.38,3.38,3.38,3.38,690,0
ANGH.US,5,20260512,213000,3.42,3.57,3.419,3.57,4752,0
ANGH.US,5,20260512,213500,3.31,3.31,3.31,3.31,207,0
ANGH.US,5,20260513,154500,3.36,3.36,3.36,3.36,100,0
ANGH.US,5,20260513,161000,3.04,3.04,3,3,1133,0
ANGH.US,5,20260513,162000,3.3,3.35,3.3,3.33,900,0
ANGH.US,5,20260513,162500,3.5,3.6,3.5,3.5,1000,0
ANGH.US,5,20260513,163000,3.5,3.5,3.47,3.47,200,0
ANGH.US,5,20260513,170000,3.4,3.4,3.4,3.4,400,0
ANGH.US,5,20260513,171500,3.55,3.55,3.39,3.44,2900,0
ANGH.US,5,20260513,173000,3.64,3.64,3.57,3.57,500,0
ANGH.US,5,20260513,180000,3.59,3.59,3.39,3.39,813,0
ANGH.US,5,20260513,181000,3.59,3.68,3.59,3.68,550,0
ANGH.US,5,20260513,192000,3.57,3.58,3.57,3.58,400,0
ANGH.US,5,20260513,193500,3.69,3.79,3.69,3.7,2421,0
ANGH.US,5,20260513,194000,3.59,3.71,3.44,3.44,5862,0
ANGH.US,5,20260513,201000,3.52,3.52,3.52,3.52,100,0
ANGH.US,5,20260513,203500,3.37,3.61,3.37,3.61,650,0
ANGH.US,5,20260514,153000,3.6,3.61,3.6,3.61,851,0
ANGH.US,5,20260515,153000,3.49,3.49,3.49,3.49,202,0
ANGH.US,5,20260515,200000,3.49,3.49,3.49,3.49,200,0
ANGH.US,5,20260518,175000,3.11,3.11,2.8,3.02,954,0
ANGH.US,5,20260518,175500,3.15,3.52,3.15,3.52,1828,0
ANGH.US,5,20260518,180000,3.59,3.69,3.59,3.69,455,0
ANGH.US,5,20260518,180500,3.65,3.73,3.46,3.73,1000,0
ANGH.US,5,20260518,183000,3.49,3.49,3.49,3.49,113,0
ANGH.US,5,20260518,192500,3.49,3.49,3.49,3.49,100,0
ANGH.US,5,20260518,193500,3.47,3.49,3.47,3.49,1026,0
ANGH.US,5,20260518,194000,3.48,3.48,3.48,3.48,129,0
ANGH.US,5,20260518,194500,3.47,3.48,3.47,3.48,200,0
ANGH.US,5,20260518,203000,3.48,3.48,3.48,3.48,1684,0
ANGH.US,5,20260518,203500,3.42,3.43,3.42,3.42,1205,0
ANGH.US,5,20260518,204500,3.35,3.45,3.22,3.26,1200,0
ANGH.US,5,20260518,205000,3.47,3.499,3.449,3.45,804,0
ANGH.US,5,20260518,211500,3.47,3.47,3.47,3.47,100,0
ANGH.US,5,20260518,215000,3.47,3.47,3.47,3.47,102,0
ANGH.US,5,20260518,215500,3.49,3.49,3.49,3.49,100,0
ANGH.US,5,20260519,153000,3.24,3.24,3.2,3.2,300,0
ANGH.US,5,20260519,154000,3.29,3.5,3.1,3.5,506,0
ANGH.US,5,20260519,164500,3.1,3.25,3.1,3.12,1319,0
ANGH.US,5,20260519,165500,3.12,3.12,3.12,3.12,300,0
ANGH.US,5,20260519,170000,3.33,3.33,3.3025,3.3025,850,0
ANGH.US,5,20260519,174500,3.28,3.28,3.28,3.28,400,0
ANGH.US,5,20260519,175000,3.215,3.215,3.16,3.16,400,0
ANGH.US,5,20260519,181500,3.289,3.29,3.289,3.29,4303,0
ANGH.US,5,20260519,190500,3.18,3.18,3.18,3.18,144,0
ANGH.US,5,20260519,195500,3.414,3.414,3.414,3.414,300,0
ANGH.US,5,20260520,154500,3.25,3.25,3.25,3.25,200,0
ANGH.US,5,20260520,164000,3.39,3.39,3.39,3.39,250,0
ANGH.US,5,20260520,165000,3.25,3.25,3.1801,3.1801,516,0
ANGH.US,5,20260520,165500,3.39,3.6,3.39,3.6,800,0
ANGH.US,5,20260520,184000,3.4,3.41,3.4,3.41,255,0
ANGH.US,5,20260520,191500,3.4,3.4,3.34,3.34,4798,0
ANGH.US,5,20260520,192500,3.34,3.34,3.34,3.34,251,0
ANGH.US,5,20260520,194500,3.3,3.3,3.3,3.3,1295,0
ANGH.US,5,20260520,195000,3.3,3.3,3.3,3.3,431,0
ANGH.US,5,20260520,195500,3.37,3.38,3.37,3.38,1372,0
ANGH.US,5,20260520,200000,3.37,3.37,3.36,3.36,545,0
ANGH.US,5,20260520,203500,3.36,3.36,3.36,3.36,100,0
ANGH.US,5,20260521,155500,3.26,3.26,3.26,3.26,100,0
ANGH.US,5,20260521,160500,3.31,3.31,3.31,3.31,100,0
ANGH.US,5,20260521,210000,3.32,3.32,3.23,3.23,818,0
ANGH.US,5,20260522,163500,3.49,3.49,3.49,3.49,100,0
ANGH.US,5,20260522,212000,3.14,3.14,3.14,3.14,150,0
ANGH.US,5,20260522,212500,3.16,3.16,3.16,3.16,125,0
ANGH.US,5,20260526,155500,3.1046,3.1046,3.1046,3.1046,100,0
ANGH.US,5,20260526,165000,3.1,3.1,3.1,3.1,100,0
ANGH.US,5,20260526,170000,3.2731,3.2731,3.2731,3.2731,500,0
ANGH.US,5,20260526,181000,3.16,3.26,3.16,3.22,900,0
ANGH.US,5,20260526,183000,3.0407,3.0407,3.0407,3.0407,124,0
ANGH.US,5,20260526,184000,3.0924,3.14,3.0924,3.0924,800,0
ANGH.US,5,20260526,184500,3.01,3.01,3.01,3.01,150,0
ANGH.US,5,20260526,185000,3.1056,3.1056,3,3,2500,0
ANGH.US,5,20260526,193500,3.19,3.19,3.1,3.1,558,0
ANGH.US,5,20260526,200000,3.39,3.39,3.38,3.38,200,0
ANGH.US,5,20260526,202000,3.15,3.15,3.15,3.15,100,0
ANGH.US,5,20260526,205500,3.19,3.19,3.14,3.16,1247,0
ANGH.US,5,20260526,210000,3.16,3.16,3.16,3.16,300,0
ANGH.US,5,20260527,153000,3.2543,3.2543,3.2543,3.2543,200,0
ANGH.US,5,20260527,162500,3.2318,3.2318,3.21,3.23,950,0
ANGH.US,5,20260527,172000,3.19,3.19,3.19,3.19,928,0
ANGH.US,5,20260527,175500,3.2668,3.42,3.2668,3.42,250,0
ANGH.US,5,20260527,203500,3.41,3.41,3.41,3.41,245,0
ANGH.US,5,20260527,204000,3.2993,3.2993,3.2993,3.2993,127,0
ANGH.US,5,20260528,160000,3.28,3.28,3.28,3.28,100,0
ANGH.US,5,20260528,174500,3.28,3.4999,3.28,3.4999,1309,0
ANGH.US,5,20260528,190500,3.5,3.5,3.5,3.5,100,0
ANGH.US,5,20260529,160500,3.86,3.86,3.86,3.86,139,0
ANGH.US,5,20260529,164500,3.82,3.82,3.82,3.82,253,0
ANGH.US,5,20260529,190500,3.46,3.46,3.4599,3.46,400,0
ANGH.US,5,20260529,203500,3.5999,3.6,3.5999,3.6,200,0
ANGH.US,5,20260601,160000,3.6,3.6,3.6,3.6,178,0
ANGH.US,5,20260601,160500,3.6,3.6,3.6,3.6,119,0
ANGH.US,5,20260601,172500,3.6559,3.6559,3.6559,3.6559,227,0
ANGH.US,5,20260601,185500,3.68,3.68,3.68,3.68,100,0
ANGH.US,5,20260601,190000,3.68,3.68,3.68,3.68,1527,0
ANGH.US,5,20260601,192000,3.6,3.61,3.6,3.6,3151,0
ANGH.US,5,20260602,153000,3.44,3.44,3.44,3.44,171,0
ANGH.US,5,20260602,163500,3.6,3.65,3.35,3.61,2675,0
ANGH.US,5,20260602,170000,3.81,3.81,3.81,3.81,200,0
ANGH.US,5,20260602,173000,3.5,3.5,3.5,3.5,100,0
ANGH.US,5,20260602,181000,3.5,3.55,3.5,3.55,550,0
ANGH.US,5,20260602,181500,3.65,3.65,3.6,3.6,257,0
ANGH.US,5,20260602,182000,3.57,3.57,3.5601,3.5601,200,0
ANGH.US,5,20260602,190500,3.53,3.53,3.53,3.53,500,0
ANGH.US,5,20260602,192000,3.56,3.56,3.54,3.54,400,0
ANGH.US,5,20260602,193500,3.49,3.49,3.49,3.49,125,0
ANGH.US,5,20260602,195500,3.645,3.645,3.645,3.645,125,0
ANGH.US,5,20260602,200500,3.65,3.65,3.58,3.58,300,0
ANGH.US,5,20260602,201000,3.6206,3.6206,3.6206,3.6206,125,0
ANGH.US,5,20260602,213000,3.61,3.62,3.6,3.6,623,0
ANGH.US,5,20260603,163000,3.24,3.24,3.24,3.24,100,0
ANGH.US,5,20260603,164000,3.455,3.6999,3.455,3.455,4928,0
ANGH.US,5,20260603,165000,3.455,3.6,3.455,3.6,335,0
ANGH.US,5,20260603,175000,3.45,3.5628,3.405,3.405,2124,0
ANGH.US,5,20260603,205500,3.6,3.6,3.6,3.6,100,0
ANGH.US,5,20260604,162500,3.34,3.34,3.34,3.34,700,0
ANGH.US,5,20260604,163000,3.335,3.5399,3.335,3.5399,3750,0
ANGH.US,5,20260605,154000,3.55,3.55,3.55,3.55,100,0
ANGH.US,5,20260605,155500,3.21,3.21,3.21,3.21,500,0
ANGH.US,5,20260605,163500,3.53,3.53,3.53,3.53,290,0
ANGH.US,5,20260605,195500,3.5,3.5,3.5,3.5,395,0
ANGH.US,5,20260608,153000,3.33,3.33,3.33,3.33,151,0
ANGH.US,5,20260608,153500,3.47,3.47,3.47,3.47,100,0
ANGH.US,5,20260608,160500,3.45,3.45,3.45,3.45,100,0
ANGH.US,5,20260608,171000,3.58,3.58,3.58,3.58,261,0
ANGH.US,5,20260608,171500,3.78,3.78,3.78,3.78,100,0
ANGH.US,5,20260608,181500,3.79,3.79,3.79,3.79,100,0
ANGH.US,5,20260608,190500,3.79,3.79,3.79,3.79,100,0
ANGH.US,5,20260608,195000,3.79,3.79,3.5,3.5,200,0
ANGH.US,5,20260608,201000,3.78,3.78,3.78,3.78,100,0
ANGH.US,5,20260609,153000,3.59,3.6,3.59,3.6,3873,0
ANGH.US,5,20260609,154500,3.69,3.69,3.69,3.69,271,0
ANGH.US,5,20260609,172500,3.41,3.76,3.41,3.76,6062,0
ANGH.US,5,20260609,174000,3.465,3.8,3.465,3.8,1400,0
ANGH.US,5,20260609,200500,3.86,3.95,3.86,3.95,3020,0
ANGH.US,5,20260609,201500,4.11,4.11,4.11,4.11,100,0
ANGH.US,5,20260609,204000,4.3,4.3,4.3,4.3,100,0
ANGH.US,5,20260609,205000,4.3,4.3,4.3,4.3,200,0
ANGH.US,5,20260609,213500,4.28,4.28,4.28,4.28,100,0
ANGH.US,5,20260609,214500,4.3,4.3,4.3,4.3,200,0
ANGH.US,5,20260610,154000,4.3,4.3,4.3,4.3,124,0
ANGH.US,5,20260610,155500,4.2,4.5,4.2,4.5,3976,0
ANGH.US,5,20260610,160000,4.5,4.5,4.5,4.5,100,0
ANGH.US,5,20260610,160500,4.59,4.59,4.59,4.59,102,0
ANGH.US,5,20260610,162000,4.4,4.4,4.4,4.4,599,0
ANGH.US,5,20260610,163000,4.21,4.3,4.21,4.29,878,0
ANGH.US,5,20260610,183000,4.29,4.29,4.29,4.29,120,0
ANGH.US,5,20260610,191000,4.21,4.21,4.21,4.21,279,0
ANGH.US,5,20260610,194500,4.15,4.15,4.15,4.15,800,0
ANGH.US,5,20260610,195000,4.2,4.2,4.2,4.2,675,0
ANGH.US,5,20260610,200000,4.17,4.3,4.16,4.3,3059,0
ANGH.US,5,20260610,205500,4.2,4.2,4.19,4.2,1000,0
ANGH.US,5,20260610,210000,4.2599,4.26,4.18,4.2008,3615,0
ANGH.US,5,20260610,212000,4.26,4.26,4.26,4.26,200,0
ANGH.US,5,20260610,212500,4.26,4.29,4.2599,4.2599,2416,0
ANGH.US,5,20260610,213000,4.37,4.4,4.3556,4.3556,2744,0
ANGH.US,5,20260610,213500,4.5,4.5,4.35,4.35,583,0
ANGH.US,5,20260610,215000,4.27,4.27,4.27,4.27,204,0
ANGH.US,5,20260611,182500,4.6308,4.65,4.32,4.32,325,0
ANGH.US,5,20260611,184000,4.65,4.74,4.62,4.74,883,0
ANGH.US,5,20260611,191500,4.41,4.41,4.11,4.15,761,0
ANGH.US,5,20260611,193000,4.4,4.4,4.4,4.4,125,0
ANGH.US,5,20260611,194000,4.6999,4.6999,4.6999,4.6999,250,0
ANGH.US,5,20260611,200500,4.24,4.31,4.11,4.15,504,0
ANGH.US,5,20260611,205000,4.197,4.197,4.197,4.197,197,0
ANGH.US,5,20260611,205500,4.49,4.65,4.47,4.65,525,0
ANGH.US,5,20260611,210000,4.375,4.375,4.375,4.375,100,0
ANGH.US,5,20260611,213500,4.65,4.83,4.64,4.83,2066,0
ANGH.US,5,20260611,214500,4.94,4.98,4.709553,4.97,2977,0
ANGH.US,5,20260612,153000,4.59,4.59,4.59,4.59,300,0
ANGH.US,5,20260612,155000,5,5,5,5,180,0
ANGH.US,5,20260612,165500,5.5,5.5,5.5,5.5,100,0
ANGH.US,5,20260612,174000,5.49,5.49,5.49,5.49,100,0
ANGH.US,5,20260612,174500,5.49,5.49,5.49,5.49,181,0
ANGH.US,5,20260612,181500,5.49,5.49,5.49,5.49,195,0
ANGH.US,5,20260612,182500,5.25,5.25,5.25,5.25,135,0
ANGH.US,5,20260612,190500,5.24,5.24,5.02,5.02,634,0
ANGH.US,5,20260612,193500,5.475,5.475,5.475,5.475,100,0
ANGH.US,5,20260612,194500,5.49,5.49,5.49,5.49,100,0
ANGH.US,5,20260612,195000,5.3793,5.3793,5.035,5.035,200,0
ANGH.US,5,20260612,195500,5.675,5.885,5.675,5.877,786,0
ANGH.US,5,20260612,200000,5.74,6.38,5.73,6.2077,5818,0
ANGH.US,5,20260612,200500,5.89,5.94,5.875,5.94,1030,0
ANGH.US,5,20260612,201000,6.13,6.2,6.06,6.2,693,0
ANGH.US,5,20260612,201500,5.93,6.1182,5.93,6.1182,225,0
ANGH.US,5,20260612,202000,5.969,6.13,5.969,6.13,250,0
ANGH.US,5,20260612,202500,6.175,6.175,6.175,6.175,125,0
ANGH.US,5,20260612,203000,6.0235,6.47,6.0235,6.47,1750,0
ANGH.US,5,20260612,203500,6.61,7.89,6.61,7.89,19328,0
ANGH.US,5,20260612,204000,7.49,7.75,6.56,6.935,55032,0
ANGH.US,5,20260612,204500,7.03,7.03,6.41,6.41,10395,0
ANGH.US,5,20260612,205000,6.41,6.83,6,6.15,31386,0
ANGH.US,5,20260612,205500,6.2,6.4936,5.61,5.61,18573,0
ANGH.US,5,20260612,210500,5,5.4944,5,5.49,10262,0
ANGH.US,5,20260612,211000,5.48,5.81,5.11,5.3232,8319,0
ANGH.US,5,20260612,211500,5.33,5.59,5.32,5.36,2734,0
ANGH.US,5,20260612,212000,5.37,5.42,5.1101,5.4027,4197,0
ANGH.US,5,20260612,212500,5.18,5.6,5.1001,5.6,1390,0
ANGH.US,5,20260612,213000,5.61,5.74,5.3453,5.5,1204,0
ANGH.US,5,20260612,213500,5.57,5.57,5.4873,5.55,617,0
ANGH.US,5,20260612,214000,5.7786,5.7786,5.4001,5.585,1253,0
ANGH.US,5,20260612,214500,5.695,5.695,5.35,5.35,3670,0
ANGH.US,5,20260612,215000,5.35,5.505,5.2598,5.505,2182,0
ANGH.US,5,20260612,215500,5.355,5.52,5.2,5.5,4114,0
ANGH.US,5,20260615,153000,5.8,5.8,5.2216,5.7605,1942,0
ANGH.US,5,20260615,153500,5.74,5.99,5.74,5.99,1100,0
ANGH.US,5,20260615,154000,5.7001,6.11,5.7001,6.09,3983,0
ANGH.US,5,20260615,154500,6.048,6.0999,6.048,6.048,2318,0
ANGH.US,5,20260615,155000,6.1,6.1,5.854,6.1,2838,0
ANGH.US,5,20260615,155500,6.265,6.36,6.1,6.1,10483,0
ANGH.US,5,20260615,160500,6.0458,6.0458,5.39,5.39,2483,0
ANGH.US,5,20260615,161000,5.01,5.01,5.01,5.01,494,0
ANGH.US,5,20260615,161500,5.5,5.5,5.49,5.49,275,0
ANGH.US,5,20260615,164500,5.28,5.28,5.28,5.28,100,0
ANGH.US,5,20260615,172500,5.215,5.28,5.215,5.27,330,0
ANGH.US,5,20260615,173000,5.48,5.48,5.48,5.48,100,0
ANGH.US,5,20260615,173500,5.4288,5.4825,5.4288,5.4825,543,0
ANGH.US,5,20260615,174000,5.49,5.5,5.49,5.5,300,0
ANGH.US,5,20260615,174500,5.4992,5.4992,5.4992,5.4992,300,0
ANGH.US,5,20260615,175500,5.3909,5.3909,5.3909,5.3909,100,0
ANGH.US,5,20260615,182500,5.4999,5.4999,5.4999,5.4999,100,0
ANGH.US,5,20260615,184000,5.39,5.39,5.02,5.0201,9178,0
ANGH.US,5,20260615,185500,5.4584,5.4584,5.4584,5.4584,100,0
ANGH.US,5,20260615,190500,5.04,5.04,5.04,5.04,200,0
ANGH.US,5,20260615,193500,5.3012,5.3012,5.3012,5.3012,100,0
ANGH.US,5,20260615,203000,5.461,5.461,5.461,5.461,100,0
ANGH.US,5,20260615,213000,5.35,5.49,5.35,5.49,200,0
ANGH.US,5,20260615,213500,5.3001,5.3001,5.3001,5.3001,331,0
ANGH.US,5,20260615,215000,5.4608,5.4608,5.4608,5.4608,100,0
ANGH.US,5,20260615,215500,5.46,5.46,5.46,5.46,100,0
ANGH.US,5,20260616,153000,5.58,5.58,5.58,5.58,509,0
ANGH.US,5,20260616,154000,5.35,5.35,5.35,5.35,200,0
ANGH.US,5,20260616,164500,5.4,5.53,5.39,5.53,300,0
ANGH.US,5,20260616,173000,5.52,5.53,5.52,5.52,511,0
ANGH.US,5,20260616,173500,5.25,5.25,5.25,5.25,245,0
ANGH.US,5,20260616,180500,5.52,5.52,5.52,5.52,200,0
ANGH.US,5,20260616,203500,5.53,5.53,5.53,5.53,508,0
ANGH.US,5,20260616,212000,5.54,5.69,5.53,5.69,700,0
ANGH.US,5,20260616,213000,5.672,5.672,5.672,5.672,100,0
ANGH.US,5,20260616,213500,5.68,5.68,5.67,5.67,400,0
ANGH.US,5,20260616,214500,5.77,5.77,5.77,5.77,125,0
ANGH.US,5,20260617,153000,5.5,5.645,5.5,5.645,261,0
ANGH.US,5,20260617,154000,5.4501,5.6181,5.3,5.3,800,0
ANGH.US,5,20260617,154500,5.645,5.645,5.645,5.645,125,0
ANGH.US,5,20260617,172000,5.83,5.83,5.83,5.83,250,0
ANGH.US,5,20260617,172500,5.6701,5.862,5.6701,5.862,375,0
ANGH.US,5,20260617,173000,5.68,5.825,5.68,5.825,500,0
ANGH.US,5,20260617,173500,5.85,5.85,5.85,5.85,246,0
ANGH.US,5,20260617,174000,5.82,5.82,5.69,5.7831,308,0
ANGH.US,5,20260617,175000,5.91,5.91,5.67,5.67,1158,0
ANGH.US,5,20260617,175500,5.825,5.825,5.825,5.825,125,0
ANGH.US,5,20260617,181000,5.825,5.825,5.825,5.825,200,0
ANGH.US,5,20260617,181500,5.825,5.825,5.825,5.825,178,0
ANGH.US,5,20260617,191000,5.67,5.67,5.67,5.67,833,0
ANGH.US,5,20260617,191500,5.825,5.825,5.825,5.825,125,0
ANGH.US,5,20260617,202500,5.785,5.785,5.785,5.785,250,0
ANGH.US,5,20260617,204500,5.808,5.808,5.808,5.808,125,0
ANGH.US,5,20260617,210000,5.785,5.9,5.785,5.9,250,0
ANGH.US,5,20260618,153500,5.715,5.715,5.715,5.715,848,0
ANGH.US,5,20260618,160500,5.75,5.75,5.75,5.75,145,0
ANGH.US,5,20260618,161500,5.6999,5.6999,5.6999,5.6999,847,0
ANGH.US,5,20260618,173000,5.65,5.65,5.65,5.65,100,0
ANGH.US,5,20260618,180500,5.89,5.89,5.775,5.775,210,0
ANGH.US,5,20260618,181500,5.741494,5.775,5.741494,5.775,250,0
ANGH.US,5,20260618,182000,5.7118,5.7819,5.7118,5.7819,375,0
ANGH.US,5,20260618,183500,5.7868,5.7868,5.775,5.775,375,0
ANGH.US,5,20260618,190000,5.6901,5.7494,5.6901,5.7494,250,0
ANGH.US,5,20260618,191500,5.69,5.69,5.69,5.69,356,0
ANGH.US,5,20260618,192000,5.795,5.795,5.795,5.795,125,0
ANGH.US,5,20260618,213500,5.69,5.79,5.69,5.69,600,0
ANGH.US,5,20260622,153000,5.56,5.56,5.51,5.51,863,0
ANGH.US,5,20260622,153500,5.6427,5.6427,5.6427,5.6427,125,0
ANGH.US,5,20260622,154500,5.54,5.6427,5.51,5.51,325,0
ANGH.US,5,20260622,155000,5.51,5.54,5.04,5.355,3381,0
ANGH.US,5,20260622,160000,5.1441,5.1441,4.81,4.81,825,0
ANGH.US,5,20260622,164500,5.2,5.2,5.2,5.2,200,0
ANGH.US,5,20260622,165500,5.2,5.2,5.2,5.2,114,0
ANGH.US,5,20260622,170000,5.28,5.34,5.28,5.34,200,0
ANGH.US,5,20260622,172000,5.21,5.21,5.2001,5.21,375,0
ANGH.US,5,20260622,172500,5.2,5.2,5.2,5.2,158,0
ANGH.US,5,20260622,182000,5.2685,5.2685,5.2685,5.2685,100,0
ANGH.US,5,20260622,182500,5,5,5,5,200,0
ANGH.US,5,20260622,194000,4.84,4.9,4.84,4.9,700,0
ANGH.US,5,20260622,194500,5,5.55,5,5.55,600,0
ANGH.US,5,20260622,195000,5.3,5.3,5.22,5.23,700,0
ANGH.US,5,20260622,195500,5.2,5.2,4.83,4.83,2191,0
ANGH.US,5,20260622,203500,5.3197,5.3197,5.3197,5.3197,100,0
ANGH.US,5,20260622,214500,4.84,4.84,4.84,4.84,100,0
