<TICKER>,<PER>,<DATE>,<TIME>,<OPEN>,<HIGH>,<LOW>,<CLOSE>,<VOL>,<OPENINT>
ATHR.US,5,20260126,153000,5.5,5.5,5.5,5.5,117,0
ATHR.US,5,20260126,161000,5.45,5.486619,5.45,5.486619,300,0
ATHR.US,5,20260126,171000,5.36,5.36,5.36,5.36,169,0
ATHR.US,5,20260126,181000,5.36,5.36,5.36,5.36,175,0
ATHR.US,5,20260126,215500,5.44,5.51,5.44,5.51,541,0
ATHR.US,5,20260127,153000,5.75,5.75,5.75,5.75,368,0
ATHR.US,5,20260127,153500,5.37,5.37,5.37,5.37,234,0
ATHR.US,5,20260127,172500,5.64,5.64,5.402,5.402,1900,0
ATHR.US,5,20260127,173500,5.6299,5.6299,5.6299,5.6299,100,0
ATHR.US,5,20260127,195000,5.37,5.37,5.37,5.37,150,0
ATHR.US,5,20260127,202000,5.4925,5.4925,5.4925,5.4925,100,0
ATHR.US,5,20260127,212500,5.47,5.47,5.47,5.47,200,0
ATHR.US,5,20260127,215500,5.37,5.57,5.19,5.57,589,0
ATHR.US,5,20260128,172500,5.38,5.38,5.38,5.38,300,0
ATHR.US,5,20260128,205500,5.455,5.455,5.455,5.455,100,0
ATHR.US,5,20260128,215500,5.54,5.54,5.54,5.54,382,0
ATHR.US,5,20260129,153500,5.516,5.516,5.516,5.516,300,0
ATHR.US,5,20260129,154500,5.456,5.456,5.445,5.445,696,0
ATHR.US,5,20260129,162000,5.49,5.49,5.49,5.49,100,0
ATHR.US,5,20260129,162500,5.495,5.495,5.46,5.46,250,0
ATHR.US,5,20260129,164000,5.45,5.45,5.45,5.45,100,0
ATHR.US,5,20260129,191500,5.41,5.41,5.36,5.36,1051,0
ATHR.US,5,20260129,201500,5.405,5.405,5.405,5.405,100,0
ATHR.US,5,20260129,202000,5.36,5.37,5.36,5.37,200,0
ATHR.US,5,20260129,215500,5.3435,5.35,5.3435,5.35,258,0
ATHR.US,5,20260130,154000,5.52,5.73,5.52,5.73,1239,0
ATHR.US,5,20260130,154500,5.3,5.3,5.3,5.3,200,0
ATHR.US,5,20260130,161500,5.47,5.47,5.44,5.47,465,0
ATHR.US,5,20260130,162000,5.45,5.45,5.45,5.45,100,0
ATHR.US,5,20260130,163500,5.45,5.45,5.41,5.41,810,0
ATHR.US,5,20260130,183500,5.3814,5.3814,5.3814,5.3814,100,0
ATHR.US,5,20260130,184500,5.41,5.41,5.41,5.41,200,0
ATHR.US,5,20260130,193500,5.3792,5.3792,5.3,5.31,1025,0
ATHR.US,5,20260130,194500,5.26,5.3,5.26,5.3,503,0
ATHR.US,5,20260130,195500,5.155,5.3,5.155,5.3,1000,0
ATHR.US,5,20260130,200000,5.29,5.3,5.199,5.3,1246,0
ATHR.US,5,20260130,200500,5.2973,5.3,5.2973,5.3,2915,0
ATHR.US,5,20260130,201000,5.515,5.515,5.515,5.515,100,0
ATHR.US,5,20260130,202500,5.72,5.74,5.6443,5.6443,858,0
ATHR.US,5,20260130,204500,5.46,5.46,5.42,5.42,346,0
ATHR.US,5,20260130,205000,5.5864,5.72,5.5864,5.5864,1541,0
ATHR.US,5,20260130,211500,5.6372,5.7299,5.51,5.51,7907,0
ATHR.US,5,20260130,212000,5.73,5.8,5.6775,5.7286,6329,0
ATHR.US,5,20260130,212500,5.8,6.2,5.7999,6.2,10668,0
ATHR.US,5,20260130,213000,6.1,6.18,5.8001,5.86,8129,0
ATHR.US,5,20260130,213500,5.971,6.035,5.971,6.035,200,0
ATHR.US,5,20260130,214000,6.17,6.17,6.17,6.17,100,0
ATHR.US,5,20260130,214500,6.18,6.18,5.9,5.9,765,0
ATHR.US,5,20260130,215000,6.085,6.085,6.08,6.08,200,0
ATHR.US,5,20260130,215500,6.15,6.15,5.902,5.91,600,0
ATHR.US,5,20260202,153000,5.64,5.64,5.64,5.64,100,0
ATHR.US,5,20260202,153500,5.51,5.5122,5.51,5.5122,751,0
ATHR.US,5,20260202,160000,6.01,6.03,5.862,5.862,1163,0
ATHR.US,5,20260202,161000,5.85,6,5.85,6,998,0
ATHR.US,5,20260202,164500,6,6,6,6,1211,0
ATHR.US,5,20260202,165000,5.84,5.85,5.84,5.85,500,0
ATHR.US,5,20260202,180500,5.88,5.89,5.88,5.88,1195,0
ATHR.US,5,20260202,183500,5.89,5.8901,5.89,5.8901,200,0
ATHR.US,5,20260202,190000,6.1,6.1,6,6,2100,0
ATHR.US,5,20260202,191000,6.08,6.08,6.08,6.08,200,0
ATHR.US,5,20260202,191500,6.08,6.1,5.99,5.99,1100,0
ATHR.US,5,20260202,215500,6.16,6.4999,6.16,6.27,5117,0
ATHR.US,5,20260203,153500,6.05,6.05,6.05,6.05,164,0
ATHR.US,5,20260203,154000,5.75,5.875,5.71,5.875,2091,0
ATHR.US,5,20260203,162500,5.9833,5.9833,5.9833,5.9833,100,0
ATHR.US,5,20260203,163500,5.77,6.04,5.76,6.04,1587,0
ATHR.US,5,20260203,165000,5.75,5.75,5.75,5.75,100,0
ATHR.US,5,20260203,170500,5.8261,5.8261,5.8261,5.8261,100,0
ATHR.US,5,20260203,172500,5.76,5.76,5.76,5.76,1566,0
ATHR.US,5,20260203,201500,5.8,5.8,5.72,5.72,1168,0
ATHR.US,5,20260203,202500,5.63,5.6301,5.63,5.6301,378,0
ATHR.US,5,20260203,203500,5.61,5.61,5.6,5.6001,1800,0
ATHR.US,5,20260203,205000,5.55,5.55,5.55,5.55,650,0
ATHR.US,5,20260203,205500,5.37,5.5099,5.365,5.5099,4192,0
ATHR.US,5,20260203,211500,5.55,5.55,5.55,5.55,200,0
ATHR.US,5,20260203,212000,5.6,5.6,5.58,5.58,200,0
ATHR.US,5,20260203,212500,5.5,5.5,5.5,5.5,1000,0
ATHR.US,5,20260203,213000,5.56,5.56,5.56,5.56,100,0
ATHR.US,5,20260203,213500,5.65,5.65,5.56,5.56,971,0
ATHR.US,5,20260203,215500,5.6,5.6,5.6,5.6,100,0
ATHR.US,5,20260204,160500,5.43,5.53,5.35,5.35,2777,0
ATHR.US,5,20260204,161000,5.35,5.598,5.25,5.598,1800,0
ATHR.US,5,20260204,161500,5.53,5.53,5.53,5.53,200,0
ATHR.US,5,20260204,162000,5.52,5.52,5.52,5.52,100,0
ATHR.US,5,20260204,165500,5.54,5.54,5.35,5.35,1500,0
ATHR.US,5,20260204,170000,5.53,5.53,5.28,5.495,1950,0
ATHR.US,5,20260204,171000,5.5,5.5,5.5,5.5,100,0
ATHR.US,5,20260204,174000,5.49,5.49,5.49,5.49,100,0
ATHR.US,5,20260204,215500,5.45,5.45,5.45,5.45,200,0
ATHR.US,5,20260205,172000,5.5,5.51,5.45,5.45,500,0
ATHR.US,5,20260205,172500,5.45,5.45,5.45,5.45,100,0
ATHR.US,5,20260205,182500,5.31,5.31,5.31,5.31,142,0
ATHR.US,5,20260205,183000,5.31,5.3101,5.19,5.31,2940,0
ATHR.US,5,20260205,184000,5.41,5.41,5.41,5.41,200,0
ATHR.US,5,20260205,185000,5.39,5.4399,5.05,5.4399,4438,0
ATHR.US,5,20260205,193000,5.44,5.44,5.44,5.44,545,0
ATHR.US,5,20260205,194000,5.36,5.44,5.36,5.44,405,0
ATHR.US,5,20260205,215500,5.4,5.4,5.16,5.16,200,0
ATHR.US,5,20260206,153000,5.2,5.2,5.2,5.2,237,0
ATHR.US,5,20260206,154000,5.6,5.72,5.6,5.69,400,0
ATHR.US,5,20260206,160500,5.3,5.3,5.3,5.3,100,0
ATHR.US,5,20260206,162500,5.45,5.45,5.375,5.4,500,0
ATHR.US,5,20260206,173000,5.4,5.4,5.4,5.4,110,0
ATHR.US,5,20260206,182500,5.465,5.465,5.465,5.465,100,0
ATHR.US,5,20260206,194500,5.415,5.43,5.4,5.4,600,0
ATHR.US,5,20260206,195000,5.4,5.42,5.4,5.4,789,0
ATHR.US,5,20260206,195500,5.45,5.45,5.45,5.45,400,0
ATHR.US,5,20260206,200500,5.68,5.73,5.515,5.72,2000,0
ATHR.US,5,20260206,201500,5.515,5.515,5.515,5.515,300,0
ATHR.US,5,20260206,205500,5.515,5.515,5.515,5.515,100,0
ATHR.US,5,20260206,210000,5.565,5.565,5.565,5.565,100,0
ATHR.US,5,20260206,210500,5.5,5.515,5.5,5.515,350,0
ATHR.US,5,20260209,153500,5.52,5.52,5.52,5.52,100,0
ATHR.US,5,20260209,154000,5.52,5.52,5.52,5.52,200,0
ATHR.US,5,20260209,163500,5.515,5.515,5.515,5.515,600,0
ATHR.US,5,20260209,174500,5.37,5.37,5.37,5.37,100,0
ATHR.US,5,20260209,183000,5.65,5.66,5.65,5.66,300,0
ATHR.US,5,20260209,185000,5.4,5.4,5.4,5.4,100,0
ATHR.US,5,20260209,215000,5.48,5.49,5.47,5.49,500,0
ATHR.US,5,20260209,215500,5.63,5.63,5.63,5.63,211,0
ATHR.US,5,20260210,164500,5.67,5.67,5.67,5.67,100,0
ATHR.US,5,20260210,173500,5.4733,5.4733,5.4733,5.4733,100,0
ATHR.US,5,20260210,181000,5.66,5.66,5.66,5.66,100,0
ATHR.US,5,20260210,183000,5.34,5.66,5.0441,5.0441,8836,0
ATHR.US,5,20260210,183500,5.44,5.44,5.0148,5.35,2514,0
ATHR.US,5,20260210,184000,5.42,5.42,5.42,5.42,100,0
ATHR.US,5,20260210,184500,5.407991,5.407991,5.407991,5.407991,200,0
ATHR.US,5,20260210,192500,5.53,5.53,5.53,5.53,100,0
ATHR.US,5,20260211,172000,5.21,5.27,5.1,5.27,4653,0
ATHR.US,5,20260211,172500,5.2701,5.2701,5.2701,5.2701,2500,0
ATHR.US,5,20260211,173000,5.2,5.2,5.2,5.2,200,0
ATHR.US,5,20260211,173500,5.2,5.2,5.2,5.2,300,0
ATHR.US,5,20260211,182000,5.25,5.25,5.25,5.25,100,0
ATHR.US,5,20260211,184500,5.195,5.195,5.195,5.195,100,0
ATHR.US,5,20260211,191000,5.2246,5.2246,5.12,5.12,800,0
ATHR.US,5,20260211,191500,5.11,5.11,5.06,5.1,970,0
ATHR.US,5,20260211,193500,5.04,5.04,5.04,5.04,100,0
ATHR.US,5,20260211,204500,5.165,5.165,5.165,5.165,200,0
ATHR.US,5,20260211,205000,5.258,5.258,5.07,5.165,1680,0
ATHR.US,5,20260211,205500,5.165,5.165,5.165,5.165,315,0
ATHR.US,5,20260211,214500,5.07,5.07,5.07,5.07,977,0
ATHR.US,5,20260211,215000,5.08,5.23,5.04,5.14,1100,0
ATHR.US,5,20260211,215500,5.14,5.23,5.1068,5.23,500,0
ATHR.US,5,20260212,174500,5.1,5.1,5.1,5.1,990,0
ATHR.US,5,20260212,184500,5.255,5.255,5.04,5.04,300,0
ATHR.US,5,20260212,185500,5.0909,5.0909,5.0909,5.0909,299,0
ATHR.US,5,20260212,191000,5.03,5.04,4.75,5.03,3866,0
ATHR.US,5,20260212,191500,5.13,5.165,5.1,5.1,400,0
ATHR.US,5,20260212,192500,4.78,4.8,4.76,4.8,500,0
ATHR.US,5,20260212,193000,4.77,4.77,4.77,4.77,100,0
ATHR.US,5,20260212,201000,4.8,4.9,4.8,4.9,2259,0
ATHR.US,5,20260212,203000,4.93,4.93,4.93,4.93,100,0
ATHR.US,5,20260212,211000,4.73,4.95,4.71,4.95,600,0
ATHR.US,5,20260212,211500,4.76,4.76,4.76,4.76,100,0
ATHR.US,5,20260212,215000,4.714,4.73,4.5884,4.6,1156,0
ATHR.US,5,20260212,215500,4.72,4.72,4.54,4.54,200,0
ATHR.US,5,20260213,160000,5,5.05,5,5.05,300,0
ATHR.US,5,20260213,172000,4.975,4.975,4.975,4.975,500,0
ATHR.US,5,20260213,173500,4.64,4.67,4.64,4.64,411,0
ATHR.US,5,20260213,174000,4.6978,4.6978,4.655,4.655,200,0
ATHR.US,5,20260213,174500,4.655,4.655,4.62,4.62,369,0
ATHR.US,5,20260213,180500,4.64,4.67,4.62,4.67,581,0
ATHR.US,5,20260213,181000,4.63,4.63,4.63,4.63,200,0
ATHR.US,5,20260213,183000,4.67,4.7,4.6699,4.7,1210,0
ATHR.US,5,20260213,184500,4.7544,4.7544,4.7544,4.7544,100,0
ATHR.US,5,20260213,185000,4.81,4.81,4.75,4.785,500,0
ATHR.US,5,20260213,185500,4.7,4.7,4.62,4.62,1134,0
ATHR.US,5,20260213,190500,4.62,4.62,4.62,4.62,100,0
ATHR.US,5,20260213,192000,4.63,4.63,4.62,4.62,433,0
ATHR.US,5,20260213,213500,4.85,4.85,4.85,4.85,100,0
ATHR.US,5,20260213,214000,4.94,4.94,4.94,4.94,100,0
ATHR.US,5,20260217,153000,4.5,4.5,4.5,4.5,200,0
ATHR.US,5,20260217,153500,5.0522,5.0522,5,5,800,0
ATHR.US,5,20260217,154000,5,5,5,5,400,0
ATHR.US,5,20260217,154500,4.77,4.98,4.77,4.98,200,0
ATHR.US,5,20260217,155500,4.76,4.97,4.55,4.55,2100,0
ATHR.US,5,20260217,161000,4.986,4.986,4.986,4.986,100,0
ATHR.US,5,20260217,163500,4.66,4.77,4.5501,4.5501,300,0
ATHR.US,5,20260217,165000,4.9,4.9,4.9,4.9,200,0
ATHR.US,5,20260217,170500,4.9038,4.9038,4.9038,4.9038,300,0
ATHR.US,5,20260217,180000,4.9804,4.9804,4.9804,4.9804,125,0
ATHR.US,5,20260217,192500,4.795,4.795,4.795,4.795,749,0
ATHR.US,5,20260217,201000,4.96,4.96,4.795,4.795,300,0
ATHR.US,5,20260217,215000,4.7,4.7,4.7,4.7,301,0
ATHR.US,5,20260217,215500,4.845,4.93,4.845,4.93,208,0
ATHR.US,5,20260218,154500,4.81,4.81,4.81,4.81,500,0
ATHR.US,5,20260218,160000,4.6,4.6,4.58,4.58,493,0
ATHR.US,5,20260218,172500,4.95,4.95,4.95,4.95,100,0
ATHR.US,5,20260218,173000,4.9,4.9,4.9,4.9,300,0
ATHR.US,5,20260218,181500,4.9701,4.9701,4.59,4.8266,5175,0
ATHR.US,5,20260218,191000,4.63,4.63,4.63,4.63,100,0
ATHR.US,5,20260218,195500,4.79,4.79,4.79,4.79,100,0
ATHR.US,5,20260218,201000,4.62,4.62,4.58,4.58,725,0
ATHR.US,5,20260218,201500,4.69,4.69,4.69,4.69,200,0
ATHR.US,5,20260218,203000,4.68,4.68,4.68,4.68,100,0
ATHR.US,5,20260218,204000,4.91,4.91,4.53,4.53,300,0
ATHR.US,5,20260218,204500,4.79,4.79,4.79,4.79,100,0
ATHR.US,5,20260218,205500,4.56,4.56,4.56,4.56,100,0
ATHR.US,5,20260218,214000,4.93,4.93,4.93,4.93,405,0
ATHR.US,5,20260218,214500,4.55,4.55,4.55,4.55,100,0
ATHR.US,5,20260218,215000,4.55,4.56,4.5,4.5,750,0
ATHR.US,5,20260218,215500,4.48,4.59,4.48,4.59,301,0
ATHR.US,5,20260219,153000,4.54,4.54,4.54,4.54,109,0
ATHR.US,5,20260219,155000,4.74,4.74,4.7,4.7,500,0
ATHR.US,5,20260219,155500,4.91,4.91,4.675,4.7,2200,0
ATHR.US,5,20260219,162500,4.42,4.4701,4.3,4.4202,4088,0
ATHR.US,5,20260219,163000,4.32,4.32,4.32,4.32,273,0
ATHR.US,5,20260219,163500,4.47,4.47,4.47,4.47,1000,0
ATHR.US,5,20260219,171500,4.3,4.32,4.3,4.32,500,0
ATHR.US,5,20260219,183000,4.215,4.215,4.12,4.125,300,0
ATHR.US,5,20260219,183500,4.08,4.1,4.08,4.1,1084,0
ATHR.US,5,20260219,184000,4.09,4.09,4.04,4.04,300,0
ATHR.US,5,20260219,184500,4.04,4.04,4.02,4.02,742,0
ATHR.US,5,20260219,185000,4.04,4.05,4.03,4.03,1111,0
ATHR.US,5,20260219,185500,4.02,4.16,4.02,4.16,500,0
ATHR.US,5,20260219,191000,4.33,4.39,4.3,4.3,850,0
ATHR.US,5,20260219,191500,4.37,4.37,4.37,4.37,100,0
ATHR.US,5,20260219,194000,4.34,4.34,4.34,4.34,100,0
ATHR.US,5,20260219,194500,4.2,4.2,4.2,4.2,100,0
ATHR.US,5,20260219,200000,4.2,4.2,4.2,4.2,700,0
ATHR.US,5,20260219,200500,4.32,4.32,4.32,4.32,282,0
ATHR.US,5,20260219,210500,4.11,4.11,4.11,4.11,100,0
ATHR.US,5,20260219,211500,4.225,4.225,4.225,4.225,175,0
ATHR.US,5,20260219,215000,4.175,4.175,4.175,4.175,100,0
ATHR.US,5,20260219,215500,4.02,4.02,3.94,3.94,300,0
ATHR.US,5,20260220,154500,4.25,4.25,4.25,4.25,400,0
ATHR.US,5,20260220,155000,4.54,4.54,4.21,4.21,350,0
ATHR.US,5,20260220,155500,4.36,4.36,4.36,4.36,596,0
ATHR.US,5,20260220,160000,4,4,3.97,3.97,456,0
ATHR.US,5,20260220,161500,4.135,4.135,4.135,4.135,100,0
ATHR.US,5,20260220,162500,3.94,3.94,3.94,3.94,100,0
ATHR.US,5,20260220,165000,4.2,4.2,4.2,4.2,1100,0
ATHR.US,5,20260220,194500,4,4,3.96,3.96,360,0
ATHR.US,5,20260220,210000,3.9601,3.9601,3.96,3.9601,400,0
ATHR.US,5,20260220,210500,4,4,4,4,187,0
ATHR.US,5,20260220,211500,4.1677,4.1677,4.1677,4.1677,500,0
ATHR.US,5,20260220,212000,4.03,4.06,4.0101,4.0101,744,0
ATHR.US,5,20260220,215500,3.97,3.97,3.97,3.97,100,0
ATHR.US,5,20260223,154500,4.1051,4.1051,4.1051,4.1051,1000,0
ATHR.US,5,20260223,164500,4.02,4.1,4,4.1,7271,0
ATHR.US,5,20260223,170000,3.84,3.86,3.8,3.8,400,0
ATHR.US,5,20260223,171500,3.6,3.6,3.44,3.44,2021,0
ATHR.US,5,20260223,172000,3.75,3.8,3.65,3.8,706,0
ATHR.US,5,20260223,172500,4,4,4,4,4880,0
ATHR.US,5,20260223,173000,3.83,3.915,3.56,3.8,3546,0
ATHR.US,5,20260223,174000,4,4,4,4,100,0
ATHR.US,5,20260223,181000,4.03,4.03,3.77,4.03,1500,0
ATHR.US,5,20260223,181500,4.03,4.03,4.03,4.03,150,0
ATHR.US,5,20260223,184500,3.88,3.88,3.88,3.88,100,0
ATHR.US,5,20260223,185500,3.85,3.85,3.8,3.8,300,0
ATHR.US,5,20260223,201500,3.77,3.78,3.67,3.78,1121,0
ATHR.US,5,20260223,203000,3.78,3.78,3.78,3.78,100,0
ATHR.US,5,20260223,203500,3.72,3.8,3.71,3.77,2659,0
ATHR.US,5,20260223,204000,3.91,3.91,3.8,3.8,400,0
ATHR.US,5,20260223,205000,3.92,3.92,3.92,3.92,100,0
ATHR.US,5,20260223,211500,3.94,3.94,3.94,3.94,100,0
ATHR.US,5,20260223,215500,3.66,3.66,3.66,3.66,110,0
ATHR.US,5,20260224,164000,3.54,3.54,3.54,3.54,400,0
ATHR.US,5,20260224,165000,3.57,3.58,3.54,3.54,400,0
ATHR.US,5,20260224,170000,3.58,3.58,3.58,3.58,100,0
ATHR.US,5,20260224,170500,3.51,3.68,3.51,3.68,300,0
ATHR.US,5,20260224,172500,3.575,3.575,3.575,3.575,116,0
ATHR.US,5,20260224,174000,3.68,3.68,3.6,3.6,5700,0
ATHR.US,5,20260224,174500,3.6875,3.6875,3.6875,3.6875,480,0
ATHR.US,5,20260224,175500,3.6,3.6,3.45,3.45,5999,0
ATHR.US,5,20260224,180000,3.44,3.44,3.41,3.41,207,0
ATHR.US,5,20260224,193000,3.43,3.64,3.42,3.64,1633,0
ATHR.US,5,20260224,194500,3.48,3.5,3.41,3.5,526,0
ATHR.US,5,20260224,195000,3.41,3.41,3.41,3.41,574,0
ATHR.US,5,20260224,200500,3.35,3.35,3.3,3.3,300,0
ATHR.US,5,20260224,202500,3.3,3.3,3.3,3.3,503,0
ATHR.US,5,20260224,203000,3.3,3.68,3.3,3.68,1518,0
ATHR.US,5,20260224,203500,3.54,3.59,3.54,3.59,200,0
ATHR.US,5,20260224,204000,3.42,3.42,3.41,3.415,1800,0
ATHR.US,5,20260224,210500,3.31,3.31,3.31,3.31,950,0
ATHR.US,5,20260224,212500,3.35,3.35,3.35,3.35,100,0
ATHR.US,5,20260224,214000,3.1,3.1,3.1,3.1,100,0
ATHR.US,5,20260224,214500,3.215,3.215,3.215,3.215,100,0
ATHR.US,5,20260225,153000,3.17,3.17,3.16,3.16,910,0
ATHR.US,5,20260225,154000,3.12,3.12,3.1,3.1,299,0
ATHR.US,5,20260225,154500,3.2,3.27,3.02,3.1559,1621,0
ATHR.US,5,20260225,155000,3.2,3.2,3.2,3.2,310,0
ATHR.US,5,20260225,155500,3.1741,3.1741,3.152,3.166,500,0
ATHR.US,5,20260225,160500,3.13,3.2476,3.13,3.13,2200,0
ATHR.US,5,20260225,170000,3.215,3.28,3.19,3.19,1100,0
ATHR.US,5,20260225,172000,3.2899,3.2899,3.2899,3.2899,200,0
ATHR.US,5,20260225,180500,3.2591,3.2591,3.2591,3.2591,136,0
ATHR.US,5,20260225,182500,3.2,3.2989,3.2,3.2989,200,0
ATHR.US,5,20260225,184500,3.3,3.3,3.3,3.3,3194,0
ATHR.US,5,20260225,185000,3.41,3.46,3.24,3.28,2596,0
ATHR.US,5,20260225,185500,3.4,3.4,3.35,3.4,800,0
ATHR.US,5,20260225,190000,3.4,3.4,3.3,3.3,300,0
ATHR.US,5,20260225,193500,3.29,3.29,3.29,3.29,300,0
ATHR.US,5,20260225,210000,3.33,3.33,3.33,3.33,100,0
ATHR.US,5,20260226,155000,3.27,3.27,3.27,3.27,300,0
ATHR.US,5,20260226,155500,3.27,3.56,3.27,3.46,1390,0
ATHR.US,5,20260226,160000,3.67,3.67,3.35,3.53,8663,0
ATHR.US,5,20260226,160500,3.54,3.54,3.51,3.51,200,0
ATHR.US,5,20260226,161500,3.7299,3.7299,3.7299,3.7299,500,0
ATHR.US,5,20260226,162000,3.57,3.73,3.42,3.73,660,0
ATHR.US,5,20260226,163000,3.5,3.5,3.48,3.48,787,0
ATHR.US,5,20260226,164500,3.57,3.7,3.51,3.62,4910,0
ATHR.US,5,20260226,165000,3.765,3.765,3.5,3.5,939,0
ATHR.US,5,20260226,165500,3.54,3.54,3.54,3.54,100,0
ATHR.US,5,20260226,170000,3.53,3.565,3.45,3.55,3665,0
ATHR.US,5,20260226,170500,3.5,3.5,3.5,3.5,200,0
ATHR.US,5,20260226,172000,3.5299,3.5299,3.5299,3.5299,1000,0
ATHR.US,5,20260226,172500,3.53,3.53,3.45,3.45,240,0
ATHR.US,5,20260226,175500,3.473,3.4842,3.473,3.48,700,0
ATHR.US,5,20260226,191500,3.38,3.4,3.249,3.36,6240,0
ATHR.US,5,20260226,193000,3.3245,3.3245,3.3245,3.3245,200,0
ATHR.US,5,20260227,153000,3.5,3.7,3.5,3.59,700,0
ATHR.US,5,20260227,162000,3.61,3.61,3.49,3.5,600,0
ATHR.US,5,20260227,164500,3.46,3.46,3.3725,3.3725,1200,0
ATHR.US,5,20260227,165500,3.3416,3.3416,3.3416,3.3416,140,0
ATHR.US,5,20260227,180000,3.53,3.53,3.53,3.53,100,0
ATHR.US,5,20260227,180500,3.415,3.415,3.415,3.415,100,0
ATHR.US,5,20260227,192500,3.42,3.42,3.42,3.42,100,0
ATHR.US,5,20260227,205000,3.39,3.535,3.39,3.535,1153,0
ATHR.US,5,20260227,210500,3.34,3.34,3.34,3.34,800,0
ATHR.US,5,20260227,211000,3.57,3.61,3.57,3.6,300,0
ATHR.US,5,20260227,215500,3.58,3.58,3.58,3.58,205,0
ATHR.US,5,20260302,153000,3.5,3.5,3.5,3.5,202,0
ATHR.US,5,20260302,154500,3.47,3.47,3.47,3.47,100,0
ATHR.US,5,20260302,160500,3.39,3.39,3.39,3.39,1000,0
ATHR.US,5,20260302,164000,3.3,3.49,3.3,3.49,1287,0
ATHR.US,5,20260302,185500,3.49,3.73,3.49,3.73,398,0
ATHR.US,5,20260302,190000,3.65,3.65,3.525,3.53,1821,0
ATHR.US,5,20260302,190500,3.5983,3.735,3.5983,3.735,895,0
ATHR.US,5,20260302,194500,3.695,3.695,3.695,3.695,3000,0
ATHR.US,5,20260302,203000,3.7,3.7,3.7,3.7,1206,0
ATHR.US,5,20260302,213000,3.66,3.66,3.66,3.66,100,0
ATHR.US,5,20260302,214000,3.505,3.505,3.505,3.505,100,0
ATHR.US,5,20260302,215500,3.505,3.505,3.42,3.42,300,0
ATHR.US,5,20260303,173000,3.4,3.48,3.4,3.48,1606,0
ATHR.US,5,20260303,175000,3.4399,3.44,3.43,3.44,1375,0
ATHR.US,5,20260303,175500,3.49,3.49,3.49,3.49,142,0
ATHR.US,5,20260303,184500,3.4499,3.45,3.4499,3.45,1100,0
ATHR.US,5,20260303,192500,3.415,3.65,3.415,3.5,2284,0
ATHR.US,5,20260303,193000,3.5,3.6,3.5,3.6,550,0
ATHR.US,5,20260303,202000,3.61,3.64,3.6,3.6,1000,0
ATHR.US,5,20260303,215500,3.37,3.37,3.37,3.37,100,0
ATHR.US,5,20260304,155000,3.51,3.56,3.46,3.56,1300,0
ATHR.US,5,20260304,155500,3.8,3.8,3.65,3.65,1894,0
ATHR.US,5,20260304,160000,3.61,3.76,3.61,3.76,2282,0
ATHR.US,5,20260304,160500,3.66,3.66,3.66,3.66,100,0
ATHR.US,5,20260304,161000,3.6,3.82,3.35,3.82,2400,0
ATHR.US,5,20260304,161500,3.85,3.85,3.71,3.71,591,0
ATHR.US,5,20260304,162000,3.8,3.8475,3.72,3.8475,2378,0
ATHR.US,5,20260304,162500,3.71,3.71,3.71,3.71,100,0
ATHR.US,5,20260304,165500,3.63,3.75,3.6,3.75,1969,0
ATHR.US,5,20260304,170000,3.6301,3.68,3.6301,3.68,1979,0
ATHR.US,5,20260304,173000,3.6301,3.6301,3.6301,3.6301,1000,0
ATHR.US,5,20260304,174500,3.7999,3.7999,3.63,3.63,500,0
ATHR.US,5,20260304,175000,3.7998,3.7998,3.7998,3.7998,100,0
ATHR.US,5,20260304,180000,3.69,3.69,3.69,3.69,100,0
ATHR.US,5,20260304,194000,3.6015,3.6015,3.6015,3.6015,250,0
ATHR.US,5,20260304,195000,3.48,3.48,3.48,3.48,609,0
ATHR.US,5,20260304,202000,3.68,3.68,3.68,3.68,500,0
ATHR.US,5,20260304,205500,3.5,3.51,3.38,3.41,2856,0
ATHR.US,5,20260304,210000,3.57,3.57,3.57,3.57,398,0
ATHR.US,5,20260304,210500,3.6,3.6,3.54,3.54,974,0
ATHR.US,5,20260304,211000,3.54,3.54,3.54,3.54,100,0
ATHR.US,5,20260304,215500,3.503,3.503,3.503,3.503,141,0
ATHR.US,5,20260305,154000,3.79,4,3.79,3.9,300,0
ATHR.US,5,20260305,154500,4,4,3.8,3.8,3900,0
ATHR.US,5,20260305,155000,3.95,3.95,3.9,3.9,200,0
ATHR.US,5,20260305,155500,4.01,4.01,3.79,3.885,2057,0
ATHR.US,5,20260305,160500,3.59,3.59,3.59,3.59,100,0
ATHR.US,5,20260305,161000,3.62,3.62,3.62,3.62,300,0
ATHR.US,5,20260305,163000,3.59,3.59,3.58,3.58,400,0
ATHR.US,5,20260305,163500,3.63,3.63,3.58,3.58,200,0
ATHR.US,5,20260305,164000,3.63,3.63,3.63,3.63,100,0
ATHR.US,5,20260305,164500,3.65,3.65,3.53,3.54,800,0
ATHR.US,5,20260305,165000,3.6,3.6,3.6,3.6,100,0
ATHR.US,5,20260305,193000,3.53,3.53,3.53,3.53,200,0
ATHR.US,5,20260305,204000,3.56,3.56,3.55,3.55,200,0
ATHR.US,5,20260306,155500,3.5451,3.5451,3.5451,3.5451,139,0
ATHR.US,5,20260306,172000,3.64,3.64,3.5,3.5,200,0
ATHR.US,5,20260306,183500,3.4,3.52,3.33,3.48,1324,0
ATHR.US,5,20260306,184500,3.2021,3.2021,3.2021,3.2021,500,0
ATHR.US,5,20260306,190500,3.335,3.335,3.335,3.335,900,0
ATHR.US,5,20260306,191000,3.44,3.44,3.44,3.44,100,0
ATHR.US,5,20260306,192000,3.39,3.39,3.38,3.38,200,0
ATHR.US,5,20260306,192500,3.37,3.45,3.37,3.45,400,0
ATHR.US,5,20260306,194000,3.41,3.41,3.41,3.41,121,0
ATHR.US,5,20260306,194500,3.35,3.35,3.35,3.35,100,0
ATHR.US,5,20260306,195000,3.32,3.32,3.32,3.32,100,0
ATHR.US,5,20260306,195500,3.27,3.32,3.27,3.32,600,0
ATHR.US,5,20260306,201000,3.2911,3.2911,3.2911,3.2911,500,0
ATHR.US,5,20260306,201500,3.4,3.4,3.4,3.4,100,0
ATHR.US,5,20260306,214500,3.3476,3.38,3.3476,3.37,300,0
ATHR.US,5,20260309,144000,3.48,3.5,3.48,3.5,200,0
ATHR.US,5,20260309,144500,3.83,3.83,3.83,3.83,331,0
ATHR.US,5,20260309,145000,3.45,3.45,3.45,3.45,200,0
ATHR.US,5,20260309,145500,3.32,3.32,3.32,3.32,200,0
ATHR.US,5,20260309,150000,3.33,3.4,3.33,3.4,270,0
ATHR.US,5,20260309,155000,3.33,3.37,3.33,3.37,300,0
ATHR.US,5,20260309,155500,3.34,3.34,3.34,3.34,100,0
ATHR.US,5,20260309,163000,3.17,3.17,3.16,3.16,554,0
ATHR.US,5,20260309,170000,3.11,3.11,3.11,3.11,1000,0
ATHR.US,5,20260309,171500,3.27,3.28,3.27,3.28,495,0
ATHR.US,5,20260309,183000,3.255,3.255,3.255,3.255,309,0
ATHR.US,5,20260309,204000,3.34,3.34,3.34,3.34,100,0
ATHR.US,5,20260309,205500,3.32,3.32,3.32,3.32,104,0
ATHR.US,5,20260310,152000,3.1577,3.1577,3.1577,3.1577,200,0
ATHR.US,5,20260310,160000,3.33,3.33,3.33,3.33,100,0
ATHR.US,5,20260310,184500,3.29,3.29,3.275,3.275,800,0
ATHR.US,5,20260310,185500,3.2761,3.3,3.2761,3.3,1400,0
ATHR.US,5,20260310,190000,3.3,3.3,3.3,3.3,100,0
ATHR.US,5,20260310,191500,3.26,3.26,3.26,3.26,200,0
ATHR.US,5,20260310,202500,3.22,3.29,3.22,3.24,600,0
ATHR.US,5,20260311,145000,3.3,3.3,3.3,3.3,100,0
ATHR.US,5,20260311,155000,3.225,3.225,3.225,3.225,100,0
ATHR.US,5,20260311,160000,3.23,3.23,3.23,3.23,100,0
ATHR.US,5,20260311,165500,3.21,3.22,3.2088,3.22,680,0
ATHR.US,5,20260311,170000,3.22,3.22,3.22,3.22,479,0
ATHR.US,5,20260311,193500,3.29,3.29,3.29,3.29,100,0
ATHR.US,5,20260311,205500,3.225,3.225,3.225,3.225,100,0
ATHR.US,5,20260312,171500,3.27,3.27,3.27,3.27,100,0
ATHR.US,5,20260312,192000,3.2061,3.2061,3.2,3.2,200,0
ATHR.US,5,20260312,201500,3.18,3.18,3.18,3.18,100,0
ATHR.US,5,20260312,205500,3.13,3.28,3.13,3.28,245,0
ATHR.US,5,20260313,170500,3.27,3.27,3.27,3.27,100,0
ATHR.US,5,20260313,171000,3.25,3.25,3.25,3.25,100,0
ATHR.US,5,20260313,192000,3.23,3.23,3.17,3.23,950,0
ATHR.US,5,20260313,205000,3.145,3.145,3.145,3.145,139,0
ATHR.US,5,20260316,143000,3.24,3.24,3.24,3.24,100,0
ATHR.US,5,20260316,145500,3.1,3.1,3.1,3.1,100,0
ATHR.US,5,20260316,163500,3.31,3.4,3.29,3.29,2172,0
ATHR.US,5,20260316,172000,3.15,3.15,3.15,3.15,103,0
ATHR.US,5,20260316,185500,3.2,3.21,3.2,3.2,1088,0
ATHR.US,5,20260316,190500,3.22,3.22,3.22,3.22,200,0
ATHR.US,5,20260316,192000,3.2,3.2,3.2,3.2,200,0
ATHR.US,5,20260316,193000,3.2,3.2,3.2,3.2,100,0
ATHR.US,5,20260316,193500,3.2,3.2,3.2,3.2,200,0
ATHR.US,5,20260316,194000,3.2,3.39,3.2,3.28,868,0
ATHR.US,5,20260316,200000,3.31,3.31,3.31,3.31,100,0
ATHR.US,5,20260316,201000,3.28,3.28,3.28,3.28,100,0
ATHR.US,5,20260316,204000,3.25,3.25,3.25,3.25,100,0
ATHR.US,5,20260316,205500,3.16,3.2,3.16,3.2,200,0
ATHR.US,5,20260317,145500,3.3,3.32,3.3,3.3,1244,0
ATHR.US,5,20260317,150000,3.36,3.36,3.36,3.36,295,0
ATHR.US,5,20260317,152500,3.3,3.3,3.3,3.3,100,0
ATHR.US,5,20260317,161000,3.28,3.28,3.28,3.28,100,0
ATHR.US,5,20260317,182500,3.2674,3.2674,3.2674,3.2674,200,0
ATHR.US,5,20260317,205500,3.13,3.13,3.13,3.13,339,0
ATHR.US,5,20260318,150000,3.13,3.18,3.13,3.18,300,0
ATHR.US,5,20260318,152000,3.25,3.25,3.25,3.25,280,0
ATHR.US,5,20260318,161500,3.16,3.22,3.16,3.22,200,0
ATHR.US,5,20260318,163000,3.01,3.04,3.01,3.04,302,0
ATHR.US,5,20260318,172000,3.15,3.15,3.15,3.15,100,0
ATHR.US,5,20260318,183000,3.13,3.13,3.13,3.13,290,0
ATHR.US,5,20260318,205500,3.23,3.23,3.13,3.13,225,0
ATHR.US,5,20260319,152000,3.22,3.22,3.22,3.22,1511,0
ATHR.US,5,20260319,152500,3.0456,3.0456,3,3,2863,0
ATHR.US,5,20260319,153000,2.96,2.96,2.96,2.96,500,0
ATHR.US,5,20260319,153500,2.85,2.99,2.84,2.91,500,0
ATHR.US,5,20260319,154000,2.86,2.86,2.86,2.86,100,0
ATHR.US,5,20260319,154500,2.7912,2.8,2.604,2.8,1900,0
ATHR.US,5,20260319,155000,2.5027,2.53,2.4933,2.4933,480,0
ATHR.US,5,20260319,155500,2.5098,2.5098,2.5098,2.5098,194,0
ATHR.US,5,20260319,160000,2.68,2.74,2.68,2.68,2390,0
ATHR.US,5,20260319,161000,2.72,2.72,2.72,2.72,100,0
ATHR.US,5,20260319,163000,2.7401,2.7401,2.74,2.74,2202,0
ATHR.US,5,20260319,164000,2.73,2.73,2.73,2.73,3000,0
ATHR.US,5,20260319,174000,2.6,2.6,2.6,2.6,400,0
ATHR.US,5,20260319,175500,2.76,2.76,2.76,2.76,100,0
ATHR.US,5,20260319,192000,2.79,2.79,2.79,2.79,150,0
ATHR.US,5,20260319,204000,2.72,2.72,2.72,2.72,400,0
ATHR.US,5,20260319,205500,2.58,2.7,2.58,2.7,458,0
ATHR.US,5,20260320,150000,2.616,2.616,2.616,2.616,3100,0
ATHR.US,5,20260320,163500,2.62,2.62,2.4,2.4,9009,0
ATHR.US,5,20260320,165000,2.63,2.63,2.63,2.63,100,0
ATHR.US,5,20260320,170000,2.6255,2.6255,2.6255,2.6255,100,0
ATHR.US,5,20260320,183500,2.52,2.55,2.5,2.55,900,0
ATHR.US,5,20260320,184000,2.5785,2.5785,2.575,2.575,2200,0
ATHR.US,5,20260320,184500,2.575,2.575,2.575,2.575,100,0
ATHR.US,5,20260320,192500,2.5574,2.5574,2.5574,2.5574,1000,0
ATHR.US,5,20260320,201500,2.53,2.53,2.53,2.53,980,0
ATHR.US,5,20260320,205000,2.41,2.51,2.41,2.51,205,0
ATHR.US,5,20260320,205500,2.34,2.34,2.34,2.34,7755,0
ATHR.US,5,20260323,143500,2.2,2.2001,2.2,2.2001,990,0
ATHR.US,5,20260323,145000,2.29,2.29,2.29,2.29,100,0
ATHR.US,5,20260323,162500,2.8,2.81,2.8,2.8,2100,0
ATHR.US,5,20260323,163000,2.72,2.72,2.72,2.72,100,0
ATHR.US,5,20260323,164500,2.71,2.71,2.63,2.63,200,0
ATHR.US,5,20260323,165000,2.58,2.58,2.58,2.58,200,0
ATHR.US,5,20260323,165500,2.504,2.504,2.504,2.504,100,0
ATHR.US,5,20260323,181500,2.58,2.58,2.58,2.58,1000,0
ATHR.US,5,20260323,201500,2.5123,2.5123,2.5123,2.5123,100,0
ATHR.US,5,20260323,204000,2.52,2.52,2.52,2.52,100,0
ATHR.US,5,20260324,154000,2.8,2.8,2.8,2.8,200,0
ATHR.US,5,20260324,154500,2.65,2.65,2.65,2.65,300,0
ATHR.US,5,20260324,163000,2.45,2.495,2.29,2.29,3355,0
ATHR.US,5,20260324,163500,2.71,2.8,2.71,2.72,2394,0
ATHR.US,5,20260324,164000,2.8,2.8,2.75,2.75,390,0
ATHR.US,5,20260324,164500,2.4104,2.4104,2.4104,2.4104,663,0
ATHR.US,5,20260324,171500,2.51,2.62,2.51,2.56,1500,0
ATHR.US,5,20260324,172000,2.74,2.74,2.7,2.7,1020,0
ATHR.US,5,20260324,172500,2.68,2.7,2.59,2.59,700,0
ATHR.US,5,20260324,173000,2.59,2.65,2.59,2.65,624,0
ATHR.US,5,20260324,173500,2.65,2.65,2.65,2.65,300,0
ATHR.US,5,20260324,174000,2.6092,2.6092,2.6092,2.6092,642,0
ATHR.US,5,20260324,183500,2.5,2.5,2.5,2.5,357,0
ATHR.US,5,20260324,201000,2.5,2.51,2.49,2.5,2370,0
ATHR.US,5,20260324,201500,2.58,2.7,2.58,2.67,1300,0
ATHR.US,5,20260324,202000,2.61,3,2.61,3,1550,0
ATHR.US,5,20260324,202500,3,3.155,2.93,3.125,3000,0
ATHR.US,5,20260324,203000,3.08,3.1,3.02,3.02,955,0
ATHR.US,5,20260324,203500,2.93,3.16,2.93,3.15,2850,0
ATHR.US,5,20260324,205000,2.84,2.84,2.84,2.84,100,0
ATHR.US,5,20260324,205500,2.93,2.93,2.84,2.84,579,0
ATHR.US,5,20260325,143000,3.15,3.2,3.1,3.2,986,0
ATHR.US,5,20260325,143500,3.15,3.29,3.03,3.22,6207,0
ATHR.US,5,20260325,144000,3.16,3.29,3.1,3.15,4200,0
ATHR.US,5,20260325,144500,3.19,3.19,3.1,3.1,808,0
ATHR.US,5,20260325,145500,3,3,2.9177,2.9177,200,0
ATHR.US,5,20260325,150000,3,3,2.925,2.925,300,0
ATHR.US,5,20260325,150500,2.92,2.92,2.92,2.92,1005,0
ATHR.US,5,20260325,153000,2.7,2.7,2.7,2.7,100,0
ATHR.US,5,20260325,154500,2.66,2.66,2.66,2.66,2500,0
ATHR.US,5,20260325,160000,2.8094,2.8094,2.8094,2.8094,204,0
ATHR.US,5,20260325,180500,2.81,2.81,2.81,2.81,200,0
ATHR.US,5,20260325,181000,2.64,2.64,2.64,2.64,1445,0
ATHR.US,5,20260325,192000,2.65,2.65,2.65,2.65,150,0
ATHR.US,5,20260325,200000,2.52,2.56,2.51,2.56,800,0
ATHR.US,5,20260325,200500,2.72,2.84,2.7,2.84,6454,0
ATHR.US,5,20260325,201000,2.95,2.95,2.95,2.95,200,0
ATHR.US,5,20260325,202000,3.0093,3.0093,3.0093,3.0093,200,0
ATHR.US,5,20260325,205500,2.95,2.95,2.95,2.95,101,0
ATHR.US,5,20260326,143500,3.055,3.055,3.03,3.03,200,0
ATHR.US,5,20260326,144000,2.96,2.99,2.72,2.99,2177,0
ATHR.US,5,20260326,170500,2.8,2.8,2.8,2.8,130,0
ATHR.US,5,20260326,171000,2.95,2.95,2.95,2.95,100,0
ATHR.US,5,20260326,181500,2.835,2.835,2.835,2.835,455,0
ATHR.US,5,20260326,200000,2.96,2.96,2.95,2.96,2191,0
ATHR.US,5,20260326,201000,2.79,2.8,2.79,2.8,2526,0
ATHR.US,5,20260326,201500,2.92,2.92,2.92,2.92,100,0
ATHR.US,5,20260326,203000,2.8752,2.8752,2.8752,2.8752,100,0
ATHR.US,5,20260327,143000,2.5,2.5,2.5,2.5,233,0
ATHR.US,5,20260327,151500,2.6,2.68,2.6,2.68,600,0
ATHR.US,5,20260327,155500,2.5,2.5,2.5,2.5,200,0
ATHR.US,5,20260327,164500,2.535,2.535,2.535,2.535,100,0
ATHR.US,5,20260327,173500,2.4,2.4,2.31,2.31,3155,0
ATHR.US,5,20260327,174000,2.62,2.62,2.62,2.62,100,0
ATHR.US,5,20260327,183500,2.42,2.49,2.42,2.44,305,0
ATHR.US,5,20260327,184000,2.49,2.49,2.48,2.48,400,0
ATHR.US,5,20260327,184500,2.57,2.57,2.57,2.57,100,0
ATHR.US,5,20260327,191500,2.485,2.5699,2.485,2.5699,3100,0
ATHR.US,5,20260327,192000,2.5699,2.5699,2.5699,2.5699,1215,0
ATHR.US,5,20260327,204500,2.57,2.57,2.57,2.57,158,0
ATHR.US,5,20260327,205500,2.64,2.64,2.53,2.53,243,0
ATHR.US,5,20260330,154000,2.64,2.64,2.64,2.64,930,0
ATHR.US,5,20260330,160500,2.42,2.42,2.4,2.4,400,0
ATHR.US,5,20260330,161000,2.6,2.6,2.6,2.6,600,0
ATHR.US,5,20260330,164500,2.4,2.4,2.4,2.4,900,0
ATHR.US,5,20260330,173500,2.4,2.4,2.4,2.4,100,0
ATHR.US,5,20260330,194000,2.3101,2.3101,2.3101,2.3101,700,0
ATHR.US,5,20260330,195000,2.5,2.5,2.5,2.5,500,0
ATHR.US,5,20260330,203500,2.35,2.35,2.35,2.35,400,0
ATHR.US,5,20260330,205500,2.29,2.29,2.29,2.29,100,0
ATHR.US,5,20260330,213000,2.4191,2.4191,2.4191,2.4191,204,0
ATHR.US,5,20260330,215000,2.355,2.355,2.355,2.355,100,0
ATHR.US,5,20260330,215500,2.205,2.21,2.2,2.21,345,0
ATHR.US,5,20260331,153000,2.38,2.38,2.3,2.3,729,0
ATHR.US,5,20260331,160500,2.35,2.38,2.35,2.38,4200,0
ATHR.US,5,20260331,161000,2.36,2.36,2.36,2.36,100,0
ATHR.US,5,20260331,161500,2.36,2.36,2.36,2.36,100,0
ATHR.US,5,20260331,162000,2.31,2.31,2.23,2.25,1957,0
ATHR.US,5,20260331,162500,2.33,2.42,2.3,2.3,1298,0
ATHR.US,5,20260331,163000,2.5,2.6,2.43,2.44,1106,0
ATHR.US,5,20260331,163500,2.45,2.45,2.22,2.22,1300,0
ATHR.US,5,20260331,164000,2.45,2.45,2.45,2.45,400,0
ATHR.US,5,20260331,171500,2.29,2.29,2.29,2.29,100,0
ATHR.US,5,20260331,173000,2.43,2.49,2.34,2.49,3116,0
ATHR.US,5,20260331,181000,2.3248,2.3248,2.3248,2.3248,150,0
ATHR.US,5,20260331,183500,2.4275,2.4275,2.4275,2.4275,150,0
ATHR.US,5,20260331,185000,2.32,2.32,2.32,2.32,100,0
ATHR.US,5,20260331,193000,2.3599,2.3599,2.3599,2.3599,2100,0
ATHR.US,5,20260331,193500,2.26,2.26,2.26,2.26,100,0
ATHR.US,5,20260331,194500,2.22,2.22,2.22,2.22,100,0
ATHR.US,5,20260331,195000,2.22,2.22,2.22,2.22,100,0
ATHR.US,5,20260331,203000,2.41,2.41,2.41,2.41,100,0
ATHR.US,5,20260331,212000,2.29,2.29,2.29,2.29,100,0
ATHR.US,5,20260331,214500,2.22,2.22,2.22,2.22,100,0
ATHR.US,5,20260331,215000,2.33,2.33,2.33,2.33,100,0
ATHR.US,5,20260331,215500,2.38,2.48,2.28,2.35,535,0
ATHR.US,5,20260401,153000,2.3,2.3,2.29,2.3,765,0
ATHR.US,5,20260401,164000,2.3,2.62,2.29,2.51,5656,0
ATHR.US,5,20260401,164500,2.57,2.59,2.41,2.59,1137,0
ATHR.US,5,20260401,165000,2.47,2.48,2.36,2.42,2100,0
ATHR.US,5,20260401,172500,2.32,2.32,2.32,2.32,100,0
ATHR.US,5,20260401,175000,2.31,2.31,2.3,2.3,617,0
ATHR.US,5,20260401,193000,2.27,2.31,2.27,2.31,400,0
ATHR.US,5,20260401,210500,2.2,2.25,2.14,2.23,4252,0
ATHR.US,5,20260401,214500,2.22,2.22,2.22,2.22,1100,0
ATHR.US,5,20260401,215000,2.16,2.24,2.16,2.24,474,0
ATHR.US,5,20260401,215500,2.22,2.26,2.22,2.26,200,0
ATHR.US,5,20260402,154000,2.27,2.33,2.24,2.24,1357,0
ATHR.US,5,20260402,154500,2.24,2.24,2.2,2.2,500,0
ATHR.US,5,20260402,160000,2.2,2.2,2.2,2.2,100,0
ATHR.US,5,20260402,161000,2.2,2.3,2.2,2.2,600,0
ATHR.US,5,20260402,162500,2.17,2.17,2.17,2.17,800,0
ATHR.US,5,20260402,163500,2.17,2.17,2.17,2.17,100,0
ATHR.US,5,20260402,165000,2.11,2.11,2.11,2.11,200,0
ATHR.US,5,20260402,165500,2.1,2.14,2.05,2.12,1455,0
ATHR.US,5,20260402,173000,2.05,2.05,2.05,2.05,936,0
ATHR.US,5,20260402,175000,2.06,2.06,2.06,2.06,419,0
ATHR.US,5,20260402,182000,2.06,2.1,2.03,2.03,1736,0
ATHR.US,5,20260402,182500,1.9,1.94,1.9,1.94,300,0
ATHR.US,5,20260402,183000,2.04,2.04,2.04,2.04,100,0
ATHR.US,5,20260402,183500,2.04,2.04,1.87,1.9,2184,0
ATHR.US,5,20260402,184000,2,2,1.94,1.98,400,0
ATHR.US,5,20260402,190500,2.038,2.05,2.038,2.04,933,0
ATHR.US,5,20260402,191000,2,2,1.98,1.98,2670,0
ATHR.US,5,20260402,194500,2.13,2.13,2.13,2.13,469,0
ATHR.US,5,20260402,200500,2,2,2,2,100,0
ATHR.US,5,20260402,201000,2.1161,2.1161,2.1161,2.1161,221,0
ATHR.US,5,20260402,215500,1.9601,2.11,1.9601,2.045,2685,0
ATHR.US,5,20260406,160000,2.05,2.05,2.05,2.05,100,0
ATHR.US,5,20260406,161000,2.27,2.3457,2.27,2.3457,1150,0
ATHR.US,5,20260406,162500,2.3499,2.3499,2.3499,2.3499,100,0
ATHR.US,5,20260406,163000,2.1,2.1,2.1,2.1,100,0
ATHR.US,5,20260406,163500,2.225,2.225,2.225,2.225,135,0
ATHR.US,5,20260406,170000,2.09,2.09,2.09,2.09,100,0
ATHR.US,5,20260406,185500,2.19,2.19,2.19,2.19,100,0
ATHR.US,5,20260406,190500,2.07,2.07,2.07,2.07,100,0
ATHR.US,5,20260406,201000,2.3246,2.3246,2.3246,2.3246,1100,0
ATHR.US,5,20260406,203000,2.08,2.08,2.08,2.08,100,0
ATHR.US,5,20260406,211000,2.08,2.08,2.08,2.08,100,0
ATHR.US,5,20260406,213000,2.195,2.195,2.195,2.195,250,0
ATHR.US,5,20260406,214000,2.09,2.09,2.09,2.09,100,0
ATHR.US,5,20260406,214500,2.18,2.18,2.18,2.18,500,0
ATHR.US,5,20260406,215000,2.13,2.13,2.11,2.11,972,0
ATHR.US,5,20260406,215500,2.1,2.135,2.1,2.135,2191,0
ATHR.US,5,20260407,154000,2.14,2.14,2.14,2.14,300,0
ATHR.US,5,20260407,173000,2.101,2.101,2.101,2.101,336,0
ATHR.US,5,20260407,183000,2.1,2.1,2.09,2.09,200,0
ATHR.US,5,20260407,183500,2.01,2.01,2.01,2.01,300,0
ATHR.US,5,20260407,185000,2.01,2.01,2.01,2.01,300,0
ATHR.US,5,20260407,215500,2.045,2.045,2.045,2.045,145,0
ATHR.US,5,20260408,163500,2.16,2.16,2.16,2.16,100,0
ATHR.US,5,20260408,164500,2.15,2.15,2.15,2.15,400,0
ATHR.US,5,20260408,170500,2.18,2.18,2.18,2.18,100,0
ATHR.US,5,20260408,172000,2.17,2.17,2.17,2.17,300,0
ATHR.US,5,20260408,172500,2.1796,2.1796,2.1796,2.1796,199,0
ATHR.US,5,20260408,174500,2.18,2.18,2.18,2.18,200,0
ATHR.US,5,20260409,162500,2.15,2.15,2.15,2.15,771,0
ATHR.US,5,20260409,164000,2.15,2.15,2.135,2.135,236,0
ATHR.US,5,20260410,161000,2.38,2.38,2.38,2.38,117,0
ATHR.US,5,20260410,164500,2.28,2.28,2.28,2.28,694,0
ATHR.US,5,20260410,165000,2.22,2.28,2.22,2.28,750,0
ATHR.US,5,20260410,201500,2.1,2.1,2.1,2.1,100,0
ATHR.US,5,20260410,204000,2.1,2.1,2.1,2.1,100,0
ATHR.US,5,20260410,212500,2.1,2.1,2.1,2.1,1000,0
ATHR.US,5,20260410,215500,2.02,2.02,2.02,2.02,115,0
ATHR.US,5,20260413,161500,2.15,2.15,2.15,2.15,1000,0
ATHR.US,5,20260413,164000,2.1498,2.15,2.1498,2.15,2884,0
ATHR.US,5,20260413,170500,2.15,2.15,2.15,2.15,100,0
ATHR.US,5,20260413,173500,2.115,2.115,2.115,2.115,1164,0
ATHR.US,5,20260413,174000,2.18,2.22,2.115,2.17,6200,0
ATHR.US,5,20260413,184500,2.07,2.07,2.07,2.07,100,0
ATHR.US,5,20260413,191000,2.14,2.14,2.14,2.14,100,0
ATHR.US,5,20260413,202000,2.21,2.22,2.21,2.22,200,0
ATHR.US,5,20260413,205000,2.14,2.14,2.14,2.14,100,0
ATHR.US,5,20260413,211500,2.165,2.279,2.165,2.279,5209,0
ATHR.US,5,20260414,153000,2.23,2.23,2.23,2.23,318,0
ATHR.US,5,20260414,154000,2.23,2.5,2.23,2.42,2862,0
ATHR.US,5,20260414,160500,2.39,2.3999,2.28,2.3999,3100,0
ATHR.US,5,20260414,172500,2.4,2.4,2.39,2.4,3500,0
ATHR.US,5,20260414,173500,2.3381,2.3381,2.3381,2.3381,300,0
ATHR.US,5,20260414,174500,2.16,2.16,2.16,2.16,704,0
ATHR.US,5,20260414,191000,2.295,2.295,2.295,2.295,100,0
ATHR.US,5,20260414,193500,2.3292,2.4,2.3292,2.4,1624,0
ATHR.US,5,20260414,194500,2.27,2.37,2.27,2.37,445,0
ATHR.US,5,20260414,201500,2.37,2.37,2.37,2.37,100,0
ATHR.US,5,20260414,215500,2.43,2.48,2.43,2.48,229,0
ATHR.US,5,20260415,154000,2.5,2.6,2.5,2.6,1731,0
ATHR.US,5,20260415,155500,2.6,2.6,2.6,2.6,200,0
ATHR.US,5,20260415,160000,2.57,2.6,2.57,2.5999,1642,0
ATHR.US,5,20260415,160500,2.67,2.67,2.67,2.67,350,0
ATHR.US,5,20260415,161500,2.684,2.7,2.684,2.7,639,0
ATHR.US,5,20260415,171000,2.86,2.86,2.86,2.86,200,0
ATHR.US,5,20260415,172500,2.9399,2.9399,2.92,2.92,436,0
ATHR.US,5,20260415,173000,2.83,2.83,2.83,2.83,206,0
ATHR.US,5,20260415,180000,2.94,2.94,2.94,2.94,214,0
ATHR.US,5,20260415,181500,2.9,3,2.9,2.9,675,0
ATHR.US,5,20260415,182000,3,3,2.85,2.9399,5312,0
ATHR.US,5,20260415,182500,2.85,2.94,2.85,2.9,1288,0
ATHR.US,5,20260415,183500,2.925,2.99,2.925,2.955,600,0
ATHR.US,5,20260415,190000,3,3,3,3,100,0
ATHR.US,5,20260415,190500,3,3.05,3,3,1101,0
ATHR.US,5,20260415,193000,3,3,2.9694,2.9694,200,0
ATHR.US,5,20260415,194000,3.05,3.1,3.05,3.06,400,0
ATHR.US,5,20260415,195500,3.125,3.125,3.12,3.12,300,0
ATHR.US,5,20260415,201500,3.13,3.13,3.13,3.13,100,0
ATHR.US,5,20260415,202500,3.18,3.2,3.18,3.2,250,0
ATHR.US,5,20260415,204000,3.2,3.2,3.2,3.2,100,0
ATHR.US,5,20260415,204500,3.2,3.29,3.2,3.29,212,0
ATHR.US,5,20260415,205000,3.2889,3.2889,3.2889,3.2889,100,0
ATHR.US,5,20260415,205500,3.29,3.38,3.16,3.16,2317,0
ATHR.US,5,20260415,210000,3.08,3.08,3.0088,3.0798,1583,0
ATHR.US,5,20260415,210500,3.09,3.2142,3.07,3.2142,9268,0
ATHR.US,5,20260415,212000,3,3,3,3,172,0
ATHR.US,5,20260415,215500,3.2158,3.2158,3.2,3.2,386,0
ATHR.US,5,20260416,153000,3.14,3.16,3.08,3.08,2182,0
ATHR.US,5,20260416,154000,3.145,3.145,3.145,3.145,550,0
ATHR.US,5,20260416,155000,3.145,3.145,3.145,3.145,500,0
ATHR.US,5,20260416,160500,3.1,3.1,3.1,3.1,100,0
ATHR.US,5,20260416,164000,3.1,3.1,3.1,3.1,100,0
ATHR.US,5,20260416,164500,3.1,3.1,3.1,3.1,100,0
ATHR.US,5,20260416,165500,3.16,3.16,3.16,3.16,336,0
ATHR.US,5,20260416,170500,3.29,3.29,3.29,3.29,100,0
ATHR.US,5,20260416,171000,3.15,3.15,3.15,3.15,388,0
ATHR.US,5,20260416,180000,3.285,3.29,3.285,3.29,200,0
ATHR.US,5,20260416,181000,3.0897,3.0897,3.0897,3.0897,100,0
ATHR.US,5,20260416,201500,3.0001,3.0001,3.0001,3.0001,3500,0
ATHR.US,5,20260416,202500,3.145,3.145,3.145,3.145,300,0
ATHR.US,5,20260416,205500,3.22,3.22,3.22,3.22,200,0
ATHR.US,5,20260416,215500,3.28,3.28,3.231123,3.231123,204,0
ATHR.US,5,20260417,163500,3.1501,3.1501,3.1501,3.1501,1200,0
ATHR.US,5,20260417,171000,3.14,3.14,3,3,3596,0
ATHR.US,5,20260417,184500,3.15,3.15,3.01,3.01,1804,0
ATHR.US,5,20260417,190500,3.105,3.105,3.01,3.01,1000,0
ATHR.US,5,20260417,193000,3.15,3.15,3.15,3.15,300,0
ATHR.US,5,20260417,214500,3.14,3.14,3.14,3.14,102,0
ATHR.US,5,20260417,215500,3.0764,3.2,3.0764,3.2,1880,0
ATHR.US,5,20260420,160000,3.15,3.15,3.15,3.15,100,0
ATHR.US,5,20260420,165000,3.29,3.29,3.29,3.29,300,0
ATHR.US,5,20260420,172000,3.2999,3.2999,3.2999,3.2999,150,0
ATHR.US,5,20260420,215500,3.29,3.29,3.29,3.29,100,0
ATHR.US,5,20260421,174000,3.27,3.29,3.27,3.29,300,0
ATHR.US,5,20260421,175500,3.3,3.3,3.3,3.3,199,0
ATHR.US,5,20260421,194000,3.2664,3.2664,3.2664,3.2664,100,0
ATHR.US,5,20260421,202000,3.2922,3.2922,3.2922,3.2922,606,0
ATHR.US,5,20260421,214500,3.298,3.31,3.29,3.3,2090,0
ATHR.US,5,20260422,153500,3.31,3.56,3.3,3.56,1450,0
ATHR.US,5,20260422,154000,3.6,3.6,3.55,3.55,300,0
ATHR.US,5,20260422,155000,3.6,3.6,3.5713,3.5713,300,0
ATHR.US,5,20260422,155500,3.5889,3.5889,3.5889,3.5889,150,0
ATHR.US,5,20260422,160000,3.594,3.96,3.594,3.95,2875,0
ATHR.US,5,20260422,160500,3.9422,3.9422,3.76,3.76,346,0
ATHR.US,5,20260422,161000,3.862081,3.862081,3.862081,3.862081,200,0
ATHR.US,5,20260422,161500,3.8065,3.8065,3.8065,3.8065,100,0
ATHR.US,5,20260422,162000,3.8,3.83,3.8,3.83,663,0
ATHR.US,5,20260422,162500,3.84,3.8499,3.837,3.84,1300,0
ATHR.US,5,20260422,164000,3.84,3.8469,3.84,3.8469,500,0
ATHR.US,5,20260422,164500,3.8425,3.8425,3.8425,3.8425,834,0
ATHR.US,5,20260422,170500,3.8983,3.8983,3.8536,3.8536,430,0
ATHR.US,5,20260422,172000,3.9,3.9,3.8669,3.8669,212,0
ATHR.US,5,20260422,173500,3.86,3.86,3.86,3.86,100,0
ATHR.US,5,20260422,174000,3.8539,3.8539,3.8539,3.8539,2499,0
ATHR.US,5,20260422,174500,3.87,3.8998,3.87,3.8998,475,0
ATHR.US,5,20260422,182000,3.8791,3.8791,3.8791,3.8791,115,0
ATHR.US,5,20260422,182500,3.8799,3.88,3.865,3.88,342,0
ATHR.US,5,20260422,183000,3.8852,3.8852,3.8852,3.8852,387,0
ATHR.US,5,20260422,183500,3.9,3.9,3.9,3.9,246,0
ATHR.US,5,20260422,184000,3.9301,3.9301,3.93,3.93,646,0
ATHR.US,5,20260422,184500,3.93,3.93,3.93,3.93,250,0
ATHR.US,5,20260422,185000,3.96,4.15,3.96,4.15,6321,0
ATHR.US,5,20260422,185500,4.2,4.55,4.11,4.18,8133,0
ATHR.US,5,20260422,190000,4.1899,4.19,4.11,4.1399,4801,0
ATHR.US,5,20260422,190500,4.125,4.14,4.125,4.14,3692,0
ATHR.US,5,20260422,191000,4.14,4.14,4.14,4.14,400,0
ATHR.US,5,20260422,191500,4.18,4.19,4.17,4.19,1100,0
ATHR.US,5,20260422,192000,4.4199,4.4199,4.28,4.28,4300,0
ATHR.US,5,20260422,192500,4.2,4.28,4.1687,4.1687,702,0
ATHR.US,5,20260422,193000,4.16,4.16,4.16,4.16,100,0
ATHR.US,5,20260422,193500,4.251,4.3221,4.2,4.3221,607,0
ATHR.US,5,20260422,194000,4.3299,4.3299,4.2,4.32,1206,0
ATHR.US,5,20260422,194500,4.15,4.2,4.1,4.1,300,0
ATHR.US,5,20260422,195000,3.9128,4.0899,3.9128,4.0899,1164,0
ATHR.US,5,20260422,195500,3.89,3.89,3.89,3.89,129,0
ATHR.US,5,20260422,200000,3.8801,3.8801,3.8801,3.8801,1000,0
ATHR.US,5,20260422,200500,3.9008,3.9008,3.9008,3.9008,208,0
ATHR.US,5,20260422,204000,4.07,4.07,4,4,389,0
ATHR.US,5,20260422,212000,4,4,3.881,4,1291,0
ATHR.US,5,20260422,213500,3.88,3.88,3.73,3.87,700,0
ATHR.US,5,20260422,214000,3.67,3.67,3.5,3.51,4876,0
ATHR.US,5,20260422,214500,3.54,3.54,3.5001,3.5001,2771,0
ATHR.US,5,20260422,215000,3.6,3.6,3.38,3.48,1582,0
ATHR.US,5,20260422,215500,3.25,3.58,3.25,3.5,3741,0
ATHR.US,5,20260423,153000,3.51,3.51,3.51,3.51,100,0
ATHR.US,5,20260423,162000,3.79,3.91,3.79,3.91,400,0
ATHR.US,5,20260423,162500,3.91,3.91,3.91,3.91,600,0
ATHR.US,5,20260423,164500,4.05,4.05,4.05,4.05,500,0
ATHR.US,5,20260423,171000,4.17,4.17,4.17,4.17,100,0
ATHR.US,5,20260423,172500,4.2,4.34,4.2,4.26,1810,0
ATHR.US,5,20260423,173000,4.24,4.24,4.24,4.24,486,0
ATHR.US,5,20260423,174000,4.1,4.1,4,4.08,977,0
ATHR.US,5,20260423,174500,4.24,4.24,4.24,4.24,100,0
ATHR.US,5,20260423,181500,4.1467,4.1467,4.1467,4.1467,115,0
ATHR.US,5,20260423,183000,4.15,4.15,4.15,4.15,443,0
ATHR.US,5,20260423,184000,4.03,4.03,3.91,3.91,3600,0
ATHR.US,5,20260423,194500,4.025,4.025,4.025,4.025,145,0
ATHR.US,5,20260423,195000,4.1499,4.1499,4.1499,4.1499,1000,0
ATHR.US,5,20260423,200000,3.9,3.9,3.9,3.9,2298,0
ATHR.US,5,20260423,200500,3.75,3.75,3.75,3.75,100,0
ATHR.US,5,20260423,202000,3.76,3.76,3.53,3.54,1255,0
ATHR.US,5,20260423,202500,3.61,3.61,3.61,3.61,1100,0
ATHR.US,5,20260423,203000,3.565,3.7,3.565,3.6999,2611,0
ATHR.US,5,20260423,211500,3.8,3.8,3.8,3.8,106,0
ATHR.US,5,20260423,212000,3.91,3.91,3.91,3.91,263,0
ATHR.US,5,20260423,214000,3.87,3.87,3.8163,3.8163,200,0
ATHR.US,5,20260423,215500,4.02,4.02,4.02,4.02,100,0
ATHR.US,5,20260424,154500,3.73,3.73,3.73,3.73,100,0
ATHR.US,5,20260424,164000,4.0126,4.0126,4.0126,4.0126,245,0
ATHR.US,5,20260424,172000,3.9201,3.9201,3.9201,3.9201,600,0
ATHR.US,5,20260424,174000,3.9201,3.9201,3.9201,3.9201,100,0
ATHR.US,5,20260424,191000,4,4,4,4,100,0
ATHR.US,5,20260427,170500,3.96,3.96,3.96,3.96,100,0
ATHR.US,5,20260427,190500,3.67,3.71,3.67,3.7099,534,0
ATHR.US,5,20260427,202000,3.85,3.85,3.85,3.85,148,0
ATHR.US,5,20260427,205000,3.9499,3.9499,3.9499,3.9499,300,0
ATHR.US,5,20260427,215500,3.83,3.99,3.83,3.99,6918,0
ATHR.US,5,20260428,154500,3.75,3.75,3.75,3.75,200,0
ATHR.US,5,20260428,155000,3.7602,3.7602,3.7602,3.7602,5063,0
ATHR.US,5,20260428,185500,4,4,4,4,1284,0
ATHR.US,5,20260428,205500,4.06,4.06,4.06,4.06,100,0
ATHR.US,5,20260429,160500,3.96,3.96,3.96,3.96,100,0
ATHR.US,5,20260429,180000,4.09,4.09,4.09,4.09,400,0
ATHR.US,5,20260429,180500,3.99,3.99,3.99,3.99,245,0
ATHR.US,5,20260429,181500,3.99,3.99,3.89,3.99,4911,0
ATHR.US,5,20260429,182000,3.9,3.985,3.89,3.985,1304,0
ATHR.US,5,20260429,190000,4.02,4.02,4.02,4.02,100,0
ATHR.US,5,20260429,200000,4,4,4,4,120,0
ATHR.US,5,20260429,215500,3.92,3.92,3.92,3.92,100,0
ATHR.US,5,20260501,163000,3.98,3.98,3.98,3.98,300,0
ATHR.US,5,20260501,163500,3.98,3.98,3.98,3.98,636,0
ATHR.US,5,20260501,172000,3.97,3.97,3.97,3.97,200,0
ATHR.US,5,20260501,172500,3.95,3.98,3.8,3.98,505,0
ATHR.US,5,20260501,173500,4.18,4.18,4.18,4.18,100,0
ATHR.US,5,20260501,192500,3.99,3.99,3.99,3.99,100,0
ATHR.US,5,20260501,193500,4,4,4,4,1988,0
ATHR.US,5,20260501,200000,3.98,3.98,3.98,3.98,147,0
ATHR.US,5,20260501,201000,4.0663,4.0663,4.0663,4.0663,100,0
ATHR.US,5,20260504,160000,3.9385,3.9999,3.9385,3.9999,789,0
ATHR.US,5,20260504,160500,4,4,4,4,129,0
ATHR.US,5,20260504,161500,4.075,4.075,4.075,4.075,102,0
ATHR.US,5,20260504,162500,4.1468,4.1468,4.0704,4.0704,832,0
ATHR.US,5,20260504,200500,4.09,4.09,4.09,4.09,390,0
ATHR.US,5,20260505,154000,4.02,4.02,4.02,4.02,250,0
ATHR.US,5,20260505,154500,4.1512,4.1512,4.1512,4.1512,102,0
ATHR.US,5,20260505,155500,3.9901,3.9901,3.9901,3.9901,100,0
ATHR.US,5,20260505,190500,4.2,4.2,4.07,4.07,300,0
ATHR.US,5,20260505,191000,3.87,3.93,3.87,3.93,250,0
ATHR.US,5,20260505,191500,3.72,4.29,3.72,4.29,3300,0
ATHR.US,5,20260505,192000,4.3,4.35,4.13,4.13,1583,0
ATHR.US,5,20260505,192500,4.13,4.3,4.11,4.13,1448,0
ATHR.US,5,20260505,193000,4.14,4.25,3.89,3.9,2302,0
ATHR.US,5,20260505,193500,4.14,4.2,4.07,4.2,700,0
ATHR.US,5,20260505,194000,4.01,4.01,4.01,4.01,100,0
ATHR.US,5,20260505,201000,4.15,4.15,4.04,4.04,703,0
ATHR.US,5,20260505,212000,4.1,4.1,4.1,4.1,200,0
ATHR.US,5,20260506,153000,4.08,4.08,4.08,4.08,525,0
ATHR.US,5,20260506,163000,4,4,4,4,300,0
ATHR.US,5,20260506,175000,4.01,4.01,4.01,4.01,300,0
ATHR.US,5,20260506,180500,4.01,4.01,4.01,4.01,102,0
ATHR.US,5,20260506,184000,4.01,4.01,4.01,4.01,100,0
ATHR.US,5,20260506,190000,4.03,4.03,4.03,4.03,200,0
ATHR.US,5,20260506,201500,4.0459,4.0459,4.0459,4.0459,400,0
ATHR.US,5,20260506,202000,4.02,4.02,4.02,4.02,100,0
ATHR.US,5,20260506,204000,4.06,4.06,4.06,4.06,300,0
ATHR.US,5,20260506,210000,4.06,4.06,4.02,4.02,431,0
ATHR.US,5,20260506,210500,4.02,4.02,3.93,3.93,2083,0
ATHR.US,5,20260506,215000,3.9276,3.9276,3.9276,3.9276,250,0
ATHR.US,5,20260506,215500,3.9,3.9,3.9,3.9,206,0
ATHR.US,5,20260507,153500,3.75,3.9,3.682,3.9,300,0
ATHR.US,5,20260507,154500,4.005,4.005,3.87,3.87,800,0
ATHR.US,5,20260507,155000,3.94,3.94,3.94,3.94,1000,0
ATHR.US,5,20260507,171000,3.94,4,3.94,4,1597,0
ATHR.US,5,20260507,171500,4,4.3,4,4.3,2912,0
ATHR.US,5,20260507,172000,4.2,4.25,3.9,3.95,2235,0
ATHR.US,5,20260507,172500,4.0248,4.0248,4.0248,4.0248,500,0
ATHR.US,5,20260507,175500,4.1,4.1,4.1,4.1,100,0
ATHR.US,5,20260507,184000,4.09,4.09,4.09,4.09,100,0
ATHR.US,5,20260507,210500,4.07,4.08,4.06,4.08,1612,0
ATHR.US,5,20260507,211000,4.08,4.09,4.08,4.09,220,0
ATHR.US,5,20260508,153000,4,4,4,4,157,0
ATHR.US,5,20260508,184500,3.9699,3.9699,3.9699,3.9699,2310,0
ATHR.US,5,20260508,195000,3.6131,3.6131,3.6131,3.6131,200,0
ATHR.US,5,20260508,195500,3.79,3.79,3.79,3.79,100,0
ATHR.US,5,20260508,201000,3.79,3.79,3.79,3.79,114,0
ATHR.US,5,20260508,202000,3.7999,4.0408,3.7999,4.0408,444,0
ATHR.US,5,20260508,215000,4,4,4,4,103,0
ATHR.US,5,20260511,161500,3.8,3.89,3.755,3.85,2100,0
ATHR.US,5,20260511,173000,3.7674,3.7674,3.7674,3.7674,100,0
ATHR.US,5,20260511,180500,3.97,3.97,3.97,3.97,111,0
ATHR.US,5,20260511,184500,3.98,3.98,3.98,3.98,450,0
ATHR.US,5,20260511,213000,3.795,3.795,3.795,3.795,100,0
ATHR.US,5,20260511,214000,3.754,3.754,3.754,3.754,250,0
ATHR.US,5,20260512,163500,4.0229,4.0229,4.0229,4.0229,200,0
ATHR.US,5,20260512,180000,3.85,3.85,3.77,3.77,324,0
ATHR.US,5,20260512,190500,3.71,3.71,3.7,3.7,200,0
ATHR.US,5,20260512,191000,3.81,3.82,3.75,3.8,522,0
ATHR.US,5,20260512,192000,3.78,3.78,3.78,3.78,100,0
ATHR.US,5,20260512,193000,3.695,3.695,3.695,3.695,600,0
ATHR.US,5,20260513,155000,3.71,3.78,3.71,3.78,700,0
ATHR.US,5,20260513,175000,3.87,3.87,3.87,3.87,651,0
ATHR.US,5,20260513,194000,3.84,3.84,3.83,3.83,300,0
ATHR.US,5,20260513,194500,3.84,3.84,3.83,3.83,200,0
ATHR.US,5,20260513,204000,3.85,3.85,3.85,3.85,100,0
ATHR.US,5,20260513,210500,3.85,3.85,3.85,3.85,200,0
ATHR.US,5,20260513,214500,3.81,3.81,3.81,3.81,200,0
ATHR.US,5,20260513,215000,3.8,3.8,3.8,3.8,100,0
ATHR.US,5,20260513,215500,3.76,3.76,3.6,3.7042,500,0
ATHR.US,5,20260514,171500,3.725,3.725,3.62,3.62,202,0
ATHR.US,5,20260514,180500,3.735,3.735,3.735,3.735,100,0
ATHR.US,5,20260514,192500,3.62,3.62,3.62,3.62,300,0
ATHR.US,5,20260514,210500,3.684,3.684,3.684,3.684,400,0
ATHR.US,5,20260515,160500,3.5048,3.5048,3.5048,3.5048,107,0
ATHR.US,5,20260515,162500,3.8151,3.8151,3.8151,3.8151,2100,0
ATHR.US,5,20260515,165500,3.68,3.95,3.68,3.88,415,0
ATHR.US,5,20260515,170000,3.75,3.97,3.68,3.95,2399,0
ATHR.US,5,20260515,175500,3.72,3.72,3.72,3.72,100,0
ATHR.US,5,20260515,180000,3.72,4,3.72,3.9,1500,0
ATHR.US,5,20260515,180500,3.85,3.85,3.85,3.85,600,0
ATHR.US,5,20260515,193000,3.89,3.89,3.85,3.85,821,0
ATHR.US,5,20260515,210500,4.09,4.09,4.09,4.09,265,0
ATHR.US,5,20260515,211000,4.0998,4.1,4.0998,4.1,981,0
ATHR.US,5,20260515,215500,3.72,3.72,3.72,3.72,200,0
ATHR.US,5,20260518,162500,3.85,3.85,3.85,3.85,100,0
ATHR.US,5,20260518,181500,3.74,3.74,3.74,3.74,122,0
ATHR.US,5,20260518,194000,3.9899,3.9899,3.9899,3.9899,250,0
ATHR.US,5,20260518,203500,3.75,3.75,3.567,3.567,797,0
ATHR.US,5,20260518,204500,3.9157,3.9157,3.9157,3.9157,100,0
ATHR.US,5,20260518,211000,3.7464,3.7464,3.71,3.71,1100,0
ATHR.US,5,20260518,211500,3.84,3.84,3.8,3.8,1350,0
ATHR.US,5,20260519,160500,3.64,3.64,3.64,3.64,116,0
ATHR.US,5,20260520,171000,3.54,3.54,3.54,3.54,200,0
ATHR.US,5,20260520,193000,3.62,3.62,3.62,3.62,104,0
ATHR.US,5,20260520,200500,3.645,3.8,3.645,3.8,1342,0
ATHR.US,5,20260520,201000,3.8,3.8,3.8,3.8,100,0
ATHR.US,5,20260521,194500,3.7614,3.7615,3.7614,3.7615,806,0
ATHR.US,5,20260521,203000,3.5908,3.5908,3.5908,3.5908,102,0
ATHR.US,5,20260522,155500,3.65,3.65,3.65,3.65,1100,0
ATHR.US,5,20260522,165500,3.65,3.65,3.65,3.65,500,0
ATHR.US,5,20260522,194500,3.61,3.61,3.61,3.61,107,0
ATHR.US,5,20260526,184000,3.5,3.5,3.5,3.5,124,0
ATHR.US,5,20260526,215500,3.65,3.65,3.65,3.65,195,0
ATHR.US,5,20260527,153000,3.79,3.79,3.79,3.79,240,0
ATHR.US,5,20260527,163500,3.53,3.53,3.53,3.53,133,0
ATHR.US,5,20260527,164000,3.645,3.645,3.54,3.54,500,0
ATHR.US,5,20260527,172000,3.5791,3.5791,3.5791,3.5791,110,0
ATHR.US,5,20260527,180000,3.5168,3.5168,3.5168,3.5168,530,0
ATHR.US,5,20260527,182000,3.5001,3.5001,3.5001,3.5001,1000,0
ATHR.US,5,20260528,171000,3.54,3.54,3.54,3.54,2000,0
ATHR.US,5,20260528,171500,3.5561,3.5561,3.5561,3.5561,358,0
ATHR.US,5,20260528,180000,3.65,3.65,3.65,3.65,100,0
ATHR.US,5,20260528,181500,3.54,3.54,3.53,3.53,795,0
ATHR.US,5,20260528,183500,3.5,3.5,3.5,3.5,200,0
ATHR.US,5,20260528,194000,3.51,3.51,3.51,3.51,132,0
ATHR.US,5,20260529,153000,3.5,3.75,3.5,3.75,462,0
ATHR.US,5,20260529,154500,3.5,3.5,3.5,3.5,200,0
ATHR.US,5,20260529,162500,3.71,3.71,3.71,3.71,1994,0
ATHR.US,5,20260529,193500,3.625,3.625,3.625,3.625,125,0
ATHR.US,5,20260529,200000,3.625,3.625,3.625,3.625,100,0
ATHR.US,5,20260529,200500,3.67,3.67,3.67,3.67,1858,0
ATHR.US,5,20260529,202000,3.64,3.64,3.64,3.64,3000,0
ATHR.US,5,20260529,205000,3.64,3.64,3.64,3.64,2465,0
ATHR.US,5,20260529,214500,3.57,3.57,3.57,3.57,762,0
ATHR.US,5,20260529,215500,3.62,3.62,3.62,3.62,141,0
ATHR.US,5,20260601,162500,3.58,3.58,3.58,3.58,100,0
ATHR.US,5,20260601,171500,3.6251,3.6251,3.6251,3.6251,100,0
ATHR.US,5,20260601,172500,3.6,3.63,3.5,3.52,506,0
ATHR.US,5,20260601,173000,3.33,3.33,3.33,3.33,104,0
ATHR.US,5,20260601,174000,3.47,3.47,3.455,3.455,500,0
ATHR.US,5,20260601,185000,3.49,3.49,3.48,3.48,200,0
ATHR.US,5,20260601,190500,3.5,3.5,3.5,3.5,422,0
ATHR.US,5,20260601,194000,3.48,3.48,3.48,3.48,100,0
ATHR.US,5,20260601,205000,3.3758,3.3758,3.3758,3.3758,200,0
ATHR.US,5,20260601,215500,3.26,3.26,3.26,3.26,221,0
ATHR.US,5,20260602,155500,3.364,3.364,3.272,3.272,2600,0
ATHR.US,5,20260602,160500,3.41,3.41,3.41,3.41,101,0
ATHR.US,5,20260602,170000,3.46,3.46,3.46,3.46,106,0
ATHR.US,5,20260602,170500,3.46,3.46,3.46,3.46,887,0
ATHR.US,5,20260602,171500,3.45,3.45,3.45,3.45,899,0
ATHR.US,5,20260602,173000,3.4,3.4,3.4,3.4,226,0
ATHR.US,5,20260602,203500,3.5852,3.5852,3.5852,3.5852,108,0
ATHR.US,5,20260602,205000,3.53,3.53,3.53,3.53,271,0
ATHR.US,5,20260603,162000,3.5399,3.58,3.325,3.5,5200,0
ATHR.US,5,20260603,163500,3.56,3.56,3.56,3.56,100,0
ATHR.US,5,20260603,170500,3.5,3.5,3.5,3.5,465,0
ATHR.US,5,20260603,200000,3.39,3.39,3.23,3.28,1744,0
ATHR.US,5,20260603,210500,3.37,3.38,3.37,3.3799,1242,0
ATHR.US,5,20260604,161500,3.22,3.22,3.22,3.22,420,0
ATHR.US,5,20260604,204000,3.44,3.44,3.44,3.44,200,0
ATHR.US,5,20260605,162000,3.405,3.405,3.405,3.405,940,0
ATHR.US,5,20260605,201500,3.2849,3.2849,3.2849,3.2849,900,0
ATHR.US,5,20260605,212000,3.35,3.35,3.35,3.35,100,0
ATHR.US,5,20260605,212500,3.3,3.33,3.16,3.16,4156,0
ATHR.US,5,20260605,214000,3.13,3.13,3.13,3.13,500,0
ATHR.US,5,20260605,215500,3.155,3.155,3.155,3.155,200,0
ATHR.US,5,20260608,180500,3.3,3.3,3.3,3.3,100,0
ATHR.US,5,20260608,202500,3.295,3.295,3.295,3.295,216,0
ATHR.US,5,20260609,154500,3.265,3.265,3.265,3.265,260,0
ATHR.US,5,20260609,165000,3.1697,3.1697,3.1697,3.1697,400,0
ATHR.US,5,20260609,170500,3.25,3.25,3.25,3.25,500,0
ATHR.US,5,20260609,172000,3.28,3.28,3.28,3.28,500,0
ATHR.US,5,20260609,172500,3.25,3.25,3.25,3.25,500,0
ATHR.US,5,20260609,173000,3.3,3.3,3.3,3.3,500,0
ATHR.US,5,20260609,182500,3.07,3.07,2.9,2.9,1395,0
ATHR.US,5,20260609,183000,2.89,2.95,2.89,2.935,1488,0
ATHR.US,5,20260609,203000,3.1269,3.1269,3.1269,3.1269,244,0
ATHR.US,5,20260609,212000,3.048,3.048,3.048,3.048,100,0
ATHR.US,5,20260610,174000,3.26,3.26,3.26,3.26,100,0
ATHR.US,5,20260610,184500,3.06,3.06,2.89,2.89,378,0
ATHR.US,5,20260610,201500,3.1551,3.1551,3.1551,3.1551,514,0
ATHR.US,5,20260610,215500,3.16,3.16,3.16,3.16,100,0
ATHR.US,5,20260611,153000,3.23,3.23,3.23,3.23,100,0
ATHR.US,5,20260611,165000,3.2275,3.2275,3.2275,3.2275,200,0
ATHR.US,5,20260611,172500,2.91,2.91,2.91,2.91,478,0
ATHR.US,5,20260611,173500,3.043,3.043,3.043,3.043,500,0
ATHR.US,5,20260611,174000,3,3,3,3,200,0
ATHR.US,5,20260611,183000,3.06,3.06,3.01,3.01,1100,0
ATHR.US,5,20260611,183500,3.06,3.06,3.06,3.06,1100,0
ATHR.US,5,20260611,185500,3.11,3.11,3.11,3.11,100,0
ATHR.US,5,20260611,204000,3.1,3.1,3.1,3.1,100,0
ATHR.US,5,20260611,211500,3.25,3.25,3.25,3.25,102,0
ATHR.US,5,20260612,175500,3.335,3.335,3.335,3.335,2110,0
ATHR.US,5,20260612,180000,3.335,3.335,3.18,3.335,2200,0
ATHR.US,5,20260612,181000,3.19,3.19,3.19,3.19,100,0
ATHR.US,5,20260612,182500,3.19,3.19,3.19,3.19,200,0
ATHR.US,5,20260612,185500,3.18,3.18,3.18,3.18,400,0
ATHR.US,5,20260612,194000,3.05,3.09,2.932,3.09,2357,0
ATHR.US,5,20260612,195000,3.04,3.04,3.04,3.04,322,0
ATHR.US,5,20260612,195500,3.08,3.08,3.08,3.08,135,0
ATHR.US,5,20260612,200500,2.9809,3.05,2.9809,3.05,1390,0
ATHR.US,5,20260612,201500,3.06,3.06,3.05,3.05,1498,0
ATHR.US,5,20260612,211500,3.05,3.3,3.0499,3.3,3310,0
ATHR.US,5,20260612,215500,3.2,3.2,3.11,3.11,416,0
ATHR.US,5,20260615,154000,3.16,3.16,3.16,3.16,510,0
ATHR.US,5,20260615,155000,3.15,3.15,3.15,3.15,102,0
ATHR.US,5,20260615,163000,2.94,2.94,2.94,2.94,1516,0
ATHR.US,5,20260615,192000,3.11,3.11,2.97,2.97,1100,0
ATHR.US,5,20260615,195500,3.16,3.16,3.16,3.16,100,0
ATHR.US,5,20260615,202000,3.03,3.07,3.03,3.07,583,0
ATHR.US,5,20260615,205500,2.9401,2.9401,2.9401,2.9401,2951,0
ATHR.US,5,20260615,215500,3.07,3.1403,3.07,3.1403,1000,0
ATHR.US,5,20260616,164000,3.22,3.22,3.22,3.22,100,0
ATHR.US,5,20260616,200500,3.1,3.1,3.1,3.1,191,0
ATHR.US,5,20260617,160000,3.06,3.06,3.06,3.06,100,0
ATHR.US,5,20260617,161000,3.1,3.1,3.1,3.1,500,0
ATHR.US,5,20260617,161500,3.1,3.1,3.1,3.1,100,0
ATHR.US,5,20260617,165500,3.04,3.04,3.04,3.04,312,0
ATHR.US,5,20260617,174500,3.1402,3.2,3.1402,3.2,1400,0
ATHR.US,5,20260617,180000,3.1583,3.1583,3.1572,3.1572,300,0
ATHR.US,5,20260617,182000,3.16,3.16,3.16,3.16,350,0
ATHR.US,5,20260617,185500,3.17,3.18,3.17,3.18,233,0
ATHR.US,5,20260617,192500,3.135,3.135,3.135,3.135,437,0
ATHR.US,5,20260617,195500,3.195,3.22,3.195,3.22,4824,0
ATHR.US,5,20260617,212500,3.275,3.275,3.275,3.275,200,0
ATHR.US,5,20260617,213500,3.28,3.49,3.28,3.49,497,0
ATHR.US,5,20260617,215500,3.37,3.37,3.37,3.37,969,0
ATHR.US,5,20260618,160000,3.3376,3.3376,3.3376,3.3376,200,0
ATHR.US,5,20260618,162000,3.3839,3.4,3.3839,3.4,352,0
ATHR.US,5,20260618,163500,3.45,3.45,3.11,3.37,1642,0
ATHR.US,5,20260618,165500,3.39,3.42,3.39,3.4,767,0
ATHR.US,5,20260618,185000,3.3,3.3,3.3,3.3,307,0
ATHR.US,5,20260618,192000,3.35,3.35,3.35,3.35,250,0
ATHR.US,5,20260618,193000,3.36,3.36,3.35,3.35,1640,0
ATHR.US,5,20260618,203000,3.34,3.35,3.3,3.3,956,0
ATHR.US,5,20260618,214000,3.11,3.11,2.92,2.92,4148,0
ATHR.US,5,20260618,215000,2.96,2.96,2.96,2.96,200,0
ATHR.US,5,20260622,153000,3.1075,3.265,2.9501,2.9501,1800,0
ATHR.US,5,20260622,155000,3.285,3.285,3.285,3.285,203,0
ATHR.US,5,20260622,172000,3.28,3.28,3.28,3.28,1000,0
ATHR.US,5,20260622,192500,3.235,3.235,3.235,3.235,165,0
ATHR.US,5,20260622,201000,3.21,3.21,3.21,3.21,1100,0
ATHR.US,5,20260622,211500,3.08,3.08,3.08,3.08,1700,0
ATHR.US,5,20260622,214500,3.08,3.08,3.08,3.08,1000,0
ATHR.US,5,20260622,215500,3.08,3.08,3.08,3.08,111,0
