<TICKER>,<PER>,<DATE>,<TIME>,<OPEN>,<HIGH>,<LOW>,<CLOSE>,<VOL>,<OPENINT>
BGGG.US,5,20260601,155000,36.2975,36.3,36.2975,36.3,400,0
BGGG.US,5,20260601,173500,36.58,36.58,36.58,36.58,500,0
BGGG.US,5,20260601,181000,36.58,36.58,36.58,36.58,500,0
BGGG.US,5,20260601,190500,36.53,36.53,36.53,36.53,110,0
BGGG.US,5,20260601,205000,36.705,36.705,36.705,36.705,325,0
BGGG.US,5,20260602,153000,36.56,36.56,36.56,36.56,166,0
BGGG.US,5,20260602,154000,36.41,36.41,36.39,36.39,20107,0
BGGG.US,5,20260602,154500,36.44,36.44,36.29,36.29,3535,0
BGGG.US,5,20260602,160000,36.415,36.415,36.415,36.415,142,0
BGGG.US,5,20260602,161000,36.43,36.46,36.42,36.44,4100,0
BGGG.US,5,20260602,161500,36.43,36.46,36.42,36.44,4700,0
BGGG.US,5,20260602,162000,36.45,36.45,36.45,36.45,500,0
BGGG.US,5,20260602,165500,36.4021,36.4021,36.4021,36.4021,1471,0
BGGG.US,5,20260602,172000,36.44,36.44,36.44,36.44,700,0
BGGG.US,5,20260602,173500,36.42,36.42,36.42,36.42,600,0
BGGG.US,5,20260602,174000,36.45,36.45,36.45,36.45,500,0
BGGG.US,5,20260602,183500,36.32,36.42,36.32,36.42,1642,0
BGGG.US,5,20260602,192500,36.45,36.45,36.39,36.39,1093,0
BGGG.US,5,20260602,200000,36.31,36.31,36.31,36.31,18454,0
BGGG.US,5,20260602,202500,36.35,36.39,36.35,36.39,1108,0
BGGG.US,5,20260602,210500,36.345,36.345,36.345,36.345,3023,0
BGGG.US,5,20260602,213000,36.345,36.345,36.22,36.25,9458,0
BGGG.US,5,20260603,153000,36,36,36,36,100,0
BGGG.US,5,20260603,153500,35.73,35.7559,35.68,35.68,3294,0
BGGG.US,5,20260603,161000,35.65,35.65,35.62,35.63,1000,0
BGGG.US,5,20260603,161500,35.63,35.69,35.62,35.69,900,0
BGGG.US,5,20260603,163500,35.67,35.69,35.65,35.69,2326,0
BGGG.US,5,20260603,164500,35.67,35.67,35.62,35.62,5442,0
BGGG.US,5,20260603,181500,35.455,35.455,35.455,35.455,200,0
BGGG.US,5,20260603,182000,35.455,35.455,35.455,35.455,200,0
BGGG.US,5,20260603,182500,35.44,35.44,35.44,35.44,1500,0
BGGG.US,5,20260603,183000,35.44,35.44,35.44,35.44,461,0
BGGG.US,5,20260603,183500,35.445,35.445,35.445,35.445,1239,0
BGGG.US,5,20260603,184000,35.42,35.42,35.42,35.42,100,0
BGGG.US,5,20260603,190000,35.42,35.42,35.42,35.42,100,0
BGGG.US,5,20260603,192500,35.45,35.46,35.43,35.46,7600,0
BGGG.US,5,20260603,193000,35.45,35.45,35.45,35.45,3417,0
BGGG.US,5,20260603,194500,35.49,35.49,35.49,35.49,138,0
BGGG.US,5,20260603,195000,35.5,35.5,35.5,35.5,500,0
BGGG.US,5,20260603,200500,35.495,35.495,35.495,35.495,100,0
BGGG.US,5,20260603,202000,35.5,35.55,35.5,35.55,5129,0
BGGG.US,5,20260603,210000,35.53,35.53,35.45,35.45,3626,0
BGGG.US,5,20260603,212500,35.59,35.59,35.48,35.48,5593,0
BGGG.US,5,20260603,213000,35.46,35.46,35.46,35.46,6712,0
BGGG.US,5,20260603,215500,35.56,35.56,35.56,35.56,500,0
BGGG.US,5,20260604,153000,35.6,35.6,35.58,35.58,600,0
BGGG.US,5,20260604,153500,35.6,35.63,35.6,35.6,3900,0
BGGG.US,5,20260604,155000,35.84,35.84,35.84,35.84,499,0
BGGG.US,5,20260604,163000,35.875,35.875,35.875,35.875,499,0
BGGG.US,5,20260604,164000,35.915,35.915,35.915,35.915,100,0
BGGG.US,5,20260604,170000,35.9501,35.9501,35.9501,35.9501,100,0
BGGG.US,5,20260604,172000,36.12,36.12,36.12,36.12,143,0
BGGG.US,5,20260604,172500,36.09,36.09,36.09,36.09,100,0
BGGG.US,5,20260604,174000,36.0495,36.11,36.0495,36.11,6793,0
BGGG.US,5,20260604,191500,35.93,35.93,35.9249,35.9249,387,0
BGGG.US,5,20260604,192500,35.89,35.925,35.89,35.925,1571,0
BGGG.US,5,20260604,193000,35.92,35.92,35.92,35.92,100,0
BGGG.US,5,20260604,193500,35.92,35.94,35.92,35.94,3276,0
BGGG.US,5,20260604,194000,35.9118,35.975,35.91,35.975,2987,0
BGGG.US,5,20260604,201500,35.97,35.97,35.97,35.97,100,0
BGGG.US,5,20260604,204000,36.01,36.01,36.01,36.01,1438,0
BGGG.US,5,20260604,212500,36.02,36.065,36.02,36.02,3058,0
BGGG.US,5,20260605,153500,35.66,35.66,35.66,35.66,100,0
BGGG.US,5,20260605,160500,35.24,35.24,35.24,35.24,100,0
BGGG.US,5,20260605,161500,35.285,35.2851,35.285,35.2851,600,0
BGGG.US,5,20260605,171000,35.1,35.1,35.1,35.1,100,0
BGGG.US,5,20260605,171500,35.03,35.03,35,35,978,0
BGGG.US,5,20260605,175000,34.9112,34.9112,34.89,34.9112,3284,0
BGGG.US,5,20260605,181000,34.8,34.87,34.79,34.8201,13380,0
BGGG.US,5,20260605,182500,34.81,34.81,34.81,34.81,100,0
BGGG.US,5,20260605,193000,34.69,34.7196,34.69,34.7196,650,0
BGGG.US,5,20260605,194000,34.6915,34.715,34.6915,34.715,3162,0
BGGG.US,5,20260605,195500,34.74,34.77,34.74,34.77,800,0
BGGG.US,5,20260605,200000,34.72,34.79,34.71,34.735,5819,0
BGGG.US,5,20260605,202000,34.5414,34.5414,34.5414,34.5414,150,0
BGGG.US,5,20260605,203000,34.49,34.52,34.49,34.49,1300,0
BGGG.US,5,20260605,203500,34.52,34.52,34.49,34.51,2100,0
BGGG.US,5,20260605,204000,34.51,34.51,34.51,34.51,581,0
BGGG.US,5,20260605,204500,34.4,34.43,34.4,34.43,200,0
BGGG.US,5,20260605,205500,34.43,34.43,34.43,34.43,100,0
BGGG.US,5,20260605,210000,34.45,34.45,34.45,34.45,100,0
BGGG.US,5,20260605,212500,34.43,34.45,34.39,34.45,2992,0
BGGG.US,5,20260605,214500,34.445,34.4599,34.445,34.4599,1100,0
BGGG.US,5,20260608,153500,34.85,34.85,34.85,34.85,593,0
BGGG.US,5,20260608,160000,34.86,34.86,34.86,34.86,100,0
BGGG.US,5,20260608,160500,34.82,34.83,34.8,34.82,5200,0
BGGG.US,5,20260608,161000,34.83,34.91,34.83,34.9,409,0
BGGG.US,5,20260608,161500,34.88,34.88,34.87,34.87,300,0
BGGG.US,5,20260608,180500,34.9204,34.96,34.9204,34.93,1223,0
BGGG.US,5,20260608,182000,34.95,34.95,34.95,34.95,500,0
BGGG.US,5,20260608,185000,34.9,34.91,34.9,34.91,800,0
BGGG.US,5,20260608,185500,34.93,34.94,34.91,34.94,6695,0
BGGG.US,5,20260608,190000,34.93,34.94,34.91,34.92,8018,0
BGGG.US,5,20260608,193000,34.82,34.82,34.82,34.82,100,0
BGGG.US,5,20260608,195500,34.82,34.82,34.82,34.82,100,0
BGGG.US,5,20260608,202000,34.9,34.9,34.9,34.9,300,0
BGGG.US,5,20260608,211000,34.8,34.8,34.8,34.8,500,0
BGGG.US,5,20260608,213000,34.8,34.8,34.8,34.8,200,0
BGGG.US,5,20260608,214000,34.79,34.79,34.79,34.79,100,0
BGGG.US,5,20260609,153000,34.97,34.97,34.97,34.97,827,0
BGGG.US,5,20260609,155000,35.28,35.28,35.28,35.28,3552,0
BGGG.US,5,20260609,155500,35.2402,35.2402,35.2402,35.2402,1693,0
BGGG.US,5,20260609,161000,35.16,35.16,35.1,35.1,2700,0
BGGG.US,5,20260609,164500,34.77,34.77,34.77,34.77,500,0
BGGG.US,5,20260609,165500,34.615,34.63,34.58,34.63,848,0
BGGG.US,5,20260609,172000,34.54,34.54,34.39,34.39,1100,0
BGGG.US,5,20260609,175000,34.265,34.265,34.265,34.265,231,0
BGGG.US,5,20260609,175500,34.11,34.11,34.11,34.11,100,0
BGGG.US,5,20260609,180000,34.1,34.1,34.1,34.1,100,0
BGGG.US,5,20260609,182000,33.89,33.91,33.89,33.91,200,0
BGGG.US,5,20260609,183000,33.94,33.94,33.94,33.94,100,0
BGGG.US,5,20260609,183500,33.94,33.94,33.94,33.94,100,0
BGGG.US,5,20260609,194500,34.31,34.31,34.31,34.31,148,0
BGGG.US,5,20260609,195000,34.35,34.35,34.35,34.35,778,0
BGGG.US,5,20260609,200000,34.33,34.33,34.33,34.33,100,0
BGGG.US,5,20260609,201000,34.41,34.41,34.41,34.41,300,0
BGGG.US,5,20260609,201500,34.41,34.5,34.41,34.5,1100,0
BGGG.US,5,20260609,202000,34.53,34.53,34.53,34.53,389,0
BGGG.US,5,20260609,203500,34.51,34.51,34.51,34.51,100,0
BGGG.US,5,20260609,215000,34.455,34.47,34.3901,34.42,15126,0
BGGG.US,5,20260610,153500,34.09,34.09,34.09,34.09,1858,0
BGGG.US,5,20260610,162000,34.33,34.33,34.31,34.31,600,0
BGGG.US,5,20260610,170000,34.18,34.18,34.16,34.16,548,0
BGGG.US,5,20260610,170500,34.11,34.1549,34.11,34.1549,745,0
BGGG.US,5,20260610,173000,34.1,34.1,34.1,34.1,100,0
BGGG.US,5,20260610,182000,34.08,34.08,34.08,34.08,300,0
BGGG.US,5,20260610,183000,34.08,34.11,34.07,34.11,21096,0
BGGG.US,5,20260610,190000,33.98,34.07,33.91,33.99,34797,0
BGGG.US,5,20260610,192500,33.88,33.88,33.88,33.88,100,0
BGGG.US,5,20260610,194500,33.88,33.88,33.88,33.88,200,0
BGGG.US,5,20260610,195500,33.901,33.95,33.84,33.915,6469,0
BGGG.US,5,20260610,201000,33.925,33.99,33.925,33.98,2500,0
BGGG.US,5,20260610,201500,33.94,33.95,33.94,33.95,600,0
BGGG.US,5,20260610,202500,33.92,33.95,33.92,33.93,2806,0
BGGG.US,5,20260610,204000,33.8,33.8,33.8,33.8,100,0
BGGG.US,5,20260610,205500,33.82,33.82,33.82,33.82,500,0
BGGG.US,5,20260610,210500,33.77,33.77,33.77,33.77,100,0
BGGG.US,5,20260610,211500,33.77,33.77,33.77,33.77,9697,0
BGGG.US,5,20260610,212000,33.76,33.76,33.65,33.65,200,0
BGGG.US,5,20260611,161000,33.79,33.79,33.79,33.79,1907,0
BGGG.US,5,20260611,171000,33.64,33.64,33.64,33.64,29594,0
BGGG.US,5,20260611,171500,33.715,33.715,33.715,33.715,100,0
BGGG.US,5,20260611,173500,33.785,33.785,33.785,33.785,100,0
BGGG.US,5,20260611,174500,33.8,33.8,33.8,33.8,162,0
BGGG.US,5,20260611,190000,33.74,33.74,33.74,33.74,443,0
BGGG.US,5,20260611,194000,34.32,34.32,34.32,34.32,100,0
BGGG.US,5,20260611,195500,34.19,34.26,33.63,34.2,31974,0
BGGG.US,5,20260611,201500,34.16,34.16,34.16,34.16,100,0
BGGG.US,5,20260611,202000,34.175,34.175,34.13,34.13,700,0
BGGG.US,5,20260611,203000,34.195,34.195,34.195,34.195,1269,0
BGGG.US,5,20260611,210000,34.19,34.19,34.19,34.19,100,0
BGGG.US,5,20260611,211000,34.225,34.225,34.225,34.225,200,0
BGGG.US,5,20260611,211500,34.23,34.23,34.23,34.23,1652,0
BGGG.US,5,20260611,213000,34.31,34.31,34.31,34.31,100,0
BGGG.US,5,20260611,214000,34.375,34.375,34.375,34.375,761,0
BGGG.US,5,20260612,153500,34.28,34.28,34.28,34.28,1153,0
BGGG.US,5,20260612,162500,34.1,34.1,34.01,34.03,14356,0
BGGG.US,5,20260612,171000,34.355,34.355,34.3,34.3,4256,0
BGGG.US,5,20260612,173500,34.26,34.26,34.26,34.26,100,0
BGGG.US,5,20260612,190000,34.25,34.25,34.25,34.25,348,0
BGGG.US,5,20260612,191500,34.48,34.48,34.47,34.47,354,0
BGGG.US,5,20260612,201000,34.4,34.4,34.4,34.4,100,0
BGGG.US,5,20260612,213000,34.32,34.32,34.32,34.32,2300,0
BGGG.US,5,20260612,213500,34.26,34.31,34.24,34.26,3535,0
BGGG.US,5,20260612,214500,34.26,34.26,34.24,34.24,899,0
BGGG.US,5,20260612,215000,34.3,34.36,34.3,34.36,501,0
BGGG.US,5,20260612,215500,34.4,34.41,34.325,34.41,3801,0
BGGG.US,5,20260615,153500,35.27,35.27,35.27,35.27,100,0
BGGG.US,5,20260615,154000,35.23,35.23,35.23,35.23,100,0
BGGG.US,5,20260615,154500,35.35,35.35,35.35,35.35,200,0
BGGG.US,5,20260615,155000,35.271,35.35,35.271,35.315,11193,0
BGGG.US,5,20260615,155500,35.31,35.31,35.27,35.27,200,0
BGGG.US,5,20260615,162000,35.21,35.21,35.21,35.21,568,0
BGGG.US,5,20260615,181500,35.47,35.47,35.47,35.47,100,0
BGGG.US,5,20260615,182500,35.495,35.502,35.43,35.48,9300,0
BGGG.US,5,20260615,191500,35.335,35.335,35.3,35.3349,1633,0
BGGG.US,5,20260615,193000,35.32,35.3201,35.32,35.3201,3078,0
BGGG.US,5,20260615,201500,35.3185,35.3197,35.27,35.2701,6104,0
BGGG.US,5,20260615,203000,35.2701,35.34,35.27,35.2959,4416,0
BGGG.US,5,20260615,205000,35.295,35.35,35.26,35.35,5191,0
BGGG.US,5,20260615,211000,35.25,35.25,35.25,35.25,100,0
BGGG.US,5,20260615,215500,35.3301,35.3301,35.3301,35.3301,568,0
BGGG.US,5,20260616,153000,35.29,35.29,35.29,35.29,444,0
BGGG.US,5,20260616,160500,35.255,35.255,35.255,35.255,1419,0
BGGG.US,5,20260616,161500,35.11,35.11,35.11,35.11,100,0
BGGG.US,5,20260616,162000,35.03,35.0301,35,35,7678,0
BGGG.US,5,20260616,164000,35.09,35.13,35.05,35.06,7492,0
BGGG.US,5,20260616,170500,35.1,35.1325,35.09,35.1325,13545,0
BGGG.US,5,20260616,172500,35.1,35.1,35.1,35.1,100,0
BGGG.US,5,20260616,173500,35.195,35.195,35.135,35.135,3300,0
BGGG.US,5,20260616,174000,35.14,35.14,35.095,35.105,3300,0
BGGG.US,5,20260616,174500,35.115,35.12,35.115,35.12,300,0
BGGG.US,5,20260616,175500,35.04,35.04,35.04,35.04,100,0
BGGG.US,5,20260616,181000,35.12,35.13,35.09,35.13,2361,0
BGGG.US,5,20260616,181500,35.12,35.12,35.12,35.12,1000,0
BGGG.US,5,20260616,182000,35.12,35.12,35.12,35.12,600,0
BGGG.US,5,20260616,182500,35.14,35.16,35.11,35.16,300,0
BGGG.US,5,20260616,183000,35.05,35.13,35.05,35.12,2827,0
BGGG.US,5,20260616,183500,35.12,35.15,35.03,35.15,6227,0
BGGG.US,5,20260616,184000,35.16,35.16,35.14,35.16,800,0
BGGG.US,5,20260616,201000,35.09,35.13,34.91,35.07,11243,0
BGGG.US,5,20260616,215000,35.045,35.045,35,35,6823,0
BGGG.US,5,20260617,153000,35.2,35.33,35.19,35.25,3400,0
BGGG.US,5,20260617,154000,35.25,35.25,35.2,35.2,9732,0
BGGG.US,5,20260617,160000,35.13,35.1701,35.13,35.1601,1278,0
BGGG.US,5,20260617,160500,35.225,35.225,35.225,35.225,569,0
BGGG.US,5,20260617,162000,35.27,35.295,35.24,35.28,5012,0
BGGG.US,5,20260617,163500,35.2,35.2,35.2,35.2,100,0
BGGG.US,5,20260617,170500,35.08,35.08,35.04,35.04,918,0
BGGG.US,5,20260617,174000,35.24,35.28,35.08,35.2596,11848,0
BGGG.US,5,20260617,175000,35.21,35.2225,35.18,35.1801,14042,0
BGGG.US,5,20260617,182000,35.19,35.32,35.19,35.32,1973,0
BGGG.US,5,20260617,182500,35.21,35.23,35.21,35.23,600,0
BGGG.US,5,20260617,184000,35.13,35.14,35.13,35.14,300,0
BGGG.US,5,20260617,185000,35.09,35.09,35.09,35.09,100,0
BGGG.US,5,20260617,191000,35.1,35.1,35.1,35.1,200,0
BGGG.US,5,20260617,194000,35.15,35.15,35.15,35.15,100,0
BGGG.US,5,20260617,195500,35.22,35.22,35.21,35.21,400,0
BGGG.US,5,20260617,200500,34.81,34.81,34.81,34.81,100,0
BGGG.US,5,20260617,201000,34.91,34.91,34.91,34.91,100,0
BGGG.US,5,20260617,201500,35,35,35,35,500,0
BGGG.US,5,20260617,204500,35.096,35.1,35.07,35.09,2700,0
BGGG.US,5,20260617,205000,35.09,35.09,35.09,35.09,100,0
BGGG.US,5,20260617,215000,34.38,34.39,34.38,34.39,349,0
BGGG.US,5,20260618,153000,34.93,34.93,34.72,34.77,1200,0
BGGG.US,5,20260618,155500,34.505,34.505,34.505,34.505,1678,0
BGGG.US,5,20260618,162000,34.685,34.685,34.63,34.6311,4680,0
BGGG.US,5,20260618,171500,34.75,34.75,34.75,34.75,100,0
BGGG.US,5,20260618,180500,34.7,34.7,34.68,34.68,494,0
BGGG.US,5,20260618,185000,34.72,34.7201,34.72,34.7201,1240,0
BGGG.US,5,20260618,190000,34.7201,34.8,34.67,34.8,7072,0
BGGG.US,5,20260618,195500,34.78,34.79,34.78,34.79,1158,0
BGGG.US,5,20260618,200000,34.77,34.77,34.73,34.73,2200,0
BGGG.US,5,20260618,200500,34.73,34.73,34.7,34.7,3000,0
BGGG.US,5,20260618,201000,34.7,34.71,34.69,34.69,1100,0
BGGG.US,5,20260618,201500,34.73,34.73,34.64,34.6601,2024,0
BGGG.US,5,20260618,202000,34.66,34.66,34.66,34.66,100,0
BGGG.US,5,20260618,202500,34.66,34.66,34.63,34.63,1500,0
BGGG.US,5,20260618,203000,34.62,34.63,34.62,34.62,1300,0
BGGG.US,5,20260618,203500,34.62,34.69,34.59,34.61,1931,0
BGGG.US,5,20260618,204000,34.6,34.6,34.6,34.6,100,0
BGGG.US,5,20260618,205000,34.66,34.66,34.61,34.62,12583,0
BGGG.US,5,20260618,205500,34.63,34.6301,34.61,34.61,12038,0
BGGG.US,5,20260618,210000,34.61,34.61,34.57,34.57,200,0
BGGG.US,5,20260618,210500,34.56,34.59,34.56,34.56,2302,0
BGGG.US,5,20260618,211000,34.56,34.56,34.53,34.55,1700,0
BGGG.US,5,20260618,211500,34.54,34.55,34.54,34.55,400,0
BGGG.US,5,20260618,212000,34.57,34.57,34.57,34.57,1700,0
BGGG.US,5,20260618,212500,34.59,34.59,34.59,34.59,600,0
BGGG.US,5,20260618,213000,34.56,34.56,34.55,34.56,2500,0
BGGG.US,5,20260618,213500,34.56,34.56,34.56,34.56,713,0
BGGG.US,5,20260618,215000,34.73,34.73,34.73,34.73,217,0
BGGG.US,5,20260622,153000,34.68,34.68,34.68,34.68,532,0
BGGG.US,5,20260622,153500,34.58,34.58,34.58,34.58,100,0
BGGG.US,5,20260622,154500,34.73,34.73,34.73,34.73,100,0
BGGG.US,5,20260622,160000,34.8,34.82,34.77,34.82,4109,0
BGGG.US,5,20260622,160500,34.7,34.73,34.7,34.73,1013008,0
BGGG.US,5,20260622,161000,34.65,34.65,34.65,34.65,100,0
BGGG.US,5,20260622,161500,34.49,34.49,34.49,34.49,167,0
BGGG.US,5,20260622,171500,34.27,34.27,34.27,34.27,100,0
BGGG.US,5,20260622,174500,34.3,34.3,34.3,34.3,265,0
BGGG.US,5,20260622,180000,34.23,34.265,34.23,34.265,1692,0
BGGG.US,5,20260622,182000,34.2,34.2,34.2,34.2,100,0
BGGG.US,5,20260622,190000,34.2,34.2,34.2,34.2,12674,0
BGGG.US,5,20260622,195000,34.1548,34.1548,34.1548,34.1548,315,0
BGGG.US,5,20260622,201000,34.28,34.28,34.245,34.245,471,0
BGGG.US,5,20260622,203000,34.3,34.3,34.3,34.3,200,0
BGGG.US,5,20260622,204000,34.265,34.3,34.265,34.3,377,0
