<TICKER>,<PER>,<DATE>,<TIME>,<OPEN>,<HIGH>,<LOW>,<CLOSE>,<VOL>,<OPENINT>
DLHC.US,5,20260126,153000,5.98,5.98,5.98,5.98,100,0
DLHC.US,5,20260126,154000,5.96,5.96,5.96,5.96,121,0
DLHC.US,5,20260126,164500,5.97,5.97,5.97,5.97,100,0
DLHC.US,5,20260126,170000,5.971,5.971,5.971,5.971,300,0
DLHC.US,5,20260126,172000,5.97,5.97,5.97,5.97,111,0
DLHC.US,5,20260126,185000,6,6,6,6,619,0
DLHC.US,5,20260126,191500,5.985,5.985,5.985,5.985,300,0
DLHC.US,5,20260126,192500,6,6,6,6,890,0
DLHC.US,5,20260126,202000,6.0101,6.0101,5.97,5.9701,1992,0
DLHC.US,5,20260126,212000,5.9801,5.9801,5.97,5.9701,800,0
DLHC.US,5,20260126,215500,6.05,6.05,6.05,6.05,999,0
DLHC.US,5,20260127,155500,5.9,5.9,5.9,5.9,299,0
DLHC.US,5,20260127,162500,6.05,6.05,6.05,6.05,100,0
DLHC.US,5,20260127,170000,5.9885,5.9885,5.9885,5.9885,497,0
DLHC.US,5,20260127,171000,6,6,6,6,100,0
DLHC.US,5,20260127,215000,6.1,6.1,6.1,6.1,100,0
DLHC.US,5,20260127,215500,6.06,6.06,6.06,6.06,1058,0
DLHC.US,5,20260128,154000,5.85,5.86,5.84,5.86,899,0
DLHC.US,5,20260128,154500,6.0329,6.0329,6.0329,6.0329,100,0
DLHC.US,5,20260128,161000,6,6,6,6,200,0
DLHC.US,5,20260128,161500,6,6,6,6,100,0
DLHC.US,5,20260128,185500,6,6,6,6,100,0
DLHC.US,5,20260128,191500,6,6,6,6,100,0
DLHC.US,5,20260128,204500,6.014,6.014,6.014,6.014,737,0
DLHC.US,5,20260128,214500,6.01,6.01,6.01,6.01,3712,0
DLHC.US,5,20260128,215500,5.9818,6.04,5.9818,6.04,1541,0
DLHC.US,5,20260129,153000,6.07,6.07,6.07,6.07,489,0
DLHC.US,5,20260129,164000,5.87,5.87,5.87,5.87,200,0
DLHC.US,5,20260129,172000,5.78,5.78,5.78,5.78,100,0
DLHC.US,5,20260129,181500,5.89,5.89,5.8,5.8,1573,0
DLHC.US,5,20260129,185500,5.96,5.96,5.96,5.96,100,0
DLHC.US,5,20260129,193000,5.94,5.94,5.94,5.94,188,0
DLHC.US,5,20260129,205500,5.9,5.9,5.9,5.9,101,0
DLHC.US,5,20260129,212000,5.87,5.87,5.87,5.87,100,0
DLHC.US,5,20260129,215500,5.92,5.92,5.92,5.92,100,0
DLHC.US,5,20260130,170000,5.94,5.94,5.94,5.94,100,0
DLHC.US,5,20260130,173000,5.76,5.76,5.76,5.76,127,0
DLHC.US,5,20260130,183000,5.92,5.92,5.92,5.92,100,0
DLHC.US,5,20260130,200500,5.8,5.8,5.8,5.8,250,0
DLHC.US,5,20260130,215500,5.82,5.82,5.71,5.71,1464,0
DLHC.US,5,20260202,153000,5.69,5.7,5.69,5.7,277,0
DLHC.US,5,20260202,162500,5.61,5.61,5.61,5.61,100,0
DLHC.US,5,20260202,164000,5.6775,5.6775,5.6775,5.6775,500,0
DLHC.US,5,20260202,190500,5.825,5.825,5.825,5.825,200,0
DLHC.US,5,20260202,200000,5.7872,5.7872,5.7872,5.7872,273,0
DLHC.US,5,20260202,215500,5.79,5.85,5.66,5.66,888,0
DLHC.US,5,20260203,153000,5.66,5.66,5.6001,5.6001,228,0
DLHC.US,5,20260203,155500,5.61,5.61,5.61,5.61,100,0
DLHC.US,5,20260203,205000,5.62,5.62,5.62,5.62,100,0
DLHC.US,5,20260203,211000,5.77,5.78,5.695,5.695,800,0
DLHC.US,5,20260203,215000,5.8126,5.8126,5.8126,5.8126,500,0
DLHC.US,5,20260204,170500,5.75,5.75,5.75,5.75,100,0
DLHC.US,5,20260204,200000,5.72,5.72,5.72,5.72,100,0
DLHC.US,5,20260204,215500,5.81,5.81,5.81,5.81,100,0
DLHC.US,5,20260205,153000,5.72,5.72,5.72,5.72,200,0
DLHC.US,5,20260205,153500,5.7314,5.7314,5.7201,5.7201,600,0
DLHC.US,5,20260205,155000,5.72,5.72,5.72,5.72,100,0
DLHC.US,5,20260205,160500,5.72,5.72,5.72,5.72,100,0
DLHC.US,5,20260205,164500,5.71,5.71,5.71,5.71,200,0
DLHC.US,5,20260205,171500,5.7223,5.7223,5.7223,5.7223,100,0
DLHC.US,5,20260205,184500,5.8399,5.8399,5.8399,5.8399,148,0
DLHC.US,5,20260205,192000,5.87,5.88,5.87,5.88,800,0
DLHC.US,5,20260205,194500,5.7301,5.7301,5.7301,5.7301,1000,0
DLHC.US,5,20260205,195000,5.75,5.75,5.75,5.75,182,0
DLHC.US,5,20260205,215500,5.85,5.85,5.84,5.84,453,0
DLHC.US,5,20260206,162000,5.9,5.9,5.9,5.9,100,0
DLHC.US,5,20260206,184500,5.9,5.9,5.9,5.9,100,0
DLHC.US,5,20260206,203500,5.825,5.825,5.825,5.825,877,0
DLHC.US,5,20260206,204500,5.84,5.84,5.84,5.84,320,0
DLHC.US,5,20260206,214500,5.92,5.92,5.92,5.92,110,0
DLHC.US,5,20260206,215000,5.9043,5.9043,5.9,5.9,1500,0
DLHC.US,5,20260206,215500,5.87,5.87,5.87,5.87,2825,0
DLHC.US,5,20260209,153000,5.84,5.84,5.84,5.84,203,0
DLHC.US,5,20260209,160500,5.995,5.995,5.995,5.995,500,0
DLHC.US,5,20260209,164000,5.87,5.87,5.87,5.87,100,0
DLHC.US,5,20260209,164500,5.855,5.855,5.76,5.76,450,0
DLHC.US,5,20260209,173000,5.87,5.87,5.87,5.87,101,0
DLHC.US,5,20260209,173500,5.86,5.86,5.86,5.86,100,0
DLHC.US,5,20260209,175500,5.9571,5.9571,5.9571,5.9571,250,0
DLHC.US,5,20260209,183000,5.96,5.96,5.96,5.96,500,0
DLHC.US,5,20260209,184500,5.9992,5.9992,5.9992,5.9992,100,0
DLHC.US,5,20260209,194500,5.93,5.9301,5.81,5.81,3400,0
DLHC.US,5,20260209,195000,5.92,5.92,5.92,5.92,321,0
DLHC.US,5,20260209,200000,5.955,6.05,5.89,5.89,4850,0
DLHC.US,5,20260209,203000,5.99,5.99,5.99,5.99,163,0
DLHC.US,5,20260209,205000,5.9135,5.9135,5.9135,5.9135,142,0
DLHC.US,5,20260209,213500,6.13,6.13,6.005,6.005,300,0
DLHC.US,5,20260209,214500,6.0213,6.0213,6.0213,6.0213,101,0
DLHC.US,5,20260209,215000,5.995,5.995,5.9717,5.9717,700,0
DLHC.US,5,20260209,215500,5.84,5.84,5.84,5.84,219,0
DLHC.US,5,20260210,153000,5.93,5.93,5.875,5.875,801,0
DLHC.US,5,20260210,160000,5.8441,5.8441,5.8441,5.8441,108,0
DLHC.US,5,20260210,160500,5.83,5.83,5.83,5.83,100,0
DLHC.US,5,20260210,161000,5.76,5.77,5.75,5.77,2908,0
DLHC.US,5,20260210,161500,5.73,5.74,5.73,5.74,382,0
DLHC.US,5,20260210,162000,5.67,5.67,5.67,5.67,200,0
DLHC.US,5,20260210,165500,5.73,5.73,5.73,5.73,101,0
DLHC.US,5,20260210,172000,5.66,5.66,5.66,5.66,500,0
DLHC.US,5,20260210,172500,5.67,5.67,5.67,5.67,100,0
DLHC.US,5,20260210,173000,5.67,5.67,5.67,5.67,275,0
DLHC.US,5,20260210,174000,5.67,5.67,5.67,5.67,149,0
DLHC.US,5,20260210,174500,5.65,5.65,5.65,5.65,1165,0
DLHC.US,5,20260210,184000,5.6,5.64,5.6,5.6133,5401,0
DLHC.US,5,20260210,212000,5.625,5.63,5.625,5.63,813,0
DLHC.US,5,20260210,215500,5.6,5.6,5.6,5.6,3953,0
DLHC.US,5,20260211,164500,5.6,5.6,5.6,5.6,200,0
DLHC.US,5,20260211,165500,5.6,5.61,5.6,5.6001,900,0
DLHC.US,5,20260211,170500,5.5715,5.5715,5.5501,5.5501,400,0
DLHC.US,5,20260211,173000,5.565,5.565,5.565,5.565,138,0
DLHC.US,5,20260211,181500,5.5601,5.5601,5.55,5.5501,5520,0
DLHC.US,5,20260211,182000,5.55,5.55,5.55,5.55,999,0
DLHC.US,5,20260211,185000,5.555,5.555,5.555,5.555,800,0
DLHC.US,5,20260211,191500,5.54,5.54,5.54,5.54,2769,0
DLHC.US,5,20260211,192500,5.515,5.515,5.515,5.515,1000,0
DLHC.US,5,20260211,193000,5.52,5.52,5.52,5.52,100,0
DLHC.US,5,20260211,213000,5.54,5.54,5.54,5.54,153,0
DLHC.US,5,20260211,214000,5.5496,5.5496,5.5496,5.5496,700,0
DLHC.US,5,20260211,215000,5.57,5.57,5.57,5.57,779,0
DLHC.US,5,20260212,153000,5.5,5.5,5.5,5.5,2518,0
DLHC.US,5,20260212,160000,5.5952,5.5952,5.5952,5.5952,3500,0
DLHC.US,5,20260212,161000,5.51,5.52,5.51,5.52,200,0
DLHC.US,5,20260212,164500,5.51,5.51,5.51,5.51,200,0
DLHC.US,5,20260212,170000,5.5,5.5,5.5,5.5,358,0
DLHC.US,5,20260212,171000,5.5,5.5,5.5,5.5,100,0
DLHC.US,5,20260212,180000,5.5,5.5,5.5,5.5,300,0
DLHC.US,5,20260212,181000,5.54,5.54,5.54,5.54,800,0
DLHC.US,5,20260212,183000,5.5,5.5,5.5,5.5,100,0
DLHC.US,5,20260212,183500,5.53,5.53,5.53,5.53,500,0
DLHC.US,5,20260212,184500,5.51,5.51,5.5,5.5,1394,0
DLHC.US,5,20260212,185000,5.515,5.5168,5.5,5.51,5156,0
DLHC.US,5,20260212,190500,5.5,5.5,5.5,5.5,100,0
DLHC.US,5,20260212,191000,5.5,5.5,5.5,5.5,100,0
DLHC.US,5,20260212,192500,5.5,5.5,5.5,5.5,100,0
DLHC.US,5,20260212,193000,5.5,5.51,5.5,5.5,4488,0
DLHC.US,5,20260212,194000,5.51,5.56,5.5,5.56,4473,0
DLHC.US,5,20260212,200000,5.5189,5.5189,5.5187,5.5187,493,0
DLHC.US,5,20260212,201000,5.53,5.53,5.5,5.5,200,0
DLHC.US,5,20260212,202500,5.5,5.52,5.5,5.52,204,0
DLHC.US,5,20260212,203500,5.525,5.525,5.5,5.5,263,0
DLHC.US,5,20260212,210000,5.5,5.5,5.5,5.5,100,0
DLHC.US,5,20260212,210500,5.54,5.54,5.54,5.54,100,0
DLHC.US,5,20260212,211500,5.5,5.5,5.5,5.5,100,0
DLHC.US,5,20260212,213000,5.5,5.5,5.5,5.5,100,0
DLHC.US,5,20260212,215000,5.5,5.5,5.5,5.5,135,0
DLHC.US,5,20260212,215500,5.51,5.51,5.5,5.5,400,0
DLHC.US,5,20260213,153000,5.63,5.63,5.61,5.61,669,0
DLHC.US,5,20260213,161500,5.64,5.6401,5.6001,5.6001,11500,0
DLHC.US,5,20260213,164000,5.61,5.6101,5.61,5.6101,1100,0
DLHC.US,5,20260213,165500,5.54,5.54,5.5,5.5001,4483,0
DLHC.US,5,20260213,173500,5.5,5.5,5.5,5.5,100,0
DLHC.US,5,20260213,181500,5.535,5.535,5.535,5.535,500,0
DLHC.US,5,20260213,182500,5.53,5.53,5.53,5.53,500,0
DLHC.US,5,20260213,190000,5.53,5.53,5.53,5.53,100,0
DLHC.US,5,20260213,200500,5.53,5.53,5.53,5.53,100,0
DLHC.US,5,20260213,215000,5.56,5.56,5.56,5.56,415,0
DLHC.US,5,20260213,215500,5.59,5.59,5.58,5.58,558,0
DLHC.US,5,20260217,153000,5.56,5.56,5.56,5.56,691,0
DLHC.US,5,20260217,155500,5.56,5.56,5.53,5.53,433,0
DLHC.US,5,20260217,163000,5.52,5.52,5.52,5.52,100,0
DLHC.US,5,20260217,200500,5.58,5.58,5.56,5.56,1700,0
DLHC.US,5,20260217,201000,5.5799,5.5799,5.535,5.535,2200,0
DLHC.US,5,20260217,203500,5.5118,5.5118,5.5118,5.5118,300,0
DLHC.US,5,20260217,204500,5.5218,5.5218,5.51,5.51,2508,0
DLHC.US,5,20260217,205000,5.51,5.51,5.51,5.51,101,0
DLHC.US,5,20260217,205500,5.51,5.51,5.51,5.51,168,0
DLHC.US,5,20260217,215500,5.525,5.54,5.5,5.5,4165,0
DLHC.US,5,20260218,164500,5.5,5.51,5.5,5.5,14262,0
DLHC.US,5,20260218,170000,5.5,5.5,5.5,5.5,100,0
DLHC.US,5,20260218,170500,5.5053,5.5053,5.5053,5.5053,147,0
DLHC.US,5,20260218,171000,5.5,5.5,5.5,5.5,100,0
DLHC.US,5,20260218,172000,5.5,5.5,5.5,5.5,2345,0
DLHC.US,5,20260218,172500,5.5,5.525,5.5,5.52,23454,0
DLHC.US,5,20260218,173500,5.5105,5.5105,5.5,5.5,2191,0
DLHC.US,5,20260218,174000,5.51,5.51,5.51,5.51,1400,0
DLHC.US,5,20260218,174500,5.5,5.5,5.5,5.5,2000,0
DLHC.US,5,20260218,175000,5.5,5.515,5.5,5.515,1897,0
DLHC.US,5,20260218,195000,5.52,5.52,5.52,5.52,149,0
DLHC.US,5,20260218,203000,5.51,5.51,5.51,5.51,200,0
DLHC.US,5,20260218,213000,5.51,5.51,5.51,5.51,100,0
DLHC.US,5,20260218,213500,5.5,5.505,5.5,5.505,1800,0
DLHC.US,5,20260218,215500,5.51,5.51,5.49,5.49,489,0
DLHC.US,5,20260219,153000,5.5,5.5,5.5,5.5,188,0
DLHC.US,5,20260219,161500,5.54,5.54,5.54,5.54,100,0
DLHC.US,5,20260219,165000,5.52,5.54,5.5,5.512,6498,0
DLHC.US,5,20260219,165500,5.56,5.56,5.56,5.56,100,0
DLHC.US,5,20260219,170000,5.56,5.56,5.56,5.56,100,0
DLHC.US,5,20260219,192500,5.5,5.5,5.5,5.5,263,0
DLHC.US,5,20260219,193000,5.51,5.51,5.5,5.5,6998,0
DLHC.US,5,20260219,193500,5.5001,5.51,5.5001,5.51,5200,0
DLHC.US,5,20260219,205000,5.5,5.5,5.5,5.5,800,0
DLHC.US,5,20260219,213000,5.56,5.56,5.545,5.545,1000,0
DLHC.US,5,20260219,215000,5.5536,5.56,5.5536,5.56,200,0
DLHC.US,5,20260219,215500,5.56,5.57,5.56,5.57,234,0
DLHC.US,5,20260220,153000,5.5,5.5,5.5,5.5,200,0
DLHC.US,5,20260220,175000,5.56,5.56,5.56,5.56,200,0
DLHC.US,5,20260220,214000,5.57,5.64,5.57,5.64,706,0
DLHC.US,5,20260220,214500,5.65,5.67,5.65,5.67,800,0
DLHC.US,5,20260220,215000,5.67,5.68,5.67,5.68,300,0
DLHC.US,5,20260220,215500,5.68,5.81,5.65,5.81,2068,0
DLHC.US,5,20260223,182500,5.66,5.66,5.66,5.66,100,0
DLHC.US,5,20260223,183000,5.74,5.74,5.74,5.74,100,0
DLHC.US,5,20260223,211000,5.75,5.75,5.75,5.75,340,0
DLHC.US,5,20260223,214500,5.71,5.71,5.71,5.71,100,0
DLHC.US,5,20260223,215500,5.76,5.76,5.76,5.76,100,0
DLHC.US,5,20260224,181000,5.615,5.615,5.615,5.615,154,0
DLHC.US,5,20260224,203500,5.67,5.68,5.66,5.66,1475,0
DLHC.US,5,20260224,215000,5.63,5.63,5.63,5.63,100,0
DLHC.US,5,20260224,215500,5.67,5.67,5.67,5.67,336,0
DLHC.US,5,20260225,153000,5.62,5.62,5.62,5.62,553,0
DLHC.US,5,20260225,154000,5.56,5.56,5.56,5.56,100,0
DLHC.US,5,20260225,164500,5.655,5.78,5.61,5.78,2593,0
DLHC.US,5,20260225,172500,5.7643,5.7643,5.7643,5.7643,1038,0
DLHC.US,5,20260225,201000,5.7457,5.7457,5.67,5.67,1027,0
DLHC.US,5,20260225,201500,5.77,5.77,5.77,5.77,100,0
DLHC.US,5,20260225,205000,5.78,5.78,5.78,5.78,257,0
DLHC.US,5,20260225,213000,5.7,5.7,5.7,5.7,200,0
DLHC.US,5,20260225,215000,5.78,5.78,5.78,5.78,1000,0
DLHC.US,5,20260226,170500,5.72,5.72,5.72,5.72,100,0
DLHC.US,5,20260226,201000,5.705,5.705,5.705,5.705,300,0
DLHC.US,5,20260226,202000,5.755,5.755,5.755,5.755,100,0
DLHC.US,5,20260226,213000,5.735,5.735,5.735,5.735,100,0
DLHC.US,5,20260226,213500,5.8399,5.84,5.8399,5.84,700,0
DLHC.US,5,20260227,153000,5.91,5.91,5.91,5.91,300,0
DLHC.US,5,20260227,190000,5.77,5.77,5.77,5.77,100,0
DLHC.US,5,20260227,195000,5.8095,5.815,5.8095,5.815,200,0
DLHC.US,5,20260227,204500,5.815,5.88,5.815,5.88,300,0
DLHC.US,5,20260227,210500,5.9076,5.9076,5.9076,5.9076,101,0
DLHC.US,5,20260227,214000,5.89,5.89,5.89,5.89,100,0
DLHC.US,5,20260227,215000,5.88,5.935,5.88,5.935,200,0
DLHC.US,5,20260227,215500,5.88,6,5.88,6,5133,0
DLHC.US,5,20260302,155000,5.7412,5.7412,5.718,5.718,664,0
DLHC.US,5,20260302,204000,5.847,5.847,5.847,5.847,204,0
DLHC.US,5,20260302,214000,5.85,5.85,5.85,5.85,300,0
DLHC.US,5,20260303,153000,5.76,5.76,5.76,5.76,107,0
DLHC.US,5,20260303,174000,5.74,5.741,5.74,5.74,1500,0
DLHC.US,5,20260303,210000,5.77,5.77,5.77,5.77,100,0
DLHC.US,5,20260303,215000,5.77,5.77,5.77,5.77,100,0
DLHC.US,5,20260303,215500,5.91,5.91,5.91,5.91,390,0
DLHC.US,5,20260304,164000,5.79,5.79,5.79,5.79,200,0
DLHC.US,5,20260304,215500,5.84,5.87,5.84,5.87,495,0
DLHC.US,5,20260305,175000,5.79,5.79,5.79,5.79,304,0
DLHC.US,5,20260305,185000,5.785,5.785,5.785,5.785,2952,0
DLHC.US,5,20260305,190000,5.73,5.785,5.72,5.72,1492,0
DLHC.US,5,20260305,190500,5.72,5.7249,5.71,5.72,2624,0
DLHC.US,5,20260305,191500,5.71,5.71,5.71,5.71,100,0
DLHC.US,5,20260305,193500,5.73,5.73,5.73,5.73,202,0
DLHC.US,5,20260305,195000,5.71,5.71,5.7,5.7001,492,0
DLHC.US,5,20260306,160000,5.705,5.705,5.705,5.705,100,0
DLHC.US,5,20260306,165500,5.73,5.73,5.73,5.73,299,0
DLHC.US,5,20260306,194500,5.69,5.69,5.69,5.69,100,0
DLHC.US,5,20260306,202000,5.7,5.7,5.7,5.7,1156,0
DLHC.US,5,20260306,202500,5.735,5.735,5.735,5.735,155,0
DLHC.US,5,20260306,205000,5.7,5.71,5.7,5.71,400,0
DLHC.US,5,20260306,205500,5.63,5.63,5.63,5.63,125,0
DLHC.US,5,20260306,213500,5.68,5.68,5.67,5.68,699,0
DLHC.US,5,20260306,215500,5.85,5.85,5.85,5.85,729,0
DLHC.US,5,20260309,182000,5.705,5.705,5.705,5.705,148,0
DLHC.US,5,20260310,172500,5.89,5.89,5.88,5.88,689,0
DLHC.US,5,20260310,180500,5.755,5.755,5.755,5.755,100,0
DLHC.US,5,20260310,191000,5.8999,5.8999,5.8999,5.8999,500,0
DLHC.US,5,20260310,194000,5.8001,5.8001,5.8,5.8,588,0
DLHC.US,5,20260310,200500,5.8329,5.8329,5.8329,5.8329,1046,0
DLHC.US,5,20260310,201500,5.9,5.9,5.9,5.9,284,0
DLHC.US,5,20260310,202000,5.85,5.85,5.85,5.85,400,0
DLHC.US,5,20260310,205500,5.64,5.64,5.64,5.64,418,0
DLHC.US,5,20260311,153500,5.75,5.77,5.75,5.77,600,0
DLHC.US,5,20260311,183500,5.6382,5.6382,5.6382,5.6382,1040,0
DLHC.US,5,20260311,190500,5.67,5.67,5.67,5.67,100,0
DLHC.US,5,20260311,205500,5.88,5.88,5.69,5.69,1123,0
DLHC.US,5,20260312,143000,5.5001,5.5001,5.5001,5.5001,157,0
DLHC.US,5,20260312,164000,5.7,5.7,5.7,5.7,100,0
DLHC.US,5,20260312,174000,5.84,5.84,5.84,5.84,2800,0
DLHC.US,5,20260312,190000,5.775,5.775,5.775,5.775,100,0
DLHC.US,5,20260312,205500,5.94,6,5.91,6,2692,0
DLHC.US,5,20260313,143500,5.75,5.75,5.75,5.75,250,0
DLHC.US,5,20260313,145500,5.78,5.78,5.78,5.78,1000,0
DLHC.US,5,20260313,150500,5.7808,5.7808,5.7808,5.7808,990,0
DLHC.US,5,20260313,174500,5.65,5.65,5.65,5.65,500,0
DLHC.US,5,20260313,181000,5.73,5.73,5.73,5.73,146,0
DLHC.US,5,20260313,205500,5.81,5.99,5.81,5.99,829,0
DLHC.US,5,20260316,172500,5.69,5.69,5.69,5.69,100,0
DLHC.US,5,20260316,180500,5.792,5.792,5.792,5.792,996,0
DLHC.US,5,20260316,190500,5.785,5.785,5.785,5.785,100,0
DLHC.US,5,20260316,205500,5.76,5.76,5.76,5.76,334,0
DLHC.US,5,20260317,145500,5.76,5.7601,5.5795,5.5795,1096,0
DLHC.US,5,20260317,155500,5.8,5.8,5.8,5.8,100,0
DLHC.US,5,20260317,161500,5.765,5.765,5.765,5.765,100,0
DLHC.US,5,20260317,163000,5.66,5.84,5.66,5.84,1812,0
DLHC.US,5,20260317,170500,5.815,5.815,5.815,5.815,2000,0
DLHC.US,5,20260317,174500,5.7,5.7,5.6938,5.6938,1296,0
DLHC.US,5,20260317,205500,5.93,5.93,5.77,5.77,559,0
DLHC.US,5,20260318,143000,5.7067,5.7067,5.7067,5.7067,101,0
DLHC.US,5,20260318,145500,5.64,5.85,5.63,5.85,4115,0
DLHC.US,5,20260318,165000,5.77,5.77,5.77,5.77,100,0
DLHC.US,5,20260318,190500,5.75,5.75,5.75,5.75,100,0
DLHC.US,5,20260318,200000,5.88,5.88,5.88,5.88,300,0
DLHC.US,5,20260318,200500,5.88,5.97,5.88,5.97,1100,0
DLHC.US,5,20260318,201000,5.97,6.13,5.97,6.13,3539,0
DLHC.US,5,20260318,202500,6.0025,6.1471,6.0025,6.1471,515,0
DLHC.US,5,20260318,205500,6.125,6.23,6.08,6.23,438,0
DLHC.US,5,20260319,153500,5.9636,5.9636,5.9636,5.9636,250,0
DLHC.US,5,20260319,170500,5.73,5.73,5.68,5.68,600,0
DLHC.US,5,20260319,175500,5.64,5.64,5.64,5.64,100,0
DLHC.US,5,20260319,183000,5.81,5.81,5.8,5.8,200,0
DLHC.US,5,20260320,194500,5.795,5.8,5.795,5.8,200,0
DLHC.US,5,20260320,203500,5.79,5.79,5.79,5.79,200,0
DLHC.US,5,20260320,205500,5.62,5.62,5.62,5.62,4264,0
DLHC.US,5,20260323,185000,5.76,5.79,5.63,5.78,5232,0
DLHC.US,5,20260323,185500,5.72,5.72,5.72,5.72,100,0
DLHC.US,5,20260323,190000,5.7,5.7,5.7,5.7,1460,0
DLHC.US,5,20260323,191500,5.82,5.82,5.735,5.82,5000,0
DLHC.US,5,20260323,192000,5.83,5.93,5.8299,5.83,4072,0
DLHC.US,5,20260323,195000,6.03,6.03,6.03,6.03,100,0
DLHC.US,5,20260324,153500,5.8801,5.8801,5.8801,5.8801,100,0
DLHC.US,5,20260324,183000,5.95,5.95,5.9,5.9129,700,0
DLHC.US,5,20260324,185000,5.85,5.85,5.85,5.85,500,0
DLHC.US,5,20260324,205000,6.01,6.01,6.01,6.01,100,0
DLHC.US,5,20260324,205500,6.01,6.01,6.01,6.01,100,0
DLHC.US,5,20260325,152000,6.17,6.17,6.17,6.17,100,0
DLHC.US,5,20260325,161500,5.92,5.92,5.91,5.91,251,0
DLHC.US,5,20260325,170500,5.97,6.1,5.97,6.1,300,0
DLHC.US,5,20260325,172000,6.135,6.25,6.135,6.24,400,0
DLHC.US,5,20260325,192500,6.025,6.025,6.025,6.025,100,0
DLHC.US,5,20260325,201500,5.92,5.92,5.92,5.92,100,0
DLHC.US,5,20260325,205500,6.04,6.04,6.04,6.04,221,0
DLHC.US,5,20260326,163000,5.925,5.925,5.925,5.925,100,0
DLHC.US,5,20260326,175000,5.95,5.95,5.95,5.95,100,0
DLHC.US,5,20260326,175500,5.9644,5.9644,5.9644,5.9644,493,0
DLHC.US,5,20260326,183500,5.99,5.99,5.99,5.99,100,0
DLHC.US,5,20260326,202500,5.91,5.91,5.9,5.9,1386,0
DLHC.US,5,20260326,204000,5.7,5.7,5.7,5.7,831,0
DLHC.US,5,20260326,205500,5.596,5.596,5.596,5.596,192,0
DLHC.US,5,20260327,154500,5.6,5.6,5.52,5.52,200,0
DLHC.US,5,20260327,155000,5.525,5.535,5.525,5.535,300,0
DLHC.US,5,20260327,155500,5.615,5.615,5.535,5.535,900,0
DLHC.US,5,20260327,160000,5.54,5.54,5.54,5.54,300,0
DLHC.US,5,20260327,160500,5.54,5.54,5.54,5.54,200,0
DLHC.US,5,20260327,161000,5.54,5.54,5.535,5.535,300,0
DLHC.US,5,20260327,161500,5.53,5.595,5.53,5.535,1618,0
DLHC.US,5,20260327,162000,5.535,5.535,5.535,5.535,400,0
DLHC.US,5,20260327,172000,5.59,5.59,5.587,5.59,357,0
DLHC.US,5,20260327,195000,5.59,5.59,5.59,5.59,912,0
DLHC.US,5,20260327,201000,5.59,5.623,5.59,5.61,817,0
DLHC.US,5,20260327,202500,5.5751,5.5751,5.5751,5.5751,200,0
DLHC.US,5,20260327,204500,5.59,5.59,5.56,5.56,1943,0
DLHC.US,5,20260327,205000,5.57,5.57,5.57,5.57,179,0
DLHC.US,5,20260327,205500,5.56,5.59,5.56,5.59,859,0
DLHC.US,5,20260330,164000,5.5001,5.5001,5.5001,5.5001,1268,0
DLHC.US,5,20260330,172500,5.545,5.545,5.545,5.545,200,0
DLHC.US,5,20260330,180000,5.58,5.675,5.58,5.675,6189,0
DLHC.US,5,20260330,180500,5.7,5.7,5.6501,5.6501,3587,0
DLHC.US,5,20260330,202000,5.652,5.675,5.64,5.64,810,0
DLHC.US,5,20260330,213000,5.58,5.58,5.58,5.58,1000,0
DLHC.US,5,20260331,153500,5.5013,5.5013,5.5013,5.5013,420,0
DLHC.US,5,20260331,161000,5.7,5.7,5.7,5.7,709,0
DLHC.US,5,20260331,174000,5.63,5.68,5.63,5.68,799,0
DLHC.US,5,20260331,174500,5.63,5.65,5.63,5.65,300,0
DLHC.US,5,20260331,181000,5.66,5.66,5.65,5.652,1245,0
DLHC.US,5,20260331,194500,5.77,5.77,5.77,5.77,100,0
DLHC.US,5,20260331,211000,5.85,5.85,5.85,5.85,200,0
DLHC.US,5,20260331,212500,5.85,5.85,5.85,5.85,179,0
DLHC.US,5,20260401,153500,5.51,5.51,5.51,5.51,100,0
DLHC.US,5,20260401,155000,5.75,5.75,5.75,5.75,299,0
DLHC.US,5,20260401,160000,5.75,5.75,5.75,5.75,100,0
DLHC.US,5,20260401,164500,5.69,5.69,5.69,5.69,600,0
DLHC.US,5,20260401,194500,5.68,5.69,5.6799,5.6799,550,0
DLHC.US,5,20260401,195000,5.83,5.83,5.83,5.83,5600,0
DLHC.US,5,20260402,154000,5.51,5.51,5.51,5.51,102,0
DLHC.US,5,20260402,155500,5.5001,5.5001,5.5001,5.5001,207,0
DLHC.US,5,20260402,203000,5.6572,5.6572,5.6572,5.6572,122,0
DLHC.US,5,20260402,215500,5.64,5.64,5.64,5.64,146,0
DLHC.US,5,20260406,153000,5.522,5.522,5.52,5.52,400,0
DLHC.US,5,20260406,153500,5.59,5.633,5.59,5.633,400,0
DLHC.US,5,20260406,160000,5.59,5.6199,5.58,5.595,1339,0
DLHC.US,5,20260406,162000,5.57,5.57,5.57,5.57,800,0
DLHC.US,5,20260406,163500,5.57,5.57,5.57,5.57,1800,0
DLHC.US,5,20260406,171000,5.61,5.61,5.61,5.61,330,0
DLHC.US,5,20260406,200500,5.58,5.58,5.58,5.58,1000,0
DLHC.US,5,20260406,213000,5.6089,5.6089,5.6089,5.6089,400,0
DLHC.US,5,20260406,215500,5.59,5.59,5.59,5.59,242,0
DLHC.US,5,20260407,162000,5.5,5.5,5.5,5.5,196,0
DLHC.US,5,20260407,191000,5.65,5.69,5.65,5.69,987,0
DLHC.US,5,20260407,191500,5.56,5.625,5.56,5.625,999,0
DLHC.US,5,20260407,214000,5.69,5.7,5.69,5.7,200,0
DLHC.US,5,20260407,214500,5.7,5.7,5.7,5.7,295,0
DLHC.US,5,20260408,212000,5.725,5.725,5.725,5.725,100,0
DLHC.US,5,20260408,213000,5.805,5.805,5.7153,5.805,1181,0
DLHC.US,5,20260408,213500,5.89,5.9,5.89,5.9,1345,0
DLHC.US,5,20260408,214000,5.9,6.09,5.9,6.09,1799,0
DLHC.US,5,20260408,214500,6,6,6,6,400,0
DLHC.US,5,20260408,215500,6.02,6.02,6.01,6.01,200,0
DLHC.US,5,20260409,153000,5.98,5.98,5.98,5.98,173,0
DLHC.US,5,20260409,181000,5.94,5.94,5.93,5.94,5200,0
DLHC.US,5,20260409,181500,6.025,6.025,6.025,6.025,100,0
DLHC.US,5,20260409,183000,6.025,6.025,6.025,6.025,1000,0
DLHC.US,5,20260409,202000,5.97,5.97,5.97,5.97,270,0
DLHC.US,5,20260409,202500,5.96,5.96,5.94,5.94,444,0
DLHC.US,5,20260409,215500,6.06,6.06,6.06,6.06,734,0
DLHC.US,5,20260410,153000,6.01,6.01,6.01,6.01,357,0
DLHC.US,5,20260410,163500,5.93,6.01,5.84,5.84,5366,0
DLHC.US,5,20260410,190500,6.02,6.02,6.02,6.02,100,0
DLHC.US,5,20260410,191000,6.085,6.085,6.06,6.06,1100,0
DLHC.US,5,20260410,195500,6.057,6.06,6.057,6.0599,690,0
DLHC.US,5,20260410,215500,6.15,6.15,6.15,6.15,216,0
DLHC.US,5,20260413,174000,6.2,6.2,6.2,6.2,1381,0
DLHC.US,5,20260413,210500,6.02,6.02,6.02,6.02,100,0
DLHC.US,5,20260414,154500,6.17,6.17,6.17,6.17,486,0
DLHC.US,5,20260414,162000,6.17,6.17,6.1699,6.1699,314,0
DLHC.US,5,20260414,171500,6.18,6.18,6.18,6.18,400,0
DLHC.US,5,20260414,185500,6.155,6.155,6.155,6.155,201,0
DLHC.US,5,20260414,215500,6.17,6.17,6.17,6.17,1681,0
DLHC.US,5,20260415,153500,6.23,6.23,6.22,6.22,390,0
DLHC.US,5,20260415,174000,6.04,6.04,6.04,6.04,100,0
DLHC.US,5,20260415,200500,6.1499,6.1499,6.1499,6.1499,1589,0
DLHC.US,5,20260415,204000,6.03,6.03,6.03,6.03,206,0
DLHC.US,5,20260416,153500,5.695,5.695,5.695,5.695,1589,0
DLHC.US,5,20260416,162000,5.735,5.735,5.735,5.735,100,0
DLHC.US,5,20260416,175000,5.72,5.72,5.72,5.72,100,0
DLHC.US,5,20260416,191500,5.6249,5.6249,5.6249,5.6249,2000,0
DLHC.US,5,20260416,204000,5.745,5.745,5.745,5.745,1500,0
DLHC.US,5,20260416,205500,5.84,5.87,5.84,5.87,455,0
DLHC.US,5,20260416,215500,6.06,6.06,6.06,6.06,1158,0
DLHC.US,5,20260417,154500,5.93,5.93,5.93,5.93,100,0
DLHC.US,5,20260417,160500,6.15,6.15,6.15,6.15,1000,0
DLHC.US,5,20260417,161500,6.15,6.15,6.15,6.15,747,0
DLHC.US,5,20260417,211500,6.2,6.25,6.2,6.25,236,0
DLHC.US,5,20260417,214000,6.285,6.285,6.285,6.285,800,0
DLHC.US,5,20260417,215000,6.28,6.29,6.28,6.29,600,0
DLHC.US,5,20260417,215500,6.28,6.28,6.28,6.28,100,0
DLHC.US,5,20260420,170000,6.358,6.358,6.35,6.35,270,0
DLHC.US,5,20260420,171000,6.235,6.235,6.235,6.235,318,0
DLHC.US,5,20260420,173000,6.358,6.358,6.358,6.358,200,0
DLHC.US,5,20260420,184500,6.18,6.18,6.18,6.18,200,0
DLHC.US,5,20260420,190500,6.31,6.31,6.31,6.31,100,0
DLHC.US,5,20260420,191000,6.338,6.36,6.275,6.35,724,0
DLHC.US,5,20260420,201000,6.36,6.36,6.36,6.36,349,0
DLHC.US,5,20260420,210000,6.34,6.34,6.33,6.33,910,0
DLHC.US,5,20260420,215000,6.3673,6.3673,6.3673,6.3673,931,0
DLHC.US,5,20260421,153000,5.7099,5.7099,5.7099,5.7099,1000,0
DLHC.US,5,20260421,153500,5.7099,5.71,5.7099,5.7099,2202,0
DLHC.US,5,20260421,164500,6,6,6,6,4124,0
DLHC.US,5,20260421,174000,6.08,6.08,6.08,6.08,400,0
DLHC.US,5,20260421,175000,6.11,6.11,6.11,6.11,200,0
DLHC.US,5,20260421,180500,6.08,6.08,6.08,6.08,100,0
DLHC.US,5,20260421,204500,6.08,6.08,6.08,6.08,2364,0
DLHC.US,5,20260421,215500,5.93,5.93,5.93,5.93,2074,0
DLHC.US,5,20260422,153000,6.02,6.02,6.02,6.02,174,0
DLHC.US,5,20260422,160500,6.063,6.063,6.0375,6.063,732,0
DLHC.US,5,20260422,213000,5.79,5.79,5.79,5.79,100,0
DLHC.US,5,20260422,215000,5.78,5.78,5.7,5.7,200,0
DLHC.US,5,20260422,215500,5.865,5.865,5.865,5.865,700,0
DLHC.US,5,20260423,185500,5.85,5.85,5.85,5.85,299,0
DLHC.US,5,20260424,153000,6.085,6.085,6.085,6.085,162,0
DLHC.US,5,20260424,153500,6.07,6.07,6.07,6.07,482,0
DLHC.US,5,20260424,182000,6.065,6.065,6.065,6.065,785,0
DLHC.US,5,20260424,184000,5.82,5.82,5.82,5.82,100,0
DLHC.US,5,20260424,191000,6.0673,6.0673,6.0673,6.0673,800,0
DLHC.US,5,20260424,191500,5.9954,5.9954,5.9954,5.9954,477,0
DLHC.US,5,20260424,192000,6,6,5.99,5.99,435,0
DLHC.US,5,20260424,200500,6.034065,6.034065,6.034065,6.034065,1500,0
DLHC.US,5,20260424,205000,6.0001,6.085,6.0001,6.085,500,0
DLHC.US,5,20260424,212000,6.085,6.085,6.085,6.085,409,0
DLHC.US,5,20260424,213000,6.085,6.085,6.085,6.085,129,0
DLHC.US,5,20260424,215000,6.03,6.03,6.03,6.03,100,0
DLHC.US,5,20260424,215500,6.02,6.02,6.02,6.02,125,0
DLHC.US,5,20260427,163500,5.94,5.99,5.92,5.99,6077,0
DLHC.US,5,20260427,164000,5.975,5.975,5.975,5.975,100,0
DLHC.US,5,20260427,165000,5.98,5.98,5.98,5.98,246,0
DLHC.US,5,20260427,192500,5.965,5.965,5.965,5.965,328,0
DLHC.US,5,20260427,194500,5.9771,5.98,5.965,5.98,25966,0
DLHC.US,5,20260427,215500,5.98,5.98,5.98,5.98,404,0
DLHC.US,5,20260428,215000,5.84,5.84,5.84,5.84,100,0
DLHC.US,5,20260428,215500,5.85,5.85,5.85,5.85,355,0
DLHC.US,5,20260429,204000,5.7,5.7,5.7,5.7,100,0
DLHC.US,5,20260429,211000,5.8333,5.8333,5.8333,5.8333,500,0
DLHC.US,5,20260430,172500,5.62,5.62,5.62,5.62,100,0
DLHC.US,5,20260430,192000,5.8456,5.8456,5.8456,5.8456,537,0
DLHC.US,5,20260430,215500,5.82,5.82,5.82,5.82,139,0
DLHC.US,5,20260501,153500,5.72,5.72,5.72,5.72,1000,0
DLHC.US,5,20260501,154000,5.81,5.81,5.81,5.81,500,0
DLHC.US,5,20260501,154500,5.76,5.76,5.76,5.76,100,0
DLHC.US,5,20260501,170000,5.73,5.7601,5.73,5.7601,986,0
DLHC.US,5,20260501,210000,5.76,5.76,5.76,5.76,100,0
DLHC.US,5,20260504,165000,5.63,5.63,5.63,5.63,100,0
DLHC.US,5,20260504,192000,5.7188,5.7188,5.7,5.7,1058,0
DLHC.US,5,20260504,213000,5.65,5.65,5.65,5.65,210,0
DLHC.US,5,20260504,214500,5.65,5.65,5.65,5.65,2000,0
DLHC.US,5,20260504,215000,5.65,5.65,5.65,5.65,2000,0
DLHC.US,5,20260505,162000,5.65,5.65,5.64,5.64,1621,0
DLHC.US,5,20260505,211000,5.65,5.65,5.65,5.65,100,0
DLHC.US,5,20260505,215500,5.65,5.65,5.65,5.65,705,0
DLHC.US,5,20260506,191500,5.53,5.53,5.53,5.53,894,0
DLHC.US,5,20260506,194500,5.5702,5.5702,5.5702,5.5702,221,0
DLHC.US,5,20260506,212000,5.645,5.645,5.645,5.645,100,0
DLHC.US,5,20260506,215500,5.6,5.6,5.6,5.6,1646,0
DLHC.US,5,20260507,153000,5.66,5.66,5.66,5.66,600,0
DLHC.US,5,20260507,154500,5.6751,5.7,5.65,5.7,6200,0
DLHC.US,5,20260507,155000,5.6797,5.6797,5.6797,5.6797,1000,0
DLHC.US,5,20260507,174000,5.65,5.65,5.65,5.65,590,0
DLHC.US,5,20260507,174500,5.65,5.65,5.65,5.65,537,0
DLHC.US,5,20260507,175000,5.65,5.65,5.65,5.65,300,0
DLHC.US,5,20260507,175500,5.65,5.65,5.65,5.65,300,0
DLHC.US,5,20260507,180000,5.65,5.65,5.65,5.65,300,0
DLHC.US,5,20260507,180500,5.65,5.65,5.65,5.65,300,0
DLHC.US,5,20260507,181000,5.65,5.65,5.65,5.65,600,0
DLHC.US,5,20260507,181500,5.65,5.65,5.65,5.65,300,0
DLHC.US,5,20260507,182000,5.65,5.65,5.65,5.65,300,0
DLHC.US,5,20260507,182500,5.65,5.65,5.65,5.65,300,0
DLHC.US,5,20260507,183000,5.65,5.65,5.65,5.65,300,0
DLHC.US,5,20260507,183500,5.65,5.65,5.65,5.65,600,0
DLHC.US,5,20260507,184000,5.65,5.65,5.65,5.65,400,0
DLHC.US,5,20260507,184500,5.65,5.65,5.65,5.65,1800,0
DLHC.US,5,20260507,185000,5.55,5.55,5.55,5.55,100,0
DLHC.US,5,20260507,213500,5.61,5.79,5.61,5.79,1518,0
DLHC.US,5,20260507,215500,5.73,5.73,5.73,5.73,1065,0
DLHC.US,5,20260508,162500,5.8999,5.8999,5.8999,5.8999,490,0
DLHC.US,5,20260508,201500,5.89,5.89,5.76,5.76,1594,0
DLHC.US,5,20260508,213000,5.81,5.81,5.81,5.81,234,0
DLHC.US,5,20260511,153000,5.75,5.75,5.75,5.75,434,0
DLHC.US,5,20260511,153500,5.64,5.64,5.63,5.63,220,0
DLHC.US,5,20260511,162000,5.74,5.74,5.74,5.74,100,0
DLHC.US,5,20260511,165500,5.65,5.65,5.65,5.65,100,0
DLHC.US,5,20260511,173500,5.66,5.66,5.66,5.66,100,0
DLHC.US,5,20260511,184500,5.66,5.66,5.65,5.65,3606,0
DLHC.US,5,20260511,194500,5.6931,5.6931,5.65,5.65,312,0
DLHC.US,5,20260511,201000,5.6516,5.6516,5.65,5.65,426,0
DLHC.US,5,20260511,203500,5.65,5.65,5.65,5.65,1311,0
DLHC.US,5,20260511,210500,5.68,5.68,5.68,5.68,100,0
DLHC.US,5,20260511,215500,5.66,5.66,5.66,5.66,300,0
DLHC.US,5,20260512,163000,5.63,5.63,5.63,5.63,248,0
DLHC.US,5,20260512,182000,5.57,5.64,5.57,5.64,768,0
DLHC.US,5,20260512,183000,5.56,5.56,5.56,5.56,216,0
DLHC.US,5,20260512,185500,5.5926,5.5926,5.5926,5.5926,176,0
DLHC.US,5,20260512,191500,5.62,5.62,5.62,5.62,100,0
DLHC.US,5,20260512,193000,5.5628,5.5628,5.5628,5.5628,528,0
DLHC.US,5,20260512,195500,5.5708,5.5708,5.552,5.552,1700,0
DLHC.US,5,20260512,213500,5.596,5.596,5.596,5.596,300,0
DLHC.US,5,20260512,215500,5.62,5.62,5.62,5.62,100,0
DLHC.US,5,20260513,165000,5.56,5.57,5.56,5.57,5169,0
DLHC.US,5,20260513,165500,5.57,5.57,5.52,5.54,14183,0
DLHC.US,5,20260513,170000,5.55,5.55,5.55,5.55,100,0
DLHC.US,5,20260513,171000,5.5,5.5,5.5,5.5,3045,0
DLHC.US,5,20260513,174500,5.5,5.52,5.5,5.5,6016,0
DLHC.US,5,20260513,175000,5.5,5.5001,5.5,5.5,36540,0
DLHC.US,5,20260513,175500,5.5,5.5,5.5,5.5,799,0
DLHC.US,5,20260513,182500,5.5,5.5,5.5,5.5,3636,0
DLHC.US,5,20260513,185000,5.54,5.55,5.54,5.55,500,0
DLHC.US,5,20260513,190000,5.55,5.55,5.55,5.55,250,0
DLHC.US,5,20260513,202000,5.52,5.52,5.52,5.52,1531,0
DLHC.US,5,20260513,211500,5.52,5.54,5.52,5.52,730,0
DLHC.US,5,20260513,212000,5.52,5.52,5.52,5.52,4028,0
DLHC.US,5,20260513,212500,5.5,5.54,5.5,5.5,4402,0
DLHC.US,5,20260513,213000,5.5,5.5,5.5,5.5,3500,0
DLHC.US,5,20260513,213500,5.5,5.57,5.5,5.57,5480,0
DLHC.US,5,20260513,214000,5.5,5.5,5.5,5.5,3400,0
DLHC.US,5,20260513,214500,5.5,5.5,5.5,5.5,4100,0
DLHC.US,5,20260513,215000,5.5,5.5,5.5,5.5,8890,0
DLHC.US,5,20260513,215500,5.51,5.53,5.5,5.5,13191,0
DLHC.US,5,20260514,172000,5.52,5.52,5.52,5.52,100,0
DLHC.US,5,20260514,180000,5.6599,5.6599,5.6599,5.6599,150,0
DLHC.US,5,20260514,182500,5.55,5.55,5.55,5.55,100,0
DLHC.US,5,20260514,195500,5.635,5.635,5.635,5.635,522,0
DLHC.US,5,20260514,214000,5.5524,5.5524,5.5524,5.5524,100,0
DLHC.US,5,20260514,215500,5.5,5.5,5.5,5.5,406,0
DLHC.US,5,20260515,153000,5.52,5.52,5.52,5.52,138,0
DLHC.US,5,20260515,161500,5.7,5.7,5.7,5.7,357,0
DLHC.US,5,20260515,162500,5.7,5.7,5.7,5.7,3636,0
DLHC.US,5,20260515,195500,5.58,5.58,5.58,5.58,100,0
DLHC.US,5,20260515,202500,5.6,5.6,5.6,5.6,139,0
DLHC.US,5,20260518,155500,5.6,5.6,5.6,5.6,145,0
DLHC.US,5,20260518,181000,5.585,5.585,5.585,5.585,350,0
DLHC.US,5,20260518,200500,5.52,5.52,5.52,5.52,100,0
DLHC.US,5,20260518,202000,5.52,5.52,5.52,5.52,100,0
DLHC.US,5,20260518,202500,5.535,5.535,5.535,5.535,327,0
DLHC.US,5,20260518,205000,5.52,5.52,5.52,5.52,400,0
DLHC.US,5,20260518,210000,5.52,5.52,5.52,5.52,1697,0
DLHC.US,5,20260518,215000,5.5,5.5,5.5,5.5,218,0
DLHC.US,5,20260519,160500,5.5,5.5,5.5,5.5,2460,0
DLHC.US,5,20260519,172000,5.5,5.5,5.5,5.5,100,0
DLHC.US,5,20260519,183000,5.575,5.575,5.575,5.575,215,0
DLHC.US,5,20260519,202000,5.56,5.66,5.56,5.66,1436,0
DLHC.US,5,20260519,202500,5.575,5.575,5.575,5.575,188,0
DLHC.US,5,20260519,210000,5.5,5.51,5.5,5.51,270,0
DLHC.US,5,20260520,153000,5.52,5.52,5.52,5.52,746,0
DLHC.US,5,20260520,155500,5.5,5.5,5.5,5.5,120,0
DLHC.US,5,20260520,170500,5.546,5.546,5.546,5.546,1100,0
DLHC.US,5,20260520,171500,5.61,5.61,5.5997,5.5997,599,0
DLHC.US,5,20260520,184500,5.62,5.62,5.6,5.6,2300,0
DLHC.US,5,20260520,192000,5.53,5.53,5.53,5.53,100,0
DLHC.US,5,20260520,194000,5.525,5.525,5.525,5.525,100,0
DLHC.US,5,20260520,213000,5.52,5.52,5.52,5.52,100,0
DLHC.US,5,20260521,160000,5.5411,5.5411,5.5411,5.5411,500,0
DLHC.US,5,20260521,164000,5.5456,5.608416,5.5456,5.608416,1343,0
DLHC.US,5,20260521,173000,5.52,5.52,5.51,5.51,2187,0
DLHC.US,5,20260521,180000,5.524,5.524,5.51,5.51,1262,0
DLHC.US,5,20260521,182000,5.5,5.5,5.5,5.5,108,0
DLHC.US,5,20260521,190500,5.5,5.5,5.5,5.5,108,0
DLHC.US,5,20260521,191500,5.5,5.5,5.5,5.5,105,0
DLHC.US,5,20260521,193000,5.5,5.5,5.5,5.5,108,0
DLHC.US,5,20260521,195000,5.51,5.51,5.51,5.51,105,0
DLHC.US,5,20260521,200000,5.51,5.51,5.51,5.51,108,0
DLHC.US,5,20260521,201000,5.51,5.51,5.51,5.51,105,0
DLHC.US,5,20260521,202500,5.51,5.51,5.51,5.51,105,0
DLHC.US,5,20260521,203500,5.52,5.52,5.52,5.52,100,0
DLHC.US,5,20260521,204500,5.51,5.51,5.51,5.51,105,0
DLHC.US,5,20260521,205500,5.51,5.51,5.51,5.51,120,0
DLHC.US,5,20260521,211000,5.54,5.54,5.54,5.54,1000,0
DLHC.US,5,20260521,211500,5.54,5.54,5.54,5.54,500,0
DLHC.US,5,20260521,212000,5.54,5.54,5.54,5.54,500,0
DLHC.US,5,20260521,215500,5.55,5.55,5.53,5.55,726,0
DLHC.US,5,20260522,154000,5.59,5.59,5.59,5.59,143,0
DLHC.US,5,20260522,164500,5.52,5.52,5.52,5.52,300,0
DLHC.US,5,20260522,183000,5.52,5.52,5.52,5.52,100,0
DLHC.US,5,20260522,191500,5.52,5.52,5.52,5.52,100,0
DLHC.US,5,20260522,200500,5.5399,5.54,5.5399,5.5399,8199,0
DLHC.US,5,20260522,205000,5.54,5.54,5.53,5.535,2543,0
DLHC.US,5,20260522,205500,5.52,5.52,5.52,5.52,100,0
DLHC.US,5,20260522,211000,5.53,5.53,5.53,5.53,162,0
DLHC.US,5,20260522,212500,5.53,5.55,5.53,5.5398,3362,0
DLHC.US,5,20260522,213000,5.53,5.54,5.53,5.535,7597,0
DLHC.US,5,20260522,215000,5.53,5.53,5.53,5.53,2600,0
DLHC.US,5,20260522,215500,5.54,5.55,5.52,5.52,610,0
DLHC.US,5,20260526,160000,5.53,5.53,5.53,5.53,100,0
DLHC.US,5,20260526,183000,5.58,5.58,5.58,5.58,100,0
DLHC.US,5,20260526,193500,5.55,5.55,5.55,5.55,100,0
DLHC.US,5,20260526,204500,5.5805,5.5805,5.5805,5.5805,518,0
DLHC.US,5,20260526,214000,5.5308,5.5308,5.5308,5.5308,128,0
DLHC.US,5,20260526,214500,5.53,5.5301,5.53,5.5301,1036,0
DLHC.US,5,20260527,153000,5.57,5.57,5.57,5.57,200,0
DLHC.US,5,20260527,163000,5.51,5.51,5.5,5.51,2867,0
DLHC.US,5,20260527,164000,5.5,5.5,5.5,5.5,4695,0
DLHC.US,5,20260527,165500,5.51,5.58,5.51,5.51,995,0
DLHC.US,5,20260527,170000,5.52,5.52,5.52,5.52,236,0
DLHC.US,5,20260527,191500,5.5361,5.5361,5.5361,5.5361,487,0
DLHC.US,5,20260527,210000,5.51,5.51,5.5,5.5,900,0
DLHC.US,5,20260527,212500,5.55,5.55,5.55,5.55,165,0
DLHC.US,5,20260527,213000,5.55,5.55,5.55,5.55,113,0
DLHC.US,5,20260528,162500,5.54,5.54,5.54,5.54,145,0
DLHC.US,5,20260528,214000,5.5999,5.5999,5.5999,5.5999,100,0
DLHC.US,5,20260528,215000,5.5999,5.5999,5.5999,5.5999,150,0
DLHC.US,5,20260528,215500,5.6,5.6,5.6,5.6,109,0
DLHC.US,5,20260529,153000,5.6,5.6,5.6,5.6,2067,0
DLHC.US,5,20260529,192000,5.6244,5.6244,5.6244,5.6244,2800,0
DLHC.US,5,20260601,153500,5.5017,5.5373,5.5017,5.5373,549,0
DLHC.US,5,20260601,155500,5.59,5.59,5.59,5.59,200,0
DLHC.US,5,20260601,184500,5.54,5.54,5.54,5.54,500,0
DLHC.US,5,20260601,193000,5.55,5.55,5.55,5.55,169,0
DLHC.US,5,20260601,194000,5.53,5.53,5.53,5.53,131,0
DLHC.US,5,20260601,195000,5.5437,5.5437,5.5437,5.5437,100,0
DLHC.US,5,20260601,212000,5.56,5.56,5.56,5.56,180,0
DLHC.US,5,20260601,213000,5.53,5.53,5.53,5.53,187,0
DLHC.US,5,20260601,215500,5.6,5.6,5.6,5.6,911,0
DLHC.US,5,20260602,153000,5.61,5.61,5.61,5.61,167,0
DLHC.US,5,20260602,160000,5.5,5.5,5.5,5.5,8099,0
DLHC.US,5,20260602,204000,5.555,5.555,5.555,5.555,133,0
DLHC.US,5,20260602,215500,5.52,5.52,5.5,5.5,653,0
DLHC.US,5,20260603,153000,5.54,5.54,5.5001,5.5001,733,0
DLHC.US,5,20260603,200000,5.5224,5.5224,5.5224,5.5224,200,0
DLHC.US,5,20260604,173000,5.535,5.535,5.535,5.535,1000,0
DLHC.US,5,20260604,174000,5.59,5.59,5.59,5.59,300,0
DLHC.US,5,20260604,174500,5.53,5.6,5.53,5.6,1110,0
DLHC.US,5,20260604,175000,5.53,5.53,5.53,5.53,100,0
DLHC.US,5,20260604,184000,5.58,5.58,5.58,5.58,101,0
DLHC.US,5,20260604,194000,5.6,5.61,5.59,5.605,1986,0
DLHC.US,5,20260604,194500,5.6,5.6,5.6,5.6,434,0
DLHC.US,5,20260604,200500,5.595,5.595,5.595,5.595,100,0
DLHC.US,5,20260604,202000,5.595,5.595,5.595,5.595,100,0
DLHC.US,5,20260604,212000,5.595,5.63,5.595,5.63,2582,0
DLHC.US,5,20260604,213500,5.61,5.61,5.61,5.61,400,0
DLHC.US,5,20260604,215000,5.635,5.635,5.635,5.635,100,0
DLHC.US,5,20260605,153000,5.68,5.759,5.68,5.69,824,0
DLHC.US,5,20260605,155000,5.775,5.775,5.7115,5.7117,1200,0
DLHC.US,5,20260605,155500,5.67,5.67,5.67,5.67,427,0
DLHC.US,5,20260605,162000,5.59,5.5901,5.58,5.58,668,0
DLHC.US,5,20260605,170000,5.57,5.575,5.56,5.56,687,0
DLHC.US,5,20260605,173000,5.5585,5.56,5.5585,5.56,1065,0
DLHC.US,5,20260605,193500,5.58,5.58,5.58,5.58,100,0
DLHC.US,5,20260608,153000,5.63,5.63,5.63,5.63,224,0
DLHC.US,5,20260608,164500,5.51,5.51,5.51,5.51,100,0
DLHC.US,5,20260608,194000,5.55,5.55,5.55,5.55,200,0
DLHC.US,5,20260608,194500,5.55,5.55,5.55,5.55,100,0
DLHC.US,5,20260608,195000,5.55,5.55,5.55,5.55,100,0
DLHC.US,5,20260608,200000,5.58,5.58,5.58,5.58,300,0
DLHC.US,5,20260608,200500,5.58,5.58,5.57,5.57,300,0
DLHC.US,5,20260608,213000,5.58,5.58,5.58,5.58,100,0
DLHC.US,5,20260608,214500,5.59,5.59,5.59,5.59,985,0
DLHC.US,5,20260608,215500,5.57,5.57,5.52,5.565,500,0
DLHC.US,5,20260609,153000,5.54,5.54,5.54,5.54,113,0
DLHC.US,5,20260609,173000,5.57,5.57,5.57,5.57,100,0
DLHC.US,5,20260609,181500,5.56,5.595,5.56,5.595,200,0
DLHC.US,5,20260609,192000,5.56,5.56,5.56,5.56,100,0
DLHC.US,5,20260609,215500,5.63,5.63,5.56,5.56,518,0
DLHC.US,5,20260610,153000,5.59,5.59,5.59,5.59,308,0
DLHC.US,5,20260610,171500,5.58,5.58,5.58,5.58,100,0
DLHC.US,5,20260610,174000,5.5909,5.5909,5.5909,5.5909,107,0
DLHC.US,5,20260610,213000,5.58,5.58,5.58,5.58,100,0
DLHC.US,5,20260610,215500,5.56,5.56,5.55,5.55,1131,0
DLHC.US,5,20260611,153000,5.56,5.56,5.55,5.55,205,0
DLHC.US,5,20260611,164500,5.56,5.56,5.56,5.56,100,0
DLHC.US,5,20260611,184000,5.5529,5.5529,5.5529,5.5529,500,0
DLHC.US,5,20260611,205500,5.55,5.55,5.55,5.55,100,0
DLHC.US,5,20260611,215000,5.54,5.54,5.54,5.54,222,0
DLHC.US,5,20260611,215500,5.53,5.5301,5.5,5.5301,13946,0
DLHC.US,5,20260612,153000,5.56,5.56,5.56,5.56,201,0
DLHC.US,5,20260612,170000,5.55,5.55,5.55,5.55,100,0
DLHC.US,5,20260612,173500,5.54,5.54,5.54,5.54,100,0
DLHC.US,5,20260612,191000,5.54,5.54,5.54,5.54,4800,0
DLHC.US,5,20260612,193500,5.53,5.53,5.53,5.53,100,0
DLHC.US,5,20260612,212500,5.525,5.525,5.525,5.525,100,0
DLHC.US,5,20260612,213000,5.56,5.56,5.56,5.56,200,0
DLHC.US,5,20260612,215000,5.52,5.52,5.52,5.52,1130,0
DLHC.US,5,20260612,215500,5.57,5.57,5.57,5.57,115,0
DLHC.US,5,20260615,153000,5.52,5.52,5.52,5.52,1104,0
DLHC.US,5,20260615,153500,5.53,5.53,5.53,5.53,999,0
DLHC.US,5,20260615,175000,5.52,5.52,5.52,5.52,189,0
DLHC.US,5,20260615,214500,5.52,5.52,5.52,5.52,220,0
DLHC.US,5,20260615,215500,5.53,5.53,5.52,5.52,1450,0
DLHC.US,5,20260616,153000,5.53,5.53,5.53,5.53,136,0
DLHC.US,5,20260616,161000,5.53,5.53,5.52,5.52,458,0
DLHC.US,5,20260616,163000,5.52,5.52,5.52,5.52,100,0
DLHC.US,5,20260616,210500,5.5,5.5,5.5,5.5,200,0
DLHC.US,5,20260616,213500,5.51,5.51,5.51,5.51,200,0
DLHC.US,5,20260616,214000,5.5,5.5,5.5,5.5,173,0
DLHC.US,5,20260616,215000,5.5,5.51,5.5,5.5,1209,0
DLHC.US,5,20260616,215500,5.5,5.5,5.5,5.5,1800,0
DLHC.US,5,20260617,153000,5.5,5.5,5.5,5.5,2103,0
DLHC.US,5,20260617,164000,5.5,5.5,5.5,5.5,200,0
DLHC.US,5,20260617,164500,5.51,5.51,5.51,5.51,442,0
DLHC.US,5,20260617,171000,5.5,5.5,5.5,5.5,100,0
DLHC.US,5,20260617,174500,5.5,5.5,5.5,5.5,100,0
DLHC.US,5,20260617,175500,5.5099,5.5099,5.5099,5.5099,500,0
DLHC.US,5,20260617,182500,5.5,5.5,5.5,5.5,101,0
DLHC.US,5,20260617,184500,5.5099,5.5099,5.5099,5.5099,500,0
DLHC.US,5,20260617,191000,5.5099,5.5099,5.5099,5.5099,500,0
DLHC.US,5,20260617,200500,5.5,5.5,5.5,5.5,100,0
DLHC.US,5,20260617,212000,5.5,5.5,5.5,5.5,100,0
DLHC.US,5,20260618,153000,5.51,5.51,5.51,5.51,366,0
DLHC.US,5,20260618,163500,5.5,5.5,5.5,5.5,311,0
DLHC.US,5,20260618,164500,5.5,5.5,5.5,5.5,100,0
DLHC.US,5,20260618,180000,5.5,5.5,5.5,5.5,200,0
DLHC.US,5,20260618,191000,5.5,5.51,5.5,5.505,3212,0
DLHC.US,5,20260618,192500,5.51,5.51,5.51,5.51,100,0
DLHC.US,5,20260618,193000,5.51,5.51,5.51,5.51,100,0
DLHC.US,5,20260618,193500,5.51,5.51,5.51,5.51,100,0
DLHC.US,5,20260618,194000,5.51,5.51,5.51,5.51,100,0
DLHC.US,5,20260618,212500,5.5,5.5,5.5,5.5,100,0
DLHC.US,5,20260618,215500,5.5,5.5,5.44,5.44,5573,0
DLHC.US,5,20260622,153000,5.5,5.5,5.5,5.5,383,0
DLHC.US,5,20260622,161000,5.5,5.5,5.5,5.5,100,0
DLHC.US,5,20260622,182000,5.5,5.5,5.5,5.5,157,0
DLHC.US,5,20260622,190500,5.5,5.505,5.5,5.505,234,0
DLHC.US,5,20260622,213500,5.52,5.52,5.51,5.51,946,0
