<TICKER>,<PER>,<DATE>,<TIME>,<OPEN>,<HIGH>,<LOW>,<CLOSE>,<VOL>,<OPENINT>
ERNAW.US,5,20260206,154500,0.1,0.1001,0.1,0.1,97500,0
ERNAW.US,5,20260206,160500,0.1,0.1,0.1,0.1,25000,0
ERNAW.US,5,20260206,163000,0.1,0.1,0.1,0.1,6000,0
ERNAW.US,5,20260206,165000,0.11,0.11,0.11,0.11,5000,0
ERNAW.US,5,20260206,170000,0.12,0.12,0.12,0.12,100,0
ERNAW.US,5,20260206,170500,0.106601,0.12,0.106601,0.12,15100,0
ERNAW.US,5,20260206,174000,0.12,0.12,0.1,0.1,61400,0
ERNAW.US,5,20260206,175000,0.1,0.1,0.1,0.1,25000,0
ERNAW.US,5,20260206,181500,0.1,0.1,0.1,0.1,25000,0
ERNAW.US,5,20260209,155000,0.07,0.0769,0.07,0.0769,5900,0
ERNAW.US,5,20260209,162000,0.07,0.07,0.07,0.07,44000,0
ERNAW.US,5,20260210,153500,0.07,0.07,0.07,0.07,12300,0
ERNAW.US,5,20260210,154500,0.0501,0.0501,0.05,0.05,37700,0
ERNAW.US,5,20260210,160500,0.05,0.05,0.05,0.05,2000,0
ERNAW.US,5,20260210,165500,0.0499,0.0499,0.0499,0.0499,100,0
ERNAW.US,5,20260210,173000,0.05,0.05,0.05,0.05,50500,0
ERNAW.US,5,20260210,191500,0.0501,0.0501,0.05,0.05,50000,0
ERNAW.US,5,20260211,153500,0.075,0.075,0.0525,0.075,17400,0
ERNAW.US,5,20260211,154000,0.07,0.07,0.0567,0.0567,3100,0
ERNAW.US,5,20260211,160000,0.0601,0.0601,0.0601,0.0601,200,0
ERNAW.US,5,20260211,200500,0.0554,0.06,0.0554,0.0554,5100,0
ERNAW.US,5,20260212,183500,0.055,0.0571,0.0541,0.0571,1200,0
ERNAW.US,5,20260212,205000,0.06,0.06,0.0573,0.06,3561,0
ERNAW.US,5,20260212,213500,0.0541,0.0541,0.0541,0.0541,100,0
ERNAW.US,5,20260212,215500,0.08,0.08,0.08,0.08,500,0
ERNAW.US,5,20260213,213500,0.0659,0.0659,0.0659,0.0659,185,0
ERNAW.US,5,20260217,153000,0.08,0.08,0.08,0.08,2000,0
ERNAW.US,5,20260217,170500,0.08,0.08,0.08,0.08,9980,0
ERNAW.US,5,20260217,173500,0.08,0.08,0.054,0.054,1804,0
ERNAW.US,5,20260218,170000,0.0796,0.11,0.0704,0.0704,10500,0
ERNAW.US,5,20260218,170500,0.096,0.096,0.07,0.07,5300,0
ERNAW.US,5,20260218,195500,0.0769,0.0769,0.0769,0.0769,399,0
ERNAW.US,5,20260219,153000,0.0896,0.0896,0.0896,0.0896,100,0
ERNAW.US,5,20260219,170500,0.09999,0.09999,0.09999,0.09999,250,0
ERNAW.US,5,20260219,184000,0.09,0.09,0.09,0.09,100,0
ERNAW.US,5,20260219,191500,0.09,0.09,0.086,0.086,5100,0
ERNAW.US,5,20260219,200500,0.09,0.09,0.08,0.08,5200,0
ERNAW.US,5,20260220,164500,0.08,0.08,0.0796,0.0796,1825,0
ERNAW.US,5,20260220,165000,0.07,0.07,0.07,0.07,13954,0
ERNAW.US,5,20260220,165500,0.07,0.07,0.07,0.07,11175,0
ERNAW.US,5,20260220,170000,0.07,0.07,0.07,0.07,16300,0
ERNAW.US,5,20260220,170500,0.07,0.07,0.07,0.07,7000,0
ERNAW.US,5,20260220,215500,0.0702,0.0702,0.0702,0.0702,400,0
ERNAW.US,5,20260223,154000,0.08,0.08,0.08,0.08,2500,0
ERNAW.US,5,20260223,155000,0.07,0.07,0.07,0.07,2500,0
ERNAW.US,5,20260223,163500,0.086,0.086,0.07,0.07,3946,0
ERNAW.US,5,20260223,173500,0.067,0.067,0.067,0.067,4617,0
ERNAW.US,5,20260223,174500,0.07,0.07,0.07,0.07,15200,0
ERNAW.US,5,20260223,175000,0.07,0.07,0.07,0.07,183,0
ERNAW.US,5,20260223,214000,0.061,0.061,0.061,0.061,800,0
ERNAW.US,5,20260224,154500,0.0601,0.0601,0.0551,0.0551,80731,0
ERNAW.US,5,20260224,160000,0.07,0.07,0.0601,0.0601,18795,0
ERNAW.US,5,20260224,165000,0.071,0.071,0.07,0.071,18400,0
ERNAW.US,5,20260224,174500,0.070101,0.08,0.070101,0.08,484,0
ERNAW.US,5,20260224,212500,0.1,0.1,0.09,0.1,4901,0
ERNAW.US,5,20260224,215500,0.0701,0.0899,0.07,0.07,1050,0
ERNAW.US,5,20260225,213000,0.0899,0.09,0.0899,0.09,850,0
ERNAW.US,5,20260227,173500,0.08,0.08,0.08,0.08,800,0
ERNAW.US,5,20260303,203500,0.0799,0.0999,0.0799,0.0999,2478,0
ERNAW.US,5,20260305,153500,0.0701,0.0701,0.07,0.07,3100,0
ERNAW.US,5,20260305,160000,0.07,0.07,0.07,0.07,25200,0
ERNAW.US,5,20260305,160500,0.067499,0.07,0.067499,0.07,4050,0
ERNAW.US,5,20260305,161000,0.07,0.07,0.07,0.07,200,0
ERNAW.US,5,20260305,190500,0.07,0.07,0.07,0.07,29969,0
ERNAW.US,5,20260310,143000,0.0798,0.0798,0.0798,0.0798,151,0
ERNAW.US,5,20260310,151500,0.0799,0.0799,0.0799,0.0799,1813,0
ERNAW.US,5,20260310,153500,0.08,0.08,0.08,0.08,700,0
ERNAW.US,5,20260310,164500,0.0701,0.0701,0.0701,0.0701,8000,0
ERNAW.US,5,20260310,173000,0.0816,0.0898,0.0816,0.0898,2000,0
ERNAW.US,5,20260310,181500,0.0751,0.0751,0.0701,0.0701,20000,0
ERNAW.US,5,20260311,143500,0.0701,0.0701,0.07,0.07,14531,0
ERNAW.US,5,20260312,181500,0.0799,0.08,0.0799,0.08,2925,0
ERNAW.US,5,20260312,182500,0.0799,0.08,0.0799,0.08,2000,0
ERNAW.US,5,20260313,160500,0.055,0.055,0.0501,0.055,22744,0
ERNAW.US,5,20260313,170500,0.0899,0.0899,0.0899,0.0899,100,0
ERNAW.US,5,20260313,182500,0.0561,0.0561,0.0551,0.0551,400,0
ERNAW.US,5,20260313,183000,0.0551,0.0551,0.0551,0.0551,1800,0
ERNAW.US,5,20260313,183500,0.0551,0.0551,0.0551,0.0551,1800,0
ERNAW.US,5,20260313,184000,0.0551,0.0551,0.0551,0.0551,1600,0
ERNAW.US,5,20260313,184500,0.0551,0.0551,0.0551,0.0551,1800,0
ERNAW.US,5,20260313,185000,0.0551,0.0551,0.0551,0.0551,1400,0
ERNAW.US,5,20260313,185500,0.0551,0.0551,0.0551,0.0551,1800,0
ERNAW.US,5,20260313,190000,0.0551,0.0551,0.0551,0.0551,1700,0
ERNAW.US,5,20260313,190500,0.0551,0.0551,0.0551,0.0551,1800,0
ERNAW.US,5,20260313,191000,0.0551,0.0551,0.055,0.055,1900,0
ERNAW.US,5,20260313,191500,0.0551,0.0551,0.0551,0.0551,1600,0
ERNAW.US,5,20260313,192000,0.0551,0.0551,0.0551,0.0551,1600,0
ERNAW.US,5,20260313,192500,0.0551,0.0551,0.0551,0.0551,2100,0
ERNAW.US,5,20260313,193000,0.0551,0.0553,0.0551,0.0553,1700,0
ERNAW.US,5,20260313,193500,0.0552,0.0553,0.0551,0.0551,1900,0
ERNAW.US,5,20260313,194000,0.0551,0.0551,0.055,0.055,1600,0
ERNAW.US,5,20260313,194500,0.055,0.055,0.055,0.055,1900,0
ERNAW.US,5,20260313,195000,0.055,0.055,0.055,0.055,1700,0
ERNAW.US,5,20260313,195500,0.055,0.055,0.055,0.055,2200,0
ERNAW.US,5,20260313,200000,0.055,0.055,0.055,0.055,1900,0
ERNAW.US,5,20260313,200500,0.0405,0.0405,0.0405,0.0405,2150,0
ERNAW.US,5,20260313,201000,0.0405,0.0405,0.031,0.031,2000,0
ERNAW.US,5,20260313,201500,0.031,0.0528,0.031,0.0311,2300,0
ERNAW.US,5,20260313,202000,0.0311,0.0317,0.031,0.0311,2495,0
ERNAW.US,5,20260313,202500,0.0311,0.0311,0.0311,0.0311,3300,0
ERNAW.US,5,20260313,203000,0.0311,0.0313,0.0311,0.0312,3600,0
ERNAW.US,5,20260313,203500,0.0312,0.0312,0.0311,0.0311,3900,0
ERNAW.US,5,20260313,204000,0.031,0.0311,0.031,0.0311,4100,0
ERNAW.US,5,20260313,204500,0.0311,0.0311,0.0301,0.0301,4800,0
ERNAW.US,5,20260313,205000,0.0301,0.0407,0.0213,0.0213,10200,0
ERNAW.US,5,20260313,205500,0.0221,0.044,0.0214,0.0218,26084,0
ERNAW.US,5,20260316,143000,0.039,0.039,0.039,0.039,1319,0
ERNAW.US,5,20260316,144000,0.039,0.039,0.039,0.039,200,0
ERNAW.US,5,20260316,145000,0.057,0.057,0.057,0.057,413,0
ERNAW.US,5,20260316,145500,0.038,0.038,0.038,0.038,100,0
ERNAW.US,5,20260316,152500,0.053,0.053,0.053,0.053,100,0
ERNAW.US,5,20260316,155000,0.0345,0.0345,0.0345,0.0345,435,0
ERNAW.US,5,20260316,190500,0.038,0.038,0.038,0.038,200,0
ERNAW.US,5,20260316,194000,0.038,0.038,0.038,0.038,100,0
ERNAW.US,5,20260317,155000,0.035001,0.04,0.035001,0.04,1266,0
ERNAW.US,5,20260317,165500,0.0351,0.0351,0.0351,0.0351,200,0
ERNAW.US,5,20260317,172000,0.0399,0.0399,0.0359,0.0395,7400,0
ERNAW.US,5,20260317,180000,0.047,0.047,0.047,0.047,173,0
ERNAW.US,5,20260317,191000,0.0474,0.0474,0.0474,0.0474,300,0
ERNAW.US,5,20260317,193000,0.0474,0.0474,0.0474,0.0474,700,0
ERNAW.US,5,20260317,201500,0.0474,0.0598,0.047,0.047,2600,0
ERNAW.US,5,20260317,203000,0.047,0.047,0.047,0.047,400,0
ERNAW.US,5,20260318,144000,0.0381,0.0381,0.0381,0.0381,2500,0
ERNAW.US,5,20260319,151500,0.05,0.05,0.046,0.05,955,0
ERNAW.US,5,20260319,152000,0.05,0.05,0.035,0.035,21845,0
ERNAW.US,5,20260319,204000,0.056033,0.056033,0.056033,0.056033,500,0
ERNAW.US,5,20260319,204500,0.045,0.045101,0.045,0.045,5000,0
ERNAW.US,5,20260320,163500,0.0351,0.0351,0.0351,0.0351,440,0
ERNAW.US,5,20260320,201500,0.0351,0.0351,0.0351,0.0351,500,0
ERNAW.US,5,20260323,152500,0.0352,0.0352,0.0352,0.0352,1050,0
ERNAW.US,5,20260323,163500,0.0351,0.0351,0.0351,0.0351,211,0
ERNAW.US,5,20260325,181500,0.0355,0.0355,0.0355,0.0355,120,0
ERNAW.US,5,20260327,193500,0.0351,0.0351,0.0351,0.0351,400,0
ERNAW.US,5,20260327,201500,0.0351,0.0351,0.0351,0.0351,300,0
ERNAW.US,5,20260327,204500,0.0351,0.0351,0.03,0.03,6995,0
ERNAW.US,5,20260330,194000,0.03,0.03,0.03,0.03,1097,0
ERNAW.US,5,20260330,200000,0.03,0.03,0.028,0.028,5203,0
ERNAW.US,5,20260331,181500,0.028,0.028,0.028,0.028,8000,0
ERNAW.US,5,20260401,165000,0.03,0.03,0.03,0.03,240,0
ERNAW.US,5,20260406,153000,0.038,0.038,0.038,0.038,657,0
ERNAW.US,5,20260406,164500,0.038,0.038,0.038,0.038,121,0
ERNAW.US,5,20260406,171500,0.0588,0.0588,0.0588,0.0588,159,0
ERNAW.US,5,20260406,182500,0.0449,0.0449,0.0449,0.0449,128,0
ERNAW.US,5,20260407,163000,0.051901,0.051901,0.051901,0.051901,189,0
ERNAW.US,5,20260407,192000,0.044,0.044,0.04,0.04,661,0
ERNAW.US,5,20260408,163000,0.04,0.04,0.04,0.04,378,0
ERNAW.US,5,20260410,214500,0.0499,0.0499,0.0499,0.0499,171,0
ERNAW.US,5,20260413,154000,0.04,0.04,0.04,0.04,9516,0
ERNAW.US,5,20260413,173000,0.035,0.035,0.035,0.035,100,0
ERNAW.US,5,20260423,163500,0.0301,0.0301,0.0295,0.0295,600,0
ERNAW.US,5,20260428,153000,0.0425,0.0425,0.0298,0.0298,21000,0
ERNAW.US,5,20260429,190000,0.0542,0.0542,0.0542,0.0542,150,0
ERNAW.US,5,20260430,153000,0.0301,0.0301,0.0216,0.0216,6663,0
ERNAW.US,5,20260430,153500,0.0216,0.0216,0.0216,0.0216,67357,0
ERNAW.US,5,20260430,163000,0.0301,0.0301,0.0301,0.0301,100,0
ERNAW.US,5,20260430,170500,0.0498,0.0498,0.0498,0.0498,250,0
ERNAW.US,5,20260430,183000,0.0231,0.036,0.0231,0.036,304,0
ERNAW.US,5,20260501,154500,0.0498,0.0498,0.0498,0.0498,110,0
ERNAW.US,5,20260501,155000,0.0498,0.0498,0.0498,0.0498,200,0
ERNAW.US,5,20260501,164500,0.0597,0.0597,0.0597,0.0597,200,0
ERNAW.US,5,20260501,172500,0.0301,0.0301,0.0301,0.0301,100,0
ERNAW.US,5,20260504,153000,0.0236,0.0236,0.0236,0.0236,100,0
ERNAW.US,5,20260504,172000,0.0597,0.0597,0.028,0.0281,4700,0
ERNAW.US,5,20260504,175000,0.0439,0.0439,0.0439,0.0439,1000,0
ERNAW.US,5,20260504,180500,0.0549,0.0549,0.05,0.05,1200,0
ERNAW.US,5,20260504,181500,0.0475,0.0475,0.0368,0.0368,1100,0
ERNAW.US,5,20260504,185000,0.0597,0.0597,0.0597,0.0597,100,0
ERNAW.US,5,20260504,214000,0.0594,0.0594,0.0382,0.0382,7600,0
ERNAW.US,5,20260506,153000,0.06,0.0644,0.06,0.0602,600,0
ERNAW.US,5,20260506,153500,0.0601,0.065,0.0601,0.065,6000,0
ERNAW.US,5,20260506,154500,0.0649,0.0649,0.05,0.05,5300,0
ERNAW.US,5,20260506,160000,0.05,0.0537,0.038,0.0536,2700,0
ERNAW.US,5,20260506,160500,0.05779,0.05779,0.0537,0.0537,640,0
ERNAW.US,5,20260506,162500,0.062,0.062,0.062,0.062,100,0
ERNAW.US,5,20260506,163000,0.0621,0.0621,0.062,0.062,300,0
ERNAW.US,5,20260506,163500,0.0501,0.0501,0.0434,0.0436,15390,0
ERNAW.US,5,20260506,164000,0.0436,0.0436,0.0435,0.0436,8210,0
ERNAW.US,5,20260506,173000,0.05395,0.0624,0.05,0.05,3586,0
ERNAW.US,5,20260506,173500,0.065051,0.065051,0.0501,0.0501,2500,0
ERNAW.US,5,20260506,181500,0.0698,0.079,0.0502,0.0502,3525,0
ERNAW.US,5,20260506,182000,0.079,0.08,0.079,0.079,989,0
ERNAW.US,5,20260506,184500,0.079,0.08,0.0502,0.0745,9996,0
ERNAW.US,5,20260506,185000,0.08,0.08,0.0601,0.060266,1754,0
ERNAW.US,5,20260506,190500,0.0769,0.0769,0.0769,0.0769,111,0
ERNAW.US,5,20260506,192500,0.0799,0.0799,0.07,0.0784,6274,0
ERNAW.US,5,20260506,193000,0.0701,0.0701,0.0502,0.0524,8981,0
ERNAW.US,5,20260506,193500,0.08,0.0851,0.0792,0.0851,16040,0
ERNAW.US,5,20260506,194000,0.085,0.0946,0.085,0.0946,200,0
ERNAW.US,5,20260506,194500,0.09,0.0949,0.085,0.0949,6300,0
ERNAW.US,5,20260506,195000,0.0925,0.0925,0.09,0.09,2100,0
ERNAW.US,5,20260506,195500,0.0697,0.0697,0.0697,0.0697,150,0
ERNAW.US,5,20260506,200500,0.0718,0.0718,0.0607,0.0607,400,0
ERNAW.US,5,20260506,202500,0.0725,0.0725,0.0725,0.0725,500,0
ERNAW.US,5,20260506,204500,0.07999,0.07999,0.07999,0.07999,124,0
ERNAW.US,5,20260506,205500,0.075,0.075,0.075,0.075,1000,0
ERNAW.US,5,20260506,210500,0.0542,0.0542,0.0542,0.0542,100,0
ERNAW.US,5,20260506,211000,0.0663,0.0663,0.0607,0.0607,250,0
ERNAW.US,5,20260506,211500,0.08,0.08,0.0626,0.0626,2442,0
ERNAW.US,5,20260507,153000,0.0997,0.0997,0.0997,0.0997,921,0
ERNAW.US,5,20260507,160000,0.0442,0.0442,0.0442,0.0442,111,0
ERNAW.US,5,20260507,161000,0.0997,0.0997,0.0997,0.0997,500,0
ERNAW.US,5,20260507,164000,0.0989,0.0989,0.0989,0.0989,1000,0
ERNAW.US,5,20260507,164500,0.0989,0.0989,0.0989,0.0989,1000,0
ERNAW.US,5,20260507,165500,0.0989,0.0989,0.0461,0.0989,2625,0
ERNAW.US,5,20260507,170500,0.0966,0.0975,0.0966,0.0975,500,0
ERNAW.US,5,20260507,181500,0.0974,0.0974,0.0617,0.0617,275,0
ERNAW.US,5,20260507,184500,0.081549,0.081549,0.081549,0.081549,324,0
ERNAW.US,5,20260507,193000,0.097,0.097,0.097,0.097,226,0
ERNAW.US,5,20260507,193500,0.0823,0.0823,0.0823,0.0823,100,0
ERNAW.US,5,20260507,211000,0.09,0.09,0.09,0.09,1000,0
ERNAW.US,5,20260507,211500,0.09,0.09,0.09,0.09,500,0
ERNAW.US,5,20260508,153500,0.0949,0.095,0.0949,0.095,200,0
ERNAW.US,5,20260508,160000,0.095,0.095,0.0949,0.0949,800,0
ERNAW.US,5,20260508,161500,0.09,0.0949,0.0601,0.0949,2186,0
ERNAW.US,5,20260508,162500,0.0949,0.0949,0.094826,0.094899,1600,0
ERNAW.US,5,20260508,163000,0.0949,0.095,0.0949,0.095,2130,0
ERNAW.US,5,20260508,163500,0.0914,0.0914,0.0701,0.0701,541,0
ERNAW.US,5,20260508,184000,0.0801,0.0801,0.07,0.07,11500,0
ERNAW.US,5,20260508,190500,0.08,0.08,0.08,0.08,100,0
ERNAW.US,5,20260508,191000,0.08,0.08,0.08,0.08,300,0
ERNAW.US,5,20260508,191500,0.0799,0.0799,0.0799,0.0799,250,0
ERNAW.US,5,20260508,193500,0.075,0.075,0.075,0.075,250,0
ERNAW.US,5,20260508,200000,0.08,0.08,0.075,0.075,604,0
ERNAW.US,5,20260508,202500,0.075,0.075,0.075,0.075,100,0
ERNAW.US,5,20260511,154500,0.0825,0.0825,0.0825,0.0825,300,0
ERNAW.US,5,20260511,155000,0.0751,0.0825,0.03,0.0825,2700,0
ERNAW.US,5,20260511,173000,0.04,0.04,0.04,0.04,100,0
ERNAW.US,5,20260511,173500,0.04,0.04,0.04,0.04,300,0
ERNAW.US,5,20260511,174500,0.0651,0.075,0.065,0.075,900,0
ERNAW.US,5,20260511,201500,0.075,0.075,0.075,0.075,100,0
ERNAW.US,5,20260511,211000,0.075,0.08,0.075,0.08,2200,0
ERNAW.US,5,20260511,212000,0.075,0.075,0.075,0.075,100,0
ERNAW.US,5,20260511,215500,0.06999,0.07,0.061249,0.061249,1350,0
ERNAW.US,5,20260512,153500,0.09,0.09,0.07,0.07,10004,0
ERNAW.US,5,20260512,154500,0.0945,0.1,0.0945,0.1,3700,0
ERNAW.US,5,20260512,155000,0.11,0.11,0.0701,0.0701,8856,0
ERNAW.US,5,20260512,155500,0.09,0.1025,0.09,0.1025,844,0
ERNAW.US,5,20260512,160000,0.1125,0.13,0.11,0.11,6800,0
ERNAW.US,5,20260512,160500,0.13,0.14,0.1101,0.14,4120,0
ERNAW.US,5,20260512,161000,0.13,0.1389,0.0963,0.0963,25900,0
ERNAW.US,5,20260512,161500,0.1063,0.15,0.1063,0.1325,2350,0
ERNAW.US,5,20260512,162000,0.13,0.1497,0.1177,0.12,12373,0
ERNAW.US,5,20260512,162500,0.14,0.15,0.1063,0.1281,1400,0
ERNAW.US,5,20260512,163500,0.13,0.14999,0.1201,0.1201,5039,0
ERNAW.US,5,20260512,164000,0.1301,0.15,0.12,0.12,19856,0
ERNAW.US,5,20260512,164500,0.135,0.15,0.12,0.15,20502,0
ERNAW.US,5,20260512,165000,0.145,0.1699,0.145,0.1637,861,0
ERNAW.US,5,20260512,165500,0.17,0.17,0.131,0.17,3250,0
ERNAW.US,5,20260512,170000,0.169,0.169,0.169,0.169,559,0
ERNAW.US,5,20260512,170500,0.169,0.169,0.1595,0.1595,207,0
ERNAW.US,5,20260512,171000,0.15,0.15,0.14,0.1406,10846,0
ERNAW.US,5,20260512,171500,0.14,0.14,0.1063,0.123149,12091,0
ERNAW.US,5,20260512,172000,0.11,0.11,0.1063,0.1063,2295,0
ERNAW.US,5,20260512,172500,0.1267,0.1267,0.12,0.12,507,0
ERNAW.US,5,20260512,174000,0.1499,0.1499,0.1006,0.1452,24524,0
ERNAW.US,5,20260512,175500,0.135,0.1453,0.135,0.1453,768,0
ERNAW.US,5,20260512,180000,0.15,0.15,0.15,0.15,486,0
ERNAW.US,5,20260512,180500,0.1448,0.1599,0.12,0.1599,18775,0
ERNAW.US,5,20260512,181000,0.12,0.12,0.12,0.12,628,0
ERNAW.US,5,20260512,182000,0.14,0.14,0.14,0.14,800,0
ERNAW.US,5,20260512,182500,0.1201,0.135001,0.12,0.135001,1652,0
ERNAW.US,5,20260512,183500,0.1314,0.135,0.1314,0.135,300,0
ERNAW.US,5,20260512,184500,0.1201,0.1201,0.12,0.12,903,0
ERNAW.US,5,20260512,190500,0.15,0.15,0.134,0.134,2000,0
ERNAW.US,5,20260512,191000,0.12,0.1217,0.12,0.1217,12249,0
ERNAW.US,5,20260512,192000,0.1375,0.1375,0.1375,0.1375,473,0
ERNAW.US,5,20260512,193500,0.1325,0.14,0.1104,0.1104,4523,0
ERNAW.US,5,20260512,194000,0.115,0.115,0.1125,0.1125,300,0
ERNAW.US,5,20260512,194500,0.125,0.1401,0.11,0.14,16187,0
ERNAW.US,5,20260512,195000,0.14,0.14,0.1104,0.1104,2086,0
ERNAW.US,5,20260512,200000,0.12,0.12,0.12,0.12,1500,0
ERNAW.US,5,20260512,200500,0.115,0.12,0.1103,0.12,3100,0
ERNAW.US,5,20260512,201000,0.13,0.13,0.11,0.11,9587,0
ERNAW.US,5,20260512,202500,0.12,0.12,0.11,0.11,2083,0
ERNAW.US,5,20260512,203000,0.12,0.12,0.12,0.12,200,0
ERNAW.US,5,20260512,203500,0.11,0.12,0.11,0.12,2900,0
ERNAW.US,5,20260512,204500,0.12,0.12,0.12,0.12,403,0
ERNAW.US,5,20260512,205500,0.1261,0.1261,0.11,0.11,688,0
ERNAW.US,5,20260512,211000,0.11,0.1252,0.11,0.1252,614,0
ERNAW.US,5,20260512,211500,0.1252,0.1252,0.105,0.105,3809,0
ERNAW.US,5,20260512,212000,0.1252,0.1252,0.1248,0.1249,630,0
ERNAW.US,5,20260512,213000,0.11,0.11,0.11,0.11,572,0
ERNAW.US,5,20260512,214000,0.12,0.1252,0.11,0.1252,3468,0
ERNAW.US,5,20260512,214500,0.1299,0.1399,0.1251,0.13,3295,0
ERNAW.US,5,20260512,215000,0.13,0.1398,0.1105,0.1105,3562,0
ERNAW.US,5,20260512,215500,0.119999,0.14,0.119999,0.136461,12511,0
ERNAW.US,5,20260513,153000,0.18325,0.22,0.1782,0.1782,4600,0
ERNAW.US,5,20260513,153500,0.1807,0.1834,0.1807,0.1834,900,0
ERNAW.US,5,20260513,154000,0.2188,0.2188,0.18,0.18,4080,0
ERNAW.US,5,20260513,155000,0.18,0.181,0.1765,0.1765,2847,0
ERNAW.US,5,20260513,155500,0.1701,0.1701,0.1701,0.1701,100,0
ERNAW.US,5,20260513,160000,0.1764,0.1765,0.1764,0.1765,738,0
ERNAW.US,5,20260513,160500,0.1765,0.18,0.1666,0.176,700,0
ERNAW.US,5,20260513,161000,0.199999,0.199999,0.183249,0.183249,1077,0
ERNAW.US,5,20260513,161500,0.2,0.2,0.2,0.2,100,0
ERNAW.US,5,20260513,162000,0.1979,0.1979,0.1666,0.1666,1556,0
ERNAW.US,5,20260513,162500,0.1666,0.2,0.1666,0.2,2100,0
ERNAW.US,5,20260513,163500,0.2,0.2147,0.2,0.2,2100,0
ERNAW.US,5,20260513,165000,0.1999,0.2,0.1999,0.2,600,0
ERNAW.US,5,20260513,165500,0.1707,0.1707,0.1707,0.1707,100,0
ERNAW.US,5,20260513,171000,0.173,0.1759,0.1665,0.1665,2501,0
ERNAW.US,5,20260513,172500,0.18,0.18,0.1672,0.1672,1824,0
ERNAW.US,5,20260513,173000,0.18,0.18,0.18,0.18,100,0
ERNAW.US,5,20260513,173500,0.1672,0.1672,0.1672,0.1672,100,0
ERNAW.US,5,20260513,180000,0.1665,0.1665,0.1665,0.1665,200,0
ERNAW.US,5,20260513,180500,0.1732,0.1732,0.1732,0.1732,900,0
ERNAW.US,5,20260513,181000,0.18,0.18,0.18,0.18,200,0
ERNAW.US,5,20260513,183000,0.189999,0.19,0.1665,0.1665,13557,0
ERNAW.US,5,20260513,184000,0.1907,0.209,0.1877,0.18999,2798,0
ERNAW.US,5,20260513,185000,0.151,0.171,0.1431,0.1671,1944,0
ERNAW.US,5,20260513,191500,0.175,0.1796,0.17,0.17,560,0
ERNAW.US,5,20260513,192500,0.179899,0.179899,0.179899,0.179899,304,0
ERNAW.US,5,20260513,193000,0.17,0.17,0.1665,0.1665,475,0
ERNAW.US,5,20260513,193500,0.17,0.17,0.17,0.17,107,0
ERNAW.US,5,20260513,195500,0.1665,0.170001,0.141,0.141,10702,0
ERNAW.US,5,20260513,200000,0.16,0.17,0.16,0.17,5800,0
ERNAW.US,5,20260513,200500,0.1775,0.18,0.175,0.175,11160,0
ERNAW.US,5,20260513,202000,0.175,0.175,0.175,0.175,100,0
ERNAW.US,5,20260513,202500,0.17,0.17,0.160101,0.160101,3100,0
ERNAW.US,5,20260513,203000,0.17,0.17,0.17,0.17,191,0
ERNAW.US,5,20260513,203500,0.16,0.16,0.16,0.16,100,0
ERNAW.US,5,20260513,211500,0.16,0.16,0.16,0.16,9900,0
ERNAW.US,5,20260513,212000,0.18,0.18,0.16,0.16,1697,0
ERNAW.US,5,20260513,213500,0.17999,0.17999,0.17999,0.17999,554,0
ERNAW.US,5,20260513,215500,0.1799,0.1799,0.1799,0.1799,100,0
ERNAW.US,5,20260514,153000,0.141,0.141,0.141,0.141,338,0
ERNAW.US,5,20260514,154500,0.14,0.14,0.14,0.14,608,0
ERNAW.US,5,20260514,161000,0.14,0.14,0.14,0.14,326,0
ERNAW.US,5,20260514,161500,0.1532,0.1532,0.1532,0.1532,477,0
ERNAW.US,5,20260514,162000,0.1654,0.1654,0.13,0.13,2598,0
ERNAW.US,5,20260514,163000,0.11,0.11,0.11,0.11,500,0
ERNAW.US,5,20260514,164000,0.11,0.11,0.11,0.11,100,0
ERNAW.US,5,20260514,171500,0.11,0.11,0.090101,0.090101,1701,0
ERNAW.US,5,20260514,173500,0.105,0.13,0.09,0.13,11890,0
ERNAW.US,5,20260514,174000,0.12,0.12,0.102,0.12,5186,0
ERNAW.US,5,20260514,183500,0.11,0.115,0.11,0.115,788,0
ERNAW.US,5,20260514,184500,0.12,0.12,0.115,0.115,1200,0
ERNAW.US,5,20260514,185500,0.115001,0.1175,0.115,0.115,2093,0
ERNAW.US,5,20260514,190500,0.11,0.11,0.1,0.1,2292,0
ERNAW.US,5,20260514,191500,0.1198,0.1198,0.1198,0.1198,100,0
ERNAW.US,5,20260514,195000,0.11,0.11,0.11,0.11,100,0
ERNAW.US,5,20260514,200000,0.1001,0.1025,0.1,0.1025,1200,0
ERNAW.US,5,20260514,201500,0.1,0.1,0.095,0.1,3435,0
ERNAW.US,5,20260514,202500,0.0999,0.0999,0.0999,0.0999,100,0
ERNAW.US,5,20260514,203000,0.099,0.099,0.099,0.099,100,0
ERNAW.US,5,20260514,203500,0.099,0.099,0.099,0.099,264,0
ERNAW.US,5,20260514,204000,0.0901,0.0901,0.09,0.09,1592,0
ERNAW.US,5,20260514,204500,0.09,0.09,0.09,0.09,200,0
ERNAW.US,5,20260514,205500,0.089899,0.09,0.0825,0.0825,2086,0
ERNAW.US,5,20260514,210500,0.105,0.105,0.105,0.105,100,0
ERNAW.US,5,20260514,211500,0.105,0.11,0.105,0.11,200,0
ERNAW.US,5,20260514,214000,0.105,0.105,0.105,0.105,129,0
ERNAW.US,5,20260515,153000,0.1199,0.1199,0.1199,0.1199,218,0
ERNAW.US,5,20260515,154500,0.12,0.12,0.12,0.12,490,0
ERNAW.US,5,20260515,155500,0.13,0.13,0.13,0.13,100,0
ERNAW.US,5,20260515,160000,0.1,0.1,0.1,0.1,100,0
ERNAW.US,5,20260515,161500,0.1405,0.1405,0.125,0.125,1100,0
ERNAW.US,5,20260515,162000,0.139,0.139,0.13,0.13,4350,0
ERNAW.US,5,20260515,163500,0.13,0.143,0.13,0.13,2711,0
ERNAW.US,5,20260515,164000,0.13,0.13,0.13,0.13,182,0
ERNAW.US,5,20260515,164500,0.1559,0.1559,0.13,0.13,2100,0
ERNAW.US,5,20260515,165000,0.15,0.15,0.15,0.15,468,0
ERNAW.US,5,20260515,170000,0.15,0.16,0.15,0.16,2600,0
ERNAW.US,5,20260515,170500,0.17,0.17,0.15,0.15,200,0
ERNAW.US,5,20260515,172000,0.15,0.15,0.15,0.15,5200,0
ERNAW.US,5,20260515,173500,0.16,0.17,0.15,0.17,10600,0
ERNAW.US,5,20260515,174000,0.169,0.1699,0.1508,0.1508,5510,0
ERNAW.US,5,20260515,175000,0.15,0.16,0.15,0.16,10600,0
ERNAW.US,5,20260515,175500,0.155,0.155,0.155,0.155,100,0
ERNAW.US,5,20260515,180000,0.155,0.1601,0.152,0.152,5985,0
ERNAW.US,5,20260515,180500,0.155,0.155,0.15,0.15,6400,0
ERNAW.US,5,20260515,181000,0.15,0.1599,0.15,0.15,26083,0
ERNAW.US,5,20260515,181500,0.159899,0.159899,0.159899,0.159899,100,0
ERNAW.US,5,20260515,184000,0.155,0.16,0.15,0.15,12600,0
ERNAW.US,5,20260515,184500,0.16,0.18989,0.155,0.1602,43368,0
ERNAW.US,5,20260515,185000,0.174999,0.175149,0.1699,0.1699,1247,0
ERNAW.US,5,20260515,185500,0.17,0.17,0.1605,0.1605,2476,0
ERNAW.US,5,20260515,190500,0.17,0.18,0.17,0.18,700,0
ERNAW.US,5,20260515,191500,0.175,0.175,0.175,0.175,262,0
ERNAW.US,5,20260515,193000,0.1775,0.1826,0.165,0.1826,6878,0
ERNAW.US,5,20260515,193500,0.18,0.185,0.1775,0.1775,4100,0
ERNAW.US,5,20260515,194000,0.185,0.19,0.165,0.1875,28779,0
ERNAW.US,5,20260515,194500,0.1875,0.1899,0.17,0.17,18300,0
ERNAW.US,5,20260515,195500,0.17,0.1733,0.1502,0.1601,3800,0
ERNAW.US,5,20260515,200500,0.16505,0.17,0.16505,0.17,10400,0
ERNAW.US,5,20260515,201000,0.179,0.1795,0.175,0.1775,1211,0
ERNAW.US,5,20260515,202500,0.17,0.174,0.1691,0.1691,20700,0
ERNAW.US,5,20260515,204000,0.16505,0.174,0.1601,0.1601,4700,0
ERNAW.US,5,20260515,204500,0.17,0.185,0.17,0.185,20494,0
ERNAW.US,5,20260515,205000,0.1899,0.1899,0.189,0.189,4828,0
ERNAW.US,5,20260515,213000,0.1793,0.1795,0.1793,0.1795,1000,0
ERNAW.US,5,20260515,213500,0.1795,0.1795,0.1795,0.1795,100,0
ERNAW.US,5,20260515,214500,0.1795,0.1795,0.1795,0.1795,554,0
ERNAW.US,5,20260515,215000,0.170101,0.170101,0.170101,0.170101,902,0
ERNAW.US,5,20260515,215500,0.17,0.17,0.17,0.17,100,0
ERNAW.US,5,20260518,153000,0.18,0.18,0.179899,0.179899,3309,0
ERNAW.US,5,20260518,153500,0.18,0.18,0.17,0.1766,18523,0
ERNAW.US,5,20260518,154000,0.17,0.1799,0.17,0.175,5090,0
ERNAW.US,5,20260518,154500,0.1799,0.1799,0.1799,0.1799,100,0
ERNAW.US,5,20260518,155000,0.17,0.17,0.17,0.17,746,0
ERNAW.US,5,20260518,155500,0.1754,0.1754,0.1754,0.1754,100,0
ERNAW.US,5,20260518,160500,0.1799,0.1799,0.179899,0.179899,277,0
ERNAW.US,5,20260518,162000,0.170001,0.170001,0.151,0.16,1684,0
ERNAW.US,5,20260518,163000,0.151,0.155,0.1501,0.151,500,0
ERNAW.US,5,20260518,163500,0.18,0.18,0.18,0.18,1000,0
ERNAW.US,5,20260518,164000,0.15,0.15,0.15,0.15,4943,0
ERNAW.US,5,20260518,170000,0.16,0.16,0.16,0.16,400,0
ERNAW.US,5,20260518,171000,0.1799,0.1799,0.17,0.17,200,0
ERNAW.US,5,20260518,173500,0.169,0.169,0.169,0.169,100,0
ERNAW.US,5,20260518,174000,0.17,0.17,0.16,0.17,6516,0
ERNAW.US,5,20260518,175500,0.17,0.175,0.17,0.17,5417,0
ERNAW.US,5,20260518,183500,0.1699,0.1699,0.1699,0.1699,100,0
ERNAW.US,5,20260518,201000,0.169899,0.17,0.16915,0.1699,5700,0
ERNAW.US,5,20260518,203000,0.1699,0.18,0.1699,0.179,8392,0
ERNAW.US,5,20260518,205000,0.1788,0.1788,0.1781,0.1781,200,0
ERNAW.US,5,20260518,215500,0.1781,0.18,0.17,0.17,35786,0
ERNAW.US,5,20260519,154000,0.1899,0.1899,0.1899,0.1899,526,0
ERNAW.US,5,20260519,165000,0.17,0.17,0.17,0.17,103,0
ERNAW.US,5,20260519,170500,0.18,0.1899,0.1636,0.1788,13200,0
ERNAW.US,5,20260519,171000,0.1799,0.18,0.1797,0.18,8500,0
ERNAW.US,5,20260519,174500,0.175,0.175,0.175,0.175,100,0
ERNAW.US,5,20260519,175000,0.18,0.18,0.18,0.18,100,0
ERNAW.US,5,20260519,180000,0.1731,0.1763,0.17,0.1763,16048,0
ERNAW.US,5,20260519,181500,0.1784,0.1784,0.1784,0.1784,100,0
ERNAW.US,5,20260519,182500,0.175,0.175,0.17,0.17,1500,0
ERNAW.US,5,20260519,183000,0.175,0.175,0.175,0.175,100,0
ERNAW.US,5,20260519,185000,0.1784,0.18,0.17,0.17,7200,0
ERNAW.US,5,20260519,185500,0.18,0.18,0.17,0.17,5168,0
ERNAW.US,5,20260519,191000,0.1799,0.1799,0.1799,0.1799,100,0
ERNAW.US,5,20260519,191500,0.175,0.175,0.165,0.1675,9959,0
ERNAW.US,5,20260519,192500,0.175,0.175,0.175,0.175,100,0
ERNAW.US,5,20260519,194500,0.17,0.17,0.1315,0.141,18749,0
ERNAW.US,5,20260519,202000,0.17,0.17,0.17,0.17,100,0
ERNAW.US,5,20260519,215000,0.16,0.1601,0.16,0.16,10425,0
ERNAW.US,5,20260520,160500,0.179,0.179,0.179,0.179,100,0
ERNAW.US,5,20260520,162500,0.19,0.19,0.1201,0.1201,789,0
ERNAW.US,5,20260520,175500,0.159,0.159,0.159,0.159,100,0
ERNAW.US,5,20260520,181500,0.145,0.145,0.145,0.145,400,0
ERNAW.US,5,20260520,183500,0.155,0.155,0.1549,0.1549,2000,0
ERNAW.US,5,20260520,184000,0.13,0.15,0.13,0.1315,5800,0
ERNAW.US,5,20260520,184500,0.15,0.15,0.1315,0.133,15200,0
ERNAW.US,5,20260520,192000,0.145,0.145,0.1332,0.1332,5265,0
ERNAW.US,5,20260520,192500,0.1375,0.1375,0.1375,0.1375,200,0
ERNAW.US,5,20260520,193000,0.145,0.145,0.145,0.145,100,0
ERNAW.US,5,20260520,195500,0.1449,0.145,0.1449,0.145,4896,0
ERNAW.US,5,20260520,200000,0.145,0.145,0.145,0.145,100,0
ERNAW.US,5,20260520,202000,0.144,0.1445,0.13,0.1416,21000,0
ERNAW.US,5,20260520,204000,0.1425,0.1425,0.1315,0.1319,7800,0
ERNAW.US,5,20260520,205500,0.1425,0.1425,0.1315,0.1315,44600,0
ERNAW.US,5,20260520,210500,0.1425,0.1425,0.1315,0.1315,21000,0
ERNAW.US,5,20260520,211000,0.1425,0.1425,0.13625,0.13625,200,0
ERNAW.US,5,20260520,211500,0.1425,0.1425,0.13625,0.1425,1300,0
ERNAW.US,5,20260520,212000,0.1425,0.1425,0.1424,0.1425,2634,0
ERNAW.US,5,20260520,214500,0.1415,0.1415,0.1415,0.1415,800,0
ERNAW.US,5,20260521,153000,0.159,0.1899,0.159,0.1899,314,0
ERNAW.US,5,20260521,153500,0.125,0.125,0.125,0.125,100,0
ERNAW.US,5,20260521,175500,0.1338,0.1338,0.1338,0.1338,377,0
ERNAW.US,5,20260521,180000,0.1364,0.1364,0.1364,0.1364,700,0
ERNAW.US,5,20260521,181500,0.13,0.1301,0.13,0.1301,5800,0
ERNAW.US,5,20260521,182000,0.1305,0.135,0.1301,0.1301,3200,0
ERNAW.US,5,20260521,182500,0.1325,0.1325,0.1325,0.1325,100,0
ERNAW.US,5,20260521,183000,0.1349,0.135,0.1301,0.1301,49408,0
ERNAW.US,5,20260521,184000,0.1425,0.1425,0.13,0.1301,15900,0
ERNAW.US,5,20260521,190000,0.1377,0.1377,0.13385,0.1377,7600,0
ERNAW.US,5,20260521,191000,0.1375,0.14,0.1375,0.14,14060,0
ERNAW.US,5,20260521,191500,0.14,0.15,0.1301,0.15,42321,0
ERNAW.US,5,20260521,195000,0.16,0.16,0.16,0.16,100,0
ERNAW.US,5,20260521,201500,0.16,0.16,0.16,0.16,1000,0
ERNAW.US,5,20260521,203000,0.155,0.16,0.155,0.16,3300,0
ERNAW.US,5,20260521,203500,0.16,0.16,0.15,0.16,11385,0
ERNAW.US,5,20260521,204000,0.155,0.16,0.155,0.16,515,0
ERNAW.US,5,20260521,205000,0.165,0.165,0.165,0.165,100,0
ERNAW.US,5,20260521,211500,0.17,0.17,0.1601,0.1601,15900,0
ERNAW.US,5,20260521,214000,0.169899,0.169899,0.16,0.165,1200,0
ERNAW.US,5,20260521,214500,0.169899,0.17,0.165001,0.17,700,0
ERNAW.US,5,20260521,215500,0.1601,0.1601,0.1601,0.1601,2052,0
ERNAW.US,5,20260522,175000,0.148,0.148,0.1442,0.1442,10025,0
ERNAW.US,5,20260522,175500,0.15,0.15,0.1402,0.1402,10500,0
ERNAW.US,5,20260522,190000,0.1499,0.1505,0.1402,0.1402,10500,0
ERNAW.US,5,20260522,190500,0.151,0.155,0.14,0.14,10200,0
ERNAW.US,5,20260522,201000,0.14,0.14,0.14,0.14,100,0
ERNAW.US,5,20260522,202000,0.14,0.14,0.131,0.131,10000,0
ERNAW.US,5,20260522,210500,0.1355,0.15,0.121,0.14,41976,0
ERNAW.US,5,20260522,211000,0.15,0.15,0.1453,0.15,5677,0
ERNAW.US,5,20260522,212000,0.1525,0.1525,0.1525,0.1525,100,0
ERNAW.US,5,20260522,212500,0.1445,0.1499,0.14,0.14,3400,0
ERNAW.US,5,20260522,213500,0.14,0.14,0.135,0.135,3000,0
ERNAW.US,5,20260526,153000,0.103,0.13,0.103,0.13,3406,0
ERNAW.US,5,20260526,161000,0.13,0.13,0.11,0.1299,5500,0
ERNAW.US,5,20260526,161500,0.118,0.118,0.118,0.118,100,0
ERNAW.US,5,20260526,163000,0.118,0.118,0.118,0.118,143,0
ERNAW.US,5,20260526,180500,0.124,0.13,0.124,0.13,802,0
ERNAW.US,5,20260526,181000,0.118,0.118,0.118,0.118,100,0
ERNAW.US,5,20260526,181500,0.13,0.13,0.118,0.13,21400,0
ERNAW.US,5,20260526,182000,0.13,0.13,0.118,0.118,24700,0
ERNAW.US,5,20260526,185500,0.124,0.13,0.1182,0.1182,5100,0
ERNAW.US,5,20260526,190000,0.1298,0.1298,0.1298,0.1298,500,0
ERNAW.US,5,20260526,191000,0.124,0.124,0.124,0.124,500,0
ERNAW.US,5,20260526,191500,0.12405,0.12405,0.12405,0.12405,100,0
ERNAW.US,5,20260526,192000,0.13,0.13,0.124,0.13,3600,0
ERNAW.US,5,20260526,192500,0.127,0.127,0.127,0.127,300,0
ERNAW.US,5,20260526,194000,0.13,0.13,0.124,0.124,2600,0
ERNAW.US,5,20260526,202500,0.13,0.13,0.124,0.13,19876,0
ERNAW.US,5,20260526,205000,0.14,0.15,0.13,0.13,5169,0
ERNAW.US,5,20260526,214500,0.1499,0.1499,0.1499,0.1499,120,0
ERNAW.US,5,20260526,215000,0.139,0.1399,0.1389,0.1399,743,0
ERNAW.US,5,20260527,160000,0.14,0.14,0.14,0.14,300,0
ERNAW.US,5,20260527,160500,0.15,0.15,0.15,0.15,150,0
ERNAW.US,5,20260527,164000,0.14,0.14,0.13,0.133,9300,0
ERNAW.US,5,20260527,165000,0.15,0.16,0.14,0.14,450,0
ERNAW.US,5,20260527,165500,0.14,0.14,0.14,0.14,100,0
ERNAW.US,5,20260527,192000,0.14,0.14,0.14,0.14,10000,0
ERNAW.US,5,20260527,192500,0.13,0.13,0.13,0.13,500,0
ERNAW.US,5,20260527,211000,0.145,0.15,0.142,0.15,11711,0
ERNAW.US,5,20260527,213000,0.16,0.16,0.14,0.14,4589,0
ERNAW.US,5,20260527,215000,0.14,0.1447,0.14,0.14,26400,0
ERNAW.US,5,20260527,215500,0.14,0.1434,0.14,0.14,9000,0
ERNAW.US,5,20260528,163000,0.13,0.13,0.111,0.111,10000,0
ERNAW.US,5,20260528,170500,0.12,0.12,0.12,0.12,332,0
ERNAW.US,5,20260528,190000,0.12,0.12,0.12,0.12,554,0
ERNAW.US,5,20260528,201500,0.1399,0.14,0.1306,0.1306,2062,0
ERNAW.US,5,20260528,210500,0.1499,0.1499,0.135,0.1499,1594,0
ERNAW.US,5,20260528,212000,0.149,0.1599,0.1201,0.1599,22292,0
ERNAW.US,5,20260528,213000,0.1599,0.1599,0.1599,0.1599,312,0
ERNAW.US,5,20260529,153000,0.1699,0.1699,0.1536,0.1538,4812,0
ERNAW.US,5,20260529,161500,0.12,0.12,0.12,0.12,300,0
ERNAW.US,5,20260529,172000,0.1599,0.1599,0.1599,0.1599,311,0
ERNAW.US,5,20260529,183500,0.141,0.141,0.141,0.141,718,0
ERNAW.US,5,20260529,185000,0.1251,0.14,0.1251,0.14,200,0
ERNAW.US,5,20260601,165000,0.130101,0.130101,0.130101,0.130101,1000,0
ERNAW.US,5,20260601,165500,0.13,0.13,0.13,0.13,500,0
ERNAW.US,5,20260601,185500,0.10301,0.10301,0.10301,0.10301,1941,0
ERNAW.US,5,20260601,192000,0.121,0.121,0.121,0.121,1000,0
ERNAW.US,5,20260601,210000,0.1165,0.1165,0.1165,0.1165,2000,0
ERNAW.US,5,20260602,155000,0.139,0.14,0.139,0.139,638,0
ERNAW.US,5,20260602,160500,0.16,0.16,0.16,0.16,1000,0
ERNAW.US,5,20260602,163000,0.12001,0.12001,0.12001,0.12001,574,0
ERNAW.US,5,20260602,164000,0.13,0.145,0.13,0.145,2187,0
ERNAW.US,5,20260602,164500,0.14,0.14,0.13,0.13,1100,0
ERNAW.US,5,20260602,171000,0.135,0.135,0.135,0.135,221,0
ERNAW.US,5,20260602,181000,0.135,0.135,0.135,0.135,446,0
ERNAW.US,5,20260602,181500,0.13,0.13,0.13,0.13,692,0
ERNAW.US,5,20260602,183500,0.1301,0.1301,0.1301,0.1301,100,0
ERNAW.US,5,20260602,193000,0.13,0.13,0.1031,0.1031,65221,0
ERNAW.US,5,20260602,203500,0.11,0.11,0.1052,0.1053,1600,0
ERNAW.US,5,20260602,204000,0.1076,0.11,0.1076,0.11,950,0
ERNAW.US,5,20260602,210000,0.128,0.128,0.11,0.1123,20900,0
ERNAW.US,5,20260603,170000,0.12,0.12,0.12,0.12,200,0
ERNAW.US,5,20260604,164000,0.1201,0.1201,0.12,0.12,4640,0
ERNAW.US,5,20260604,165000,0.140001,0.140001,0.140001,0.140001,500,0
ERNAW.US,5,20260604,173000,0.1401,0.1401,0.1401,0.1401,100,0
ERNAW.US,5,20260604,174000,0.13,0.13,0.12,0.12,6600,0
ERNAW.US,5,20260604,203500,0.125,0.1298,0.125,0.1298,506,0
ERNAW.US,5,20260605,181500,0.13,0.13,0.13,0.13,1690,0
ERNAW.US,5,20260605,182000,0.13,0.13,0.13,0.13,2300,0
ERNAW.US,5,20260605,183500,0.13,0.13,0.13,0.13,1000,0
ERNAW.US,5,20260605,201000,0.12005,0.12005,0.12005,0.12005,100,0
ERNAW.US,5,20260605,203500,0.1201,0.1201,0.1201,0.1201,257,0
ERNAW.US,5,20260605,204000,0.1201,0.1201,0.1201,0.1201,300,0
ERNAW.US,5,20260605,210000,0.12,0.12,0.12,0.12,100,0
ERNAW.US,5,20260605,215500,0.1198,0.1198,0.1198,0.1198,200,0
ERNAW.US,5,20260608,193500,0.13,0.14,0.1101,0.1101,5300,0
ERNAW.US,5,20260608,194000,0.1101,0.14369,0.1101,0.14369,800,0
ERNAW.US,5,20260608,200500,0.13,0.13,0.13,0.13,110,0
ERNAW.US,5,20260609,163500,0.1101,0.1101,0.11,0.11,2279,0
ERNAW.US,5,20260609,164000,0.14,0.14,0.14,0.14,205,0
ERNAW.US,5,20260609,171500,0.11,0.11,0.11,0.11,100,0
ERNAW.US,5,20260609,175000,0.12,0.12,0.11,0.11,900,0
ERNAW.US,5,20260609,215000,0.12,0.12,0.12,0.12,600,0
ERNAW.US,5,20260610,153000,0.1326,0.1326,0.1326,0.1326,1000,0
ERNAW.US,5,20260610,153500,0.1329,0.132951,0.1329,0.132951,1692,0
ERNAW.US,5,20260610,163500,0.1102,0.1102,0.1102,0.1102,100,0
ERNAW.US,5,20260610,183000,0.132951,0.132951,0.132951,0.132951,487,0
ERNAW.US,5,20260610,213000,0.13,0.13,0.13,0.13,200,0
ERNAW.US,5,20260611,161500,0.1101,0.1101,0.1081,0.1081,9562,0
ERNAW.US,5,20260611,172000,0.10775,0.10775,0.10775,0.10775,100,0
ERNAW.US,5,20260611,182000,0.10775,0.10775,0.10775,0.10775,100,0
ERNAW.US,5,20260611,190000,0.1075,0.1075,0.1075,0.1075,100,0
ERNAW.US,5,20260611,191000,0.1075,0.1075,0.1075,0.1075,200,0
ERNAW.US,5,20260611,191500,0.1075,0.1075,0.1075,0.1075,200,0
ERNAW.US,5,20260611,194000,0.107101,0.118551,0.107101,0.118551,200,0
ERNAW.US,5,20260611,194500,0.1125,0.1125,0.1125,0.1125,182,0
ERNAW.US,5,20260616,164000,0.129,0.129,0.129,0.129,100,0
ERNAW.US,5,20260616,173500,0.1076,0.1171,0.1076,0.1171,700,0
ERNAW.US,5,20260616,210500,0.1076,0.1076,0.1076,0.1076,100,0
ERNAW.US,5,20260617,180500,0.1072,0.1072,0.1072,0.1072,403,0
ERNAW.US,5,20260617,212500,0.1071,0.1071,0.087,0.087,5681,0
ERNAW.US,5,20260617,215500,0.08,0.08,0.0762,0.0762,1400,0
ERNAW.US,5,20260618,153000,0.06,0.08,0.06,0.075,3212,0
ERNAW.US,5,20260618,153500,0.07,0.07,0.0561,0.0562,2504,0
ERNAW.US,5,20260618,163000,0.0561,0.0561,0.0561,0.0561,15601,0
ERNAW.US,5,20260618,174000,0.0701,0.0701,0.0701,0.0701,2000,0
ERNAW.US,5,20260618,185500,0.07,0.07,0.07,0.07,909,0
ERNAW.US,5,20260618,200000,0.0581,0.081221,0.058,0.08,17842,0
ERNAW.US,5,20260618,204000,0.08,0.08,0.0581,0.0581,4271,0
