<TICKER>,<PER>,<DATE>,<TIME>,<OPEN>,<HIGH>,<LOW>,<CLOSE>,<VOL>,<OPENINT>
EVLVW.US,5,20260126,153000,0.22,0.22,0.22,0.22,200,0
EVLVW.US,5,20260126,164000,0.1921,0.1921,0.19,0.19,7921,0
EVLVW.US,5,20260126,171500,0.1999,0.1999,0.1999,0.1999,100,0
EVLVW.US,5,20260126,173500,0.18,0.18,0.18,0.18,8127,0
EVLVW.US,5,20260126,180000,0.18,0.18,0.1799,0.1799,7200,0
EVLVW.US,5,20260126,180500,0.1842,0.19,0.1801,0.19,20200,0
EVLVW.US,5,20260127,153000,0.1804,0.1804,0.1804,0.1804,101,0
EVLVW.US,5,20260127,201500,0.1946,0.1946,0.1946,0.1946,595,0
EVLVW.US,5,20260127,205500,0.185,0.185,0.185,0.185,6295,0
EVLVW.US,5,20260127,212000,0.1849,0.1849,0.1849,0.1849,159,0
EVLVW.US,5,20260127,214000,0.1849,0.185,0.1849,0.1849,2000,0
EVLVW.US,5,20260128,162500,0.1795,0.1795,0.1795,0.1795,1000,0
EVLVW.US,5,20260128,174000,0.18,0.18,0.18,0.18,7299,0
EVLVW.US,5,20260128,184000,0.1732,0.1733,0.1732,0.1733,400,0
EVLVW.US,5,20260128,195500,0.171,0.174751,0.171,0.171001,1250,0
EVLVW.US,5,20260128,214500,0.1711,0.1711,0.1711,0.1711,10000,0
EVLVW.US,5,20260128,215000,0.1711,0.1711,0.171,0.171,6600,0
EVLVW.US,5,20260129,153000,0.1675,0.1675,0.1675,0.1675,9000,0
EVLVW.US,5,20260129,193500,0.170107,0.170107,0.170107,0.170107,200,0
EVLVW.US,5,20260130,154500,0.167,0.1675,0.167,0.1675,1460,0
EVLVW.US,5,20260130,160000,0.1601,0.1601,0.15,0.15,8909,0
EVLVW.US,5,20260130,163500,0.17,0.17,0.1699,0.1699,200,0
EVLVW.US,5,20260130,164000,0.17,0.17,0.1697,0.1697,1380,0
EVLVW.US,5,20260130,165500,0.15,0.15,0.15,0.15,945,0
EVLVW.US,5,20260130,174000,0.16,0.17,0.1501,0.17,2900,0
EVLVW.US,5,20260202,155000,0.1502,0.1502,0.14,0.14,27891,0
EVLVW.US,5,20260202,155500,0.1301,0.1301,0.1201,0.1201,4300,0
EVLVW.US,5,20260202,160000,0.13,0.134,0.13,0.13309,27200,0
EVLVW.US,5,20260202,160500,0.1331,0.1331,0.13,0.13,16900,0
EVLVW.US,5,20260202,161000,0.11019,0.1102,0.110167,0.1102,2499,0
EVLVW.US,5,20260202,162500,0.139,0.139,0.139,0.139,1000,0
EVLVW.US,5,20260202,174500,0.1247,0.14,0.1247,0.14,4600,0
EVLVW.US,5,20260202,175000,0.14,0.14,0.135,0.14,29852,0
EVLVW.US,5,20260202,175500,0.134999,0.1405,0.1207,0.14,30538,0
EVLVW.US,5,20260202,180000,0.133405,0.14,0.1303,0.14,11300,0
EVLVW.US,5,20260202,180500,0.14,0.14,0.133405,0.133405,600,0
EVLVW.US,5,20260202,181500,0.14,0.14,0.14,0.14,700,0
EVLVW.US,5,20260202,182000,0.14,0.141,0.14,0.1405,15200,0
EVLVW.US,5,20260202,183500,0.15,0.15,0.15,0.15,1000,0
EVLVW.US,5,20260202,211000,0.146,0.146,0.1404,0.1404,1800,0
EVLVW.US,5,20260202,212000,0.140201,0.140201,0.140201,0.140201,100,0
EVLVW.US,5,20260202,213500,0.1401,0.1401,0.1401,0.1401,2200,0
EVLVW.US,5,20260203,153000,0.14,0.14,0.14,0.14,1000,0
EVLVW.US,5,20260203,155500,0.14,0.14,0.14,0.14,12600,0
EVLVW.US,5,20260203,161000,0.14,0.14,0.14,0.14,1001,0
EVLVW.US,5,20260203,162500,0.145,0.145,0.145,0.145,1800,0
EVLVW.US,5,20260203,164000,0.14,0.14,0.14,0.14,1000,0
EVLVW.US,5,20260203,203000,0.1266,0.1266,0.1133,0.1133,2577,0
EVLVW.US,5,20260203,213500,0.127,0.14,0.127,0.1293,300,0
EVLVW.US,5,20260203,214500,0.1291,0.1346,0.129,0.129,30156,0
EVLVW.US,5,20260204,153000,0.1131,0.1131,0.1131,0.1131,250,0
EVLVW.US,5,20260204,171000,0.1231,0.1231,0.1162,0.1162,2000,0
EVLVW.US,5,20260204,183500,0.113,0.1139,0.113,0.1139,593,0
EVLVW.US,5,20260204,184000,0.115,0.115,0.1089,0.1089,2800,0
EVLVW.US,5,20260204,185000,0.1175,0.1175,0.1175,0.1175,1000,0
EVLVW.US,5,20260204,190500,0.12,0.12,0.1151,0.12,4100,0
EVLVW.US,5,20260204,201500,0.122499,0.13,0.1151,0.13,11268,0
EVLVW.US,5,20260204,202000,0.13,0.13,0.1152,0.13,10914,0
EVLVW.US,5,20260204,202500,0.13,0.135,0.1152,0.1221,29734,0
EVLVW.US,5,20260204,203000,0.13,0.1369,0.1152,0.1237,75305,0
EVLVW.US,5,20260204,203500,0.13,0.13,0.1201,0.1235,13366,0
EVLVW.US,5,20260204,204000,0.13,0.13,0.1221,0.1299,23828,0
EVLVW.US,5,20260204,204500,0.13,0.144899,0.1241,0.144899,16323,0
EVLVW.US,5,20260204,211000,0.14,0.14,0.14,0.14,800,0
EVLVW.US,5,20260204,212500,0.1276,0.1276,0.1276,0.1276,1800,0
EVLVW.US,5,20260204,213000,0.1276,0.1276,0.1276,0.1276,833,0
EVLVW.US,5,20260204,214500,0.13,0.13,0.13,0.13,120,0
EVLVW.US,5,20260205,154500,0.1173,0.13,0.1173,0.13,3200,0
EVLVW.US,5,20260205,162000,0.13,0.13,0.13,0.13,100,0
EVLVW.US,5,20260205,165500,0.1183,0.1183,0.1183,0.1183,200,0
EVLVW.US,5,20260205,180500,0.121,0.121,0.121,0.121,2000,0
EVLVW.US,5,20260205,181000,0.122,0.122,0.122,0.122,100,0
EVLVW.US,5,20260205,200500,0.126,0.126,0.126,0.126,100,0
EVLVW.US,5,20260205,211500,0.122,0.126,0.12,0.12,6600,0
EVLVW.US,5,20260205,212000,0.12,0.12,0.112,0.12,4400,0
EVLVW.US,5,20260205,213000,0.12,0.141,0.1101,0.1101,400,0
EVLVW.US,5,20260206,155500,0.14,0.14,0.1399,0.1399,200,0
EVLVW.US,5,20260206,162000,0.1229,0.14,0.1229,0.1399,2890,0
EVLVW.US,5,20260206,162500,0.14,0.14,0.1399,0.1399,2000,0
EVLVW.US,5,20260206,195500,0.14,0.14,0.14,0.14,251,0
EVLVW.US,5,20260206,210500,0.14,0.14,0.14,0.14,117,0
EVLVW.US,5,20260209,161500,0.136501,0.145,0.135628,0.1449,3100,0
EVLVW.US,5,20260209,162500,0.133201,0.14,0.133,0.1399,10134,0
EVLVW.US,5,20260209,163000,0.14,0.1425,0.1342,0.1342,7562,0
EVLVW.US,5,20260209,182500,0.1399,0.14,0.1334,0.14,7000,0
EVLVW.US,5,20260209,183000,0.1355,0.14,0.1355,0.14,17200,0
EVLVW.US,5,20260209,185000,0.1399,0.14,0.1398,0.1398,5700,0
EVLVW.US,5,20260209,185500,0.145,0.145,0.1444,0.145,4310,0
EVLVW.US,5,20260209,191000,0.1449,0.1449,0.1425,0.1446,700,0
EVLVW.US,5,20260209,191500,0.145,0.145,0.145,0.145,100,0
EVLVW.US,5,20260209,192000,0.1425,0.1438,0.1425,0.1425,300,0
EVLVW.US,5,20260209,193000,0.1425,0.1446,0.1425,0.1446,200,0
EVLVW.US,5,20260209,195500,0.143,0.145,0.135181,0.145,7786,0
EVLVW.US,5,20260209,202500,0.145,0.145,0.145,0.145,100,0
EVLVW.US,5,20260209,211000,0.145,0.145,0.145,0.145,100,0
EVLVW.US,5,20260209,211500,0.1449,0.1449,0.1449,0.1449,1000,0
EVLVW.US,5,20260209,212500,0.145,0.145,0.145,0.145,100,0
EVLVW.US,5,20260209,215000,0.1443,0.1449,0.143,0.143,1236,0
EVLVW.US,5,20260209,215500,0.145,0.145,0.145,0.145,100,0
EVLVW.US,5,20260210,153000,0.1101,0.1101,0.1101,0.1101,4917,0
EVLVW.US,5,20260210,165000,0.137,0.137,0.136,0.136,1218,0
EVLVW.US,5,20260210,170500,0.1399,0.1399,0.1399,0.1399,100,0
EVLVW.US,5,20260210,172000,0.136,0.136,0.136,0.136,100,0
EVLVW.US,5,20260210,174500,0.144,0.157,0.144,0.157,11920,0
EVLVW.US,5,20260210,181000,0.1599,0.159934,0.1599,0.159934,800,0
EVLVW.US,5,20260210,181500,0.16,0.16,0.16,0.16,100,0
EVLVW.US,5,20260210,183500,0.1597,0.1599,0.137,0.1599,13699,0
EVLVW.US,5,20260210,190000,0.15,0.15,0.15,0.15,100,0
EVLVW.US,5,20260210,214000,0.15,0.15,0.15,0.15,100,0
EVLVW.US,5,20260211,165500,0.135,0.135,0.135,0.135,1500,0
EVLVW.US,5,20260211,170000,0.15,0.15,0.1201,0.15,1100,0
EVLVW.US,5,20260211,170500,0.1265,0.1265,0.126,0.126,3000,0
EVLVW.US,5,20260211,171500,0.1255,0.1255,0.1255,0.1255,100,0
EVLVW.US,5,20260211,175000,0.14,0.14,0.129,0.129,3200,0
EVLVW.US,5,20260211,183000,0.1201,0.1498,0.1201,0.145,300,0
EVLVW.US,5,20260211,185000,0.15,0.15,0.129,0.129,6000,0
EVLVW.US,5,20260211,191000,0.127,0.127,0.127,0.127,160,0
EVLVW.US,5,20260211,191500,0.1275,0.1275,0.123,0.123,2380,0
EVLVW.US,5,20260211,202000,0.1431,0.1495,0.1222,0.1493,600,0
EVLVW.US,5,20260211,212000,0.1639,0.1639,0.1639,0.1639,100,0
EVLVW.US,5,20260211,215000,0.125,0.16,0.12,0.146401,1100,0
EVLVW.US,5,20260212,155000,0.1387,0.1387,0.1387,0.1387,3500,0
EVLVW.US,5,20260212,155500,0.1265,0.149,0.123,0.149,1600,0
EVLVW.US,5,20260212,160000,0.13,0.13,0.13,0.13,1000,0
EVLVW.US,5,20260212,175000,0.13,0.13,0.13,0.13,100,0
EVLVW.US,5,20260212,182500,0.13,0.13,0.1295,0.1295,11300,0
EVLVW.US,5,20260212,183000,0.13,0.1396,0.13,0.1372,15700,0
EVLVW.US,5,20260212,185500,0.1372,0.1372,0.1372,0.1372,100,0
EVLVW.US,5,20260212,190000,0.1349,0.1372,0.129,0.129,1000,0
EVLVW.US,5,20260212,201500,0.1372,0.139,0.1331,0.137,16700,0
EVLVW.US,5,20260212,202000,0.1372,0.142,0.1363,0.1372,12500,0
EVLVW.US,5,20260212,203000,0.1372,0.1372,0.1372,0.1372,100,0
EVLVW.US,5,20260212,210000,0.1372,0.1372,0.1372,0.1372,100,0
EVLVW.US,5,20260212,210500,0.1372,0.1372,0.1372,0.1372,200,0
EVLVW.US,5,20260212,213000,0.1372,0.1372,0.1372,0.1372,200,0
EVLVW.US,5,20260212,214500,0.1372,0.1372,0.1372,0.1372,100,0
EVLVW.US,5,20260212,215500,0.1372,0.1557,0.1351,0.1371,17243,0
EVLVW.US,5,20260213,155000,0.125,0.125,0.125,0.125,500,0
EVLVW.US,5,20260213,155500,0.125,0.135,0.125,0.1265,4600,0
EVLVW.US,5,20260213,161000,0.1255,0.1255,0.1173,0.1173,6480,0
EVLVW.US,5,20260213,162500,0.1365,0.137,0.130303,0.130303,2000,0
EVLVW.US,5,20260213,163000,0.137,0.137,0.1174,0.1272,9000,0
EVLVW.US,5,20260213,163500,0.137,0.137,0.130303,0.130303,400,0
EVLVW.US,5,20260217,154500,0.1233,0.1289,0.1233,0.1233,3143,0
EVLVW.US,5,20260217,155000,0.1222,0.1222,0.1222,0.1222,1300,0
EVLVW.US,5,20260217,160000,0.1289,0.1289,0.1289,0.1289,100,0
EVLVW.US,5,20260217,171500,0.128,0.128,0.128,0.128,200,0
EVLVW.US,5,20260217,213000,0.1325,0.1325,0.132,0.132,200,0
EVLVW.US,5,20260217,215500,0.129,0.1305,0.129,0.1305,200,0
EVLVW.US,5,20260218,192000,0.122,0.1475,0.118,0.1475,1570,0
EVLVW.US,5,20260218,200000,0.118,0.118,0.118,0.118,1150,0
EVLVW.US,5,20260219,160000,0.1325,0.14,0.1325,0.14,666,0
EVLVW.US,5,20260219,163500,0.14,0.14,0.134901,0.134901,1400,0
EVLVW.US,5,20260219,170500,0.14,0.14,0.14,0.14,100,0
EVLVW.US,5,20260219,175500,0.125,0.1252,0.125,0.1252,2000,0
EVLVW.US,5,20260219,184500,0.1375,0.1399,0.1319,0.137,700,0
EVLVW.US,5,20260219,185500,0.14,0.14,0.14,0.14,100,0
EVLVW.US,5,20260219,191000,0.132,0.14,0.132,0.14,200,0
EVLVW.US,5,20260219,201000,0.13,0.13,0.13,0.13,100,0
EVLVW.US,5,20260219,204500,0.13,0.13,0.1299,0.1299,1000,0
EVLVW.US,5,20260219,212000,0.13,0.13,0.13,0.13,100,0
EVLVW.US,5,20260219,215500,0.13,0.13,0.13,0.13,100,0
EVLVW.US,5,20260220,165500,0.112499,0.13,0.1101,0.13,5273,0
EVLVW.US,5,20260220,172000,0.13,0.13,0.13,0.13,275,0
EVLVW.US,5,20260220,173000,0.1299,0.13,0.126,0.126,4533,0
EVLVW.US,5,20260220,194500,0.12,0.12,0.12,0.12,750,0
EVLVW.US,5,20260223,153000,0.11,0.11,0.11,0.11,159,0
EVLVW.US,5,20260223,155500,0.1105,0.1105,0.098,0.098,20377,0
EVLVW.US,5,20260223,183500,0.098,0.098,0.098,0.098,5000,0
EVLVW.US,5,20260223,193000,0.097,0.097,0.097,0.097,100,0
EVLVW.US,5,20260223,193500,0.1028,0.1028,0.1028,0.1028,1500,0
EVLVW.US,5,20260223,200000,0.093,0.0996,0.093,0.0964,1200,0
EVLVW.US,5,20260223,201500,0.0901,0.0901,0.0901,0.0901,100,0
EVLVW.US,5,20260223,203000,0.09,0.09,0.09,0.09,14205,0
EVLVW.US,5,20260223,210000,0.0743,0.0799,0.0703,0.0748,9000,0
EVLVW.US,5,20260223,210500,0.075049,0.083,0.075049,0.083,21310,0
EVLVW.US,5,20260223,211000,0.083,0.083,0.083,0.083,950,0
EVLVW.US,5,20260223,213500,0.0828,0.086,0.0714,0.086,5641,0
EVLVW.US,5,20260223,214500,0.086,0.087,0.086,0.087,931,0
EVLVW.US,5,20260223,215000,0.087,0.087,0.087,0.087,169,0
EVLVW.US,5,20260223,215500,0.0875,0.088,0.0875,0.088,1229,0
EVLVW.US,5,20260224,162500,0.088,0.088,0.082,0.082,1408,0
EVLVW.US,5,20260224,163000,0.088,0.106,0.0879,0.0998,28865,0
EVLVW.US,5,20260224,163500,0.0998,0.0998,0.0871,0.0871,1366,0
EVLVW.US,5,20260224,165000,0.085,0.085,0.081,0.081,4200,0
EVLVW.US,5,20260224,170500,0.0986,0.1,0.0861,0.0861,3400,0
EVLVW.US,5,20260224,181000,0.0854,0.0854,0.0854,0.0854,350,0
EVLVW.US,5,20260224,212500,0.0815,0.0847,0.08,0.0845,5300,0
EVLVW.US,5,20260224,213000,0.0805,0.085,0.0799,0.0817,32449,0
EVLVW.US,5,20260224,215000,0.085,0.085,0.085,0.085,100,0
EVLVW.US,5,20260225,155000,0.075349,0.085,0.075349,0.0849,2768,0
EVLVW.US,5,20260225,160000,0.0888,0.095,0.084276,0.093,10714,0
EVLVW.US,5,20260225,160500,0.1,0.1,0.0926,0.0926,6255,0
EVLVW.US,5,20260225,165500,0.09,0.09,0.078,0.078,5000,0
EVLVW.US,5,20260225,182000,0.078,0.078,0.075,0.075,400,0
EVLVW.US,5,20260225,200000,0.084499,0.084499,0.084499,0.084499,500,0
EVLVW.US,5,20260225,214000,0.085099,0.098,0.085099,0.0851,3700,0
EVLVW.US,5,20260226,164000,0.0797,0.0797,0.0797,0.0797,165,0
EVLVW.US,5,20260226,185500,0.079,0.079,0.079,0.079,100,0
EVLVW.US,5,20260226,212000,0.0716,0.0716,0.0716,0.0716,100,0
EVLVW.US,5,20260226,212500,0.0753,0.0753,0.0753,0.0753,100,0
EVLVW.US,5,20260226,215500,0.079,0.079,0.079,0.079,100,0
EVLVW.US,5,20260227,171500,0.0611,0.0611,0.0611,0.0611,200,0
EVLVW.US,5,20260227,174500,0.0611,0.0612,0.0611,0.0612,6080,0
EVLVW.US,5,20260227,205000,0.07,0.07,0.07,0.07,1590,0
EVLVW.US,5,20260227,212000,0.0618,0.0618,0.0618,0.0618,500,0
EVLVW.US,5,20260227,213000,0.0789,0.0789,0.0789,0.0789,1500,0
EVLVW.US,5,20260302,153000,0.065,0.065,0.065,0.065,100,0
EVLVW.US,5,20260302,161000,0.084,0.084,0.084,0.084,100,0
EVLVW.US,5,20260302,165500,0.0941,0.0961,0.0941,0.0961,1999,0
EVLVW.US,5,20260302,170500,0.0999,0.0999,0.0999,0.0999,100,0
EVLVW.US,5,20260302,171500,0.097,0.097,0.097,0.097,400,0
EVLVW.US,5,20260302,173000,0.095,0.095,0.095,0.095,100,0
EVLVW.US,5,20260302,183000,0.0901,0.0901,0.0901,0.0901,1965,0
EVLVW.US,5,20260302,185000,0.090201,0.097,0.090201,0.097,500,0
EVLVW.US,5,20260302,204500,0.097,0.097,0.097,0.097,800,0
EVLVW.US,5,20260302,213000,0.0901,0.0901,0.0901,0.0901,320,0
EVLVW.US,5,20260302,214000,0.08009,0.08009,0.08009,0.08009,100,0
EVLVW.US,5,20260302,214500,0.0768,0.094,0.0768,0.092,5600,0
EVLVW.US,5,20260302,215500,0.077912,0.077912,0.077912,0.077912,200,0
EVLVW.US,5,20260303,194500,0.0968,0.0969,0.0967,0.0967,2916,0
EVLVW.US,5,20260303,205500,0.0751,0.0751,0.0751,0.0751,1321,0
EVLVW.US,5,20260303,213500,0.0698,0.08,0.0698,0.071,15400,0
EVLVW.US,5,20260303,215000,0.07,0.0783,0.06999,0.0709,11833,0
EVLVW.US,5,20260303,215500,0.0709,0.0846,0.0627,0.073,43738,0
EVLVW.US,5,20260304,164500,0.0525,0.0525,0.0525,0.0525,800,0
EVLVW.US,5,20260304,191000,0.085,0.085,0.0849,0.0849,352,0
EVLVW.US,5,20260304,211500,0.066201,0.066201,0.066201,0.066201,1458,0
EVLVW.US,5,20260305,160000,0.0883,0.0883,0.0883,0.0883,5000,0
EVLVW.US,5,20260305,162000,0.0883,0.0883,0.0883,0.0883,1300,0
EVLVW.US,5,20260305,181500,0.0726,0.0726,0.0726,0.0726,100,0
EVLVW.US,5,20260305,182000,0.0698,0.0768,0.0596,0.0596,12900,0
EVLVW.US,5,20260305,215500,0.0883,0.0883,0.0883,0.0883,100,0
EVLVW.US,5,20260306,203500,0.0883,0.0883,0.064,0.064,3600,0
EVLVW.US,5,20260306,215000,0.0503,0.0503,0.0503,0.0503,800,0
EVLVW.US,5,20260309,145500,0.063101,0.063101,0.055,0.055,4465,0
EVLVW.US,5,20260309,164500,0.0659,0.0659,0.0659,0.0659,400,0
EVLVW.US,5,20260309,165500,0.06505,0.06505,0.06505,0.06505,300,0
EVLVW.US,5,20260309,170000,0.066,0.066,0.055,0.055,1000,0
EVLVW.US,5,20260309,172500,0.075,0.075,0.075,0.075,100,0
EVLVW.US,5,20260309,173000,0.071,0.071,0.053,0.053,15000,0
EVLVW.US,5,20260309,193000,0.0794,0.0794,0.0794,0.0794,100,0
EVLVW.US,5,20260309,194500,0.0503,0.0503,0.0503,0.0503,1000,0
EVLVW.US,5,20260309,202500,0.0698,0.0698,0.0697,0.0697,200,0
EVLVW.US,5,20260309,204000,0.0625,0.0625,0.0625,0.0625,1449,0
EVLVW.US,5,20260310,143000,0.107,0.107,0.107,0.107,2000,0
EVLVW.US,5,20260310,145000,0.0915,0.0915,0.0915,0.0915,500,0
EVLVW.US,5,20260310,150000,0.09,0.09,0.0876,0.0876,200,0
EVLVW.US,5,20260310,153500,0.0875,0.0875,0.085,0.086701,4500,0
EVLVW.US,5,20260310,160000,0.0821,0.0821,0.0821,0.0821,705,0
EVLVW.US,5,20260310,164500,0.0848,0.085,0.0848,0.085,293,0
EVLVW.US,5,20260310,165500,0.085,0.085,0.085,0.085,100,0
EVLVW.US,5,20260310,170500,0.085,0.085,0.085,0.085,100,0
EVLVW.US,5,20260310,171000,0.075,0.075,0.075,0.075,2000,0
EVLVW.US,5,20260310,172000,0.0844,0.0844,0.0844,0.0844,100,0
EVLVW.US,5,20260310,172500,0.0733,0.09,0.069,0.08,47258,0
EVLVW.US,5,20260310,173000,0.075,0.075,0.07,0.0714,535,0
EVLVW.US,5,20260310,174000,0.0822,0.09,0.0822,0.0899,1030,0
EVLVW.US,5,20260310,175000,0.09,0.09,0.09,0.09,491,0
EVLVW.US,5,20260310,180000,0.07,0.07,0.07,0.07,100,0
EVLVW.US,5,20260310,183500,0.08,0.08,0.075,0.075,25200,0
EVLVW.US,5,20260310,184000,0.08,0.08,0.08,0.08,1449,0
EVLVW.US,5,20260310,184500,0.0778,0.0778,0.0778,0.0778,1000,0
EVLVW.US,5,20260310,191500,0.08,0.08,0.072,0.072,2949,0
EVLVW.US,5,20260310,192000,0.07,0.08,0.07,0.08,3600,0
EVLVW.US,5,20260310,195000,0.0813,0.0898,0.0813,0.0898,721,0
EVLVW.US,5,20260310,201500,0.0792,0.0792,0.0792,0.0792,300,0
EVLVW.US,5,20260310,202000,0.0889,0.0889,0.0889,0.0889,180,0
EVLVW.US,5,20260310,203000,0.072,0.072,0.07,0.0702,2800,0
EVLVW.US,5,20260310,205000,0.0898,0.0898,0.0898,0.0898,388,0
EVLVW.US,5,20260311,143000,0.0541,0.07,0.0541,0.07,19999,0
EVLVW.US,5,20260311,144000,0.08,0.08,0.08,0.08,12411,0
EVLVW.US,5,20260311,145000,0.0732,0.0732,0.07,0.07,8501,0
EVLVW.US,5,20260311,145500,0.0796,0.0796,0.065,0.065,5200,0
EVLVW.US,5,20260311,150000,0.0651,0.069,0.061,0.061,16375,0
EVLVW.US,5,20260311,150500,0.06,0.06,0.06,0.06,2000,0
EVLVW.US,5,20260311,151000,0.0599,0.06,0.0599,0.059967,8200,0
EVLVW.US,5,20260311,151500,0.05995,0.05995,0.05995,0.05995,250,0
EVLVW.US,5,20260311,152000,0.06,0.0602,0.06,0.06,774,0
EVLVW.US,5,20260311,152500,0.068999,0.068999,0.068999,0.068999,100,0
EVLVW.US,5,20260311,154500,0.0689,0.0689,0.0606,0.0606,800,0
EVLVW.US,5,20260311,162000,0.069,0.069,0.069,0.069,100,0
EVLVW.US,5,20260311,170500,0.069,0.069,0.069,0.069,100,0
EVLVW.US,5,20260311,173000,0.069,0.0778,0.069,0.0778,7012,0
EVLVW.US,5,20260311,173500,0.078,0.0836,0.0745,0.0745,13679,0
EVLVW.US,5,20260311,181500,0.0796,0.088,0.0796,0.088,1909,0
EVLVW.US,5,20260311,183500,0.088,0.0999,0.088,0.0999,3110,0
EVLVW.US,5,20260311,184000,0.0867,0.0867,0.07606,0.0867,3000,0
EVLVW.US,5,20260311,190000,0.0919,0.107,0.0912,0.107,26000,0
EVLVW.US,5,20260311,190500,0.115,0.119935,0.115,0.1196,20192,0
EVLVW.US,5,20260311,191000,0.115,0.14,0.115,0.14,11727,0
EVLVW.US,5,20260311,191500,0.1397,0.1399,0.137,0.137,1983,0
EVLVW.US,5,20260311,192000,0.1375,0.138,0.115,0.115,7446,0
EVLVW.US,5,20260311,192500,0.115,0.1303,0.115,0.1303,1854,0
EVLVW.US,5,20260311,193000,0.1183,0.1183,0.1183,0.1183,826,0
EVLVW.US,5,20260311,193500,0.1151,0.1151,0.1146,0.1146,11000,0
EVLVW.US,5,20260311,195500,0.1091,0.1091,0.1091,0.1091,1746,0
EVLVW.US,5,20260311,200500,0.1032,0.1032,0.1032,0.1032,100,0
EVLVW.US,5,20260311,201000,0.1049,0.1049,0.1,0.103,4860,0
EVLVW.US,5,20260311,201500,0.1086,0.1089,0.108,0.1089,700,0
EVLVW.US,5,20260311,203000,0.0922,0.0922,0.0922,0.0922,150,0
EVLVW.US,5,20260311,205500,0.094999,0.104,0.0925,0.104,11292,0
EVLVW.US,5,20260312,143000,0.1099,0.1099,0.088749,0.088749,6300,0
EVLVW.US,5,20260312,143500,0.09,0.09,0.09,0.09,500,0
EVLVW.US,5,20260312,144000,0.08,0.08,0.08,0.08,1000,0
EVLVW.US,5,20260312,144500,0.075,0.075,0.0714,0.0714,2600,0
EVLVW.US,5,20260312,151500,0.0755,0.0755,0.07,0.07,13093,0
EVLVW.US,5,20260312,152000,0.07,0.07,0.07,0.07,8800,0
EVLVW.US,5,20260312,154000,0.07,0.07,0.07,0.07,3415,0
EVLVW.US,5,20260312,160000,0.07,0.07,0.07,0.07,1850,0
EVLVW.US,5,20260312,163000,0.0699,0.07,0.0699,0.07,200,0
EVLVW.US,5,20260312,164000,0.07,0.07,0.07,0.07,400,0
EVLVW.US,5,20260312,164500,0.07,0.07,0.07,0.07,100,0
EVLVW.US,5,20260312,165500,0.07,0.07,0.07,0.07,500,0
EVLVW.US,5,20260312,170000,0.07,0.0984,0.07,0.0892,1343,0
EVLVW.US,5,20260312,190500,0.08,0.08,0.08,0.08,100,0
EVLVW.US,5,20260312,201000,0.079,0.08,0.07,0.0744,17186,0
EVLVW.US,5,20260312,201500,0.0781,0.0781,0.078,0.078,5199,0
EVLVW.US,5,20260312,204500,0.0682,0.0682,0.0682,0.0682,170,0
EVLVW.US,5,20260312,205500,0.0701,0.0701,0.07,0.07,1000,0
EVLVW.US,5,20260313,143000,0.0663,0.0679,0.059,0.059,4900,0
EVLVW.US,5,20260313,144500,0.067,0.067,0.067,0.067,100,0
EVLVW.US,5,20260313,152500,0.0516,0.0516,0.0506,0.0506,10000,0
EVLVW.US,5,20260313,165000,0.065,0.0664,0.063,0.065,55850,0
EVLVW.US,5,20260313,165500,0.063,0.064,0.0629,0.0639,46300,0
EVLVW.US,5,20260313,170000,0.064,0.064,0.0639,0.064,6100,0
EVLVW.US,5,20260313,171000,0.0639,0.0639,0.0639,0.0639,400,0
EVLVW.US,5,20260313,173500,0.065,0.065,0.0649,0.0649,640,0
EVLVW.US,5,20260313,181500,0.0666,0.073934,0.0666,0.073934,13480,0
EVLVW.US,5,20260313,182000,0.0749,0.0749,0.0749,0.0749,400,0
EVLVW.US,5,20260313,183000,0.0667,0.0667,0.0667,0.0667,1000,0
EVLVW.US,5,20260313,191000,0.0729,0.0729,0.0729,0.0729,100,0
EVLVW.US,5,20260313,193000,0.0729,0.0729,0.0729,0.0729,243,0
EVLVW.US,5,20260313,193500,0.0729,0.0729,0.0729,0.0729,153,0
EVLVW.US,5,20260313,194500,0.079,0.0798,0.079,0.0798,1810,0
EVLVW.US,5,20260313,195500,0.0786,0.0786,0.0786,0.0786,100,0
EVLVW.US,5,20260313,200000,0.078,0.078,0.0687,0.0687,220,0
EVLVW.US,5,20260313,203000,0.073,0.073,0.0667,0.068,400,0
EVLVW.US,5,20260316,143000,0.0759,0.0759,0.0759,0.0759,100,0
EVLVW.US,5,20260316,154500,0.075,0.075,0.075,0.075,100,0
EVLVW.US,5,20260316,155500,0.075,0.075,0.0692,0.0692,4800,0
EVLVW.US,5,20260316,161500,0.0659,0.095009,0.0616,0.095009,400,0
EVLVW.US,5,20260316,164500,0.095,0.095,0.0816,0.0816,4421,0
EVLVW.US,5,20260316,200500,0.08,0.08,0.08,0.08,1140,0
EVLVW.US,5,20260317,191500,0.073,0.073,0.073,0.073,100,0
EVLVW.US,5,20260317,194000,0.0634,0.073,0.0634,0.073,1031,0
EVLVW.US,5,20260317,205500,0.0685,0.08,0.0685,0.0799,1714,0
EVLVW.US,5,20260318,160500,0.0653,0.0653,0.064,0.064,9626,0
EVLVW.US,5,20260318,161000,0.0608,0.0608,0.0521,0.06,10656,0
EVLVW.US,5,20260318,161500,0.0607,0.0607,0.0607,0.0607,2200,0
EVLVW.US,5,20260318,162000,0.064,0.064,0.0608,0.064,4340,0
EVLVW.US,5,20260318,170500,0.064,0.064,0.062399,0.062913,4106,0
EVLVW.US,5,20260318,171000,0.064549,0.0651,0.064549,0.06455,2520,0
EVLVW.US,5,20260318,171500,0.0651,0.0657,0.064726,0.0657,7234,0
EVLVW.US,5,20260318,175000,0.0662,0.0662,0.0662,0.0662,100,0
EVLVW.US,5,20260318,181500,0.0672,0.0686,0.0671,0.0686,300,0
EVLVW.US,5,20260318,182000,0.0691,0.0806,0.0686,0.0806,6289,0
EVLVW.US,5,20260318,182500,0.0897,0.1,0.0897,0.1,30361,0
EVLVW.US,5,20260318,183000,0.1,0.13,0.1,0.13,32301,0
EVLVW.US,5,20260318,183500,0.1301,0.1301,0.113,0.113,21882,0
EVLVW.US,5,20260318,184000,0.117,0.1397,0.1161,0.13001,134338,0
EVLVW.US,5,20260318,184500,0.13,0.13,0.101,0.1299,40491,0
EVLVW.US,5,20260318,185000,0.107,0.107,0.107,0.107,206,0
EVLVW.US,5,20260318,185500,0.107,0.107,0.107,0.107,353,0
EVLVW.US,5,20260318,191000,0.1,0.1,0.1,0.1,7677,0
EVLVW.US,5,20260318,191500,0.09,0.0912,0.09,0.0912,764,0
EVLVW.US,5,20260318,192000,0.1044,0.1044,0.1044,0.1044,100,0
EVLVW.US,5,20260318,195500,0.094,0.1069,0.094,0.105,12900,0
EVLVW.US,5,20260318,201500,0.106951,0.106951,0.094,0.102807,5900,0
EVLVW.US,5,20260318,203000,0.1,0.1,0.1,0.1,125,0
EVLVW.US,5,20260318,205500,0.0966,0.1069,0.0966,0.1069,200,0
EVLVW.US,5,20260319,143500,0.0729,0.0729,0.06,0.07,3025,0
EVLVW.US,5,20260319,144500,0.0735,0.0735,0.069,0.0729,1020,0
EVLVW.US,5,20260319,145000,0.0729,0.0729,0.0629,0.0629,4550,0
EVLVW.US,5,20260319,145500,0.07,0.07,0.0651,0.0651,4889,0
EVLVW.US,5,20260319,150000,0.07,0.07,0.07,0.07,2493,0
EVLVW.US,5,20260319,151500,0.061,0.0653,0.0607,0.0607,1324,0
EVLVW.US,5,20260319,153000,0.07,0.07,0.07,0.07,6145,0
EVLVW.US,5,20260319,154500,0.07,0.07,0.07,0.07,800,0
EVLVW.US,5,20260319,161500,0.0632,0.0632,0.0632,0.0632,100,0
EVLVW.US,5,20260319,171500,0.0631,0.0631,0.0631,0.0631,600,0
EVLVW.US,5,20260319,174000,0.0703,0.0799,0.0703,0.0731,2700,0
EVLVW.US,5,20260319,174500,0.0778,0.093099,0.0778,0.093099,9800,0
EVLVW.US,5,20260319,184000,0.098,0.098,0.098,0.098,100,0
EVLVW.US,5,20260319,192500,0.0893,0.0893,0.0869,0.0869,15300,0
EVLVW.US,5,20260319,200500,0.0862,0.0862,0.0862,0.0862,100,0
EVLVW.US,5,20260319,201000,0.0822,0.087,0.0822,0.087,13857,0
EVLVW.US,5,20260319,201500,0.087,0.098,0.08465,0.0959,117349,0
EVLVW.US,5,20260319,205500,0.084,0.084,0.084,0.084,2100,0
EVLVW.US,5,20260320,143500,0.0646,0.065,0.0646,0.0646,10000,0
EVLVW.US,5,20260320,150000,0.081751,0.081751,0.081751,0.081751,100,0
EVLVW.US,5,20260320,155000,0.083,0.0974,0.083,0.0974,300,0
EVLVW.US,5,20260320,164000,0.0837,0.0837,0.0837,0.0837,550,0
EVLVW.US,5,20260320,165500,0.09,0.0936,0.09,0.0936,250,0
EVLVW.US,5,20260320,170500,0.09,0.09,0.09,0.09,100,0
EVLVW.US,5,20260320,180000,0.0701,0.0701,0.0701,0.0701,500,0
EVLVW.US,5,20260320,180500,0.0701,0.0716,0.07,0.07,5058,0
EVLVW.US,5,20260320,181000,0.0842,0.0842,0.0842,0.0842,100,0
EVLVW.US,5,20260320,203000,0.091,0.091,0.0744,0.0744,400,0
EVLVW.US,5,20260320,204500,0.089,0.091,0.0809,0.091,17900,0
EVLVW.US,5,20260320,205500,0.0804,0.09,0.0804,0.0899,3000,0
EVLVW.US,5,20260323,144500,0.09,0.09,0.0841,0.0841,200,0
EVLVW.US,5,20260323,145000,0.09,0.09,0.0841,0.0841,600,0
EVLVW.US,5,20260323,152500,0.0979,0.0979,0.084,0.097,10600,0
EVLVW.US,5,20260323,154000,0.084051,0.084051,0.084051,0.084051,8150,0
EVLVW.US,5,20260323,182000,0.08,0.08,0.079,0.079,1564,0
EVLVW.US,5,20260323,184500,0.0794,0.0794,0.0794,0.0794,100,0
EVLVW.US,5,20260323,185500,0.08,0.0834,0.08,0.08,1200,0
EVLVW.US,5,20260323,190000,0.0898,0.0981,0.0837,0.097049,19441,0
EVLVW.US,5,20260323,190500,0.096,0.0982,0.096,0.0981,15608,0
EVLVW.US,5,20260323,192000,0.0867,0.0999,0.086649,0.0998,9650,0
EVLVW.US,5,20260323,192500,0.0888,0.1,0.0888,0.1,2100,0
EVLVW.US,5,20260323,193000,0.0887,0.105,0.0887,0.105,23600,0
EVLVW.US,5,20260323,194000,0.1049,0.1049,0.1049,0.1049,200,0
EVLVW.US,5,20260323,195500,0.1049,0.1049,0.1049,0.1049,100,0
EVLVW.US,5,20260323,200500,0.1049,0.105,0.1049,0.105,514,0
EVLVW.US,5,20260323,201000,0.1,0.105,0.1,0.105,1000,0
EVLVW.US,5,20260323,204000,0.105,0.1068,0.1025,0.1068,1627,0
EVLVW.US,5,20260323,204500,0.1134,0.1134,0.1068,0.107,10400,0
EVLVW.US,5,20260323,205000,0.1,0.1,0.0997,0.1,3340,0
EVLVW.US,5,20260324,143000,0.1101,0.14,0.1101,0.14,8374,0
EVLVW.US,5,20260324,144000,0.1299,0.13,0.1001,0.1001,2202,0
EVLVW.US,5,20260324,152000,0.13,0.13,0.13,0.13,2133,0
EVLVW.US,5,20260324,152500,0.1299,0.132,0.1299,0.13,206764,0
EVLVW.US,5,20260324,153000,0.13,0.13,0.13,0.13,124100,0
EVLVW.US,5,20260324,162500,0.11,0.113,0.11,0.113,2200,0
EVLVW.US,5,20260324,165000,0.0976,0.0976,0.0976,0.0976,1867,0
EVLVW.US,5,20260324,172500,0.111,0.111,0.111,0.111,875,0
EVLVW.US,5,20260324,180500,0.121,0.121,0.121,0.121,100,0
EVLVW.US,5,20260324,191500,0.1067,0.113,0.1001,0.113,3000,0
EVLVW.US,5,20260324,193500,0.1189,0.1189,0.1189,0.1189,100,0
EVLVW.US,5,20260324,194500,0.1179,0.1179,0.1175,0.1175,200,0
EVLVW.US,5,20260324,201000,0.1128,0.1128,0.1128,0.1128,100,0
EVLVW.US,5,20260324,201500,0.1068,0.1111,0.1,0.1111,9984,0
EVLVW.US,5,20260324,203500,0.105,0.105,0.105,0.105,461,0
EVLVW.US,5,20260324,204000,0.1099,0.1099,0.1099,0.1099,100,0
EVLVW.US,5,20260324,204500,0.1099,0.1165,0.1099,0.1165,200,0
EVLVW.US,5,20260324,205500,0.1099,0.1099,0.1099,0.1099,100,0
EVLVW.US,5,20260325,143000,0.108,0.108,0.108,0.108,1000,0
EVLVW.US,5,20260325,144000,0.1048,0.1095,0.1048,0.1095,200,0
EVLVW.US,5,20260325,145000,0.1163,0.13699,0.1095,0.13699,3300,0
EVLVW.US,5,20260325,152500,0.1379,0.1379,0.1379,0.1379,2892,0
EVLVW.US,5,20260325,154500,0.13,0.13,0.13,0.13,200,0
EVLVW.US,5,20260325,161000,0.0933,0.0933,0.0933,0.0933,193,0
EVLVW.US,5,20260325,162500,0.12,0.12,0.12,0.12,1203,0
EVLVW.US,5,20260325,170500,0.1001,0.1001,0.1001,0.1001,270,0
EVLVW.US,5,20260325,201000,0.11,0.11,0.11,0.11,300,0
EVLVW.US,5,20260325,205000,0.11,0.11,0.11,0.11,100,0
EVLVW.US,5,20260326,143000,0.11,0.11,0.1099,0.1099,646,0
EVLVW.US,5,20260326,143500,0.11,0.11,0.1099,0.1099,4266,0
EVLVW.US,5,20260326,144500,0.1199,0.12,0.10755,0.12,11099,0
EVLVW.US,5,20260326,145500,0.1199,0.1199,0.117099,0.1171,500,0
EVLVW.US,5,20260326,150500,0.1002,0.1002,0.1002,0.1002,221,0
EVLVW.US,5,20260326,163000,0.11,0.12,0.11,0.12,2033,0
EVLVW.US,5,20260326,165000,0.1198,0.12,0.1198,0.12,25703,0
EVLVW.US,5,20260326,165500,0.1295,0.1295,0.1295,0.1295,258,0
EVLVW.US,5,20260326,173500,0.1299,0.1299,0.1299,0.1299,119,0
EVLVW.US,5,20260326,183500,0.12,0.12,0.12,0.12,100,0
EVLVW.US,5,20260326,195000,0.129451,0.129451,0.129451,0.129451,100,0
EVLVW.US,5,20260326,195500,0.12,0.12,0.12,0.12,1000,0
EVLVW.US,5,20260326,200000,0.12095,0.12095,0.12095,0.12095,230,0
EVLVW.US,5,20260327,164500,0.098901,0.0991,0.098901,0.0991,20000,0
EVLVW.US,5,20260327,170500,0.1188,0.1188,0.1188,0.1188,100,0
EVLVW.US,5,20260327,175000,0.1001,0.1001,0.099,0.099,3711,0
EVLVW.US,5,20260327,185500,0.099101,0.114349,0.099,0.114349,2300,0
EVLVW.US,5,20260327,195000,0.1115,0.1115,0.1115,0.1115,1000,0
EVLVW.US,5,20260327,201500,0.1135,0.1135,0.1135,0.1135,900,0
EVLVW.US,5,20260330,153000,0.1099,0.1099,0.1099,0.1099,100,0
EVLVW.US,5,20260330,173500,0.1099,0.1099,0.1099,0.1099,100,0
EVLVW.US,5,20260330,174000,0.113,0.113,0.113,0.113,120,0
EVLVW.US,5,20260330,192500,0.1099,0.1099,0.1099,0.1099,5000,0
EVLVW.US,5,20260330,193000,0.109,0.109,0.1089,0.1089,1000,0
EVLVW.US,5,20260330,200000,0.1,0.1,0.1,0.1,1953,0
EVLVW.US,5,20260330,200500,0.1,0.1,0.1,0.1,3292,0
EVLVW.US,5,20260330,201500,0.108,0.108,0.108,0.108,100,0
EVLVW.US,5,20260330,211000,0.1011,0.102,0.101,0.101,1852,0
EVLVW.US,5,20260330,212000,0.102,0.102,0.0985,0.1017,21800,0
EVLVW.US,5,20260330,212500,0.102,0.102,0.099,0.099,3000,0
EVLVW.US,5,20260330,215000,0.098,0.098,0.0882,0.0882,12405,0
EVLVW.US,5,20260330,215500,0.0899,0.115,0.089899,0.115,58282,0
EVLVW.US,5,20260331,154000,0.1099,0.1099,0.1099,0.1099,100,0
EVLVW.US,5,20260331,154500,0.1297,0.1297,0.105,0.124,766,0
EVLVW.US,5,20260331,160000,0.124,0.124,0.124,0.124,100,0
EVLVW.US,5,20260331,190000,0.1214,0.1214,0.1214,0.1214,1470,0
EVLVW.US,5,20260331,195000,0.1269,0.1269,0.1269,0.1269,100,0
EVLVW.US,5,20260331,210500,0.116,0.116,0.116,0.116,4950,0
EVLVW.US,5,20260331,215500,0.1269,0.1269,0.1269,0.1269,100,0
EVLVW.US,5,20260401,154000,0.13,0.13,0.13,0.13,2410,0
EVLVW.US,5,20260401,160000,0.1101,0.1101,0.1053,0.1053,2300,0
EVLVW.US,5,20260401,165500,0.1297,0.1297,0.1297,0.1297,100,0
EVLVW.US,5,20260401,194000,0.1054,0.1054,0.1054,0.1054,400,0
EVLVW.US,5,20260401,203000,0.1174,0.1174,0.1174,0.1174,100,0
EVLVW.US,5,20260402,165500,0.1175,0.1175,0.1175,0.1175,200,0
EVLVW.US,5,20260402,212000,0.1279,0.128,0.1279,0.128,1600,0
EVLVW.US,5,20260402,213500,0.128,0.128,0.128,0.128,100,0
EVLVW.US,5,20260402,215500,0.1183,0.1183,0.1183,0.1183,100,0
EVLVW.US,5,20260406,153500,0.1066,0.116399,0.1066,0.116399,600,0
EVLVW.US,5,20260406,154000,0.1277,0.1277,0.1276,0.1276,200,0
EVLVW.US,5,20260406,171000,0.12,0.12,0.12,0.12,100,0
EVLVW.US,5,20260407,155500,0.1198,0.1198,0.1198,0.1198,100,0
EVLVW.US,5,20260407,184000,0.1199,0.13,0.1199,0.122589,5844,0
EVLVW.US,5,20260407,184500,0.13,0.1376,0.122589,0.1376,10100,0
EVLVW.US,5,20260407,190000,0.1389,0.1389,0.1362,0.1371,8294,0
EVLVW.US,5,20260407,190500,0.1376,0.1377,0.1376,0.1377,400,0
EVLVW.US,5,20260407,194500,0.139,0.139,0.139,0.139,147,0
EVLVW.US,5,20260407,205000,0.1389,0.139,0.1389,0.139,12525,0
EVLVW.US,5,20260408,153000,0.145,0.145,0.145,0.145,1856,0
EVLVW.US,5,20260408,153500,0.14675,0.15,0.146125,0.146125,1074,0
EVLVW.US,5,20260408,161500,0.146,0.1474,0.146,0.1474,200,0
EVLVW.US,5,20260408,164000,0.145,0.147,0.145,0.147,5040,0
EVLVW.US,5,20260408,172500,0.1474,0.15,0.145001,0.1499,9357,0
EVLVW.US,5,20260408,180000,0.1499,0.1499,0.145,0.145,500,0
EVLVW.US,5,20260408,180500,0.145,0.146,0.145,0.146,3280,0
EVLVW.US,5,20260409,181000,0.13055,0.1478,0.128,0.14,20100,0
EVLVW.US,5,20260409,181500,0.14,0.14,0.14,0.14,1597,0
EVLVW.US,5,20260409,195000,0.125499,0.125499,0.125499,0.125499,2500,0
EVLVW.US,5,20260409,200500,0.135,0.135,0.135,0.135,100,0
EVLVW.US,5,20260409,201500,0.119,0.119,0.119,0.119,2600,0
EVLVW.US,5,20260409,202000,0.135,0.135,0.135,0.135,100,0
EVLVW.US,5,20260410,154000,0.1276,0.1276,0.1276,0.1276,109,0
EVLVW.US,5,20260410,155000,0.135,0.135,0.118,0.1256,2038,0
EVLVW.US,5,20260410,155500,0.1248,0.1248,0.1101,0.1101,3337,0
EVLVW.US,5,20260410,171000,0.115,0.115,0.115,0.115,2400,0
EVLVW.US,5,20260410,180500,0.129,0.129,0.129,0.129,100,0
EVLVW.US,5,20260410,210500,0.12,0.12,0.12,0.12,100,0
EVLVW.US,5,20260410,214000,0.117,0.12,0.117,0.117,400,0
EVLVW.US,5,20260413,170500,0.1193,0.1193,0.1193,0.1193,100,0
EVLVW.US,5,20260413,171000,0.1181,0.1181,0.1181,0.1181,100,0
EVLVW.US,5,20260413,173500,0.1277,0.1277,0.1277,0.1277,100,0
EVLVW.US,5,20260413,175000,0.1209,0.13,0.1209,0.13,4200,0
EVLVW.US,5,20260413,184000,0.127049,0.1399,0.127049,0.1399,1600,0
EVLVW.US,5,20260413,185500,0.1399,0.1399,0.1399,0.1399,100,0
EVLVW.US,5,20260413,194500,0.1399,0.1399,0.1399,0.1399,500,0
EVLVW.US,5,20260413,200000,0.1121,0.1121,0.1119,0.1119,500,0
EVLVW.US,5,20260413,213000,0.1301,0.1301,0.1301,0.1301,100,0
EVLVW.US,5,20260413,215000,0.1398,0.14,0.1349,0.14,3800,0
EVLVW.US,5,20260413,215500,0.14,0.1495,0.1399,0.1481,22780,0
EVLVW.US,5,20260414,153000,0.1219,0.1219,0.1219,0.1219,400,0
EVLVW.US,5,20260414,153500,0.1231,0.1496,0.123,0.1496,2214,0
EVLVW.US,5,20260414,164000,0.1496,0.1496,0.131399,0.131399,712,0
EVLVW.US,5,20260414,173000,0.131,0.136375,0.131,0.136375,900,0
EVLVW.US,5,20260414,173500,0.13105,0.148699,0.13105,0.148699,3000,0
EVLVW.US,5,20260414,174000,0.13105,0.1488,0.131,0.1488,15244,0
EVLVW.US,5,20260414,174500,0.1487,0.1488,0.1487,0.14875,25202,0
EVLVW.US,5,20260414,175000,0.1488,0.1496,0.1455,0.1495,105100,0
EVLVW.US,5,20260414,180500,0.1496,0.1496,0.1495,0.1495,2000,0
EVLVW.US,5,20260414,183000,0.1496,0.1496,0.1496,0.1496,100,0
EVLVW.US,5,20260414,190000,0.1496,0.1496,0.1496,0.1496,100,0
EVLVW.US,5,20260415,162500,0.14,0.1499,0.14,0.1499,400,0
EVLVW.US,5,20260415,175000,0.131,0.139,0.13,0.1381,10800,0
EVLVW.US,5,20260415,181500,0.13,0.13,0.13,0.13,100,0
EVLVW.US,5,20260415,183000,0.129,0.1312,0.1276,0.13,2301,0
EVLVW.US,5,20260415,183500,0.1256,0.1256,0.1256,0.1256,103,0
EVLVW.US,5,20260415,190000,0.1256,0.1256,0.1256,0.1256,100,0
EVLVW.US,5,20260415,192500,0.1226,0.1226,0.114,0.122,14679,0
EVLVW.US,5,20260415,194000,0.1255,0.1255,0.1255,0.1255,200,0
EVLVW.US,5,20260415,194500,0.1052,0.1102,0.1,0.1002,11133,0
EVLVW.US,5,20260415,195000,0.1,0.1044,0.09,0.09,17289,0
EVLVW.US,5,20260415,195500,0.09,0.09,0.0701,0.0701,9700,0
EVLVW.US,5,20260415,200000,0.07,0.08,0.0691,0.07,12500,0
EVLVW.US,5,20260415,200500,0.07,0.07,0.0691,0.0691,1100,0
EVLVW.US,5,20260415,203000,0.0825,0.0825,0.0825,0.0825,600,0
EVLVW.US,5,20260415,203500,0.0825,0.0825,0.0825,0.0825,1000,0
EVLVW.US,5,20260415,204500,0.1092,0.12,0.099099,0.119,40800,0
EVLVW.US,5,20260415,205500,0.105,0.1256,0.105,0.1255,17900,0
EVLVW.US,5,20260415,210000,0.1255,0.1256,0.1254,0.1256,6800,0
EVLVW.US,5,20260415,210500,0.1255,0.1297,0.1255,0.1297,54502,0
EVLVW.US,5,20260415,211500,0.1282,0.1295,0.1282,0.1291,569,0
EVLVW.US,5,20260415,213000,0.1272,0.1299,0.119,0.12,10685,0
EVLVW.US,5,20260415,213500,0.1296,0.1371,0.119,0.1371,23059,0
EVLVW.US,5,20260415,214000,0.13,0.1371,0.13,0.1371,400,0
EVLVW.US,5,20260415,214500,0.13,0.1341,0.13,0.1341,1500,0
EVLVW.US,5,20260415,215500,0.1312,0.135899,0.13,0.13,6720,0
EVLVW.US,5,20260416,160500,0.1261,0.1313,0.12,0.12,7200,0
EVLVW.US,5,20260416,182500,0.121,0.121,0.121,0.121,397,0
EVLVW.US,5,20260416,200000,0.128,0.128,0.128,0.128,5000,0
EVLVW.US,5,20260416,201000,0.119,0.119,0.119,0.119,6500,0
EVLVW.US,5,20260416,203000,0.119,0.1261,0.1172,0.126,4100,0
EVLVW.US,5,20260416,203500,0.1261,0.1261,0.12,0.126,7000,0
EVLVW.US,5,20260416,213000,0.1261,0.129,0.1261,0.129,900,0
EVLVW.US,5,20260417,153000,0.136,0.1495,0.136,0.140321,4896,0
EVLVW.US,5,20260417,153500,0.136,0.1495,0.136,0.1494,5802,0
EVLVW.US,5,20260417,154500,0.1413,0.1498,0.1412,0.1412,6599,0
EVLVW.US,5,20260417,160000,0.141249,0.15,0.141249,0.15,30910,0
EVLVW.US,5,20260417,160500,0.1499,0.15,0.145,0.148301,84274,0
EVLVW.US,5,20260417,161000,0.15,0.15,0.148,0.148,140848,0
EVLVW.US,5,20260417,161500,0.15,0.15,0.1484,0.15,47862,0
EVLVW.US,5,20260417,162000,0.1499,0.15,0.1484,0.1499,125700,0
EVLVW.US,5,20260417,162500,0.1499,0.15,0.14932,0.15,61200,0
EVLVW.US,5,20260417,163000,0.15,0.15,0.1499,0.15,58182,0
EVLVW.US,5,20260417,163500,0.15,0.15,0.15,0.15,1315,0
EVLVW.US,5,20260417,164000,0.15,0.15,0.15,0.15,101056,0
EVLVW.US,5,20260417,164500,0.15,0.16,0.1499,0.1599,146280,0
EVLVW.US,5,20260417,165500,0.1463,0.1499,0.1463,0.1499,12500,0
EVLVW.US,5,20260417,170500,0.1427,0.1427,0.1427,0.1427,150,0
EVLVW.US,5,20260417,171500,0.1463,0.15,0.1463,0.1463,7286,0
EVLVW.US,5,20260417,172000,0.1498,0.1588,0.1413,0.1499,43100,0
EVLVW.US,5,20260417,172500,0.15,0.15,0.15,0.15,6064,0
EVLVW.US,5,20260417,180000,0.1499,0.1499,0.1487,0.1487,700,0
EVLVW.US,5,20260417,181000,0.15,0.15,0.15,0.15,100,0
EVLVW.US,5,20260417,184500,0.145,0.145,0.145,0.145,100,0
EVLVW.US,5,20260417,191000,0.1499,0.1499,0.1499,0.1499,100,0
EVLVW.US,5,20260417,193500,0.1498,0.15,0.1498,0.15,10786,0
EVLVW.US,5,20260417,194000,0.1497,0.1499,0.145101,0.147501,5100,0
EVLVW.US,5,20260417,194500,0.1499,0.1499,0.1499,0.1499,300,0
EVLVW.US,5,20260417,200500,0.1495,0.1495,0.1495,0.1495,100,0
EVLVW.US,5,20260417,201000,0.145101,0.15,0.145101,0.1494,6161,0
EVLVW.US,5,20260417,205000,0.145,0.145,0.145,0.145,495,0
EVLVW.US,5,20260417,205500,0.145,0.145,0.145,0.145,500,0
EVLVW.US,5,20260417,213000,0.1488,0.1488,0.1488,0.1488,100,0
EVLVW.US,5,20260417,214500,0.1326,0.1326,0.1301,0.1326,4700,0
EVLVW.US,5,20260417,215000,0.1395,0.14999,0.12,0.1299,47474,0
EVLVW.US,5,20260417,215500,0.12,0.146,0.12,0.146,35000,0
EVLVW.US,5,20260420,153000,0.1203,0.1203,0.1203,0.1203,650,0
EVLVW.US,5,20260420,154500,0.1203,0.1203,0.1203,0.1203,1000,0
EVLVW.US,5,20260420,160500,0.1202,0.1202,0.12,0.12,300,0
EVLVW.US,5,20260420,161000,0.13295,0.13295,0.12,0.1298,1670,0
EVLVW.US,5,20260420,162500,0.1111,0.1162,0.11,0.11,8750,0
EVLVW.US,5,20260420,163000,0.1162,0.132199,0.11,0.11,23000,0
EVLVW.US,5,20260420,163500,0.11495,0.1297,0.11,0.114949,4000,0
EVLVW.US,5,20260420,164500,0.11,0.12979,0.11,0.1174,7500,0
EVLVW.US,5,20260420,165000,0.11,0.1198,0.11,0.11,10354,0
EVLVW.US,5,20260420,165500,0.1174,0.1291,0.11,0.11,1993,0
EVLVW.US,5,20260420,170000,0.1296,0.1296,0.11,0.1226,14885,0
EVLVW.US,5,20260420,170500,0.1145,0.1145,0.11,0.11,7700,0
EVLVW.US,5,20260420,173000,0.1051,0.1145,0.105,0.1145,56105,0
EVLVW.US,5,20260420,173500,0.11,0.1239,0.11,0.1226,43586,0
EVLVW.US,5,20260420,174000,0.1229,0.124,0.1225,0.124,800,0
EVLVW.US,5,20260420,174500,0.1229,0.135,0.1229,0.134,4500,0
EVLVW.US,5,20260420,175000,0.1254,0.1254,0.1254,0.1254,998,0
EVLVW.US,5,20260420,175500,0.1219,0.135,0.1219,0.1318,5724,0
EVLVW.US,5,20260420,181000,0.1299,0.1299,0.1299,0.1299,100,0
EVLVW.US,5,20260420,191500,0.1322,0.1322,0.1322,0.1322,700,0
EVLVW.US,5,20260420,193500,0.122599,0.1299,0.122599,0.1296,9907,0
EVLVW.US,5,20260420,203000,0.1296,0.1296,0.1296,0.1296,100,0
EVLVW.US,5,20260420,211500,0.1152,0.129899,0.1152,0.129899,4800,0
EVLVW.US,5,20260420,213000,0.1226,0.1399,0.121735,0.1399,21550,0
EVLVW.US,5,20260420,213500,0.13471,0.142251,0.1253,0.1253,3599,0
EVLVW.US,5,20260420,214500,0.13755,0.13755,0.13755,0.13755,1100,0
EVLVW.US,5,20260421,153000,0.1398,0.1398,0.1398,0.1398,300,0
EVLVW.US,5,20260421,153500,0.132649,0.1499,0.132649,0.1499,1500,0
EVLVW.US,5,20260421,154500,0.1385,0.1497,0.1385,0.1483,7700,0
EVLVW.US,5,20260421,155000,0.1478,0.1478,0.13365,0.1458,5100,0
EVLVW.US,5,20260421,155500,0.1336,0.1482,0.1336,0.1478,11000,0
EVLVW.US,5,20260421,160500,0.1478,0.1482,0.1338,0.1349,19939,0
EVLVW.US,5,20260421,161000,0.1472,0.1473,0.1462,0.1462,3000,0
EVLVW.US,5,20260421,164500,0.13495,0.13495,0.13495,0.13495,3200,0
EVLVW.US,5,20260421,170000,0.122,0.122,0.122,0.122,2000,0
EVLVW.US,5,20260421,180000,0.1399,0.1399,0.1399,0.1399,1000,0
EVLVW.US,5,20260421,190000,0.13,0.1399,0.13,0.1399,391,0
EVLVW.US,5,20260421,195500,0.14,0.14,0.14,0.14,100,0
EVLVW.US,5,20260421,214000,0.13,0.13,0.13,0.13,1300,0
EVLVW.US,5,20260422,153500,0.14,0.14,0.1384,0.1384,600,0
EVLVW.US,5,20260422,161000,0.1391,0.1391,0.1391,0.1391,100,0
EVLVW.US,5,20260422,192000,0.1313,0.1313,0.1313,0.1313,301,0
EVLVW.US,5,20260422,212000,0.136001,0.136001,0.136001,0.136001,1000,0
EVLVW.US,5,20260422,213500,0.135999,0.14,0.135999,0.14,34375,0
EVLVW.US,5,20260422,214000,0.14,0.14,0.1399,0.1399,100502,0
EVLVW.US,5,20260422,214500,0.1474,0.1498,0.1474,0.148,24700,0
EVLVW.US,5,20260422,215000,0.1489,0.1496,0.145,0.1474,6300,0
EVLVW.US,5,20260423,160500,0.1409,0.1409,0.1409,0.1409,1660,0
EVLVW.US,5,20260423,163000,0.1498,0.1498,0.1498,0.1498,100,0
EVLVW.US,5,20260423,174500,0.1321,0.1321,0.1321,0.1321,1500,0
EVLVW.US,5,20260423,175500,0.1409,0.1409,0.1409,0.1409,100,0
EVLVW.US,5,20260423,215000,0.132,0.132,0.11,0.125,39498,0
EVLVW.US,5,20260423,215500,0.1251,0.1337,0.1143,0.121,66704,0
EVLVW.US,5,20260424,153000,0.1213,0.1213,0.1212,0.1212,1400,0
EVLVW.US,5,20260424,155000,0.1296,0.1296,0.1296,0.1296,100,0
EVLVW.US,5,20260424,160500,0.1255,0.1255,0.1255,0.1255,500,0
EVLVW.US,5,20260424,161000,0.1296,0.1297,0.1263,0.1263,709,0
EVLVW.US,5,20260424,162000,0.1296,0.1296,0.1296,0.1296,400,0
EVLVW.US,5,20260424,163000,0.1296,0.132,0.1296,0.132,17205,0
EVLVW.US,5,20260424,163500,0.136751,0.14,0.1345,0.1394,1500,0
EVLVW.US,5,20260424,172500,0.1389,0.1389,0.1389,0.1389,100,0
EVLVW.US,5,20260424,174500,0.1394,0.1394,0.1306,0.1306,200,0
EVLVW.US,5,20260424,175000,0.1307,0.1307,0.1307,0.1307,500,0
EVLVW.US,5,20260424,175500,0.130649,0.1399,0.130649,0.1399,2043,0
EVLVW.US,5,20260424,181000,0.1214,0.1214,0.1214,0.1214,1043,0
EVLVW.US,5,20260424,185000,0.1306,0.1306,0.1306,0.1306,225,0
EVLVW.US,5,20260424,211500,0.1399,0.1399,0.1399,0.1399,500,0
EVLVW.US,5,20260424,213500,0.1399,0.1399,0.1399,0.1399,100,0
EVLVW.US,5,20260424,214500,0.1398,0.1398,0.134999,0.134999,2000,0
EVLVW.US,5,20260424,215500,0.135001,0.1399,0.13,0.1399,6700,0
EVLVW.US,5,20260427,153000,0.14,0.14,0.14,0.14,6750,0
EVLVW.US,5,20260427,153500,0.14,0.14,0.14,0.14,284,0
EVLVW.US,5,20260427,154500,0.14,0.1449,0.14,0.1449,3496,0
EVLVW.US,5,20260427,172000,0.145,0.1495,0.145,0.149,2637,0
EVLVW.US,5,20260427,204000,0.1451,0.1451,0.1451,0.1451,1362,0
EVLVW.US,5,20260427,210500,0.147,0.147,0.147,0.147,100,0
EVLVW.US,5,20260427,215500,0.145,0.146001,0.145,0.146001,300,0
EVLVW.US,5,20260428,183000,0.121,0.14,0.121,0.14,375,0
EVLVW.US,5,20260428,200500,0.14,0.14,0.14,0.14,200,0
EVLVW.US,5,20260428,211000,0.1399,0.1399,0.1399,0.1399,100,0
EVLVW.US,5,20260429,163500,0.1365,0.1365,0.1365,0.1365,260,0
EVLVW.US,5,20260429,173500,0.1365,0.1365,0.1365,0.1365,1000,0
EVLVW.US,5,20260429,182500,0.1365,0.1365,0.1365,0.1365,500,0
EVLVW.US,5,20260429,184500,0.1475,0.1475,0.1475,0.1475,100,0
EVLVW.US,5,20260429,185500,0.1365,0.1365,0.1365,0.1365,4000,0
EVLVW.US,5,20260429,190500,0.1475,0.1475,0.1475,0.1475,100,0
EVLVW.US,5,20260429,194000,0.143078,0.1475,0.143078,0.1475,200,0
EVLVW.US,5,20260429,200000,0.1479,0.1479,0.1479,0.1479,124,0
EVLVW.US,5,20260429,202000,0.1475,0.1475,0.1475,0.1475,100,0
EVLVW.US,5,20260429,215000,0.1475,0.1475,0.1474,0.1474,2000,0
EVLVW.US,5,20260429,215500,0.1475,0.1475,0.1474,0.1474,2000,0
EVLVW.US,5,20260430,162500,0.14,0.14,0.14,0.14,100,0
EVLVW.US,5,20260430,164500,0.131385,0.131385,0.13,0.13,4036,0
EVLVW.US,5,20260430,165000,0.1386,0.14,0.1386,0.14,300,0
EVLVW.US,5,20260430,170000,0.14,0.14,0.14,0.14,100,0
EVLVW.US,5,20260430,171500,0.14,0.14,0.14,0.14,2000,0
EVLVW.US,5,20260430,172500,0.14,0.14,0.14,0.14,100,0
EVLVW.US,5,20260430,173000,0.14,0.14,0.1399,0.1399,22534,0
EVLVW.US,5,20260430,175500,0.14,0.14,0.14,0.14,1237,0
EVLVW.US,5,20260430,180000,0.14,0.14,0.14,0.14,14429,0
EVLVW.US,5,20260430,180500,0.14,0.1496,0.13995,0.1489,24679,0
EVLVW.US,5,20260430,182500,0.15,0.15,0.15,0.15,100,0
EVLVW.US,5,20260430,183000,0.15,0.15,0.148,0.1481,13113,0
EVLVW.US,5,20260430,184500,0.148681,0.1499,0.148,0.1497,18876,0
EVLVW.US,5,20260430,193000,0.1301,0.15,0.1301,0.15,484,0
EVLVW.US,5,20260430,213000,0.145,0.145,0.145,0.145,100,0
EVLVW.US,5,20260501,155500,0.1475,0.15,0.1475,0.15,1273,0
EVLVW.US,5,20260501,160000,0.15,0.15,0.15,0.15,100,0
EVLVW.US,5,20260501,163000,0.147501,0.147501,0.147501,0.147501,500,0
EVLVW.US,5,20260501,164000,0.145,0.1475,0.145,0.1475,3200,0
EVLVW.US,5,20260501,164500,0.145,0.145,0.145,0.145,400,0
EVLVW.US,5,20260501,165500,0.15,0.15,0.15,0.15,100,0
EVLVW.US,5,20260501,170000,0.15,0.15,0.15,0.15,100,0
EVLVW.US,5,20260501,172000,0.15,0.15,0.15,0.15,100,0
EVLVW.US,5,20260501,172500,0.1451,0.1451,0.1451,0.1451,100,0
EVLVW.US,5,20260501,183500,0.15,0.15,0.15,0.15,100,0
EVLVW.US,5,20260501,184000,0.145,0.145,0.145,0.145,100,0
EVLVW.US,5,20260501,194000,0.1451,0.1451,0.1451,0.1451,2000,0
EVLVW.US,5,20260501,201500,0.146701,0.146701,0.1409,0.1409,4100,0
EVLVW.US,5,20260501,202000,0.15,0.15,0.15,0.15,500,0
EVLVW.US,5,20260501,202500,0.1497,0.1497,0.1497,0.1497,100,0
EVLVW.US,5,20260501,204500,0.1497,0.1497,0.1497,0.1497,200,0
EVLVW.US,5,20260504,153000,0.15,0.15,0.1411,0.1411,800,0
EVLVW.US,5,20260504,155500,0.1411,0.1411,0.1411,0.1411,112,0
EVLVW.US,5,20260504,170000,0.1393,0.1393,0.1393,0.1393,680,0
EVLVW.US,5,20260505,160500,0.1362,0.1362,0.12,0.12,13609,0
EVLVW.US,5,20260505,161000,0.109999,0.12,0.1099,0.12,25582,0
EVLVW.US,5,20260505,162000,0.14642,0.14642,0.14642,0.14642,600,0
EVLVW.US,5,20260505,203000,0.1213,0.1213,0.0959,0.0959,8161,0
EVLVW.US,5,20260505,203500,0.125,0.125,0.125,0.125,100,0
EVLVW.US,5,20260505,205000,0.125,0.125,0.123,0.123,2200,0
EVLVW.US,5,20260505,212000,0.123,0.123,0.123,0.123,800,0
EVLVW.US,5,20260505,215500,0.1315,0.1315,0.1315,0.1315,1000,0
EVLVW.US,5,20260506,155500,0.1399,0.14,0.1399,0.14,1949,0
EVLVW.US,5,20260506,160500,0.143401,0.143401,0.14,0.14,577,0
EVLVW.US,5,20260506,163500,0.13,0.13,0.13,0.13,600,0
EVLVW.US,5,20260506,165000,0.1301,0.1301,0.13,0.13,200,0
EVLVW.US,5,20260506,185000,0.14,0.14,0.14,0.14,200,0
EVLVW.US,5,20260506,215500,0.135,0.135,0.135,0.135,177,0
EVLVW.US,5,20260507,180500,0.125201,0.1499,0.1252,0.1252,11475,0
EVLVW.US,5,20260507,182500,0.1251,0.1252,0.1206,0.1229,64443,0
EVLVW.US,5,20260507,183000,0.1229,0.133,0.1229,0.133,41812,0
EVLVW.US,5,20260507,184500,0.1206,0.1207,0.1196,0.1196,9476,0
EVLVW.US,5,20260507,191500,0.134751,0.134751,0.1201,0.1201,2000,0
EVLVW.US,5,20260507,192500,0.1198,0.1198,0.1198,0.1198,600,0
EVLVW.US,5,20260507,200000,0.135,0.135,0.135,0.135,500,0
EVLVW.US,5,20260507,213000,0.139,0.139,0.139,0.139,248,0
EVLVW.US,5,20260508,171000,0.1499,0.1499,0.1499,0.1499,1589,0
EVLVW.US,5,20260508,174000,0.1389,0.1423,0.1389,0.1423,400,0
EVLVW.US,5,20260508,175000,0.1469,0.1469,0.1469,0.1469,100,0
EVLVW.US,5,20260508,183000,0.134,0.1344,0.1311,0.1311,520,0
EVLVW.US,5,20260508,184000,0.1203,0.12965,0.1203,0.12965,5400,0
EVLVW.US,5,20260508,210500,0.1127,0.1127,0.1127,0.1127,900,0
EVLVW.US,5,20260508,213500,0.12643,0.12643,0.1127,0.1127,600,0
EVLVW.US,5,20260508,215500,0.14,0.14,0.14,0.14,1000,0
EVLVW.US,5,20260511,153500,0.1266,0.1266,0.1266,0.1266,5000,0
EVLVW.US,5,20260511,154000,0.1215,0.1215,0.1215,0.1215,123,0
EVLVW.US,5,20260511,160000,0.1304,0.1304,0.1291,0.1291,623,0
EVLVW.US,5,20260511,161500,0.1395,0.1395,0.1395,0.1395,100,0
EVLVW.US,5,20260511,193500,0.1303,0.1303,0.1303,0.1303,500,0
EVLVW.US,5,20260511,202500,0.13,0.13,0.13,0.13,798,0
EVLVW.US,5,20260511,212000,0.1349,0.1349,0.1349,0.1349,500,0
EVLVW.US,5,20260511,213500,0.1349,0.1349,0.13,0.133367,2404,0
EVLVW.US,5,20260512,153000,0.1016,0.123,0.1016,0.1229,45000,0
EVLVW.US,5,20260512,153500,0.1395,0.1395,0.1395,0.1395,702,0
EVLVW.US,5,20260512,154000,0.1205,0.1205,0.1205,0.1205,600,0
EVLVW.US,5,20260512,202000,0.11,0.13,0.11,0.13,1400,0
EVLVW.US,5,20260512,212500,0.13,0.13,0.1299,0.1299,2000,0
EVLVW.US,5,20260512,215000,0.1297,0.13,0.1297,0.13,519,0
EVLVW.US,5,20260513,153000,0.1202,0.1202,0.1202,0.1202,100,0
EVLVW.US,5,20260513,154000,0.105051,0.105051,0.105051,0.105051,260,0
EVLVW.US,5,20260513,154500,0.0826,0.0834,0.0822,0.0823,14597,0
EVLVW.US,5,20260513,155000,0.082298,0.0823,0.0822,0.0823,18318,0
EVLVW.US,5,20260513,155500,0.0925,0.0925,0.0924,0.0924,564,0
EVLVW.US,5,20260513,160000,0.0824,0.0824,0.0751,0.0785,70617,0
EVLVW.US,5,20260513,161000,0.0727,0.0727,0.0716,0.0716,9904,0
EVLVW.US,5,20260513,161500,0.0715,0.0732,0.07,0.0732,5704,0
EVLVW.US,5,20260513,164000,0.075,0.075,0.065,0.0735,20310,0
EVLVW.US,5,20260513,164500,0.0796,0.0796,0.0796,0.0796,100,0
EVLVW.US,5,20260513,165000,0.0695,0.0747,0.0652,0.0747,20000,0
EVLVW.US,5,20260513,170000,0.0775,0.0797,0.0766,0.0785,17900,0
EVLVW.US,5,20260513,170500,0.0775,0.0775,0.0654,0.0763,13200,0
EVLVW.US,5,20260513,172000,0.0798,0.083,0.0728,0.0732,4161,0
EVLVW.US,5,20260513,172500,0.0732,0.0799,0.0732,0.0799,2200,0
EVLVW.US,5,20260513,175000,0.077899,0.077899,0.0699,0.0699,23738,0
EVLVW.US,5,20260513,175500,0.0725,0.0738,0.0699,0.0713,11900,0
EVLVW.US,5,20260513,182000,0.0744,0.0744,0.072,0.072,4000,0
EVLVW.US,5,20260513,183500,0.0665,0.0692,0.0604,0.0604,15100,0
EVLVW.US,5,20260513,184000,0.0749,0.0749,0.0749,0.0749,100,0
EVLVW.US,5,20260513,185000,0.074899,0.074899,0.074899,0.074899,1000,0
EVLVW.US,5,20260513,190000,0.0749,0.0749,0.0614,0.0716,13800,0
EVLVW.US,5,20260513,190500,0.075,0.0847,0.0714,0.0779,16200,0
EVLVW.US,5,20260513,191000,0.0845,0.0845,0.0845,0.0845,500,0
EVLVW.US,5,20260513,191500,0.0798,0.0798,0.0798,0.0798,100,0
EVLVW.US,5,20260513,192000,0.0911,0.0911,0.0911,0.0911,100,0
EVLVW.US,5,20260513,200000,0.062101,0.0637,0.062101,0.0637,200,0
EVLVW.US,5,20260513,200500,0.065,0.0654,0.062,0.062,50515,0
EVLVW.US,5,20260513,202000,0.062,0.0626,0.06,0.06,10000,0
EVLVW.US,5,20260513,203000,0.0668,0.0776,0.065849,0.065849,19731,0
EVLVW.US,5,20260513,203500,0.071302,0.0832,0.06865,0.0765,4900,0
EVLVW.US,5,20260513,204000,0.0766,0.0785,0.0731,0.0783,17175,0
EVLVW.US,5,20260513,204500,0.0802,0.0802,0.0802,0.0802,100,0
EVLVW.US,5,20260513,210000,0.073,0.073,0.0662,0.073,1000,0
EVLVW.US,5,20260513,211000,0.072,0.0782,0.072,0.076651,10700,0
EVLVW.US,5,20260513,211500,0.073,0.082351,0.073,0.073,2800,0
EVLVW.US,5,20260513,213000,0.074,0.074,0.073,0.073,3986,0
EVLVW.US,5,20260513,214500,0.0765,0.08,0.0765,0.08,2100,0
EVLVW.US,5,20260514,154500,0.073,0.073,0.073,0.073,500,0
EVLVW.US,5,20260514,155000,0.08,0.08,0.08,0.08,100,0
EVLVW.US,5,20260515,153000,0.073,0.0731,0.073,0.0731,12628,0
EVLVW.US,5,20260515,160000,0.073,0.073,0.073,0.073,100,0
EVLVW.US,5,20260515,163000,0.0602,0.0603,0.0602,0.0602,600,0
EVLVW.US,5,20260515,173500,0.0607,0.0607,0.0605,0.0605,4100,0
EVLVW.US,5,20260515,174000,0.0601,0.0601,0.0601,0.0601,300,0
EVLVW.US,5,20260515,174500,0.0505,0.0551,0.0502,0.0518,14000,0
EVLVW.US,5,20260515,175000,0.0502,0.0586,0.0463,0.0499,78512,0
EVLVW.US,5,20260515,175500,0.0499,0.05,0.0499,0.05,40000,0
EVLVW.US,5,20260515,180000,0.0513,0.0513,0.0513,0.0513,3586,0
EVLVW.US,5,20260515,180500,0.05,0.05,0.05,0.05,3900,0
EVLVW.US,5,20260515,181000,0.05,0.0567,0.0492,0.0499,45396,0
EVLVW.US,5,20260515,181500,0.05,0.0591,0.04995,0.05875,41853,0
EVLVW.US,5,20260515,182000,0.0595,0.0596,0.0579,0.0579,1200,0
EVLVW.US,5,20260515,184000,0.05,0.0689,0.0482,0.0621,35800,0
EVLVW.US,5,20260515,202000,0.05325,0.0557,0.0501,0.0557,3500,0
EVLVW.US,5,20260515,205500,0.0533,0.0693,0.0532,0.0693,8263,0
EVLVW.US,5,20260515,210500,0.0595,0.0595,0.0595,0.0595,100,0
EVLVW.US,5,20260515,212000,0.0692,0.0692,0.0692,0.0692,100,0
EVLVW.US,5,20260515,213000,0.0688,0.0688,0.0688,0.0688,100,0
EVLVW.US,5,20260518,191500,0.0551,0.0623,0.0551,0.06,6400,0
EVLVW.US,5,20260518,192000,0.06,0.06,0.06,0.06,100,0
EVLVW.US,5,20260518,195000,0.0504,0.0504,0.0504,0.0504,500,0
EVLVW.US,5,20260518,205000,0.0504,0.0504,0.0504,0.0504,3535,0
EVLVW.US,5,20260518,205500,0.0504,0.0504,0.0504,0.0504,200,0
EVLVW.US,5,20260518,215500,0.0616,0.0616,0.0616,0.0616,100,0
EVLVW.US,5,20260519,165000,0.0503,0.0503,0.0475,0.0503,2300,0
EVLVW.US,5,20260519,165500,0.047,0.047,0.047,0.047,100,0
EVLVW.US,5,20260519,170000,0.047,0.047,0.047,0.047,700,0
EVLVW.US,5,20260519,170500,0.0577,0.0577,0.0577,0.0577,200,0
EVLVW.US,5,20260519,174000,0.0596,0.0599,0.055,0.055,5100,0
EVLVW.US,5,20260519,174500,0.0598,0.0598,0.0598,0.0598,100,0
EVLVW.US,5,20260519,192000,0.0596,0.0599,0.0596,0.05985,2300,0
EVLVW.US,5,20260519,193000,0.0598,0.0598,0.0598,0.0598,300,0
EVLVW.US,5,20260519,204500,0.0596,0.0596,0.0596,0.0596,100,0
EVLVW.US,5,20260519,210500,0.0593,0.0593,0.0589,0.0589,200,0
EVLVW.US,5,20260520,153000,0.05395,0.05395,0.05395,0.05395,200,0
EVLVW.US,5,20260520,160000,0.0578,0.0578,0.0578,0.0578,100,0
EVLVW.US,5,20260520,200500,0.054,0.054,0.054,0.054,158,0
EVLVW.US,5,20260520,201500,0.0539,0.0539,0.0539,0.0539,1038,0
EVLVW.US,5,20260520,203000,0.0539,0.0539,0.0539,0.0539,233,0
EVLVW.US,5,20260520,205000,0.054,0.054,0.054,0.054,100,0
EVLVW.US,5,20260520,205500,0.054,0.054,0.04955,0.04955,800,0
EVLVW.US,5,20260520,215500,0.053999,0.0575,0.0539,0.0574,26082,0
EVLVW.US,5,20260521,153000,0.0567,0.057,0.0567,0.0569,9967,0
EVLVW.US,5,20260521,154000,0.0599,0.0599,0.0599,0.0599,500,0
EVLVW.US,5,20260521,170500,0.0599,0.0649,0.0599,0.0648,3300,0
EVLVW.US,5,20260521,171000,0.05585,0.05585,0.05585,0.05585,1000,0
EVLVW.US,5,20260521,174500,0.0559,0.0559,0.0559,0.0559,100,0
EVLVW.US,5,20260522,160500,0.0565,0.0658,0.0565,0.0658,10572,0
EVLVW.US,5,20260522,161000,0.0684,0.068435,0.0646,0.066451,2301,0
EVLVW.US,5,20260522,161500,0.0665,0.0698,0.0665,0.0698,20900,0
EVLVW.US,5,20260522,162000,0.0699,0.07,0.0699,0.07,500,0
EVLVW.US,5,20260522,162500,0.07,0.07,0.07,0.07,100,0
EVLVW.US,5,20260522,163500,0.0699,0.079899,0.0699,0.0757,5000,0
EVLVW.US,5,20260522,164000,0.08,0.08,0.08,0.08,141,0
EVLVW.US,5,20260522,164500,0.0798,0.0798,0.0798,0.0798,100,0
EVLVW.US,5,20260522,165000,0.0798,0.0798,0.0798,0.0798,217,0
EVLVW.US,5,20260522,165500,0.0755,0.0755,0.0755,0.0755,217,0
EVLVW.US,5,20260522,170000,0.0798,0.0798,0.077701,0.077701,1579,0
EVLVW.US,5,20260522,170500,0.0755,0.0799,0.0755,0.07885,7192,0
EVLVW.US,5,20260522,173500,0.0799,0.08,0.0799,0.079905,2016,0
EVLVW.US,5,20260522,184000,0.0799,0.08,0.0799,0.08,600,0
EVLVW.US,5,20260522,184500,0.0799,0.0799,0.0799,0.0799,400,0
EVLVW.US,5,20260522,191000,0.0777,0.0798,0.0777,0.0798,4934,0
EVLVW.US,5,20260522,194000,0.08,0.08,0.08,0.08,300,0
EVLVW.US,5,20260522,201000,0.0799,0.0799,0.0799,0.0799,200,0
EVLVW.US,5,20260522,204000,0.0799,0.0799,0.0799,0.0799,100,0
EVLVW.US,5,20260522,215500,0.0799,0.0799,0.0799,0.0799,100,0
EVLVW.US,5,20260526,153000,0.077,0.077,0.077,0.077,250,0
EVLVW.US,5,20260526,154000,0.0739,0.0799,0.0739,0.0799,3234,0
EVLVW.US,5,20260526,155500,0.0799,0.0799,0.0799,0.0799,100,0
EVLVW.US,5,20260526,160000,0.075,0.095,0.075,0.095,4768,0
EVLVW.US,5,20260526,160500,0.0998,0.12,0.099,0.12,10917,0
EVLVW.US,5,20260526,161000,0.094,0.094,0.083,0.083,6917,0
EVLVW.US,5,20260526,162000,0.1005,0.1005,0.09101,0.09101,1589,0
EVLVW.US,5,20260526,163000,0.1005,0.1005,0.1005,0.1005,500,0
EVLVW.US,5,20260526,165000,0.0925,0.0925,0.0911,0.0911,400,0
EVLVW.US,5,20260526,184000,0.0801,0.0801,0.08,0.08,1489,0
EVLVW.US,5,20260526,200500,0.0801,0.0802,0.0801,0.0802,1800,0
EVLVW.US,5,20260526,201000,0.08,0.08,0.08,0.08,1295,0
EVLVW.US,5,20260526,202500,0.071,0.071,0.071,0.071,2000,0
EVLVW.US,5,20260526,203000,0.07,0.0786,0.0649,0.0713,515344,0
EVLVW.US,5,20260526,203500,0.0718,0.0718,0.0713,0.0713,11700,0
EVLVW.US,5,20260526,210000,0.0713,0.0713,0.0713,0.0713,2000,0
EVLVW.US,5,20260526,212500,0.0713,0.0713,0.0713,0.0713,100,0
EVLVW.US,5,20260526,213000,0.0713,0.0713,0.0713,0.0713,300,0
EVLVW.US,5,20260526,215000,0.0711,0.077,0.06985,0.077,17771,0
EVLVW.US,5,20260526,215500,0.08,0.08,0.08,0.08,1100,0
EVLVW.US,5,20260527,153000,0.0703,0.0703,0.0652,0.0652,4999,0
EVLVW.US,5,20260527,163500,0.0652,0.0652,0.0652,0.0652,100,0
EVLVW.US,5,20260527,173500,0.0795,0.0795,0.0795,0.0795,500,0
EVLVW.US,5,20260527,174000,0.0726,0.0726,0.0726,0.0726,100,0
EVLVW.US,5,20260527,183500,0.0777,0.0777,0.075,0.075,8300,0
EVLVW.US,5,20260527,193500,0.0701,0.0701,0.0701,0.0701,1100,0
EVLVW.US,5,20260527,194000,0.0652,0.0652,0.0652,0.0652,1000,0
EVLVW.US,5,20260527,213000,0.0652,0.0652,0.0652,0.0652,100,0
EVLVW.US,5,20260528,170000,0.0746,0.0746,0.0746,0.0746,5100,0
EVLVW.US,5,20260528,173500,0.0697,0.0697,0.063,0.063,6202,0
EVLVW.US,5,20260528,182500,0.074,0.074,0.074,0.074,100,0
EVLVW.US,5,20260528,184000,0.0733,0.0746,0.0733,0.0745,4567,0
EVLVW.US,5,20260528,185000,0.0733,0.0733,0.0733,0.0733,100,0
EVLVW.US,5,20260528,193500,0.0733,0.0795,0.06895,0.0782,37508,0
EVLVW.US,5,20260528,195500,0.0782,0.0782,0.0782,0.0782,100,0
EVLVW.US,5,20260528,201000,0.0775,0.0782,0.0775,0.0782,1300,0
EVLVW.US,5,20260528,201500,0.077501,0.077501,0.075,0.075,9851,0
EVLVW.US,5,20260528,202500,0.0746,0.079899,0.0742,0.079899,2400,0
EVLVW.US,5,20260529,161000,0.064,0.0654,0.064,0.0653,3400,0
EVLVW.US,5,20260529,164500,0.0654,0.0654,0.064,0.0653,5189,0
EVLVW.US,5,20260529,173000,0.0653,0.0653,0.0601,0.0601,4557,0
EVLVW.US,5,20260529,173500,0.0637,0.0637,0.0601,0.0624,27927,0
EVLVW.US,5,20260529,174000,0.0621,0.0632,0.0618,0.0632,26951,0
EVLVW.US,5,20260529,174500,0.0637,0.0637,0.0637,0.0637,950,0
EVLVW.US,5,20260529,175000,0.0637,0.0637,0.0637,0.0637,10826,0
EVLVW.US,5,20260529,175500,0.0637,0.0638,0.0628,0.0632,31610,0
EVLVW.US,5,20260529,180000,0.0632,0.0632,0.0632,0.0632,204,0
EVLVW.US,5,20260529,180500,0.0632,0.0638,0.06315,0.0638,18798,0
EVLVW.US,5,20260529,181000,0.0638,0.0638,0.0633,0.0633,11025,0
EVLVW.US,5,20260529,181500,0.0633,0.0633,0.0633,0.0633,100,0
EVLVW.US,5,20260529,182000,0.0633,0.0633,0.06,0.06,3300,0
EVLVW.US,5,20260529,183000,0.0545,0.0545,0.0484,0.0484,5769,0
EVLVW.US,5,20260529,184500,0.055,0.055,0.0549,0.0549,4000,0
EVLVW.US,5,20260529,190000,0.055,0.055,0.055,0.055,3000,0
EVLVW.US,5,20260529,191500,0.055,0.055,0.055,0.055,100,0
EVLVW.US,5,20260529,192500,0.055,0.055,0.0549,0.055,25000,0
EVLVW.US,5,20260529,193000,0.05499,0.0592,0.0549,0.0592,32214,0
EVLVW.US,5,20260529,194000,0.05915,0.0629,0.05915,0.060478,1400,0
EVLVW.US,5,20260529,194500,0.0633,0.064,0.0629,0.064,36886,0
EVLVW.US,5,20260529,203500,0.06395,0.064,0.062951,0.062951,1300,0
EVLVW.US,5,20260529,204000,0.063,0.064,0.062951,0.064,1114,0
EVLVW.US,5,20260529,204500,0.0639,0.063935,0.0619,0.0635,1000,0
EVLVW.US,5,20260529,205000,0.064,0.064,0.064,0.064,1478,0
EVLVW.US,5,20260601,155000,0.0571,0.0639,0.0571,0.05914,5500,0
EVLVW.US,5,20260601,160000,0.059,0.0591,0.059,0.0591,6897,0
EVLVW.US,5,20260601,161000,0.059,0.0639,0.059,0.0639,1872,0
EVLVW.US,5,20260601,162500,0.0638,0.0638,0.0638,0.0638,400,0
EVLVW.US,5,20260601,202000,0.0638,0.0638,0.0638,0.0638,900,0
EVLVW.US,5,20260601,211500,0.0637,0.0769,0.0594,0.0769,10500,0
EVLVW.US,5,20260601,212000,0.08999,0.08999,0.08999,0.08999,1000,0
EVLVW.US,5,20260601,214000,0.0652,0.0898,0.0638,0.0769,15970,0
EVLVW.US,5,20260601,214500,0.07695,0.0898,0.07695,0.0898,3000,0
EVLVW.US,5,20260601,215500,0.075,0.075,0.0745,0.075,29500,0
EVLVW.US,5,20260602,153500,0.0677,0.075,0.0677,0.075,5400,0
EVLVW.US,5,20260602,154000,0.0677,0.075,0.0677,0.0749,27000,0
EVLVW.US,5,20260602,154500,0.0749,0.0886,0.069599,0.0886,4400,0
EVLVW.US,5,20260602,160000,0.0823,0.0823,0.0823,0.0823,100,0
EVLVW.US,5,20260602,170000,0.0798,0.0799,0.076174,0.0798,10464,0
EVLVW.US,5,20260602,170500,0.0899,0.0899,0.0799,0.0837,11361,0
EVLVW.US,5,20260602,181500,0.0799,0.0799,0.0799,0.0799,2500,0
EVLVW.US,5,20260602,185000,0.0798,0.08485,0.0798,0.08485,200,0
EVLVW.US,5,20260602,185500,0.0798,0.0798,0.0798,0.0798,739,0
EVLVW.US,5,20260602,211500,0.08,0.08,0.08,0.08,639,0
EVLVW.US,5,20260602,213500,0.089,0.089,0.089,0.089,100,0
EVLVW.US,5,20260603,153000,0.0883,0.0883,0.0883,0.0883,159,0
EVLVW.US,5,20260603,154500,0.08,0.0882,0.08,0.0882,4906,0
EVLVW.US,5,20260603,161000,0.0882,0.0998,0.0882,0.0998,7497,0
EVLVW.US,5,20260603,161500,0.1113,0.1198,0.1088,0.1198,20199,0
EVLVW.US,5,20260603,162000,0.1104,0.115,0.09,0.094501,3614,0
EVLVW.US,5,20260603,163000,0.095,0.095,0.095,0.095,900,0
EVLVW.US,5,20260603,163500,0.0958,0.0966,0.095,0.0951,516,0
EVLVW.US,5,20260603,164000,0.0966,0.0966,0.0966,0.0966,500,0
EVLVW.US,5,20260603,170500,0.095,0.0966,0.095,0.0966,600,0
EVLVW.US,5,20260603,171500,0.0951,0.104,0.095,0.1025,7900,0
EVLVW.US,5,20260603,175000,0.11,0.11,0.11,0.11,100,0
EVLVW.US,5,20260603,190500,0.11,0.11,0.11,0.11,1700,0
EVLVW.US,5,20260603,194000,0.096,0.0961,0.096,0.0961,4000,0
EVLVW.US,5,20260603,213500,0.104,0.1091,0.1009,0.1091,1945,0
EVLVW.US,5,20260603,215000,0.1095,0.11,0.1095,0.11,3900,0
EVLVW.US,5,20260603,215500,0.1017,0.1017,0.1017,0.1017,900,0
EVLVW.US,5,20260604,165000,0.1,0.11,0.0999,0.1099,61427,0
EVLVW.US,5,20260604,165500,0.11,0.12,0.1099,0.12,49578,0
EVLVW.US,5,20260604,170000,0.1225,0.1487,0.12,0.1483,24823,0
EVLVW.US,5,20260604,170500,0.1475,0.1475,0.1475,0.1475,532,0
EVLVW.US,5,20260604,171000,0.145,0.145,0.1275,0.1275,2296,0
EVLVW.US,5,20260604,171500,0.13,0.1352,0.13,0.1352,1646,0
EVLVW.US,5,20260604,172000,0.1242,0.1251,0.123,0.123,40150,0
EVLVW.US,5,20260604,172500,0.123,0.133,0.123,0.1283,62171,0
EVLVW.US,5,20260604,173000,0.1325,0.1375,0.109,0.109,118347,0
EVLVW.US,5,20260604,173500,0.105,0.14,0.1,0.11,79531,0
EVLVW.US,5,20260604,174000,0.105,0.13,0.105,0.1251,26276,0
EVLVW.US,5,20260604,174500,0.123,0.1275,0.121,0.1249,10800,0
EVLVW.US,5,20260604,175000,0.1297,0.13,0.124,0.1248,110600,0
EVLVW.US,5,20260604,175500,0.125,0.125,0.121,0.121,33800,0
EVLVW.US,5,20260604,180000,0.12,0.13,0.12,0.1281,55594,0
EVLVW.US,5,20260604,180500,0.1288,0.1299,0.1235,0.1235,6800,0
EVLVW.US,5,20260604,182000,0.1178,0.1294,0.1178,0.128,11000,0
EVLVW.US,5,20260604,183000,0.1126,0.1126,0.1005,0.1005,10000,0
EVLVW.US,5,20260604,183500,0.106,0.12,0.088,0.0899,52305,0
EVLVW.US,5,20260604,184000,0.09,0.09,0.09,0.09,1000,0
EVLVW.US,5,20260604,184500,0.0899,0.0899,0.0899,0.0899,500,0
EVLVW.US,5,20260604,185500,0.088,0.088,0.088,0.088,500,0
EVLVW.US,5,20260604,195000,0.0934,0.0934,0.088,0.09,6605,0
EVLVW.US,5,20260604,200500,0.0821,0.0858,0.08,0.0835,38055,0
EVLVW.US,5,20260604,202000,0.0801,0.0801,0.0801,0.0801,4900,0
EVLVW.US,5,20260604,204000,0.079,0.079,0.079,0.079,2000,0
EVLVW.US,5,20260604,204500,0.08865,0.0943,0.079,0.0943,8000,0
EVLVW.US,5,20260604,213500,0.0845,0.0846,0.0845,0.0846,4767,0
EVLVW.US,5,20260604,214000,0.09,0.09,0.0842,0.0846,500,0
EVLVW.US,5,20260604,214500,0.08,0.08,0.08,0.08,900,0
EVLVW.US,5,20260608,162000,0.08,0.08,0.08,0.08,1000,0
EVLVW.US,5,20260608,194000,0.0853,0.0853,0.0853,0.0853,300,0
EVLVW.US,5,20260609,153500,0.075,0.08425,0.075,0.075,1400,0
EVLVW.US,5,20260609,160000,0.071101,0.071101,0.071101,0.071101,200,0
EVLVW.US,5,20260609,163500,0.071,0.071,0.066,0.066,2600,0
EVLVW.US,5,20260609,191500,0.0611,0.0611,0.061,0.061,3200,0
EVLVW.US,5,20260609,201500,0.0663,0.0663,0.0663,0.0663,300,0
EVLVW.US,5,20260609,202000,0.055,0.0663,0.055,0.0663,200,0
EVLVW.US,5,20260610,153500,0.0511,0.0511,0.05,0.05,4000,0
EVLVW.US,5,20260610,170000,0.0501,0.0501,0.0501,0.0501,664,0
EVLVW.US,5,20260610,185000,0.055,0.055,0.055,0.055,5000,0
EVLVW.US,5,20260611,211000,0.0452,0.0452,0.0401,0.0401,25815,0
EVLVW.US,5,20260611,212000,0.0408,0.0408,0.0351,0.0351,2900,0
EVLVW.US,5,20260611,212500,0.0326,0.0326,0.0275,0.0302,3500,0
EVLVW.US,5,20260611,215000,0.0302,0.0302,0.0302,0.0302,475,0
EVLVW.US,5,20260611,215500,0.0302,0.0302,0.0302,0.0302,130,0
EVLVW.US,5,20260612,155500,0.0415,0.0415,0.04,0.04,5270,0
EVLVW.US,5,20260612,162500,0.0341,0.0341,0.0341,0.0341,4226,0
EVLVW.US,5,20260612,163000,0.034,0.034,0.034,0.034,1000,0
EVLVW.US,5,20260612,163500,0.0312,0.0312,0.0312,0.0312,108,0
EVLVW.US,5,20260612,164500,0.0312,0.0333,0.0311,0.0333,2092,0
EVLVW.US,5,20260612,181000,0.0366,0.0366,0.0366,0.0366,390,0
EVLVW.US,5,20260612,190500,0.038,0.038,0.038,0.038,2000,0
EVLVW.US,5,20260612,193500,0.0255,0.0255,0.0255,0.0255,1700,0
EVLVW.US,5,20260612,211000,0.0255,0.0329,0.0245,0.0245,15300,0
EVLVW.US,5,20260612,211500,0.0245,0.0245,0.0239,0.0239,2300,0
EVLVW.US,5,20260612,212000,0.0225,0.0225,0.0225,0.0225,900,0
EVLVW.US,5,20260612,212500,0.0225,0.0225,0.0225,0.0225,1000,0
EVLVW.US,5,20260612,215500,0.0225,0.0225,0.015,0.015,34300,0
EVLVW.US,5,20260615,154000,0.0253,0.0297,0.0253,0.0297,1856,0
EVLVW.US,5,20260615,154500,0.0297,0.0297,0.0296,0.0296,1152,0
EVLVW.US,5,20260615,155000,0.0269,0.0297,0.0223,0.0297,1687,0
EVLVW.US,5,20260615,155500,0.0298,0.0298,0.0298,0.0298,209,0
EVLVW.US,5,20260615,160000,0.0298,0.0307,0.0298,0.0307,402,0
EVLVW.US,5,20260615,160500,0.0298,0.0317,0.0278,0.0308,16193,0
EVLVW.US,5,20260615,161000,0.0309,0.0313,0.0279,0.0304,8885,0
EVLVW.US,5,20260615,161500,0.03,0.03,0.03,0.03,250,0
EVLVW.US,5,20260615,162500,0.0298,0.0298,0.0279,0.0279,582,0
EVLVW.US,5,20260615,163000,0.0298,0.0298,0.0278,0.0278,1494,0
EVLVW.US,5,20260615,163500,0.0297,0.0297,0.0288,0.0288,200,0
EVLVW.US,5,20260615,165500,0.0288,0.0288,0.0277,0.0288,2699,0
EVLVW.US,5,20260615,170000,0.0302,0.0302,0.03,0.03,417,0
EVLVW.US,5,20260615,172500,0.03,0.03,0.03,0.03,104,0
EVLVW.US,5,20260615,180500,0.0288,0.0288,0.0288,0.0288,244,0
EVLVW.US,5,20260615,181000,0.0288,0.0288,0.0288,0.0288,357,0
EVLVW.US,5,20260615,184000,0.0288,0.0288,0.0288,0.0288,100,0
EVLVW.US,5,20260615,190500,0.0288,0.0302,0.0239,0.027,5658,0
EVLVW.US,5,20260615,192000,0.0269,0.0269,0.0269,0.0269,1000,0
EVLVW.US,5,20260615,201000,0.0225,0.0225,0.0225,0.0225,250,0
EVLVW.US,5,20260615,202500,0.023,0.023,0.023,0.023,2500,0
EVLVW.US,5,20260616,154000,0.0161,0.0161,0.0161,0.0161,440,0
EVLVW.US,5,20260616,154500,0.023,0.023,0.023,0.023,1200,0
EVLVW.US,5,20260616,155000,0.023,0.023,0.023,0.023,300,0
EVLVW.US,5,20260616,160500,0.023,0.023,0.01955,0.023,5000,0
EVLVW.US,5,20260616,163500,0.023,0.023,0.0161,0.0161,5800,0
EVLVW.US,5,20260616,164000,0.023,0.023,0.023,0.023,2000,0
EVLVW.US,5,20260616,165500,0.023,0.0246,0.0173,0.0173,4200,0
EVLVW.US,5,20260616,171000,0.0174,0.02215,0.0174,0.0213,6000,0
EVLVW.US,5,20260616,175500,0.021,0.021,0.021,0.021,3100,0
EVLVW.US,5,20260616,180000,0.024,0.024,0.024,0.024,500,0
EVLVW.US,5,20260616,194500,0.0268,0.0268,0.0268,0.0268,200,0
EVLVW.US,5,20260616,204000,0.0268,0.0268,0.0268,0.0268,100,0
EVLVW.US,5,20260616,205500,0.0268,0.0268,0.0268,0.0268,2400,0
EVLVW.US,5,20260617,153500,0.0225,0.0225,0.0225,0.0225,100,0
EVLVW.US,5,20260617,180000,0.021551,0.021551,0.021551,0.021551,1000,0
EVLVW.US,5,20260617,201500,0.0181,0.0181,0.0175,0.0175,1500,0
EVLVW.US,5,20260617,204500,0.0175,0.0175,0.0175,0.0175,900,0
EVLVW.US,5,20260618,155000,0.0175,0.0175,0.0175,0.0175,1901,0
EVLVW.US,5,20260618,161000,0.0175,0.0175,0.0175,0.0175,200,0
EVLVW.US,5,20260618,180500,0.0175,0.0175,0.0175,0.0175,10000,0
EVLVW.US,5,20260618,182000,0.0222,0.0222,0.0222,0.0222,1000,0
EVLVW.US,5,20260618,190000,0.0201,0.0201,0.0201,0.0201,200,0
EVLVW.US,5,20260618,190500,0.0203,0.0203,0.02,0.0203,1839,0
EVLVW.US,5,20260618,204500,0.0203,0.0203,0.0203,0.0203,200,0
EVLVW.US,5,20260618,205500,0.02,0.02,0.02,0.02,800,0
EVLVW.US,5,20260618,213000,0.02001,0.02001,0.02001,0.02001,250,0
EVLVW.US,5,20260618,214500,0.02,0.0268,0.0175,0.0268,3561,0
EVLVW.US,5,20260622,153000,0.0268,0.0268,0.0268,0.0268,101,0
EVLVW.US,5,20260622,173000,0.0249,0.0249,0.0249,0.0249,200,0
EVLVW.US,5,20260622,180000,0.0175,0.0175,0.0175,0.0175,10000,0
EVLVW.US,5,20260622,183000,0.0175,0.0175,0.0175,0.0175,5000,0
EVLVW.US,5,20260622,185500,0.0175,0.0175,0.0175,0.0175,100,0
