<TICKER>,<PER>,<DATE>,<TIME>,<OPEN>,<HIGH>,<LOW>,<CLOSE>,<VOL>,<OPENINT>
EVOXU.US,5,20260129,195000,10.2,10.2,10.2,10.2,10500,0
EVOXU.US,5,20260129,195500,10.23,10.23,10.23,10.23,500,0
EVOXU.US,5,20260129,201500,10.25,10.25,10.2,10.25,36009,0
EVOXU.US,5,20260129,211500,10.27,10.27,10.27,10.27,100,0
EVOXU.US,5,20260129,214500,10.25,10.25,10.2,10.25,6900,0
EVOXU.US,5,20260129,215000,10.22,10.25,10.21,10.21,9800,0
EVOXU.US,5,20260130,163500,10.26,10.26,10.26,10.26,400,0
EVOXU.US,5,20260130,170000,10.26,10.2601,10.26,10.2601,200,0
EVOXU.US,5,20260130,170500,10.26,10.2601,10.26,10.2601,626,0
EVOXU.US,5,20260130,172000,10.26,10.28,10.2,10.28,13329,0
EVOXU.US,5,20260130,201000,10.28,10.28,10.28,10.28,300,0
EVOXU.US,5,20260130,205500,10.28,10.28,10.28,10.28,100,0
EVOXU.US,5,20260130,211000,10.3,10.3,10.3,10.3,500,0
EVOXU.US,5,20260130,215000,10.3,10.3,10.28,10.28,7232,0
EVOXU.US,5,20260130,215500,10.28,10.28,10.28,10.28,100,0
EVOXU.US,5,20260202,193000,10.3,10.3,10.16,10.16,12100,0
EVOXU.US,5,20260202,201500,10.21,10.21,10.21,10.21,300,0
EVOXU.US,5,20260202,212000,10.2599,10.26,10.215,10.24,500,0
EVOXU.US,5,20260202,213500,10.2599,10.26,10.2383,10.26,1900,0
EVOXU.US,5,20260203,153000,10.23,10.23,10.23,10.23,250,0
EVOXU.US,5,20260206,194500,10.2499,10.25,10.2361,10.2459,1500,0
EVOXU.US,5,20260209,153000,10.21,10.21,10.21,10.21,100,0
EVOXU.US,5,20260209,153500,10.2492,10.2492,10.2344,10.2344,500,0
EVOXU.US,5,20260209,155500,10.25,10.25,10.2032,10.2032,500,0
EVOXU.US,5,20260209,170500,10.25,10.25,10.25,10.25,100,0
EVOXU.US,5,20260210,153500,10.258,10.258,10.258,10.258,100,0
EVOXU.US,5,20260210,154500,10.25,10.25,10.2499,10.25,600,0
EVOXU.US,5,20260210,155000,10.25,10.25,10.2495,10.2495,446,0
EVOXU.US,5,20260210,165000,10.25,10.25,10.23,10.23,897,0
EVOXU.US,5,20260210,184500,10.24,10.24,10.23,10.23,200,0
EVOXU.US,5,20260210,195500,10.2631,10.28,10.25,10.25,5500,0
EVOXU.US,5,20260210,200000,10.2549,10.2631,10.25,10.25,2000,0
EVOXU.US,5,20260211,175500,10.23,10.25,10.23,10.23,1000,0
EVOXU.US,5,20260211,180000,10.23,10.2373,10.23,10.2373,300,0
EVOXU.US,5,20260211,181500,10.23,10.2373,10.23,10.23,500,0
EVOXU.US,5,20260211,182000,10.2373,10.2373,10.23,10.23,500,0
EVOXU.US,5,20260211,183000,10.246,10.246,10.23,10.2373,500,0
EVOXU.US,5,20260211,185000,10.23,10.2369,10.23,10.2367,2912,0
EVOXU.US,5,20260213,154000,10.23,10.23,10.23,10.23,1000,0
EVOXU.US,5,20260213,190000,10.26,10.26,10.26,10.26,49532,0
EVOXU.US,5,20260213,211000,10.23,10.23,10.23,10.23,100,0
EVOXU.US,5,20260213,212500,10.26,10.26,10.26,10.26,50000,0
EVOXU.US,5,20260218,191500,10.23,10.23,10.23,10.23,2000,0
EVOXU.US,5,20260223,165000,10.23,10.2301,10.23,10.2301,840,0
EVOXU.US,5,20260223,173500,10.23,10.2436,10.23,10.2436,600,0
EVOXU.US,5,20260223,174500,10.23,10.2301,10.23,10.2301,600,0
EVOXU.US,5,20260224,200000,10.23,10.23,10.2,10.2,1498,0
EVOXU.US,5,20260227,172500,10.18,10.18,10.18,10.18,692,0
EVOXU.US,5,20260303,215500,10.18,10.18,10.18,10.18,100,0
EVOXU.US,5,20260305,211500,10.16,10.16,10.16,10.16,1500,0
EVOXU.US,5,20260306,182000,10.2,10.2,10.17,10.18,500,0
EVOXU.US,5,20260317,145500,10.27,10.27,10.27,10.27,100,0
EVOXU.US,5,20260319,195000,10.235,10.235,10.235,10.235,400,0
EVOXU.US,5,20260324,203500,10.225,10.225,10.225,10.225,216,0
EVOXU.US,5,20260325,175500,10.24,10.24,10.24,10.24,100,0
EVOXU.US,5,20260326,173000,10.235,10.24,10.19,10.24,1000,0
EVOXU.US,5,20260326,174000,10.19,10.24,10.18,10.24,566,0
EVOXU.US,5,20260326,175000,10.24,10.24,10.24,10.24,100,0
EVOXU.US,5,20260326,175500,10.18,10.1868,10.18,10.1868,1582,0
EVOXU.US,5,20260326,180500,10.2,10.2,10.2,10.2,100,0
EVOXU.US,5,20260326,203500,10.18,10.18,10.18,10.18,1000,0
EVOXU.US,5,20260327,160000,10.18,10.18,10.18,10.18,2000,0
EVOXU.US,5,20260327,162000,10.2,10.2,10.2,10.2,100,0
EVOXU.US,5,20260402,155000,10.14,10.14,10.14,10.14,200,0
EVOXU.US,5,20260402,165000,10.14,10.14,10.14,10.14,200,0
EVOXU.US,5,20260402,175000,10.14,10.14,10.14,10.14,200,0
EVOXU.US,5,20260402,215500,10.135,10.135,10.135,10.135,750,0
EVOXU.US,5,20260416,213000,10.18,10.18,10.1599,10.18,2175,0
EVOXU.US,5,20260417,194500,10.1699,10.17,10.1699,10.17,700,0
EVOXU.US,5,20260424,155000,10.175,10.175,10.175,10.175,1000,0
EVOXU.US,5,20260429,202000,10.18,10.18,10.18,10.18,492,0
EVOXU.US,5,20260429,205500,10.17,10.1701,10.17,10.1701,700,0
EVOXU.US,5,20260430,180000,10.1887,10.19,10.1887,10.19,1600,0
EVOXU.US,5,20260504,204500,10.1885,10.19,10.18,10.1885,1000,0
EVOXU.US,5,20260505,154000,10.19,10.19,10.1899,10.19,500,0
EVOXU.US,5,20260505,154500,10.19,10.19,10.1899,10.1899,200,0
EVOXU.US,5,20260505,165000,10.18,10.18,10.18,10.18,500,0
EVOXU.US,5,20260505,192500,10.17,10.17,10.17,10.17,331,0
EVOXU.US,5,20260505,210000,10.17,10.17,10.17,10.17,4769,0
EVOXU.US,5,20260505,211000,10.16,10.16,10.16,10.16,5431,0
EVOXU.US,5,20260506,190000,10.15,10.15,10.1499,10.15,1000,0
EVOXU.US,5,20260507,213500,10.17,10.17,10.17,10.17,600,0
EVOXU.US,5,20260511,175000,10.19,10.19,10.18,10.1885,1000,0
EVOXU.US,5,20260512,171500,10.1607,10.1607,10.16,10.16,5300,0
EVOXU.US,5,20260512,172500,10.166,10.166,10.16,10.16,5300,0
EVOXU.US,5,20260512,183000,10.19,10.19,10.19,10.19,100,0
EVOXU.US,5,20260513,194000,10.15,10.15,10.15,10.15,200,0
EVOXU.US,5,20260514,174500,10.15,10.16,10.15,10.16,300,0
EVOXU.US,5,20260518,213500,10.17,10.17,10.1634,10.17,1901,0
EVOXU.US,5,20260527,195000,10.19,10.19,10.19,10.19,100,0
EVOXU.US,5,20260527,213500,10.17,10.17,10.17,10.17,5200,0
EVOXU.US,5,20260528,162000,10.19,10.19,10.1886,10.19,1400,0
EVOXU.US,5,20260528,183000,10.1893,10.19,10.1893,10.19,825,0
EVOXU.US,5,20260529,195500,10.1732,10.19,10.17,10.19,850,0
EVOXU.US,5,20260605,161500,10.19,10.19,10.19,10.19,600,0
EVOXU.US,5,20260605,212000,10.18,10.18,10.18,10.18,500,0
EVOXU.US,5,20260605,213000,10.18,10.19,10.18,10.19,4500,0
EVOXU.US,5,20260608,175500,10.1883,10.19,10.1883,10.19,700,0
EVOXU.US,5,20260608,180000,10.2,10.2,10.185,10.2,2100,0
EVOXU.US,5,20260608,191000,10.2,10.2,10.2,10.2,100,0
EVOXU.US,5,20260608,210500,10.21,10.21,10.21,10.21,200,0
EVOXU.US,5,20260609,215500,10.26,10.26,10.26,10.26,100,0
EVOXU.US,5,20260610,213000,10.2,10.2,10.2,10.2,100,0
EVOXU.US,5,20260611,160500,10.2,10.2,10.19,10.19,200,0
EVOXU.US,5,20260611,180500,10.2,10.2,10.2,10.2,100,0
EVOXU.US,5,20260611,192000,10.2,10.2,10.2,10.2,200,0
EVOXU.US,5,20260611,195000,10.245,10.245,10.245,10.245,200,0
EVOXU.US,5,20260611,195500,10.2002,10.2002,10.2,10.2,4200,0
EVOXU.US,5,20260611,212000,10.22,10.22,10.2,10.2,1300,0
EVOXU.US,5,20260612,154500,10.2,10.2001,10.2,10.2,1100,0
EVOXU.US,5,20260615,155000,10.2,10.2,10.2,10.2,100,0
EVOXU.US,5,20260615,163000,10.2,10.22,10.2,10.2,1200,0
EVOXU.US,5,20260615,172500,10.2,10.2,10.2,10.2,100,0
EVOXU.US,5,20260615,194000,10.2,10.22,10.2,10.2,2200,0
EVOXU.US,5,20260615,202500,10.2,10.2001,10.2,10.2,1800,0
EVOXU.US,5,20260616,153000,10.2,10.2,10.2,10.2,300,0
EVOXU.US,5,20260622,181000,10.1914,10.1914,10.1914,10.1914,500,0
EVOXU.US,5,20260622,185000,10.19,10.19,10.19,10.19,100,0
