<TICKER>,<PER>,<DATE>,<TIME>,<OPEN>,<HIGH>,<LOW>,<CLOSE>,<VOL>,<OPENINT>
FDRX.US,5,20260126,193500,24.3,24.3,24.214,24.214,200,0
FDRX.US,5,20260126,215500,24.03,24.03,24.03,24.03,100,0
FDRX.US,5,20260127,154000,24.13,24.13,24.13,24.13,173,0
FDRX.US,5,20260129,165500,23.05,23.05,23.05,23.05,21687,0
FDRX.US,5,20260129,210500,23.43,23.43,23.43,23.43,500,0
FDRX.US,5,20260130,161000,23.45,23.45,23.45,23.45,21276,0
FDRX.US,5,20260130,190500,23,23,23,23,200,0
FDRX.US,5,20260130,200500,23.0683,23.0683,23.0683,23.0683,100,0
FDRX.US,5,20260202,161000,22.75,22.75,22.75,22.75,21929,0
FDRX.US,5,20260203,161500,21.52,21.52,21.52,21.52,23180,0
FDRX.US,5,20260203,182000,21.15,21.15,21.15,21.15,500,0
FDRX.US,5,20260203,211000,20.76,20.76,20.75,20.75,1140,0
FDRX.US,5,20260204,153000,20.62,20.62,20.62,20.62,200,0
FDRX.US,5,20260205,160000,18.89,18.89,18.72,18.75,32300,0
FDRX.US,5,20260205,160500,18.75,18.75,18.75,18.75,23000,0
FDRX.US,5,20260205,184000,19.12,19.12,19.12,19.12,100,0
FDRX.US,5,20260205,194500,18.78,18.78,18.78,18.78,265533,0
FDRX.US,5,20260205,203000,18.45,18.45,18.45,18.45,600,0
FDRX.US,5,20260205,214000,18.55,18.55,18.55,18.55,600,0
FDRX.US,5,20260206,182500,19.46,19.46,19.46,19.46,200,0
FDRX.US,5,20260206,190000,19.64,19.64,19.64,19.64,100,0
FDRX.US,5,20260206,215500,19.67,19.67,19.67,19.67,1200,0
FDRX.US,5,20260209,165000,20.75,20.75,20.75,20.75,305,0
FDRX.US,5,20260210,153000,19.69,19.69,19.68,19.68,305,0
FDRX.US,5,20260210,161000,21.33,21.33,21.33,21.33,2883,0
FDRX.US,5,20260210,215500,21.02,21.02,21.02,21.02,200,0
FDRX.US,5,20260212,215500,19.07,19.07,19.07,19.07,100,0
FDRX.US,5,20260217,185000,18.95,18.95,18.95,18.95,500,0
FDRX.US,5,20260218,215500,19.77,19.77,19.77,19.77,18800,0
FDRX.US,5,20260220,161500,19.58,19.58,19.58,19.58,512,0
FDRX.US,5,20260220,180500,19.88,19.88,19.88,19.88,7900,0
FDRX.US,5,20260220,191500,19.55,19.55,19.55,19.55,100,0
FDRX.US,5,20260220,192000,19.41,19.41,19.41,19.41,100,0
FDRX.US,5,20260220,192500,19.41,19.41,19.41,19.41,100,0
FDRX.US,5,20260220,193000,19.41,19.41,19.39,19.39,200,0
FDRX.US,5,20260223,184500,17.99,17.99,17.99,17.99,2633,0
FDRX.US,5,20260223,185000,18.12,18.12,18.12,18.12,100,0
FDRX.US,5,20260223,214000,17.9901,17.9901,17.98,17.98,2782,0
FDRX.US,5,20260224,164000,18.55,18.55,18.55,18.55,100,0
FDRX.US,5,20260225,160500,19.24,19.24,19.24,19.24,100,0
FDRX.US,5,20260226,160500,19.63,19.63,19.63,19.63,100,0
FDRX.US,5,20260226,165500,19.43,19.43,19.43,19.43,100,0
FDRX.US,5,20260226,170000,19.47,19.47,19.47,19.47,100,0
FDRX.US,5,20260227,181500,18.63,18.63,18.63,18.63,100,0
FDRX.US,5,20260227,215500,18.7,18.7,18.7,18.7,200,0
FDRX.US,5,20260302,154000,18.74,18.74,18.74,18.74,100,0
FDRX.US,5,20260303,154000,18.29,18.29,18.29,18.29,100,0
FDRX.US,5,20260303,162500,17.85,17.85,17.85,17.85,100,0
FDRX.US,5,20260303,190500,18.85,18.85,18.85,18.85,800,0
FDRX.US,5,20260303,195000,19.16,19.16,19.16,19.16,100,0
FDRX.US,5,20260305,215500,20.1,20.1,20.1,20.1,3502,0
FDRX.US,5,20260306,153000,19.46,19.46,19.46,19.46,100,0
FDRX.US,5,20260306,205000,19.74,19.74,19.74,19.74,100,0
FDRX.US,5,20260309,172500,19.18,19.18,19.17,19.18,900,0
FDRX.US,5,20260310,191000,19.56,19.62,19.56,19.62,287,0
FDRX.US,5,20260310,191500,19.49,19.49,19.48,19.48,441,0
FDRX.US,5,20260312,195500,18.82,18.82,18.82,18.82,200,0
FDRX.US,5,20260313,205500,18.28,18.28,18.28,18.28,3228,0
FDRX.US,5,20260316,152500,18.91,18.91,18.91,18.91,2001,0
FDRX.US,5,20260319,160500,18.34,18.34,18.34,18.34,703,0
FDRX.US,5,20260323,182500,18.01,18.01,18.01,18.01,1990,0
FDRX.US,5,20260324,204500,17.6,17.6,17.6,17.6,370,0
FDRX.US,5,20260326,164500,17.26,17.26,17.26,17.26,211,0
FDRX.US,5,20260331,190000,16.59,16.59,16.59,16.59,800,0
FDRX.US,5,20260331,215000,16.78,16.78,16.78,16.78,1200,0
FDRX.US,5,20260401,200000,17.05,17.05,17.04,17.04,2000,0
FDRX.US,5,20260402,184500,16.92,16.92,16.92,16.92,800,0
FDRX.US,5,20260406,190000,16.85,16.85,16.85,16.85,200,0
FDRX.US,5,20260408,153000,18.26,18.26,18.26,18.26,100,0
FDRX.US,5,20260408,190000,17.91,17.91,17.91,17.91,400,0
FDRX.US,5,20260408,214500,17.4,17.4,17.4,17.4,897,0
FDRX.US,5,20260409,192500,17.07,17.07,17.07,17.07,200,0
FDRX.US,5,20260414,153000,18.7,18.7,18.7,18.7,100,0
FDRX.US,5,20260414,153500,18.89,18.89,18.89,18.89,100,0
FDRX.US,5,20260414,200500,18.87,18.87,18.87,18.87,800,0
FDRX.US,5,20260415,185500,19.74,19.74,19.74,19.74,1086,0
FDRX.US,5,20260416,171500,20.39,20.39,20.39,20.39,200,0
FDRX.US,5,20260417,171500,21.25,21.25,21.25,21.25,1500,0
FDRX.US,5,20260417,173500,21.48,21.48,21.48,21.48,200,0
FDRX.US,5,20260422,183000,21.77,21.77,21.77,21.77,700,0
FDRX.US,5,20260422,194000,21.8,21.81,21.8,21.81,701,0
FDRX.US,5,20260423,184500,20.72,20.72,20.72,20.72,5000,0
FDRX.US,5,20260423,190000,20.62,20.62,20.62,20.62,5001,0
FDRX.US,5,20260427,170000,20.65,20.65,20.65,20.65,6700,0
FDRX.US,5,20260427,190000,20.79,20.79,20.79,20.79,3800,0
FDRX.US,5,20260427,192000,20.87,20.87,20.87,20.87,117,0
FDRX.US,5,20260427,195000,20.98,20.98,20.95,20.96,202880,0
FDRX.US,5,20260428,153000,20.4,20.4,20.4,20.4,100,0
FDRX.US,5,20260428,172500,20.17,20.17,20.17,20.17,5700,0
FDRX.US,5,20260429,181500,19.85,19.85,19.85,19.85,14747,0
FDRX.US,5,20260429,182000,19.85,19.85,19.85,19.85,187253,0
FDRX.US,5,20260429,195000,19.97,19.97,19.97,19.97,500,0
FDRX.US,5,20260429,215500,20.04,20.04,20.04,20.04,200,0
FDRX.US,5,20260430,185500,19.54,19.54,19.54,19.54,101960,0
FDRX.US,5,20260501,215500,20.45,20.45,20.45,20.45,400,0
FDRX.US,5,20260505,153000,20.69,20.69,20.69,20.69,100,0
FDRX.US,5,20260505,215500,20.43,20.43,20.43,20.43,300,0
FDRX.US,5,20260506,174500,20.47,20.47,20.47,20.47,1715,0
FDRX.US,5,20260506,215000,20.74,20.74,20.74,20.74,100,0
FDRX.US,5,20260506,215500,20.77,20.77,20.77,20.77,100,0
FDRX.US,5,20260507,215500,21.28,21.29,21.28,21.29,200,0
FDRX.US,5,20260515,162500,21.52,21.52,21.52,21.52,175,0
FDRX.US,5,20260515,174000,21.57,21.57,21.57,21.57,1000,0
FDRX.US,5,20260515,204000,21.76,21.76,21.76,21.76,100,0
FDRX.US,5,20260520,153000,20.64,20.64,20.64,20.64,100,0
FDRX.US,5,20260601,153000,24.995,25.09,24.995,25,1500,0
FDRX.US,5,20260601,161000,25.68,25.68,25.68,25.68,100,0
FDRX.US,5,20260601,161500,25.67,25.67,25.67,25.67,100,0
FDRX.US,5,20260601,170000,25.89,25.89,25.89,25.89,100,0
FDRX.US,5,20260601,183500,26.195,26.195,26.195,26.195,100,0
FDRX.US,5,20260601,213500,26.2,26.2,26.2,26.2,100,0
FDRX.US,5,20260602,162500,25.25,25.25,25.25,25.25,100,0
FDRX.US,5,20260602,215000,25.28,25.28,25.28,25.28,105,0
FDRX.US,5,20260608,162000,22.11,22.11,22.04,22.04,900,0
FDRX.US,5,20260608,163000,22.21,22.24,22.21,22.24,200,0
FDRX.US,5,20260610,203000,20.9092,20.9092,20.9092,20.9092,100,0
FDRX.US,5,20260611,174500,20.33,20.33,20.33,20.33,151,0
FDRX.US,5,20260611,190500,20.15,20.15,20.15,20.15,100,0
FDRX.US,5,20260615,185500,22.51,22.51,22.51,22.51,512,0
FDRX.US,5,20260617,170000,22.14,22.14,22.14,22.14,9000,0
FDRX.US,5,20260617,170500,22.14,22.14,22.14,22.14,343,0
FDRX.US,5,20260617,171500,22.14,22.14,22.14,22.14,10600,0
FDRX.US,5,20260617,181000,22.31,22.31,22.31,22.31,15972,0
FDRX.US,5,20260617,194000,22.39,22.39,22.39,22.39,6706,0
FDRX.US,5,20260618,164000,21.54,21.5401,21.54,21.5401,200,0
FDRX.US,5,20260618,190500,21.73,21.73,21.73,21.73,6709,0
