<TICKER>,<PER>,<DATE>,<TIME>,<OPEN>,<HIGH>,<LOW>,<CLOSE>,<VOL>,<OPENINT>
FTAIM.US,5,20260126,153000,27.1,27.1,27.1,27.1,2268,0
FTAIM.US,5,20260126,160000,26.92,26.92,26.92,26.92,100,0
FTAIM.US,5,20260126,162500,26.92,27.0999,26.92,27.0999,2000,0
FTAIM.US,5,20260126,174500,27.01,27.01,27,27,1275,0
FTAIM.US,5,20260126,180000,27,27,27,27,298,0
FTAIM.US,5,20260126,180500,27.092,27.1,27.092,27.1,500,0
FTAIM.US,5,20260126,181000,27.1,27.1,27.1,27.1,100,0
FTAIM.US,5,20260126,202000,27.14,27.14,27.14,27.14,300,0
FTAIM.US,5,20260126,204000,27.11,27.1234,27.1,27.1,1100,0
FTAIM.US,5,20260126,211000,27,27,27,27,200,0
FTAIM.US,5,20260126,212000,27,27,27,27,100,0
FTAIM.US,5,20260127,153000,27.2,27.2,27.2,27.2,631,0
FTAIM.US,5,20260127,153500,27.25,27.262,27.25,27.262,400,0
FTAIM.US,5,20260127,154000,27.1,27.1,27.1,27.1,175,0
FTAIM.US,5,20260127,171500,26.93,26.9508,26.93,26.9508,461,0
FTAIM.US,5,20260127,174500,26.94,26.94,26.94,26.94,100,0
FTAIM.US,5,20260127,201500,27.085,27.085,27.085,27.085,121,0
FTAIM.US,5,20260127,210500,27,27,26.94,26.94,350,0
FTAIM.US,5,20260127,213500,27.0928,27.0928,27.08,27.08,400,0
FTAIM.US,5,20260127,215500,27.08,27.1,27.08,27.1,853,0
FTAIM.US,5,20260128,162000,27.11,27.28,27.1,27.28,983,0
FTAIM.US,5,20260128,164500,27.11,27.15,27.11,27.11,500,0
FTAIM.US,5,20260128,170500,27.154,27.154,27.154,27.154,600,0
FTAIM.US,5,20260128,174000,27.19,27.19,27.19,27.19,367,0
FTAIM.US,5,20260128,181000,27.11,27.11,27.1,27.1,1102,0
FTAIM.US,5,20260128,185000,27.0028,27.0028,27.0028,27.0028,1000,0
FTAIM.US,5,20260128,192500,27.05,27.05,27.05,27.05,200,0
FTAIM.US,5,20260128,210500,27.0248,27.0248,27.0248,27.0248,1000,0
FTAIM.US,5,20260128,212000,26.99,26.99,26.99,26.99,100,0
FTAIM.US,5,20260129,154500,27.12,27.12,27.12,27.12,123,0
FTAIM.US,5,20260129,172500,27.1,27.1,27.1,27.1,648,0
FTAIM.US,5,20260129,180000,27.0501,27.0501,27.0501,27.0501,425,0
FTAIM.US,5,20260129,205000,27.0898,27.0898,27.0898,27.0898,200,0
FTAIM.US,5,20260129,205500,27.0829,27.0829,27.01,27.05,3599,0
FTAIM.US,5,20260129,210000,27.05,27.05,27.05,27.05,500,0
FTAIM.US,5,20260129,210500,27.09,27.09,27.09,27.09,100,0
FTAIM.US,5,20260130,153000,27.09,27.09,27.09,27.09,134,0
FTAIM.US,5,20260130,154000,27.0001,27.0001,27.0001,27.0001,126,0
FTAIM.US,5,20260130,154500,27.039,27.039,27.039,27.039,147,0
FTAIM.US,5,20260202,175500,27.0788,27.0788,27.0788,27.0788,100,0
FTAIM.US,5,20260202,180500,27.0495,27.0495,27.0495,27.0495,100,0
FTAIM.US,5,20260202,192000,27.0046,27.0046,27.0046,27.0046,246,0
FTAIM.US,5,20260203,155000,27.0334,27.0334,27.0334,27.0334,300,0
FTAIM.US,5,20260203,155500,27.045,27.045,27.045,27.045,480,0
FTAIM.US,5,20260203,181500,27,27,27,27,400,0
FTAIM.US,5,20260203,183000,27,27.0002,27,27.0001,840,0
FTAIM.US,5,20260203,213000,27.0464,27.0464,27.0464,27.0464,175,0
FTAIM.US,5,20260204,192000,26.93,26.9301,26.92,26.92,1285,0
FTAIM.US,5,20260204,195000,26.92,26.92,26.92,26.92,400,0
FTAIM.US,5,20260204,201000,26.92,26.92,26.92,26.92,200,0
FTAIM.US,5,20260204,205000,26.92,26.92,26.92,26.92,393,0
FTAIM.US,5,20260204,215000,26.928,26.9284,26.92,26.92,500,0
FTAIM.US,5,20260204,215500,26.92,26.92,26.92,26.92,100,0
FTAIM.US,5,20260205,153000,26.93,26.93,26.93,26.93,252,0
FTAIM.US,5,20260205,161500,26.9201,26.9201,26.92,26.92,300,0
FTAIM.US,5,20260205,191500,26.92,26.92,26.92,26.92,100,0
FTAIM.US,5,20260206,153000,26.93,26.93,26.93,26.93,559,0
FTAIM.US,5,20260206,154500,26.8,26.8,26.8,26.8,600,0
FTAIM.US,5,20260206,155000,26.8838,26.8838,26.8838,26.8838,450,0
FTAIM.US,5,20260206,155500,26.895,26.895,26.895,26.895,417,0
FTAIM.US,5,20260206,161000,26.92,26.93,26.92,26.9298,970,0
FTAIM.US,5,20260206,175500,26.78,26.78,26.7701,26.7701,800,0
FTAIM.US,5,20260206,181000,26.79,26.79,26.78,26.79,500,0
FTAIM.US,5,20260209,162000,26.8644,26.8644,26.8644,26.8644,392,0
FTAIM.US,5,20260209,175500,26.865,26.865,26.865,26.865,500,0
FTAIM.US,5,20260209,201500,26.9,26.9,26.9,26.9,121,0
FTAIM.US,5,20260209,203000,26.93,26.93,26.93,26.93,100,0
FTAIM.US,5,20260209,215500,26.891,26.891,26.891,26.891,333,0
FTAIM.US,5,20260210,153000,26.93,26.959,26.9,26.959,1152,0
FTAIM.US,5,20260210,155500,27,27,27,27,286,0
FTAIM.US,5,20260210,160500,27.03,27.03,27.03,27.03,700,0
FTAIM.US,5,20260210,164500,27.09,27.09,27.09,27.09,500,0
FTAIM.US,5,20260210,171000,27.0441,27.0441,27.0441,27.0441,245,0
FTAIM.US,5,20260210,203500,27.09,27.09,27.09,27.09,163,0
FTAIM.US,5,20260210,205000,27.1,27.1001,27.1,27.1001,1759,0
FTAIM.US,5,20260210,210000,27.1507,27.1507,27.1507,27.1507,169,0
FTAIM.US,5,20260210,215500,27.1,27.1,27.1,27.1,100,0
FTAIM.US,5,20260211,155500,27.2178,27.2178,27.2178,27.2178,170,0
FTAIM.US,5,20260211,162500,27.22,27.22,27.19,27.19,200,0
FTAIM.US,5,20260212,181000,27.2,27.2,27.2,27.2,610,0
FTAIM.US,5,20260213,191500,27.1,27.1,27.1,27.1,250,0
FTAIM.US,5,20260213,203500,27.15,27.15,27.15,27.15,100,0
FTAIM.US,5,20260213,213000,27.23,27.23,27.22,27.22,500,0
FTAIM.US,5,20260213,215500,27.202,27.202,27.202,27.202,110,0
FTAIM.US,5,20260217,160500,27.1,27.1,27.1,27.1,100,0
FTAIM.US,5,20260217,170500,27.1665,27.1665,27.1665,27.1665,100,0
FTAIM.US,5,20260217,172500,27.12,27.12,27.12,27.12,100,0
FTAIM.US,5,20260217,192500,27.18,27.24,27.18,27.18,767,0
FTAIM.US,5,20260217,201500,27.26,27.26,27.26,27.26,500,0
FTAIM.US,5,20260218,194000,27.2399,27.24,27.2399,27.24,792,0
FTAIM.US,5,20260218,210000,27.22,27.24,27.22,27.24,500,0
FTAIM.US,5,20260218,210500,27.24,27.24,27.2399,27.2399,484,0
FTAIM.US,5,20260219,153000,27.3,27.3,27.3,27.3,101,0
FTAIM.US,5,20260219,161000,27.3,27.3,27.3,27.3,500,0
FTAIM.US,5,20260219,162000,27.24,27.24,27.2382,27.2382,542,0
FTAIM.US,5,20260219,163500,27.21,27.21,27.2,27.2,2928,0
FTAIM.US,5,20260219,200000,27.28,27.28,27.28,27.28,1791,0
FTAIM.US,5,20260219,211500,27.25,27.3,27.25,27.25,900,0
FTAIM.US,5,20260219,215000,27.3517,27.3517,27.3517,27.3517,126,0
FTAIM.US,5,20260220,163000,27.35,27.37,27.35,27.35,500,0
FTAIM.US,5,20260220,210500,27.3725,27.3725,27.3725,27.3725,200,0
FTAIM.US,5,20260223,172000,27.1501,27.1501,27.1501,27.1501,1000,0
FTAIM.US,5,20260223,172500,27.275,27.275,27.275,27.275,200,0
FTAIM.US,5,20260223,174000,27.25,27.25,27.25,27.25,501,0
FTAIM.US,5,20260224,155000,27.15,27.15,27.1,27.1,463,0
FTAIM.US,5,20260224,161500,27.23,27.23,27.165,27.165,984,0
FTAIM.US,5,20260224,165500,27.23,27.23,27.23,27.23,167,0
FTAIM.US,5,20260224,170000,27.1948,27.1948,27.1948,27.1948,150,0
FTAIM.US,5,20260224,171000,27.19,27.19,27.19,27.19,170,0
FTAIM.US,5,20260224,172500,27.19,27.23,27.19,27.23,500,0
FTAIM.US,5,20260224,210000,27.34,27.34,27.3399,27.3399,220,0
FTAIM.US,5,20260225,172500,27.2248,27.2248,27.2248,27.2248,400,0
FTAIM.US,5,20260225,215500,27.36,27.36,27.36,27.36,170,0
FTAIM.US,5,20260227,194500,27.36,27.36,27.36,27.36,294,0
FTAIM.US,5,20260227,200500,27.3789,27.3789,27.3789,27.3789,397,0
FTAIM.US,5,20260227,213000,27.38,27.38,27.38,27.38,250,0
FTAIM.US,5,20260302,153000,27.31,27.39,27.31,27.39,925,0
FTAIM.US,5,20260302,181000,27.3999,27.4,27.37,27.37,1900,0
FTAIM.US,5,20260302,204000,27.36,27.4,27.36,27.3728,2600,0
FTAIM.US,5,20260302,211500,27.3201,27.3201,27.3201,27.3201,600,0
FTAIM.US,5,20260303,174000,27.4,27.4,27.4,27.4,100,0
FTAIM.US,5,20260303,185500,27.4,27.4,27.4,27.4,100,0
FTAIM.US,5,20260303,192000,27.4,27.4,27.4,27.4,100,0
FTAIM.US,5,20260303,194500,27.4,27.4,27.4,27.4,100,0
FTAIM.US,5,20260303,201500,27.4,27.4,27.4,27.4,100,0
FTAIM.US,5,20260303,204000,27.4,27.4,27.4,27.4,100,0
FTAIM.US,5,20260303,210500,27.38,27.38,27.38,27.38,100,0
FTAIM.US,5,20260303,213000,27.38,27.38,27.38,27.38,100,0
FTAIM.US,5,20260303,214000,27.4,27.4,27.4,27.4,100,0
FTAIM.US,5,20260304,194500,27.35,27.35,27.35,27.35,225,0
FTAIM.US,5,20260304,212500,27.365,27.38,27.365,27.38,453,0
FTAIM.US,5,20260304,215000,27.3799,27.3799,27.3799,27.3799,118,0
FTAIM.US,5,20260305,154500,26.8875,26.8875,26.8875,26.8875,333,0
FTAIM.US,5,20260305,195500,27.06,27.09,27.06,27.09,400,0
FTAIM.US,5,20260305,200000,27,27,26.96,26.96,8394,0
FTAIM.US,5,20260305,201500,27.09,27.09,27.05,27.05,1300,0
FTAIM.US,5,20260305,203500,27.06,27.06,27.06,27.06,330,0
FTAIM.US,5,20260305,211500,27.065,27.1,27.065,27.1,2273,0
FTAIM.US,5,20260305,212500,27.19,27.19,27.19,27.19,1000,0
FTAIM.US,5,20260305,214000,27.19,27.19,27.19,27.19,200,0
FTAIM.US,5,20260305,215500,27.19,27.19,27.19,27.19,100,0
FTAIM.US,5,20260306,154500,27.3944,27.3944,27.3944,27.3944,900,0
FTAIM.US,5,20260306,162000,27.3,27.3144,27.3,27.3144,1000,0
FTAIM.US,5,20260306,170500,27.32,27.32,27.12,27.232,1500,0
FTAIM.US,5,20260306,171000,27.1858,27.21,27.1858,27.21,3000,0
FTAIM.US,5,20260306,213500,27.285,27.285,27.25,27.25,750,0
FTAIM.US,5,20260306,214000,27.25,27.25,27.25,27.25,200,0
FTAIM.US,5,20260306,215000,27.2,27.2,27.2,27.2,889,0
FTAIM.US,5,20260306,215500,27.25,27.25,27.21,27.21,352,0
FTAIM.US,5,20260309,162000,26.765,26.765,26.765,26.765,168,0
FTAIM.US,5,20260309,175000,26.8,26.93,26.8,26.93,1100,0
FTAIM.US,5,20260309,183500,26.92,26.93,26.85,26.85,1862,0
FTAIM.US,5,20260309,190500,26.85,26.85,26.85,26.85,100,0
FTAIM.US,5,20260309,201500,26.789,26.789,26.789,26.789,1000,0
FTAIM.US,5,20260309,202500,26.751,26.751,26.75,26.75,1200,0
FTAIM.US,5,20260310,183500,26.8,26.8,26.74,26.74,650,0
FTAIM.US,5,20260310,192500,26.582,26.582,26.582,26.582,149,0
FTAIM.US,5,20260310,202000,26.6552,26.6552,26.6552,26.6552,158,0
FTAIM.US,5,20260310,204000,26.71,26.71,26.71,26.71,100,0
FTAIM.US,5,20260311,154000,26.735,26.735,26.735,26.735,200,0
FTAIM.US,5,20260311,162000,26.58,26.645,26.58,26.645,1400,0
FTAIM.US,5,20260312,195500,26.65,26.65,26.65,26.65,714,0
FTAIM.US,5,20260312,201000,26.4601,26.4601,26.4001,26.4001,956,0
FTAIM.US,5,20260313,151500,26.7776,26.7776,26.7776,26.7776,400,0
FTAIM.US,5,20260313,160000,26.605,26.605,26.605,26.605,300,0
FTAIM.US,5,20260316,143000,26.8999,26.8999,26.708,26.708,1000,0
FTAIM.US,5,20260316,143500,26.66,26.66,26.66,26.66,500,0
FTAIM.US,5,20260316,154500,26.89,26.89,26.89,26.89,100,0
FTAIM.US,5,20260316,161000,26.46,26.46,26.46,26.46,100,0
FTAIM.US,5,20260316,191000,26.65,26.65,26.6,26.6,1283,0
FTAIM.US,5,20260316,195500,26.625,26.625,26.6,26.6,305,0
FTAIM.US,5,20260316,201000,26.65,26.65,26.65,26.65,100,0
FTAIM.US,5,20260316,204000,26.66,26.66,26.66,26.66,100,0
FTAIM.US,5,20260316,204500,26.66,26.66,26.66,26.66,100,0
FTAIM.US,5,20260316,205000,26.85,26.85,26.85,26.85,400,0
FTAIM.US,5,20260317,151000,26.65,26.65,26.65,26.65,100,0
FTAIM.US,5,20260317,153000,26.84,26.93,26.84,26.8899,4626,0
FTAIM.US,5,20260317,161000,26.79,26.79,26.79,26.79,100,0
FTAIM.US,5,20260317,164500,26.79,26.79,26.7,26.7,1800,0
FTAIM.US,5,20260317,180000,26.65,26.65,26.65,26.65,100,0
FTAIM.US,5,20260317,181500,26.85,26.88,26.85,26.87,1699,0
FTAIM.US,5,20260317,183500,26.89,26.89,26.89,26.89,100,0
FTAIM.US,5,20260317,191500,26.91,26.91,26.91,26.91,100,0
FTAIM.US,5,20260317,192500,26.93,26.95,26.93,26.95,400,0
FTAIM.US,5,20260317,193000,27.04,27.1,27.04,27.1,651,0
FTAIM.US,5,20260317,194500,27.12,27.12,27.12,27.12,100,0
FTAIM.US,5,20260317,200500,27.1164,27.165,27.1164,27.165,225,0
FTAIM.US,5,20260317,201000,27.11,27.11,27.11,27.11,100,0
FTAIM.US,5,20260317,201500,27.1378,27.1378,27.1378,27.1378,125,0
FTAIM.US,5,20260317,202000,27.1421,27.165,27.1421,27.165,324,0
FTAIM.US,5,20260317,202500,27.1081,27.1111,27.1081,27.1111,300,0
FTAIM.US,5,20260317,203000,27.1525,27.1525,27.1503,27.1503,700,0
FTAIM.US,5,20260317,203500,27.1002,27.1465,27.1,27.1,800,0
FTAIM.US,5,20260317,205000,27.05,27.12,27.05,27.07,425,0
FTAIM.US,5,20260318,153500,27.17,27.2,26.78,27.2,9786,0
FTAIM.US,5,20260318,155000,27.11,27.23,27.11,27.23,2035,0
FTAIM.US,5,20260318,155500,27.2,27.21,27.2,27.2,9019,0
FTAIM.US,5,20260318,160000,27.21,27.21,27.21,27.21,200,0
FTAIM.US,5,20260318,163000,27.21,27.21,27.21,27.21,200,0
FTAIM.US,5,20260318,163500,27.2085,27.2085,27.2085,27.2085,100,0
FTAIM.US,5,20260318,165000,27.21,27.21,27.2018,27.2018,1000,0
FTAIM.US,5,20260318,165500,27.2016,27.245,27.2,27.2,1543,0
FTAIM.US,5,20260318,171000,27.15,27.15,27.15,27.15,200,0
FTAIM.US,5,20260318,172500,27.11,27.11,27.1004,27.1004,1000,0
FTAIM.US,5,20260318,173500,27.15,27.15,27.15,27.15,200,0
FTAIM.US,5,20260318,183000,27.15,27.15,27.1,27.1001,570,0
FTAIM.US,5,20260318,203000,27.04,27.04,27.04,27.04,100,0
FTAIM.US,5,20260319,144500,27.1,27.1,27.1,27.1,100,0
FTAIM.US,5,20260319,171000,27.03,27.03,27.03,27.03,510,0
FTAIM.US,5,20260319,181500,27.025,27.025,27.025,27.025,150,0
FTAIM.US,5,20260319,182000,27.025,27.025,27.025,27.025,100,0
FTAIM.US,5,20260319,202000,27.015,27.015,27.015,27.015,100,0
FTAIM.US,5,20260319,202500,27.015,27.015,27.015,27.015,100,0
FTAIM.US,5,20260320,143000,27.18,27.18,27.158,27.158,1209,0
FTAIM.US,5,20260320,144000,27.18,27.2,27.18,27.2,500,0
FTAIM.US,5,20260320,153500,27.04,27.04,26.9343,26.9343,489,0
FTAIM.US,5,20260320,202000,27.1746,27.1746,27.1746,27.1746,142,0
FTAIM.US,5,20260320,203500,27.12,27.12,27.12,27.12,300,0
FTAIM.US,5,20260323,170500,27.2585,27.2585,27.2585,27.2585,500,0
FTAIM.US,5,20260324,204500,27.37,27.37,27.37,27.37,300,0
FTAIM.US,5,20260325,144000,27.315,27.315,27.315,27.315,100,0
FTAIM.US,5,20260325,150000,27.0601,27.0601,27.0601,27.0601,100,0
FTAIM.US,5,20260325,162500,27.3558,27.3558,27.3558,27.3558,100,0
FTAIM.US,5,20260325,164500,27.32,27.32,27.32,27.32,274,0
FTAIM.US,5,20260325,181000,27.15,27.15,27.14,27.15,610,0
FTAIM.US,5,20260325,200500,27.25,27.25,27.2499,27.25,1100,0
FTAIM.US,5,20260325,201000,27.25,27.25,27.2386,27.2386,950,0
FTAIM.US,5,20260326,163000,27.18,27.18,27.18,27.18,700,0
FTAIM.US,5,20260326,175500,27.0801,27.1,27.08,27.08,912,0
FTAIM.US,5,20260326,180000,27.03,27.03,26.98,26.98,300,0
FTAIM.US,5,20260326,181500,26.9,27,26.9,27,1688,0
FTAIM.US,5,20260326,205000,27.1535,27.1535,27.1535,27.1535,330,0
FTAIM.US,5,20260327,182500,27.109,27.109,27.109,27.109,234,0
FTAIM.US,5,20260330,163000,27.1441,27.1441,27.1441,27.1441,250,0
FTAIM.US,5,20260401,164000,27.15,27.15,27.15,27.15,100,0
FTAIM.US,5,20260402,171000,27.15,27.15,27.15,27.15,4846,0
FTAIM.US,5,20260402,191500,27.2,27.2,27.2,27.2,100,0
FTAIM.US,5,20260402,195000,27.2,27.2,27.2,27.2,409,0
FTAIM.US,5,20260406,161500,27.2,27.2,27.2,27.2,200,0
FTAIM.US,5,20260406,192000,27.15,27.15,27.15,27.15,234,0
FTAIM.US,5,20260406,203500,27.2,27.2,27.2,27.2,187,0
FTAIM.US,5,20260406,210000,27.15,27.15,27.11,27.11,924,0
FTAIM.US,5,20260406,211500,27.175,27.175,27.175,27.175,100,0
FTAIM.US,5,20260406,212500,27.15,27.15,27.15,27.15,100,0
FTAIM.US,5,20260406,215500,27.15,27.15,27.15,27.15,200,0
FTAIM.US,5,20260407,194500,27.1,27.1,27.1,27.1,350,0
FTAIM.US,5,20260407,204000,27,27,27,27,1600,0
FTAIM.US,5,20260408,154000,27.05,27.05,27.05,27.05,248,0
FTAIM.US,5,20260408,160500,27.05,27.05,27,27,1393,0
FTAIM.US,5,20260409,153000,27.07,27.07,27.07,27.07,256,0
FTAIM.US,5,20260409,154500,27.08,27.08,27.07,27.07,1400,0
FTAIM.US,5,20260409,155000,27.07,27.18,27.07,27.18,300,0
FTAIM.US,5,20260409,172500,27.1,27.1,27.07,27.1,1040,0
FTAIM.US,5,20260409,183000,27.07,27.0725,27.07,27.0725,400,0
FTAIM.US,5,20260409,203000,27,27,27,27,300,0
FTAIM.US,5,20260410,155000,27,27.02,27,27,715,0
FTAIM.US,5,20260410,165000,27,27,27,27,711,0
FTAIM.US,5,20260410,170000,26.93,26.93,26.93,26.93,300,0
FTAIM.US,5,20260410,192500,27,27,27,27,100,0
FTAIM.US,5,20260410,193000,27.1,27.1,27.1,27.1,100,0
FTAIM.US,5,20260410,200500,27,27,27,27,100,0
FTAIM.US,5,20260410,215500,26.975,26.975,26.975,26.975,116,0
FTAIM.US,5,20260413,154500,26.62,26.62,26.62,26.62,500,0
FTAIM.US,5,20260413,162500,26.86,26.86,26.86,26.86,1000,0
FTAIM.US,5,20260413,184000,26.9,26.9,26.9,26.9,200,0
FTAIM.US,5,20260413,201500,26.8964,26.9,26.8964,26.9,200,0
FTAIM.US,5,20260414,174500,26.9,26.9,26.9,26.9,947,0
FTAIM.US,5,20260414,214500,26.8176,26.8176,26.8176,26.8176,152,0
FTAIM.US,5,20260415,153000,26.99,26.99,26.99,26.99,175,0
FTAIM.US,5,20260415,184500,26.935,26.935,26.935,26.935,445,0
FTAIM.US,5,20260415,195000,26.9,26.9,26.9,26.9,300,0
FTAIM.US,5,20260415,201500,26.92,26.9499,26.9,26.9,1300,0
FTAIM.US,5,20260415,202000,26.9,26.9,26.9,26.9,100,0
FTAIM.US,5,20260415,203000,26.89,26.89,26.89,26.89,1622,0
FTAIM.US,5,20260416,153000,27,27,27,27,188,0
FTAIM.US,5,20260416,185500,26.9999,26.9999,26.9999,26.9999,330,0
FTAIM.US,5,20260416,213500,26.7,26.9999,26.7,26.9999,1500,0
FTAIM.US,5,20260416,214000,26.85,26.85,26.85,26.85,1000,0
FTAIM.US,5,20260416,214500,26.98,27,26.88,26.88,1500,0
FTAIM.US,5,20260417,153000,27.08,27.08,27.08,27.08,186,0
FTAIM.US,5,20260417,154000,27.07,27.07,27.07,27.07,143,0
FTAIM.US,5,20260417,165500,27.02,27.04,27,27.04,1000,0
FTAIM.US,5,20260417,173000,26.9,26.9,26.9,26.9,100,0
FTAIM.US,5,20260417,174500,26.9,26.9,26.9,26.9,100,0
FTAIM.US,5,20260417,191000,26.9,26.9,26.885,26.885,700,0
FTAIM.US,5,20260417,215000,26.8999,26.9,26.8999,26.8999,1600,0
FTAIM.US,5,20260417,215500,26.9,26.9,26.9,26.9,100,0
FTAIM.US,5,20260420,191000,26.9,26.9,26.9,26.9,1450,0
FTAIM.US,5,20260420,201500,26.8,26.8,26.8,26.8,500,0
FTAIM.US,5,20260420,212000,26.8999,26.8999,26.832,26.832,350,0
FTAIM.US,5,20260421,155500,26.795,26.795,26.795,26.795,500,0
FTAIM.US,5,20260421,183000,26.845,26.8999,26.845,26.8999,369,0
FTAIM.US,5,20260421,190500,26.9,26.9,26.9,26.9,876,0
FTAIM.US,5,20260421,200500,26.9,26.9,26.9,26.9,1000,0
FTAIM.US,5,20260421,201000,26.8999,26.9,26.8999,26.9,340,0
FTAIM.US,5,20260421,214500,26.9,26.9,26.9,26.9,100,0
FTAIM.US,5,20260422,162500,26.68,26.68,26.65,26.65,700,0
FTAIM.US,5,20260422,163000,26.805,26.805,26.805,26.805,500,0
FTAIM.US,5,20260422,165500,26.805,26.805,26.805,26.805,500,0
FTAIM.US,5,20260422,170500,26.89,26.89,26.89,26.89,500,0
FTAIM.US,5,20260422,193000,26.9,26.9,26.865,26.865,200,0
FTAIM.US,5,20260422,202000,26.9,26.9,26.9,26.9,400,0
FTAIM.US,5,20260422,205500,26.83,26.83,26.83,26.83,470,0
FTAIM.US,5,20260422,212500,26.83,26.83,26.83,26.83,1030,0
FTAIM.US,5,20260422,215000,26.69,26.69,26.69,26.69,100,0
FTAIM.US,5,20260422,215500,26.67,26.68,26.67,26.68,200,0
FTAIM.US,5,20260423,153000,26.82,26.82,26.82,26.82,132,0
FTAIM.US,5,20260423,185500,26.67,26.67,26.67,26.67,419,0
FTAIM.US,5,20260423,190000,26.7,26.7,26.65,26.65,922,0
FTAIM.US,5,20260423,191500,26.85,26.9,26.775,26.9,709,0
FTAIM.US,5,20260423,192000,26.78,26.9,26.78,26.9,2200,0
FTAIM.US,5,20260423,193000,26.87,26.9,26.84,26.84,1520,0
FTAIM.US,5,20260423,204500,26.78,26.78,26.78,26.78,300,0
FTAIM.US,5,20260423,210000,26.67,26.68,26.555,26.6,7745,0
FTAIM.US,5,20260423,213000,26.7492,26.7492,26.7492,26.7492,161,0
FTAIM.US,5,20260423,215500,26.54,26.54,26.53,26.53,205,0
FTAIM.US,5,20260424,153000,26.57,26.57,26.57,26.57,500,0
FTAIM.US,5,20260424,202000,26.68,26.68,26.64,26.64,600,0
FTAIM.US,5,20260424,203000,26.76,26.76,26.76,26.76,400,0
FTAIM.US,5,20260424,213500,26.74,26.87,26.71,26.87,2427,0
FTAIM.US,5,20260427,153000,26.85,26.85,26.85,26.85,316,0
FTAIM.US,5,20260427,162000,26.715,26.715,26.715,26.715,551,0
FTAIM.US,5,20260427,185500,26.8486,26.8486,26.8486,26.8486,111,0
FTAIM.US,5,20260428,153000,26.85,26.95,26.85,26.95,604,0
FTAIM.US,5,20260428,164000,26.5688,26.5688,26.5688,26.5688,400,0
FTAIM.US,5,20260428,190000,26.64,26.65,26.58,26.6,3519,0
FTAIM.US,5,20260428,190500,26.6,26.6,26.58,26.58,300,0
FTAIM.US,5,20260428,193000,26.58,26.58,26.58,26.58,100,0
FTAIM.US,5,20260428,195000,26.6,26.6,26.6,26.6,100,0
FTAIM.US,5,20260428,205000,26.575,26.6,26.55,26.55,2096,0
FTAIM.US,5,20260428,210000,26.55,26.55,26.55,26.55,500,0
FTAIM.US,5,20260428,211500,26.55,26.55,26.5499,26.5499,334,0
FTAIM.US,5,20260428,214000,26.55,26.55,26.526,26.526,3900,0
FTAIM.US,5,20260429,153000,26.69,26.69,26.69,26.69,137,0
FTAIM.US,5,20260429,190500,26.51,26.51,26.51,26.51,1000,0
FTAIM.US,5,20260429,193500,26.5,26.51,26.5,26.51,1100,0
FTAIM.US,5,20260429,202500,26.51,26.51,26.51,26.51,300,0
FTAIM.US,5,20260429,213000,26.51,26.51,26.51,26.51,413,0
FTAIM.US,5,20260430,162000,26.6128,26.6128,26.6128,26.6128,200,0
FTAIM.US,5,20260430,165500,26.74,26.9,26.71,26.9,2050,0
FTAIM.US,5,20260430,212500,26.87,26.9,26.87,26.9,948,0
FTAIM.US,5,20260501,190500,27.29,27.29,27.29,27.29,400,0
FTAIM.US,5,20260501,192500,26.95,26.95,26.95,26.95,300,0
FTAIM.US,5,20260501,194000,27.03,27.03,27,27,303,0
FTAIM.US,5,20260501,205500,27.26,27.28,27.26,27.28,400,0
FTAIM.US,5,20260504,161500,27.3338,27.3338,27.3338,27.3338,400,0
FTAIM.US,5,20260504,162500,27.055,27.055,27.055,27.055,400,0
FTAIM.US,5,20260504,193500,27.12,27.12,27.12,27.12,200,0
FTAIM.US,5,20260504,202000,27.18,27.18,27.18,27.18,100,0
FTAIM.US,5,20260504,202500,27.29,27.29,27.29,27.29,100,0
FTAIM.US,5,20260504,213000,27.29,27.29,27.29,27.29,382,0
FTAIM.US,5,20260504,214500,27.305,27.305,27.305,27.305,150,0
FTAIM.US,5,20260504,215500,27.305,27.305,27.305,27.305,125,0
FTAIM.US,5,20260506,153000,27.39,27.39,27.39,27.39,100,0
FTAIM.US,5,20260506,160000,26.9,26.9,26.9,26.9,367,0
FTAIM.US,5,20260506,172000,27.06,27.06,27.05,27.05,1200,0
FTAIM.US,5,20260506,175500,27.05,27.05,27.05,27.05,176,0
FTAIM.US,5,20260506,180500,27.03,27.03,27,27,1000,0
FTAIM.US,5,20260506,181500,27.0311,27.0311,27.0311,27.0311,300,0
FTAIM.US,5,20260506,213500,27,27.2,27,27,1590,0
FTAIM.US,5,20260506,214000,27.08,27.08,27,27,200,0
FTAIM.US,5,20260507,193000,27,27,26.9999,27,2100,0
FTAIM.US,5,20260507,201000,27,27,27,27,100,0
FTAIM.US,5,20260507,201500,27,27,27,27,100,0
FTAIM.US,5,20260508,165000,27,27,27,27,400,0
FTAIM.US,5,20260508,170500,27,27.145,27,27.145,550,0
FTAIM.US,5,20260508,174000,27.145,27.4,26.91,27.4,800,0
FTAIM.US,5,20260508,174500,26.8901,26.92,26.8901,26.92,525,0
FTAIM.US,5,20260508,185500,27.175,27.175,27,27,430,0
FTAIM.US,5,20260508,192500,26.99,27.1403,26.99,27.1403,500,0
FTAIM.US,5,20260508,193000,26.99,27.013,26.99,27.013,444,0
FTAIM.US,5,20260508,203500,26.95,26.95,26.95,26.95,1025,0
FTAIM.US,5,20260511,153000,27.05,27.05,27.05,27.05,100,0
FTAIM.US,5,20260511,160500,27.05,27.05,27.05,27.05,100,0
FTAIM.US,5,20260511,161000,27.0325,27.0325,27,27,208,0
FTAIM.US,5,20260511,164500,27,27,27,27,300,0
FTAIM.US,5,20260511,171500,27.2425,27.2425,27,27,200,0
FTAIM.US,5,20260511,173500,26.99,26.99,26.98,26.98,200,0
FTAIM.US,5,20260511,193500,26.9638,26.9638,26.9638,26.9638,400,0
FTAIM.US,5,20260511,194000,26.9712,26.9712,26.9712,26.9712,679,0
FTAIM.US,5,20260511,194500,26.9999,26.9999,26.9999,26.9999,150,0
FTAIM.US,5,20260511,200000,26.985,26.985,26.985,26.985,403,0
FTAIM.US,5,20260511,202000,26.99,27,26.99,27,382,0
FTAIM.US,5,20260511,205000,26.97,26.985,26.97,26.985,200,0
FTAIM.US,5,20260511,214500,26.97,26.97,26.97,26.97,100,0
FTAIM.US,5,20260512,182000,26.98,26.98,26.98,26.98,1300,0
FTAIM.US,5,20260512,193000,26.98,26.98,26.98,26.98,100,0
FTAIM.US,5,20260512,195000,26.96,26.96,26.96,26.96,189,0
FTAIM.US,5,20260512,200000,26.98,26.98,26.98,26.98,200,0
FTAIM.US,5,20260512,202000,26.98,26.98,26.9799,26.9799,699,0
FTAIM.US,5,20260512,202500,26.98,26.98,26.9799,26.98,1200,0
FTAIM.US,5,20260512,203000,26.96,26.96,26.96,26.96,400,0
FTAIM.US,5,20260512,212000,26.98,26.98,26.6501,26.6501,3285,0
FTAIM.US,5,20260512,214500,26.75,26.95,26.75,26.94,800,0
FTAIM.US,5,20260513,153000,26.91,27,26.91,27,257,0
FTAIM.US,5,20260513,173000,27.03,27.03,27,27,715,0
FTAIM.US,5,20260513,175500,27.08,27.08,27.08,27.08,200,0
FTAIM.US,5,20260513,182500,27.03,27.08,27,27.05,650,0
FTAIM.US,5,20260513,183000,27,27,27,27,250,0
FTAIM.US,5,20260513,183500,27.03,27.03,27.03,27.03,100,0
FTAIM.US,5,20260513,193000,26.9729,26.9729,26.9729,26.9729,700,0
FTAIM.US,5,20260513,194500,27,27,27,27,100,0
FTAIM.US,5,20260514,171500,26.885,26.885,26.7,26.7,819,0
FTAIM.US,5,20260514,180000,26.75,26.75,26.75,26.75,100,0
FTAIM.US,5,20260514,181500,26.9809,26.9809,26.9809,26.9809,179,0
FTAIM.US,5,20260514,183500,26.9999,26.9999,26.9999,26.9999,100,0
FTAIM.US,5,20260515,164500,26.8166,26.8166,26.8166,26.8166,100,0
FTAIM.US,5,20260515,175500,26.753,26.753,26.753,26.753,700,0
FTAIM.US,5,20260518,180500,26.9,26.9,26.9,26.9,175,0
FTAIM.US,5,20260518,181000,26.8,26.8,26.8,26.8,350,0
FTAIM.US,5,20260518,183500,27,27,27,27,400,0
FTAIM.US,5,20260518,184000,26.8955,26.8955,26.8955,26.8955,136,0
FTAIM.US,5,20260518,185500,26.9,26.9,26.9,26.9,300,0
FTAIM.US,5,20260518,190000,26.9,26.9,26.85,26.85,200,0
FTAIM.US,5,20260518,205500,26.9,26.9,26.9,26.9,200,0
FTAIM.US,5,20260519,154000,27.125,27.125,27.125,27.125,100,0
FTAIM.US,5,20260519,154500,26.98,26.98,26.98,26.98,100,0
FTAIM.US,5,20260519,160000,26.9,26.9,26.9,26.9,344,0
FTAIM.US,5,20260519,181000,26.9,26.9,26.9,26.9,260,0
FTAIM.US,5,20260519,185000,26.875,26.875,26.875,26.875,300,0
FTAIM.US,5,20260519,201000,26.9,26.9,26.9,26.9,600,0
FTAIM.US,5,20260519,210000,26.8,26.8,26.8,26.8,100,0
FTAIM.US,5,20260519,210500,26.8,26.8,26.75,26.75,200,0
FTAIM.US,5,20260519,211000,26.75,26.75,26.75,26.75,200,0
FTAIM.US,5,20260519,211500,26.75,26.75,26.75,26.75,300,0
FTAIM.US,5,20260519,212000,26.75,26.75,26.75,26.75,100,0
FTAIM.US,5,20260519,212500,26.75,26.75,26.75,26.75,300,0
FTAIM.US,5,20260519,213000,26.75,26.75,26.75,26.75,200,0
FTAIM.US,5,20260519,213500,26.75,26.75,26.75,26.75,100,0
FTAIM.US,5,20260519,214000,26.75,26.9,26.75,26.825,631,0
FTAIM.US,5,20260519,214500,26.75,26.75,26.75,26.75,200,0
FTAIM.US,5,20260519,215000,26.68,26.68,26.63,26.63,300,0
FTAIM.US,5,20260520,153000,27.05,27.05,27.05,27.05,624,0
FTAIM.US,5,20260520,165500,26.9866,26.9866,26.9866,26.9866,361,0
FTAIM.US,5,20260520,192500,26.8999,26.8999,26.8999,26.8999,750,0
FTAIM.US,5,20260520,200000,26.85,26.85,26.85,26.85,268,0
FTAIM.US,5,20260520,210000,26.8,26.9,26.8,26.875,4237,0
FTAIM.US,5,20260520,215000,26.8883,26.8883,26.8883,26.8883,104,0
FTAIM.US,5,20260521,153000,26.99,26.99,26.99,26.99,512,0
FTAIM.US,5,20260521,165000,27.083,27.083,27.083,27.083,198,0
FTAIM.US,5,20260521,200500,27,27,27,27,100,0
FTAIM.US,5,20260521,215000,27,27,27,27,862,0
FTAIM.US,5,20260521,215500,27,27,27,27,100,0
FTAIM.US,5,20260522,203000,26.99,27,26.99,27,1775,0
FTAIM.US,5,20260522,205000,26.9999,26.9999,26.9999,26.9999,235,0
FTAIM.US,5,20260526,153000,27.35,27.35,27.35,27.35,382,0
FTAIM.US,5,20260526,155000,27.1,27.1,27.005,27.005,600,0
FTAIM.US,5,20260526,161000,27,27,27,27,100,0
FTAIM.US,5,20260526,191500,27.0999,27.0999,27.0999,27.0999,120,0
FTAIM.US,5,20260526,195500,27,27,27,27,382,0
FTAIM.US,5,20260526,210000,27,27,27,27,270,0
FTAIM.US,5,20260526,210500,26.925,26.925,26.925,26.925,850,0
FTAIM.US,5,20260526,211000,26.99,26.99,26.99,26.99,200,0
FTAIM.US,5,20260526,213500,26.9303,26.9303,26.9303,26.9303,687,0
FTAIM.US,5,20260526,215000,27,27,27,27,100,0
FTAIM.US,5,20260527,153000,27.25,27.25,27.25,27.25,275,0
FTAIM.US,5,20260527,160000,27.2,27.2,27.2,27.2,111,0
FTAIM.US,5,20260527,195000,27.29,27.29,27.2899,27.2899,681,0
FTAIM.US,5,20260527,200500,27.275,27.3799,27.275,27.34,600,0
FTAIM.US,5,20260527,211500,27.3,27.3,27.3,27.3,100,0
FTAIM.US,5,20260527,213000,27.3,27.3,27.25,27.25,2937,0
FTAIM.US,5,20260527,214500,27.25,27.25,27.2499,27.25,904,0
FTAIM.US,5,20260528,154500,27.325,27.4,27.325,27.4,607,0
FTAIM.US,5,20260528,184500,27.27,27.27,27.27,27.27,200,0
FTAIM.US,5,20260528,200000,27.25,27.25,27.25,27.25,100,0
FTAIM.US,5,20260528,201500,27.2219,27.2219,27.2219,27.2219,200,0
FTAIM.US,5,20260528,202000,27.2203,27.2203,27.2203,27.2203,100,0
FTAIM.US,5,20260528,202500,27.25,27.3,27.2425,27.2425,830,0
FTAIM.US,5,20260528,212500,27.22,27.23,27.22,27.22,1473,0
FTAIM.US,5,20260528,213000,27.22,27.22,27.22,27.22,200,0
FTAIM.US,5,20260528,215500,27.22,27.22,27.2199,27.22,2536,0
FTAIM.US,5,20260529,153000,27.4,27.4,27.4,27.4,156,0
FTAIM.US,5,20260529,153500,27.36,27.39,27.1994,27.1994,738,0
FTAIM.US,5,20260529,154000,27.15,27.15,27.15,27.15,2000,0
FTAIM.US,5,20260529,155000,27.3989,27.3989,27.11,27.11,315,0
FTAIM.US,5,20260529,170000,27.269,27.269,27.269,27.269,100,0
FTAIM.US,5,20260529,180000,27.39,27.39,27.39,27.39,100,0
FTAIM.US,5,20260529,190500,27.38,27.39,27.3525,27.3525,1600,0
FTAIM.US,5,20260601,153000,26.77,26.77,26.77,26.77,200,0
FTAIM.US,5,20260601,172500,26.72,26.72,26.72,26.72,141,0
FTAIM.US,5,20260601,175000,26.605,26.605,26.605,26.605,200,0
FTAIM.US,5,20260601,175500,26.739,26.739,26.605,26.605,600,0
FTAIM.US,5,20260601,184500,26.71,26.71,26.71,26.71,100,0
FTAIM.US,5,20260601,215500,26.72,26.72,26.62,26.71,2555,0
FTAIM.US,5,20260602,153000,26.79,26.79,26.79,26.79,575,0
FTAIM.US,5,20260602,172500,26.72,26.72,26.72,26.72,200,0
FTAIM.US,5,20260602,183000,26.8,26.8,26.76,26.76,645,0
FTAIM.US,5,20260602,191000,26.8,26.8,26.72,26.72,909,0
FTAIM.US,5,20260602,213500,26.78,26.78,26.72,26.72,322,0
FTAIM.US,5,20260602,214500,26.73,26.73,26.62,26.64,1575,0
FTAIM.US,5,20260603,153000,26.85,26.9,26.85,26.9,1614,0
FTAIM.US,5,20260604,162500,26.85,26.85,26.85,26.85,400,0
FTAIM.US,5,20260604,170500,26.8,26.8,26.8,26.8,100,0
FTAIM.US,5,20260604,174500,26.73,26.73,26.73,26.73,324,0
FTAIM.US,5,20260604,180000,26.8,26.8,26.8,26.8,318,0
FTAIM.US,5,20260604,181000,26.8,26.8,26.8,26.8,200,0
FTAIM.US,5,20260604,191000,26.715,26.715,26.715,26.715,178,0
FTAIM.US,5,20260604,211500,26.72,26.72,26.72,26.72,192,0
FTAIM.US,5,20260605,153000,26.85,26.85,26.85,26.85,357,0
FTAIM.US,5,20260605,154000,26.76,26.76,26.76,26.76,1030,0
FTAIM.US,5,20260605,154500,26.73,26.73,26.64,26.64,3000,0
FTAIM.US,5,20260605,173000,26.78,26.78,26.78,26.78,100,0
FTAIM.US,5,20260605,180500,26.74,26.74,26.74,26.74,200,0
FTAIM.US,5,20260605,185500,26.74,26.74,26.74,26.74,111,0
FTAIM.US,5,20260605,213500,26.74,26.74,26.74,26.74,114,0
FTAIM.US,5,20260608,153000,26.88,26.88,26.745,26.745,251,0
FTAIM.US,5,20260608,173000,26.88,26.88,26.88,26.88,100,0
FTAIM.US,5,20260608,192500,26.75,26.75,26.75,26.75,250,0
FTAIM.US,5,20260608,195000,26.7,26.7,26.7,26.7,700,0
FTAIM.US,5,20260608,212500,26.655,26.655,26.655,26.655,300,0
FTAIM.US,5,20260609,153000,26.66,26.66,26.66,26.66,603,0
FTAIM.US,5,20260609,154500,26.66,26.66,26.66,26.66,452,0
FTAIM.US,5,20260609,183000,26.71,26.71,26.71,26.71,234,0
FTAIM.US,5,20260611,153500,26.745,26.745,26.745,26.745,1000,0
FTAIM.US,5,20260611,194000,26.75,26.75,26.75,26.75,100,0
FTAIM.US,5,20260612,161500,26.705,26.705,26.705,26.705,500,0
FTAIM.US,5,20260612,170000,26.7,26.7,26.7,26.7,100,0
FTAIM.US,5,20260612,171000,26.655,26.655,26.655,26.655,100,0
FTAIM.US,5,20260612,175000,26.66,26.66,26.66,26.66,200,0
FTAIM.US,5,20260612,183500,26.66,26.66,26.66,26.66,200,0
FTAIM.US,5,20260612,201500,26.635,26.635,26.635,26.635,200,0
FTAIM.US,5,20260612,202000,26.66,26.66,26.66,26.66,300,0
FTAIM.US,5,20260612,202500,26.635,26.66,26.635,26.64,1615,0
FTAIM.US,5,20260612,203000,26.64,26.64,26.64,26.64,300,0
FTAIM.US,5,20260612,204500,26.64,26.64,26.6399,26.64,350,0
FTAIM.US,5,20260612,205000,26.64,26.64,26.6399,26.64,730,0
FTAIM.US,5,20260612,205500,26.6399,26.64,26.63,26.6326,900,0
FTAIM.US,5,20260612,210000,26.64,26.64,26.6399,26.6399,300,0
FTAIM.US,5,20260612,210500,26.64,26.64,26.6399,26.6399,400,0
FTAIM.US,5,20260612,211000,26.64,26.64,26.64,26.64,300,0
FTAIM.US,5,20260612,211500,26.64,26.64,26.64,26.64,100,0
FTAIM.US,5,20260612,212500,26.64,26.64,26.64,26.64,926,0
FTAIM.US,5,20260612,213500,26.64,26.64,26.6399,26.64,1000,0
FTAIM.US,5,20260612,214000,26.64,26.64,26.64,26.64,298,0
FTAIM.US,5,20260612,214500,26.64,26.64,26.635,26.635,1000,0
FTAIM.US,5,20260612,215000,26.64,26.64,26.64,26.64,100,0
FTAIM.US,5,20260612,215500,26.64,26.64,26.63,26.63,1519,0
FTAIM.US,5,20260615,153000,26.85,26.85,26.85,26.85,509,0
FTAIM.US,5,20260615,154000,26.82,26.82,26.82,26.82,125,0
FTAIM.US,5,20260615,162000,26.79,26.79,26.75,26.75,1200,0
FTAIM.US,5,20260615,170500,26.8,26.8,26.7999,26.7999,386,0
FTAIM.US,5,20260615,171000,26.75,26.75,26.7,26.7,2385,0
FTAIM.US,5,20260615,171500,26.7,26.7,26.7,26.7,100,0
FTAIM.US,5,20260615,173000,26.68,26.6829,26.675,26.675,325,0
FTAIM.US,5,20260615,173500,26.7,26.7,26.7,26.7,142,0
FTAIM.US,5,20260615,174000,26.67,26.7,26.64,26.7,1107,0
FTAIM.US,5,20260615,174500,26.64,26.7,26.64,26.7,200,0
FTAIM.US,5,20260615,175500,26.64,26.64,26.64,26.64,100,0
FTAIM.US,5,20260615,181000,26.665,26.7,26.665,26.7,1400,0
FTAIM.US,5,20260615,182500,26.7,26.7,26.7,26.7,100,0
FTAIM.US,5,20260615,183000,26.665,26.665,26.665,26.665,300,0
FTAIM.US,5,20260615,184000,26.665,26.665,26.665,26.665,100,0
FTAIM.US,5,20260615,184500,26.665,26.665,26.665,26.665,300,0
FTAIM.US,5,20260615,185000,26.7,26.7,26.63,26.63,992,0
FTAIM.US,5,20260615,190000,26.63,26.63,26.63,26.63,100,0
FTAIM.US,5,20260615,191000,26.63,26.63,26.63,26.63,100,0
FTAIM.US,5,20260615,191500,26.63,26.63,26.63,26.63,1082,0
FTAIM.US,5,20260615,201000,26.6,26.6,26.6,26.6,399,0
FTAIM.US,5,20260615,202000,26.6,26.6,26.6,26.6,201,0
FTAIM.US,5,20260615,203500,26.6,26.6,26.6,26.6,100,0
FTAIM.US,5,20260615,205500,26.68,26.7,26.68,26.7,1899,0
FTAIM.US,5,20260615,211500,26.65,26.65,26.65,26.65,100,0
FTAIM.US,5,20260615,212500,26.6519,26.6519,26.6519,26.6519,507,0
FTAIM.US,5,20260615,215000,26.645,26.7,26.645,26.7,4052,0
FTAIM.US,5,20260616,153000,26.75,26.75,26.75,26.75,1590,0
FTAIM.US,5,20260616,155000,26.845,26.845,26.805,26.845,700,0
FTAIM.US,5,20260616,160000,26.8405,26.8405,26.8405,26.8405,125,0
FTAIM.US,5,20260616,161000,26.845,26.85,26.845,26.85,250,0
FTAIM.US,5,20260616,161500,26.845,26.845,26.75,26.75,3998,0
FTAIM.US,5,20260616,163000,26.7,26.7,26.7,26.7,150,0
FTAIM.US,5,20260616,165500,26.75,26.75,26.75,26.75,100,0
FTAIM.US,5,20260616,172000,26.75,26.75,26.75,26.75,100,0
FTAIM.US,5,20260616,182500,26.7216,26.735,26.7216,26.735,300,0
FTAIM.US,5,20260616,185000,26.75,26.75,26.75,26.75,100,0
FTAIM.US,5,20260616,190000,26.75,26.75,26.75,26.75,400,0
FTAIM.US,5,20260616,191500,26.76,26.76,26.7499,26.75,2150,0
FTAIM.US,5,20260616,192000,26.745,26.75,26.745,26.75,400,0
FTAIM.US,5,20260616,193500,26.75,26.75,26.75,26.75,100,0
FTAIM.US,5,20260616,194500,26.75,26.75,26.75,26.75,100,0
FTAIM.US,5,20260616,202000,26.745,26.745,26.745,26.745,100,0
FTAIM.US,5,20260616,202500,26.74,26.74,26.74,26.74,660,0
FTAIM.US,5,20260616,210500,26.75,26.75,26.75,26.75,100,0
FTAIM.US,5,20260616,211500,26.745,26.745,26.745,26.745,150,0
FTAIM.US,5,20260616,212000,26.745,26.745,26.745,26.745,250,0
FTAIM.US,5,20260616,212500,26.75,26.75,26.7499,26.75,1730,0
FTAIM.US,5,20260616,213500,26.75,26.75,26.75,26.75,100,0
FTAIM.US,5,20260616,214500,26.75,26.75,26.75,26.75,200,0
FTAIM.US,5,20260617,153000,26.87,26.87,26.87,26.87,758,0
FTAIM.US,5,20260617,155000,26.795,26.795,26.795,26.795,300,0
FTAIM.US,5,20260617,165000,26.8,26.8,26.8,26.8,718,0
FTAIM.US,5,20260617,171500,26.7999,26.7999,26.7999,26.7999,400,0
FTAIM.US,5,20260617,172500,26.77,26.77,26.77,26.77,499,0
FTAIM.US,5,20260617,173500,26.7994,26.7994,26.7994,26.7994,142,0
FTAIM.US,5,20260617,181500,26.79,26.79,26.79,26.79,1570,0
FTAIM.US,5,20260617,184000,26.8,26.8,26.7999,26.7999,1240,0
FTAIM.US,5,20260617,184500,26.77,26.77,26.77,26.77,100,0
FTAIM.US,5,20260617,190000,26.8,26.8,26.8,26.8,1053,0
FTAIM.US,5,20260617,192000,26.8,26.8,26.7778,26.7778,400,0
FTAIM.US,5,20260617,194500,26.8,26.8,26.8,26.8,100,0
FTAIM.US,5,20260617,201000,26.8,26.8,26.8,26.8,900,0
FTAIM.US,5,20260617,202500,26.8,26.8,26.8,26.8,200,0
FTAIM.US,5,20260617,203000,26.79,26.79,26.79,26.79,840,0
FTAIM.US,5,20260617,215500,26.8,26.8,26.8,26.8,400,0
FTAIM.US,5,20260618,163500,26.6602,26.6602,26.6602,26.6602,230,0
FTAIM.US,5,20260618,164000,26.67,26.825,26.66,26.825,3013,0
FTAIM.US,5,20260618,164500,26.9899,26.9899,26.9899,26.9899,150,0
FTAIM.US,5,20260618,184000,26.7987,26.7987,26.7987,26.7987,550,0
FTAIM.US,5,20260618,184500,26.735,26.735,26.735,26.735,555,0
FTAIM.US,5,20260618,193000,26.76,26.76,26.76,26.76,250,0
FTAIM.US,5,20260618,194000,26.74,26.76,26.74,26.76,200,0
FTAIM.US,5,20260618,194500,26.76,26.76,26.76,26.76,600,0
FTAIM.US,5,20260618,201500,26.79,26.8,26.79,26.8,277,0
FTAIM.US,5,20260618,213500,26.8,26.8,26.8,26.8,1000,0
FTAIM.US,5,20260618,215000,26.8,26.8,26.8,26.8,300,0
FTAIM.US,5,20260618,215500,26.8,26.8,26.78,26.78,291,0
FTAIM.US,5,20260622,153000,26.98,26.98,26.98,26.98,185,0
FTAIM.US,5,20260622,163500,26.95,26.97,26.95,26.97,820,0
FTAIM.US,5,20260622,164000,26.98,26.98,26.98,26.98,100,0
FTAIM.US,5,20260622,174000,26.98,26.98,26.973,26.973,830,0
FTAIM.US,5,20260622,190500,27.24,27.24,27.24,27.24,100,0
FTAIM.US,5,20260622,200000,27.1,27.1,27.1,27.1,100,0
FTAIM.US,5,20260622,205000,27.05,27.05,27.05,27.05,346,0
FTAIM.US,5,20260622,214500,27.05,27.05,27.05,27.05,500,0
