<TICKER>,<PER>,<DATE>,<TIME>,<OPEN>,<HIGH>,<LOW>,<CLOSE>,<VOL>,<OPENINT>
GEG.US,5,20260126,153000,2.24,2.24,2.24,2.24,100,0
GEG.US,5,20260126,164000,2.2626,2.2626,2.2626,2.2626,200,0
GEG.US,5,20260126,172500,2.3222,2.3222,2.3222,2.3222,100,0
GEG.US,5,20260126,194000,2.281,2.281,2.281,2.281,1000,0
GEG.US,5,20260126,212000,2.275,2.275,2.275,2.275,200,0
GEG.US,5,20260126,214000,2.21,2.21,2.21,2.21,200,0
GEG.US,5,20260126,215500,2.255,2.27,2.255,2.27,1956,0
GEG.US,5,20260127,153000,2.29,2.29,2.27,2.27,623,0
GEG.US,5,20260127,180500,2.18,2.18,2.18,2.18,133,0
GEG.US,5,20260127,195500,2.2864,2.2864,2.2864,2.2864,200,0
GEG.US,5,20260127,200500,2.2,2.2,2.2,2.2,522,0
GEG.US,5,20260127,201500,2.36,2.36,2.36,2.36,300,0
GEG.US,5,20260127,203000,2.22,2.23,2.22,2.23,737,0
GEG.US,5,20260127,210500,2.24,2.24,2.24,2.24,100,0
GEG.US,5,20260127,215500,2.25,2.27,2.25,2.27,1080,0
GEG.US,5,20260128,183500,2.171,2.18,2.171,2.18,632,0
GEG.US,5,20260128,192000,2.17,2.17,2.17,2.17,100,0
GEG.US,5,20260128,194000,2.18,2.18,2.18,2.18,100,0
GEG.US,5,20260128,205500,2.224,2.224,2.224,2.224,200,0
GEG.US,5,20260128,213000,2.2101,2.2101,2.2101,2.2101,300,0
GEG.US,5,20260128,214000,2.27,2.27,2.27,2.27,499,0
GEG.US,5,20260128,215000,2.24,2.24,2.24,2.24,233,0
GEG.US,5,20260128,215500,2.21,2.24,2.21,2.24,1348,0
GEG.US,5,20260129,153000,2.1677,2.1677,2.1677,2.1677,224,0
GEG.US,5,20260129,155500,2.18,2.18,2.18,2.18,100,0
GEG.US,5,20260129,163500,2.205,2.205,2.172,2.172,200,0
GEG.US,5,20260129,171500,2.22,2.22,2.22,2.22,598,0
GEG.US,5,20260129,185000,2.22,2.22,2.22,2.22,100,0
GEG.US,5,20260129,210500,2.215,2.215,2.215,2.215,500,0
GEG.US,5,20260130,161500,2.25,2.25,2.21,2.24,1261,0
GEG.US,5,20260130,171500,2.1619,2.1619,2.1619,2.1619,189,0
GEG.US,5,20260130,183500,2.16,2.16,2.16,2.16,200,0
GEG.US,5,20260130,191000,2.15,2.15,2.15,2.15,100,0
GEG.US,5,20260130,200000,2.18,2.18,2.16,2.16,215,0
GEG.US,5,20260130,210000,2.2001,2.2001,2.2001,2.2001,1434,0
GEG.US,5,20260130,215500,2.165,2.165,2.15,2.15,2049,0
GEG.US,5,20260202,153000,2.19,2.21,2.19,2.21,400,0
GEG.US,5,20260202,154500,2.18,2.18,2.18,2.18,100,0
GEG.US,5,20260202,162000,2.14,2.15,2.1,2.1,11564,0
GEG.US,5,20260202,162500,2.1,2.1,2.1,2.1,1781,0
GEG.US,5,20260202,164000,2.06,2.06,2.06,2.06,100,0
GEG.US,5,20260202,171000,2.1,2.2,2.1,2.2,550,0
GEG.US,5,20260202,171500,2.2299,2.2299,2.11,2.11,2991,0
GEG.US,5,20260202,173500,2.1001,2.1001,2.1001,2.1001,200,0
GEG.US,5,20260202,175000,2.1,2.1,2.1,2.1,400,0
GEG.US,5,20260202,185000,2.1,2.1009,2.1,2.1009,330,0
GEG.US,5,20260202,202500,2.12,2.12,2.11,2.12,2183,0
GEG.US,5,20260202,203500,2.15,2.15,2.15,2.15,971,0
GEG.US,5,20260202,213000,2.16,2.16,2.16,2.16,100,0
GEG.US,5,20260203,154500,2.0101,2.1699,2.0101,2.1699,200,0
GEG.US,5,20260203,172000,2.07,2.07,2.07,2.07,300,0
GEG.US,5,20260203,184500,2.08,2.08,2.08,2.08,100,0
GEG.US,5,20260203,185000,2.07,2.07,2.07,2.07,200,0
GEG.US,5,20260203,193000,2.07,2.07,2.07,2.07,198,0
GEG.US,5,20260203,193500,2.07,2.0707,2.06,2.07,1243,0
GEG.US,5,20260203,203500,2.0698,2.1,2.0698,2.1,7007,0
GEG.US,5,20260203,204000,2.1,2.1,2.1,2.1,1955,0
GEG.US,5,20260204,153000,2.1,2.1,2.1,2.1,100,0
GEG.US,5,20260204,155500,2.08,2.08,2.08,2.08,350,0
GEG.US,5,20260204,163000,2.02,2.02,2.02,2.02,200,0
GEG.US,5,20260204,165000,2.0479,2.0479,2.0479,2.0479,100,0
GEG.US,5,20260204,173000,2.03,2.03,2.03,2.03,185,0
GEG.US,5,20260204,205000,2.03,2.03,2.03,2.03,632,0
GEG.US,5,20260204,210500,2.1099,2.1099,2.1099,2.1099,1500,0
GEG.US,5,20260204,215000,2.05,2.05,2.05,2.05,332,0
GEG.US,5,20260204,215500,2.05,2.05,2.05,2.05,100,0
GEG.US,5,20260205,153500,2.025,2.025,2.025,2.025,200,0
GEG.US,5,20260205,155000,2.01,2.01,2.01,2.01,200,0
GEG.US,5,20260205,160000,2.0106,2.0106,2.01,2.01,2068,0
GEG.US,5,20260205,160500,1.97,2.01,1.97,2.0099,400,0
GEG.US,5,20260205,161500,1.92,1.92,1.92,1.92,264,0
GEG.US,5,20260205,162500,1.9301,1.9301,1.9301,1.9301,300,0
GEG.US,5,20260205,163000,1.985,1.985,1.985,1.985,2000,0
GEG.US,5,20260205,163500,2.04,2.04,2.04,2.04,1600,0
GEG.US,5,20260205,170500,2.03,2.03,2.03,2.03,200,0
GEG.US,5,20260205,183000,2.03,2.03,2.03,2.03,100,0
GEG.US,5,20260205,192500,2.07,2.07,2.07,2.07,100,0
GEG.US,5,20260205,193500,2.04,2.04,2.04,2.04,100,0
GEG.US,5,20260205,195500,2.04,2.04,2.04,2.04,100,0
GEG.US,5,20260205,202000,1.9501,1.9501,1.9501,1.9501,300,0
GEG.US,5,20260205,202500,2,2,2,2,100,0
GEG.US,5,20260205,205500,1.98,1.98,1.98,1.98,102,0
GEG.US,5,20260205,211000,2.04,2.1099,2.002,2.002,1428,0
GEG.US,5,20260205,214500,2.06,2.06,2.06,2.06,117,0
GEG.US,5,20260206,155500,2.01,2.035,1.97,2.035,503,0
GEG.US,5,20260206,161500,2.14,2.14,1.9201,1.9201,1000,0
GEG.US,5,20260206,162500,2.135,2.135,2.135,2.135,100,0
GEG.US,5,20260206,163000,2.03,2.03,2.03,2.03,200,0
GEG.US,5,20260206,163500,2.0013,2.0013,2.0013,2.0013,1000,0
GEG.US,5,20260206,164000,1.9201,1.9201,1.9201,1.9201,300,0
GEG.US,5,20260206,165000,2.12,2.12,2.12,2.12,100,0
GEG.US,5,20260206,170000,2,2,2,2,112,0
GEG.US,5,20260206,173000,2.135,2.135,2.135,2.135,100,0
GEG.US,5,20260206,175000,2.026,2.026,2.026,2.026,300,0
GEG.US,5,20260206,185000,2.09,2.09,2.09,2.09,100,0
GEG.US,5,20260206,193000,2.105,2.105,2.105,2.105,100,0
GEG.US,5,20260206,193500,2.06,2.06,2.06,2.06,100,0
GEG.US,5,20260206,205500,2.135,2.135,2.135,2.135,100,0
GEG.US,5,20260206,212500,2.135,2.135,2.135,2.135,100,0
GEG.US,5,20260206,215500,2.07,2.07,2.04,2.04,2072,0
GEG.US,5,20260209,154000,2.04,2.04,2.04,2.04,114,0
GEG.US,5,20260209,170500,2.02,2.02,2.02,2.02,100,0
GEG.US,5,20260209,172000,2.03,2.03,2.03,2.03,100,0
GEG.US,5,20260209,185500,2.0505,2.0505,2.0505,2.0505,200,0
GEG.US,5,20260209,192000,2.01,2.01,2.01,2.01,100,0
GEG.US,5,20260209,192500,2.01,2.01,2.01,2.01,200,0
GEG.US,5,20260209,194000,2.0118,2.0118,2.0118,2.0118,203,0
GEG.US,5,20260209,195000,2.0101,2.0101,2.0101,2.0101,286,0
GEG.US,5,20260209,203000,2.08,2.08,2.07,2.08,393,0
GEG.US,5,20260209,214000,2.055,2.055,2.055,2.055,300,0
GEG.US,5,20260209,215000,2.03,2.03,2.03,2.03,100,0
GEG.US,5,20260209,215500,2,2.02,2,2.02,200,0
GEG.US,5,20260210,153000,2,2,2,2,151,0
GEG.US,5,20260210,155000,2,2,2,2,100,0
GEG.US,5,20260210,160000,2,2,2,2,200,0
GEG.US,5,20260210,160500,2.02,2.14,2.02,2.14,2088,0
GEG.US,5,20260210,161000,2.07,2.08,2.05,2.08,1100,0
GEG.US,5,20260210,163500,2.1,2.1005,2.1,2.1005,716,0
GEG.US,5,20260210,164500,2.1,2.1,2.1,2.1,103,0
GEG.US,5,20260210,170000,2.09,2.095,2.09,2.09,500,0
GEG.US,5,20260210,170500,2.1,2.1,2.1,2.1,514,0
GEG.US,5,20260210,192500,2.1074,2.1074,2.08,2.08,671,0
GEG.US,5,20260210,210500,2.0777,2.0777,2.0777,2.0777,200,0
GEG.US,5,20260210,211500,2.0639,2.0639,2.0639,2.0639,240,0
GEG.US,5,20260210,214500,2.02,2.02,2.02,2.02,100,0
GEG.US,5,20260210,215500,2.08,2.18,2.08,2.145,11420,0
GEG.US,5,20260211,175500,2.06,2.0745,2.06,2.0745,315,0
GEG.US,5,20260211,190000,2.01,2.01,2.01,2.01,200,0
GEG.US,5,20260211,203500,2.02,2.03,2.02,2.03,896,0
GEG.US,5,20260211,215500,2.01,2.01,2.01,2.01,559,0
GEG.US,5,20260212,161500,2.06,2.07,2.06,2.07,300,0
GEG.US,5,20260212,162000,2.09,2.09,2.09,2.09,102,0
GEG.US,5,20260212,171000,2.03,2.03,2.01,2.03,300,0
GEG.US,5,20260212,202500,2.05,2.05,2.05,2.05,100,0
GEG.US,5,20260212,215500,2.04,2.04,2.02,2.02,513,0
GEG.US,5,20260213,153500,2.08,2.08,2.08,2.08,100,0
GEG.US,5,20260213,174500,2.195,2.195,2.195,2.195,300,0
GEG.US,5,20260213,175000,2.04,2.04,2.04,2.04,199,0
GEG.US,5,20260213,191000,2.155,2.155,2.155,2.155,200,0
GEG.US,5,20260213,212000,2.14,2.14,2.14,2.14,100,0
GEG.US,5,20260213,213000,2.05,2.05,2.05,2.05,200,0
GEG.US,5,20260213,215000,2.04,2.07,2.04,2.05,1296,0
GEG.US,5,20260213,215500,2.1,2.1,2.1,2.1,204,0
GEG.US,5,20260217,182000,2.1,2.1,2.1,2.1,200,0
GEG.US,5,20260217,184000,2.06,2.06,2.06,2.06,200,0
GEG.US,5,20260217,195000,2.05,2.0899,2.0401,2.0401,500,0
GEG.US,5,20260217,205500,2.07,2.09,2.07,2.08,1155,0
GEG.US,5,20260217,210000,2.09,2.09,2.09,2.09,200,0
GEG.US,5,20260217,210500,2.09,2.1,2.08,2.1,4700,0
GEG.US,5,20260217,211500,2.0962,2.0962,2.0962,2.0962,250,0
GEG.US,5,20260217,215000,2.09,2.12,2.075,2.12,1650,0
GEG.US,5,20260217,215500,2.12,2.12,2.12,2.12,371,0
GEG.US,5,20260218,155500,2.09,2.09,2.09,2.09,182,0
GEG.US,5,20260218,161500,2.14,2.14,2.14,2.14,100,0
GEG.US,5,20260218,163500,2.24,2.24,2.24,2.24,200,0
GEG.US,5,20260218,165500,2.17,2.17,2.17,2.17,1736,0
GEG.US,5,20260218,183500,2.1,2.1,2.1,2.1,190,0
GEG.US,5,20260218,194500,2.14,2.14,2.14,2.14,562,0
GEG.US,5,20260218,212500,2.1403,2.1403,2.1403,2.1403,779,0
GEG.US,5,20260218,215000,2.15,2.24,2.15,2.24,300,0
GEG.US,5,20260218,215500,2.1619,2.1619,2.1619,2.1619,123,0
GEG.US,5,20260219,181500,2.08,2.08,2.08,2.08,100,0
GEG.US,5,20260219,192000,2.11,2.11,2.11,2.11,100,0
GEG.US,5,20260219,195000,2.09,2.09,2.09,2.09,200,0
GEG.US,5,20260219,195500,2.09,2.09,2.09,2.09,100,0
GEG.US,5,20260219,213500,2.08,2.08,2.08,2.08,691,0
GEG.US,5,20260219,214000,2.08,2.08,2.08,2.08,215,0
GEG.US,5,20260219,215000,2.08,2.08,2.08,2.08,100,0
GEG.US,5,20260219,215500,2.08,2.08,2.08,2.08,100,0
GEG.US,5,20260220,200000,2.08,2.08,2.08,2.08,100,0
GEG.US,5,20260220,201500,2.1046,2.1046,2.1046,2.1046,200,0
GEG.US,5,20260220,202500,2.0713,2.0713,2.0713,2.0713,200,0
GEG.US,5,20260220,213500,2.09,2.09,2.09,2.09,100,0
GEG.US,5,20260220,215500,2.08,2.08,2.08,2.08,499,0
GEG.US,5,20260223,171000,2.05,2.05,2.05,2.05,150,0
GEG.US,5,20260223,210000,2.08,2.08,2.08,2.08,602,0
GEG.US,5,20260223,212000,2.1465,2.1465,2.1465,2.1465,3000,0
GEG.US,5,20260224,153500,2.01,2.01,2.01,2.01,100,0
GEG.US,5,20260224,160500,2.1115,2.1115,2.1115,2.1115,119,0
GEG.US,5,20260224,162000,2.02,2.02,2,2.02,7927,0
GEG.US,5,20260224,163500,2,2,2,2,20000,0
GEG.US,5,20260224,164000,2,2,2,2,24948,0
GEG.US,5,20260224,164500,2.0042,2.0042,2.0042,2.0042,300,0
GEG.US,5,20260224,165000,2,2,2,2,100,0
GEG.US,5,20260224,165500,2,2,2,2,22717,0
GEG.US,5,20260224,170500,2,2,2,2,4300,0
GEG.US,5,20260224,171000,2,2,2,2,16236,0
GEG.US,5,20260224,171500,2,2,2,2,300,0
GEG.US,5,20260224,172500,2,2,2,2,7349,0
GEG.US,5,20260224,173000,1.99,1.99,1.99,1.99,100,0
GEG.US,5,20260224,174000,2,2,2,2,11580,0
GEG.US,5,20260224,175000,1.9901,1.9901,1.9901,1.9901,800,0
GEG.US,5,20260224,175500,2,2,1.995,2,11478,0
GEG.US,5,20260224,180000,2,2,2,2,3000,0
GEG.US,5,20260224,180500,2,2,2,2,63914,0
GEG.US,5,20260224,181000,2,2,2,2,35080,0
GEG.US,5,20260224,183000,2.01,2.01,2.01,2.01,1028,0
GEG.US,5,20260224,212000,2.01,2.01,2.01,2.01,100,0
GEG.US,5,20260224,215500,2.01,2.065,2.01,2.06,1445,0
GEG.US,5,20260225,153000,2.07,2.07,2.07,2.07,294,0
GEG.US,5,20260225,182500,2.04,2.05,2.04,2.05,28338,0
GEG.US,5,20260225,183500,2.05,2.05,2.05,2.05,53100,0
GEG.US,5,20260225,193000,2.05,2.05,2.05,2.05,100,0
GEG.US,5,20260225,194000,2.0515,2.0515,2.0515,2.0515,200,0
GEG.US,5,20260225,194500,2.045,2.045,2.045,2.045,100,0
GEG.US,5,20260225,195500,2.04,2.04,2.04,2.04,202,0
GEG.US,5,20260225,200000,2.0301,2.0301,2.0301,2.0301,300,0
GEG.US,5,20260225,202500,2.04,2.0899,2.04,2.0401,300,0
GEG.US,5,20260225,215500,2.0301,2.05,2.0301,2.05,200,0
GEG.US,5,20260226,170000,2.05,2.05,2.05,2.05,269,0
GEG.US,5,20260226,171500,2.05,2.05,2.05,2.05,300,0
GEG.US,5,20260226,182000,2.07,2.09,2.07,2.09,308,0
GEG.US,5,20260226,185000,2.115,2.115,2.115,2.115,300,0
GEG.US,5,20260226,193500,2.1,2.1,2.1,2.1,5240,0
GEG.US,5,20260226,203500,2.11,2.11,2.11,2.11,127,0
GEG.US,5,20260227,162500,2.0501,2.0501,2.0501,2.0501,200,0
GEG.US,5,20260227,164000,2.02,2.02,2.0002,2.0008,915,0
GEG.US,5,20260227,164500,2.075,2.075,2.075,2.075,200,0
GEG.US,5,20260227,172500,2.09,2.09,2.09,2.09,488,0
GEG.US,5,20260227,180000,2.01,2.01,2.01,2.01,200,0
GEG.US,5,20260227,182500,2.01,2.01,2.01,2.01,100,0
GEG.US,5,20260227,184500,2.05,2.05,2.05,2.05,200,0
GEG.US,5,20260227,191000,2.04,2.04,2.04,2.04,100,0
GEG.US,5,20260227,195000,2.04,2.04,2.04,2.04,800,0
GEG.US,5,20260227,205000,2.0101,2.0101,2.0101,2.0101,120,0
GEG.US,5,20260227,210000,2.03,2.03,2.03,2.03,300,0
GEG.US,5,20260227,214000,2.05,2.05,2.05,2.05,2434,0
GEG.US,5,20260302,153000,1.99,1.99,1.99,1.99,109,0
GEG.US,5,20260302,170500,2.0475,2.0475,2.0475,2.0475,200,0
GEG.US,5,20260302,173500,2.04,2.04,2.04,2.04,113,0
GEG.US,5,20260302,180000,2.0568,2.0568,2.0568,2.0568,300,0
GEG.US,5,20260302,195000,2.03,2.03,2.03,2.03,145,0
GEG.US,5,20260302,200000,2.05,2.05,2.05,2.05,50000,0
GEG.US,5,20260302,200500,2.0465,2.0465,2.0465,2.0465,100,0
GEG.US,5,20260302,214500,2.095,2.095,2.095,2.095,500,0
GEG.US,5,20260302,215000,2.095,2.095,2.095,2.095,1600,0
GEG.US,5,20260302,215500,2.095,2.095,2.04,2.04,40545,0
GEG.US,5,20260303,160000,2.0576,2.0576,2.0576,2.0576,100,0
GEG.US,5,20260303,163500,2.05,2.05,2.05,2.05,3800,0
GEG.US,5,20260303,165500,2,2,2,2,100,0
GEG.US,5,20260303,170000,2.01,2.01,2.01,2.01,236,0
GEG.US,5,20260303,170500,2.02,2.02,2.02,2.02,2997,0
GEG.US,5,20260303,171000,2.02,2.02,2.02,2.02,2065,0
GEG.US,5,20260303,171500,2.02,2.02,2.02,2.02,236,0
GEG.US,5,20260303,172000,2.02,2.02,2.02,2.02,236,0
GEG.US,5,20260303,172500,2.02,2.02,2.02,2.02,236,0
GEG.US,5,20260303,173000,2.02,2.02,2.02,2.02,118,0
GEG.US,5,20260303,174000,2,2,2,2,100,0
GEG.US,5,20260303,174500,2,2,2,2,200,0
GEG.US,5,20260303,175000,2,2,2,2,200,0
GEG.US,5,20260303,175500,2,2,2,2,16370,0
GEG.US,5,20260303,180000,2,2.01,2,2,33911,0
GEG.US,5,20260303,181000,2.0167,2.0167,2.0167,2.0167,100,0
GEG.US,5,20260303,183000,1.99,2,1.99,2,20462,0
GEG.US,5,20260303,183500,2,2,2,2,500,0
GEG.US,5,20260303,184000,2.01,2.01,2,2,200,0
GEG.US,5,20260303,184500,2.01,2.01,2,2,309,0
GEG.US,5,20260303,185000,2,2,2,2,500,0
GEG.US,5,20260303,191000,2.01,2.01,2,2,660,0
GEG.US,5,20260303,192000,2,2,2,2,200,0
GEG.US,5,20260303,194000,2,2,2,2,100,0
GEG.US,5,20260303,194500,2.0002,2.0002,2.0002,2.0002,700,0
GEG.US,5,20260303,200000,2,2,2,2,100,0
GEG.US,5,20260303,203000,2,2,2,2,100,0
GEG.US,5,20260303,205000,2,2,2,2,100,0
GEG.US,5,20260303,211000,2,2,2,2,100,0
GEG.US,5,20260303,213000,2,2,2,2,100,0
GEG.US,5,20260303,213500,2,2,2,2,200,0
GEG.US,5,20260303,214000,2,2,2,2,5165,0
GEG.US,5,20260303,214500,2,2.01,2,2.01,16497,0
GEG.US,5,20260303,215000,2,2.02,2,2.02,50487,0
GEG.US,5,20260303,215500,2.01,2.02,2,2.01,23831,0
GEG.US,5,20260304,163500,2.0019,2.0019,2.0019,2.0019,100,0
GEG.US,5,20260304,164000,2.05,2.05,2.05,2.05,200,0
GEG.US,5,20260304,172500,2.0535,2.0535,2.0535,2.0535,300,0
GEG.US,5,20260304,174500,2.05,2.05,2.05,2.05,100,0
GEG.US,5,20260304,191000,2,2,2,2,286,0
GEG.US,5,20260304,201500,2,2,2,2,100,0
GEG.US,5,20260304,210000,2.03,2.03,2.03,2.03,500,0
GEG.US,5,20260304,210500,2.04,2.04,2.04,2.04,2000,0
GEG.US,5,20260304,214500,2.05,2.05,2.05,2.05,100,0
GEG.US,5,20260305,182000,2.02,2.02,2,2,239,0
GEG.US,5,20260305,182500,2.0751,2.0751,2.0751,2.0751,200,0
GEG.US,5,20260305,185500,2.0223,2.0223,2.0223,2.0223,200,0
GEG.US,5,20260305,194500,2.09,2.09,2.09,2.09,100,0
GEG.US,5,20260305,201000,2.02,2.02,2,2.01,3323,0
GEG.US,5,20260305,202000,2.05,2.05,2.05,2.05,49929,0
GEG.US,5,20260305,203000,2.04,2.05,2.04,2.05,25178,0
GEG.US,5,20260305,203500,2.05,2.07,2.05,2.055,27333,0
GEG.US,5,20260305,205500,2.05,2.05,2.05,2.05,11261,0
GEG.US,5,20260305,210500,2.05,2.055,2.05,2.05,1706,0
GEG.US,5,20260305,213500,2.05,2.05,2.05,2.05,200,0
GEG.US,5,20260305,214000,2.0425,2.05,2.0425,2.05,567,0
GEG.US,5,20260305,215000,2.05,2.05,2.05,2.05,473,0
GEG.US,5,20260305,215500,2.07,2.07,2.05,2.05,608,0
GEG.US,5,20260306,165000,2.05,2.05,2.05,2.05,510,0
GEG.US,5,20260306,171000,2.05,2.05,2.05,2.05,300,0
GEG.US,5,20260306,181000,2.095,2.095,2.095,2.095,200,0
GEG.US,5,20260306,192500,2.09,2.09,2.09,2.09,1000,0
GEG.US,5,20260306,195500,2.08,2.08,2.08,2.08,300,0
GEG.US,5,20260306,203000,2.03,2.03,2.03,2.03,100,0
GEG.US,5,20260306,203500,2.03,2.05,2.03,2.05,500,0
GEG.US,5,20260306,204000,2.05,2.05,2.03,2.05,2598,0
GEG.US,5,20260306,204500,2.05,2.05,2.045,2.05,1848,0
GEG.US,5,20260306,205000,2.05,2.05,2.05,2.05,100,0
GEG.US,5,20260306,205500,2.05,2.05,2.05,2.05,100,0
GEG.US,5,20260306,210000,2.05,2.06,2.05,2.06,2928,0
GEG.US,5,20260306,210500,2.05,2.05,2.05,2.05,200,0
GEG.US,5,20260306,212500,2.05,2.05,2.05,2.05,3466,0
GEG.US,5,20260306,214000,2.02,2.05,2.02,2.05,1000,0
GEG.US,5,20260306,215000,2.02,2.05,2.02,2.05,2450,0
GEG.US,5,20260306,215500,2.05,2.07,2.05,2.05,2500,0
GEG.US,5,20260309,162500,2.01,2.01,2.01,2.01,100,0
GEG.US,5,20260309,171500,2.0489,2.0489,2.0489,2.0489,200,0
GEG.US,5,20260309,182500,2.02,2.02,2.02,2.02,100,0
GEG.US,5,20260309,183000,2.05,2.05,2.05,2.05,404,0
GEG.US,5,20260309,185500,2.05,2.05,2.02,2.05,3153,0
GEG.US,5,20260309,191000,2.03,2.03,2,2.01,100194,0
GEG.US,5,20260309,191500,2.01,2.01,2.01,2.01,100,0
GEG.US,5,20260309,193000,2.035,2.04,2.035,2.04,504,0
GEG.US,5,20260309,193500,2.04,2.04,2.04,2.04,900,0
GEG.US,5,20260309,195000,2.035,2.035,2.035,2.035,200,0
GEG.US,5,20260309,204500,2.035,2.05,2.035,2.04,780,0
GEG.US,5,20260309,205500,2.05,2.08,2.05,2.06,3502,0
GEG.US,5,20260310,153500,2.02,2.02,2.02,2.02,267,0
GEG.US,5,20260310,154500,2.03,2.03,2.03,2.03,100,0
GEG.US,5,20260310,165000,2.02,2.02,2.02,2.02,100,0
GEG.US,5,20260310,172500,2.0551,2.0551,2.0551,2.0551,299,0
GEG.US,5,20260310,195500,2.0599,2.0599,2.05,2.0599,300,0
GEG.US,5,20260310,202500,2.05,2.05,2.05,2.05,200,0
GEG.US,5,20260310,204000,2.05,2.06,2.05,2.06,300,0
GEG.US,5,20260310,205500,2.08,2.08,2.08,2.08,158,0
GEG.US,5,20260311,160000,2.0801,2.0801,2.0801,2.0801,299,0
GEG.US,5,20260311,160500,2.075,2.075,2.075,2.075,100,0
GEG.US,5,20260311,183500,2.09,2.09,2.03,2.07,4116,0
GEG.US,5,20260311,190500,2.07,2.07,2.07,2.07,300,0
GEG.US,5,20260311,195500,2.07,2.07,2.07,2.07,966,0
GEG.US,5,20260311,202500,2.06,2.06,2.06,2.06,100,0
GEG.US,5,20260311,205500,2.07,2.07,2.05,2.05,774,0
GEG.US,5,20260312,143000,2.05,2.05,2.05,2.05,942,0
GEG.US,5,20260312,145500,2.03,2.03,2.03,2.03,25700,0
GEG.US,5,20260312,150000,2.03,2.03,2.03,2.03,225100,0
GEG.US,5,20260312,150500,2.04,2.04,2.04,2.04,1000,0
GEG.US,5,20260312,151500,2.025,2.03,2.025,2.03,114188,0
GEG.US,5,20260312,152000,2.03,2.03,2.03,2.03,100507,0
GEG.US,5,20260312,153500,2.03,2.03,2.025,2.025,300,0
GEG.US,5,20260312,154500,2.03,2.03,2.03,2.03,100,0
GEG.US,5,20260312,155500,2.07,2.07,2.07,2.07,368,0
GEG.US,5,20260312,161000,2.07,2.07,2.07,2.07,200,0
GEG.US,5,20260312,181000,2.08,2.08,2.08,2.08,181,0
GEG.US,5,20260312,182500,2.1,2.1,2.1,2.1,300,0
GEG.US,5,20260312,184500,2.09,2.09,2.09,2.09,100,0
GEG.US,5,20260312,191500,2.07,2.07,2.07,2.07,754,0
GEG.US,5,20260312,193500,2.034,2.034,2.03,2.0301,1892,0
GEG.US,5,20260312,205500,2.0939,2.0939,2.0939,2.0939,611,0
GEG.US,5,20260313,150500,2.015,2.015,2.015,2.015,100,0
GEG.US,5,20260313,155500,2.02,2.02,2.02,2.02,100,0
GEG.US,5,20260313,165000,2.0701,2.0701,2.0701,2.0701,200,0
GEG.US,5,20260313,172500,2.1,2.1,2.1,2.1,296,0
GEG.US,5,20260313,175000,2.085,2.085,2.085,2.085,300,0
GEG.US,5,20260313,192000,2.095,2.095,2.095,2.095,1525,0
GEG.US,5,20260313,193000,2.1,2.1,2.1,2.1,300,0
GEG.US,5,20260313,201500,2.064,2.064,2.064,2.064,200,0
GEG.US,5,20260313,202500,2.03,2.03,2.03,2.03,300,0
GEG.US,5,20260313,205500,2.08,2.08,2.05,2.05,300,0
GEG.US,5,20260316,143500,2.08,2.12,2.06,2.11,3913,0
GEG.US,5,20260316,144500,2.1,2.1,2.09,2.09,302,0
GEG.US,5,20260316,151500,2.13,2.13,2.13,2.13,200,0
GEG.US,5,20260316,153500,2.1,2.1,2.1,2.1,100,0
GEG.US,5,20260316,155500,2.135,2.135,2.135,2.135,100,0
GEG.US,5,20260316,161500,2.11,2.11,2.11,2.11,368,0
GEG.US,5,20260316,164500,2.1101,2.1101,2.1101,2.1101,300,0
GEG.US,5,20260316,180500,2.1116,2.1116,2.1116,2.1116,300,0
GEG.US,5,20260316,182500,2.11,2.11,2.11,2.11,328,0
GEG.US,5,20260316,202000,2.11,2.11,2.11,2.11,100,0
GEG.US,5,20260316,204500,2.125,2.125,2.125,2.125,100,0
GEG.US,5,20260316,205500,2.12,2.12,2.1,2.1,1229,0
GEG.US,5,20260317,143000,2.14,2.14,2.14,2.14,250,0
GEG.US,5,20260317,151500,2.11,2.11,2.11,2.11,296,0
GEG.US,5,20260317,161500,2.11,2.11,2.1,2.1,968,0
GEG.US,5,20260317,162000,2.0982,2.0982,2.0982,2.0982,200,0
GEG.US,5,20260317,162500,2.05,2.05,2.05,2.05,246,0
GEG.US,5,20260317,172000,2.06,2.1,2.06,2.1,200,0
GEG.US,5,20260317,173000,2.06,2.11,2.01,2.01,11996,0
GEG.US,5,20260317,173500,2.01,2.01,2.005,2.01,9059,0
GEG.US,5,20260317,174500,2.01,2.01,2.01,2.01,100,0
GEG.US,5,20260317,175000,2.002,2.06,2,2.05,11036,0
GEG.US,5,20260317,175500,2,2.01,2,2,10052,0
GEG.US,5,20260317,181000,1.98,1.99,1.97,1.98,900,0
GEG.US,5,20260317,184000,1.98,1.98,1.98,1.98,100,0
GEG.US,5,20260317,193500,1.97,1.97,1.97,1.97,100,0
GEG.US,5,20260317,195000,1.97,1.97,1.97,1.97,200,0
GEG.US,5,20260317,203500,1.98,1.98,1.98,1.98,245,0
GEG.US,5,20260317,204000,2.01,2.01,2.01,2.01,5099,0
GEG.US,5,20260317,205000,2.03,2.03,2.01,2.01,396,0
GEG.US,5,20260317,205500,2,2,1.99,1.99,1285,0
GEG.US,5,20260318,173000,1.92,1.92,1.92,1.92,200,0
GEG.US,5,20260318,174000,1.98,1.98,1.98,1.98,500,0
GEG.US,5,20260318,182500,1.965,1.965,1.965,1.965,505,0
GEG.US,5,20260318,192000,1.9514,1.9514,1.9514,1.9514,168,0
GEG.US,5,20260318,205500,1.95,1.95,1.95,1.95,2148,0
GEG.US,5,20260319,144500,1.86,1.86,1.86,1.86,403,0
GEG.US,5,20260319,161000,1.87,1.87,1.87,1.87,100,0
GEG.US,5,20260319,174000,1.91,1.91,1.91,1.91,100,0
GEG.US,5,20260319,183500,1.945,1.945,1.945,1.945,101,0
GEG.US,5,20260319,193000,1.9,1.9,1.9,1.9,300,0
GEG.US,5,20260320,154500,1.97,1.97,1.97,1.97,100,0
GEG.US,5,20260320,155500,1.97,1.97,1.97,1.97,100,0
GEG.US,5,20260320,171500,1.8832,1.8832,1.8832,1.8832,100,0
GEG.US,5,20260320,175500,1.9,1.9,1.9,1.9,194,0
GEG.US,5,20260320,180500,1.9,1.9,1.9,1.9,1000,0
GEG.US,5,20260320,182500,1.85,1.85,1.85,1.85,500,0
GEG.US,5,20260320,183000,1.85,1.85,1.85,1.85,100,0
GEG.US,5,20260320,183500,1.85,1.88,1.85,1.88,310,0
GEG.US,5,20260320,184500,1.88,1.88,1.88,1.88,100,0
GEG.US,5,20260320,185000,1.88,1.88,1.85,1.85,390,0
GEG.US,5,20260320,193000,1.85,1.85,1.85,1.85,608,0
GEG.US,5,20260320,195000,1.92,1.92,1.92,1.92,100,0
GEG.US,5,20260320,200000,1.85,1.85,1.85,1.85,100,0
GEG.US,5,20260320,202000,1.94,1.94,1.9093,1.9093,225,0
GEG.US,5,20260320,205000,1.9,1.9,1.82,1.82,4000,0
GEG.US,5,20260320,205500,1.81,1.89,1.81,1.81,61125,0
GEG.US,5,20260323,144500,1.89,1.89,1.81,1.81,300,0
GEG.US,5,20260323,150000,1.88,1.88,1.88,1.88,100,0
GEG.US,5,20260323,151000,1.89,1.89,1.81,1.81,200,0
GEG.US,5,20260323,163000,1.85,1.85,1.85,1.85,1600,0
GEG.US,5,20260323,164000,1.84,1.87,1.82,1.87,700,0
GEG.US,5,20260323,164500,1.85,1.85,1.85,1.85,400,0
GEG.US,5,20260323,165500,1.85,1.85,1.85,1.85,100,0
GEG.US,5,20260323,172500,1.9,1.9,1.9,1.9,100,0
GEG.US,5,20260323,173000,1.89,1.89,1.89,1.89,100,0
GEG.US,5,20260323,190000,1.86,1.86,1.86,1.86,100,0
GEG.US,5,20260323,200000,1.8594,1.8594,1.8594,1.8594,200,0
GEG.US,5,20260323,202500,1.875,1.875,1.875,1.875,204,0
GEG.US,5,20260324,165000,1.81,1.81,1.81,1.81,200,0
GEG.US,5,20260324,180000,1.9,1.9,1.9,1.9,100,0
GEG.US,5,20260324,194500,1.8101,1.8101,1.8101,1.8101,202,0
GEG.US,5,20260324,203500,1.87,1.87,1.87,1.87,3600,0
GEG.US,5,20260324,204000,1.875,1.875,1.875,1.875,200,0
GEG.US,5,20260324,205000,1.85,1.87,1.85,1.87,856,0
GEG.US,5,20260324,205500,1.87,1.88,1.86,1.86,3941,0
GEG.US,5,20260325,143000,1.9319,1.9319,1.9319,1.9319,100,0
GEG.US,5,20260325,153500,1.87,1.87,1.87,1.87,200,0
GEG.US,5,20260325,190000,1.84,1.84,1.84,1.84,100,0
GEG.US,5,20260325,192500,1.81,1.8575,1.81,1.8575,300,0
GEG.US,5,20260325,194500,1.88,1.9,1.88,1.9,3955,0
GEG.US,5,20260325,205500,1.88,1.88,1.88,1.88,266,0
GEG.US,5,20260326,145000,1.81,1.81,1.81,1.81,100,0
GEG.US,5,20260326,152500,1.9,1.9,1.85,1.86,1600,0
GEG.US,5,20260326,153000,1.87,1.92,1.87,1.92,1000,0
GEG.US,5,20260326,165500,1.85,1.85,1.85,1.85,200,0
GEG.US,5,20260326,183500,1.85,1.85,1.85,1.85,100,0
GEG.US,5,20260326,191000,1.85,1.85,1.85,1.85,100,0
GEG.US,5,20260326,192500,1.85,1.85,1.85,1.85,100,0
GEG.US,5,20260326,193500,1.83,1.83,1.83,1.83,300,0
GEG.US,5,20260326,195500,1.93,1.93,1.93,1.93,5015,0
GEG.US,5,20260326,200000,1.93,1.93,1.89,1.89,17277,0
GEG.US,5,20260326,201500,1.88,1.88,1.87,1.87,200,0
GEG.US,5,20260326,202000,1.87,1.885,1.87,1.885,700,0
GEG.US,5,20260326,204000,1.87,1.87,1.87,1.87,100,0
GEG.US,5,20260326,204500,1.8875,1.8875,1.8875,1.8875,200,0
GEG.US,5,20260326,205000,1.87,1.87,1.87,1.87,400,0
GEG.US,5,20260326,205500,1.8875,1.91,1.8875,1.89,2440,0
GEG.US,5,20260327,190000,1.86,1.86,1.86,1.86,300,0
GEG.US,5,20260327,190500,1.81,1.81,1.81,1.81,100,0
GEG.US,5,20260327,201500,1.83,1.87,1.81,1.87,8584,0
GEG.US,5,20260327,203500,1.81,1.81,1.81,1.81,100,0
GEG.US,5,20260327,204000,1.85,1.85,1.85,1.85,200,0
GEG.US,5,20260327,204500,1.83,1.86,1.83,1.85,1200,0
GEG.US,5,20260327,205500,1.85,1.88,1.85,1.88,787,0
GEG.US,5,20260330,165500,1.8007,1.8007,1.8007,1.8007,270,0
GEG.US,5,20260330,173000,1.86,1.86,1.86,1.86,100,0
GEG.US,5,20260330,180000,1.86,1.86,1.86,1.86,100,0
GEG.US,5,20260330,185500,1.86,1.86,1.85,1.86,300,0
GEG.US,5,20260330,191000,1.86,1.86,1.86,1.86,100,0
GEG.US,5,20260330,211500,1.895,1.895,1.895,1.895,497,0
GEG.US,5,20260330,214000,1.86,1.86,1.86,1.86,100,0
GEG.US,5,20260330,215500,1.87,1.87,1.86,1.87,706,0
GEG.US,5,20260331,160500,1.86,1.86,1.86,1.86,612,0
GEG.US,5,20260331,161500,1.86,1.86,1.86,1.86,100,0
GEG.US,5,20260331,164500,1.8501,1.8501,1.8501,1.8501,5791,0
GEG.US,5,20260331,171500,1.85,1.88,1.85,1.87,1740,0
GEG.US,5,20260331,173500,1.8628,1.8628,1.8628,1.8628,100,0
GEG.US,5,20260331,181000,1.85,1.85,1.85,1.85,100,0
GEG.US,5,20260331,181500,1.85,1.85,1.85,1.85,200,0
GEG.US,5,20260331,182500,1.875,1.875,1.875,1.875,300,0
GEG.US,5,20260331,183500,1.85,1.85,1.85,1.85,100,0
GEG.US,5,20260331,185000,1.87,1.87,1.87,1.87,300,0
GEG.US,5,20260331,191500,1.85,1.85,1.85,1.85,100,0
GEG.US,5,20260331,194000,1.87,1.87,1.87,1.87,230,0
GEG.US,5,20260331,200000,1.85,1.87,1.85,1.87,504,0
GEG.US,5,20260331,200500,1.85,1.87,1.85,1.87,400,0
GEG.US,5,20260331,201000,1.85,1.87,1.85,1.85,500,0
GEG.US,5,20260331,201500,1.87,1.87,1.87,1.87,200,0
GEG.US,5,20260331,204000,1.85,1.87,1.85,1.87,1100,0
GEG.US,5,20260331,205500,1.87,1.87,1.87,1.87,200,0
GEG.US,5,20260331,210500,1.87,1.89,1.87,1.88,2942,0
GEG.US,5,20260331,212000,1.87,1.88,1.87,1.88,208,0
GEG.US,5,20260331,213500,1.86,1.86,1.86,1.86,100,0
GEG.US,5,20260331,214000,1.87,1.87,1.87,1.87,300,0
GEG.US,5,20260331,215000,1.88,1.88,1.88,1.88,200,0
GEG.US,5,20260331,215500,1.88,1.88,1.87,1.87,903,0
GEG.US,5,20260401,153000,1.9,1.95,1.9,1.95,1628,0
GEG.US,5,20260401,161000,1.88,1.88,1.85,1.88,2113,0
GEG.US,5,20260401,191500,1.86,1.86,1.86,1.86,100,0
GEG.US,5,20260401,201000,1.86,1.88,1.86,1.88,400,0
GEG.US,5,20260401,215500,1.8975,1.9,1.88,1.9,1088,0
GEG.US,5,20260402,153000,1.9,1.9,1.9,1.9,200,0
GEG.US,5,20260402,160500,1.8745,1.8745,1.8702,1.8702,679,0
GEG.US,5,20260402,183500,1.86,1.86,1.86,1.86,600,0
GEG.US,5,20260402,184500,1.85,1.87,1.85,1.87,224,0
GEG.US,5,20260402,185500,1.86,1.86,1.86,1.86,131,0
GEG.US,5,20260402,201500,1.9,1.91,1.88,1.88,5257,0
GEG.US,5,20260402,211500,1.86,1.89,1.86,1.89,300,0
GEG.US,5,20260402,215000,1.9,1.9,1.86,1.87,1796,0
GEG.US,5,20260402,215500,1.88,1.9,1.88,1.89,2878,0
GEG.US,5,20260406,153000,2,2,2,2,22000,0
GEG.US,5,20260406,155000,1.919,1.98,1.919,1.92,1000,0
GEG.US,5,20260406,162500,1.93,1.93,1.93,1.93,400,0
GEG.US,5,20260406,163500,1.93,1.93,1.925,1.93,2112,0
GEG.US,5,20260406,164000,1.94,1.95,1.94,1.95,792,0
GEG.US,5,20260406,173000,1.95,1.95,1.95,1.95,200,0
GEG.US,5,20260406,180000,1.95,1.95,1.95,1.95,919,0
GEG.US,5,20260406,193000,1.93,1.93,1.93,1.93,100,0
GEG.US,5,20260406,211000,1.9428,1.9428,1.9428,1.9428,409,0
GEG.US,5,20260406,211500,1.99,2,1.98,2,5040,0
GEG.US,5,20260406,212000,2,2,2,2,1140,0
GEG.US,5,20260406,214500,2.03,2.03,2.03,2.03,100,0
GEG.US,5,20260406,215500,2,2.02,2,2.02,1689,0
GEG.US,5,20260407,153000,2,2,2,2,3780,0
GEG.US,5,20260407,205000,2,2,2,2,100,0
GEG.US,5,20260407,205500,2,2,2,2,100,0
GEG.US,5,20260407,213000,2.02,2.02,2.02,2.02,100,0
GEG.US,5,20260407,214500,2.03,2.03,2,2.03,1000,0
GEG.US,5,20260408,153000,2.01,2.06,2.01,2.05,418,0
GEG.US,5,20260408,160500,2,2.01,2,2.01,200,0
GEG.US,5,20260408,161500,2.02,2.02,2.02,2.02,100,0
GEG.US,5,20260408,164500,2.0067,2.0067,2.0067,2.0067,1000,0
GEG.US,5,20260408,165500,2.05,2.05,2.05,2.05,100,0
GEG.US,5,20260408,174000,2.05,2.05,2.05,2.05,158,0
GEG.US,5,20260408,181000,2.05,2.07,2.05,2.07,2093,0
GEG.US,5,20260408,185000,2.04,2.04,2.04,2.04,150,0
GEG.US,5,20260408,185500,2.0592,2.06,2.0592,2.06,500,0
GEG.US,5,20260408,201500,2.04,2.04,2.04,2.04,100,0
GEG.US,5,20260408,213500,2.03,2.03,2.03,2.03,790,0
GEG.US,5,20260408,214500,2.045,2.045,2.045,2.045,100,0
GEG.US,5,20260408,215000,2.05,2.05,2.05,2.05,225,0
GEG.US,5,20260408,215500,2.01,2.01,2.005,2.005,278,0
GEG.US,5,20260409,153000,2.04,2.04,2.04,2.04,100,0
GEG.US,5,20260409,185500,2.04,2.04,2.04,2.04,100,0
GEG.US,5,20260409,212500,2.015,2.015,2.015,2.015,200,0
GEG.US,5,20260409,213000,2,2,2,2,206,0
GEG.US,5,20260409,213500,2,2,2,2,100,0
GEG.US,5,20260409,215000,2,2.01,2,2.01,2613,0
GEG.US,5,20260409,215500,2.01,2.01,2.01,2.01,101,0
GEG.US,5,20260410,153000,2,2,2,2,4020,0
GEG.US,5,20260410,155000,2,2,2,2,200,0
GEG.US,5,20260410,172000,2,2,2,2,100,0
GEG.US,5,20260410,184500,2,2,2,2,804,0
GEG.US,5,20260410,201000,1.99,1.99,1.99,1.99,100,0
GEG.US,5,20260410,203500,1.99,1.99,1.99,1.99,300,0
GEG.US,5,20260410,215500,2,2,2,2,100,0
GEG.US,5,20260413,195500,2.01,2.01,2.01,2.01,200,0
GEG.US,5,20260413,200000,2,2,2,2,300,0
GEG.US,5,20260413,215000,2.01,2.01,2.01,2.01,205,0
GEG.US,5,20260414,153000,2,2,2,2,1192,0
GEG.US,5,20260414,153500,2,2,2,2,100,0
GEG.US,5,20260414,163000,2.015,2.02,2.015,2.02,504,0
GEG.US,5,20260414,174000,2.02,2.02,2.02,2.02,200,0
GEG.US,5,20260414,200000,2.02,2.0201,2.02,2.0201,2530,0
GEG.US,5,20260414,200500,2.005,2.005,2.005,2.005,100,0
GEG.US,5,20260414,201500,2.005,2.005,2.005,2.005,100,0
GEG.US,5,20260414,202000,2.01,2.01,2.005,2.005,521,0
GEG.US,5,20260414,202500,2.01,2.02,2,2.015,3225,0
GEG.US,5,20260414,210000,2.02,2.02,2.02,2.02,3218,0
GEG.US,5,20260414,210500,2.02,2.03,2.02,2.03,200,0
GEG.US,5,20260414,211000,2.04,2.04,2.04,2.04,2500,0
GEG.US,5,20260414,211500,2.03,2.03,2.03,2.03,100,0
GEG.US,5,20260414,212000,2.03,2.03,2.03,2.03,100,0
GEG.US,5,20260414,215000,2.02,2.02,2.02,2.02,200,0
GEG.US,5,20260414,215500,2.01,2.02,2,2,995,0
GEG.US,5,20260415,153500,2.02,2.02,2.02,2.02,100,0
GEG.US,5,20260415,154500,2.02,2.02,2.02,2.02,100,0
GEG.US,5,20260415,172000,2.0375,2.0375,2.0375,2.0375,100,0
GEG.US,5,20260415,174000,2.04,2.04,2.04,2.04,300,0
GEG.US,5,20260415,185500,2.03,2.03,2.03,2.03,800,0
GEG.US,5,20260415,201500,2.03,2.03,2.03,2.03,100,0
GEG.US,5,20260415,202000,2.015,2.015,2.015,2.015,200,0
GEG.US,5,20260415,205500,2.03,2.03,2.03,2.03,214,0
GEG.US,5,20260415,210000,2.04,2.04,2.04,2.04,2320,0
GEG.US,5,20260415,211000,2.03,2.04,2.03,2.04,516,0
GEG.US,5,20260416,173000,2.055,2.055,2.055,2.055,577,0
GEG.US,5,20260416,180500,2.055,2.055,2.055,2.055,577,0
GEG.US,5,20260416,182500,2.02,2.02,2.02,2.02,104,0
GEG.US,5,20260416,183000,2.01,2.01,2.01,2.01,112,0
GEG.US,5,20260416,184000,2.04,2.07,2.04,2.07,529,0
GEG.US,5,20260416,194500,2.05,2.05,2.05,2.05,109,0
GEG.US,5,20260416,201500,2.05,2.05,2.05,2.05,100,0
GEG.US,5,20260416,204000,2.05,2.05,2.05,2.05,100,0
GEG.US,5,20260416,205000,2.05,2.05,2.05,2.05,276,0
GEG.US,5,20260416,211500,2.05,2.05,2.05,2.05,100,0
GEG.US,5,20260416,212000,2.05,2.05,2.05,2.05,100,0
GEG.US,5,20260416,215000,2.045,2.045,2.045,2.045,100,0
GEG.US,5,20260416,215500,2.05,2.05,2.05,2.05,200,0
GEG.US,5,20260417,155500,2.09,2.09,2.09,2.09,313,0
GEG.US,5,20260417,160000,2.11,2.11,2.11,2.11,300,0
GEG.US,5,20260417,160500,2.11,2.15,2.11,2.15,5805,0
GEG.US,5,20260417,161000,2.15,2.15,2.15,2.15,4773,0
GEG.US,5,20260417,162500,2.16,2.16,2.16,2.16,100,0
GEG.US,5,20260417,163000,2.15,2.15,2.15,2.15,200,0
GEG.US,5,20260417,163500,2.15,2.15,2.15,2.15,100,0
GEG.US,5,20260417,181000,2.16,2.16,2.16,2.16,100,0
GEG.US,5,20260417,191500,2.16,2.16,2.16,2.16,899,0
GEG.US,5,20260417,193000,2.16,2.16,2.16,2.16,100,0
GEG.US,5,20260417,205000,2.15,2.15,2.15,2.15,100,0
GEG.US,5,20260420,153000,2.19,2.19,2.19,2.19,508,0
GEG.US,5,20260420,162500,2.15,2.15,2.15,2.15,100,0
GEG.US,5,20260420,170000,2.13,2.13,2.13,2.13,101,0
GEG.US,5,20260420,174500,2.125,2.125,2.125,2.125,800,0
GEG.US,5,20260420,180000,2.07,2.07,2.07,2.07,100,0
GEG.US,5,20260420,193000,2.1,2.1,2.1,2.1,100,0
GEG.US,5,20260420,195000,2.09,2.09,2.09,2.09,100,0
GEG.US,5,20260420,200000,2.12,2.12,2.12,2.12,100,0
GEG.US,5,20260420,201500,2.11,2.11,2.11,2.11,100,0
GEG.US,5,20260420,203500,2.19,2.19,2.19,2.19,100,0
GEG.US,5,20260420,210500,2.19,2.19,2.19,2.19,100,0
GEG.US,5,20260420,212500,2.16,2.16,2.16,2.16,100,0
GEG.US,5,20260420,215000,2.1,2.17,2.1,2.13,500,0
GEG.US,5,20260420,215500,2.13,2.15,2.11,2.11,651,0
GEG.US,5,20260421,185000,2.11,2.11,2.11,2.11,101,0
GEG.US,5,20260421,191500,2.06,2.06,2.06,2.06,100,0
GEG.US,5,20260421,211000,2.05,2.05,2.05,2.05,100,0
GEG.US,5,20260422,190000,2.06,2.06,2.06,2.06,100,0
GEG.US,5,20260422,191500,2.06,2.06,2.06,2.06,1333,0
GEG.US,5,20260422,200000,2.0568,2.0568,2.0568,2.0568,166,0
GEG.US,5,20260422,211000,2.05,2.08,2.05,2.08,400,0
GEG.US,5,20260423,160500,2.105,2.105,2.105,2.105,675,0
GEG.US,5,20260423,163500,2.06,2.06,2.06,2.06,100,0
GEG.US,5,20260423,171500,2.06,2.06,2.06,2.06,100,0
GEG.US,5,20260423,172000,2.06,2.06,2.06,2.06,100,0
GEG.US,5,20260423,185500,2.05,2.05,2.05,2.05,200,0
GEG.US,5,20260423,195500,2.05,2.05,2.05,2.05,100,0
GEG.US,5,20260423,203000,2.06,2.06,2.06,2.06,100,0
GEG.US,5,20260423,213500,2.06,2.06,2.06,2.06,100,0
GEG.US,5,20260423,215500,2.05,2.06,2.05,2.06,238,0
GEG.US,5,20260424,155000,2.05,2.05,2.05,2.05,100,0
GEG.US,5,20260424,185000,2.05,2.05,2.05,2.05,100,0
GEG.US,5,20260424,215500,2.05,2.05,2.05,2.05,198,0
GEG.US,5,20260427,213500,2.09,2.105,2.09,2.105,358,0
GEG.US,5,20260427,215500,2.06,2.06,2.06,2.06,478,0
GEG.US,5,20260428,154500,2.05,2.05,2.05,2.05,100,0
GEG.US,5,20260428,174500,2.05,2.05,2.05,2.05,100,0
GEG.US,5,20260428,200500,2.05,2.05,2.05,2.05,100,0
GEG.US,5,20260428,202000,2.05,2.05,2.05,2.05,100,0
GEG.US,5,20260428,215500,2.06,2.06,2.06,2.06,468,0
GEG.US,5,20260429,155500,2.05,2.06,2.05,2.06,887,0
GEG.US,5,20260429,163500,2.1,2.1,2.1,2.1,300,0
GEG.US,5,20260429,165000,2.05,2.05,2.05,2.05,540,0
GEG.US,5,20260429,175000,2.05,2.05,2.05,2.05,100,0
GEG.US,5,20260429,211000,2.06,2.06,2.06,2.06,100,0
GEG.US,5,20260429,211500,2.06,2.06,2.06,2.06,100,0
GEG.US,5,20260430,165000,2.06,2.14,2.05,2.14,9966,0
GEG.US,5,20260430,184500,2.06,2.06,2.06,2.06,100,0
GEG.US,5,20260430,194500,2.06,2.06,2.06,2.06,100,0
GEG.US,5,20260430,205500,2.06,2.06,2.06,2.06,100,0
GEG.US,5,20260430,215000,2.06,2.07,2.06,2.07,300,0
GEG.US,5,20260501,154500,2.05,2.0501,2.05,2.0501,291,0
GEG.US,5,20260501,172000,2.05,2.05,2.05,2.05,100,0
GEG.US,5,20260501,174000,2.06,2.06,2.06,2.06,100,0
GEG.US,5,20260504,162500,2.05,2.05,2.05,2.05,100,0
GEG.US,5,20260504,213500,2.05,2.05,2.05,2.05,100,0
GEG.US,5,20260505,154000,2.115,2.115,2.115,2.115,474,0
GEG.US,5,20260505,195500,2.05,2.05,2.05,2.05,100,0
GEG.US,5,20260506,155500,2.05,2.05,2.05,2.05,100,0
GEG.US,5,20260506,184000,2.1639,2.1639,2.1639,2.1639,100,0
GEG.US,5,20260506,184500,2.1,2.1,2.1,2.1,194,0
GEG.US,5,20260506,201000,2.05,2.05,2.05,2.05,200,0
GEG.US,5,20260506,210000,2.0501,2.0501,2.0501,2.0501,205,0
GEG.US,5,20260506,215500,2.06,2.06,2.05,2.05,400,0
GEG.US,5,20260507,155500,2.13,2.13,2.13,2.13,500,0
GEG.US,5,20260507,160500,2.05,2.05,2.05,2.05,100,0
GEG.US,5,20260507,165500,2.05,2.05,2.05,2.05,183,0
GEG.US,5,20260507,171000,2.05,2.05,2.05,2.05,100,0
GEG.US,5,20260507,185500,2.05,2.07,2.05,2.05,3362,0
GEG.US,5,20260507,190000,2.05,2.05,2.05,2.05,200,0
GEG.US,5,20260507,190500,2.05,2.05,2.05,2.05,510,0
GEG.US,5,20260507,191000,2.05,2.05,2.05,2.05,100,0
GEG.US,5,20260507,191500,2.06,2.06,2.06,2.06,100,0
GEG.US,5,20260507,195000,2.05,2.05,2.05,2.05,298,0
GEG.US,5,20260507,204000,2.05,2.05,2.05,2.05,100,0
GEG.US,5,20260507,205000,2.05,2.05,2.05,2.05,217,0
GEG.US,5,20260507,215000,2.06,2.06,2.05,2.05,400,0
GEG.US,5,20260507,215500,2.05,2.05,2.05,2.05,226,0
GEG.US,5,20260508,155000,2.06,2.06,2.06,2.06,100,0
GEG.US,5,20260508,190500,2.105,2.105,2.105,2.105,9302,0
GEG.US,5,20260508,192000,2.105,2.105,2.105,2.105,200,0
GEG.US,5,20260508,192500,2.105,2.105,2.105,2.105,100,0
GEG.US,5,20260508,202000,2.06,2.06,2.06,2.06,100,0
GEG.US,5,20260508,203000,2.06,2.06,2.06,2.06,571,0
GEG.US,5,20260508,215000,2.07,2.07,2.07,2.07,335,0
GEG.US,5,20260508,215500,2.05,2.05,2.05,2.05,100,0
GEG.US,5,20260511,153000,2.15,2.15,2.15,2.15,307,0
GEG.US,5,20260511,154500,2.07,2.07,2.07,2.07,100,0
GEG.US,5,20260511,163500,2.115,2.115,2.115,2.115,9302,0
GEG.US,5,20260511,165500,2.06,2.06,2.06,2.06,100,0
GEG.US,5,20260511,192500,2.06,2.06,2.06,2.06,100,0
GEG.US,5,20260511,193500,2.05,2.05,2.05,2.05,100,0
GEG.US,5,20260511,194000,2.05,2.05,2.05,2.05,882,0
GEG.US,5,20260511,194500,2.05,2.05,2.05,2.05,525,0
GEG.US,5,20260511,200500,2.17,2.17,2.17,2.17,100,0
GEG.US,5,20260511,214500,2.125,2.17,2.125,2.17,2618,0
GEG.US,5,20260511,215000,2.15,2.18,2.13,2.13,6140,0
GEG.US,5,20260511,215500,2.17,2.17,2.14,2.14,3387,0
GEG.US,5,20260512,160000,2.2,2.2,2.2,2.2,100,0
GEG.US,5,20260512,162500,2.165,2.165,2.165,2.165,387,0
GEG.US,5,20260512,173000,2.15,2.15,2.15,2.15,100,0
GEG.US,5,20260512,184000,2.15,2.15,2.15,2.15,100,0
GEG.US,5,20260512,211000,2.15,2.15,2.15,2.15,447,0
GEG.US,5,20260512,215500,2.18,2.18,2.18,2.18,179,0
GEG.US,5,20260513,154500,2.12,2.12,2.12,2.12,100,0
GEG.US,5,20260513,174500,2.17,2.17,2.129,2.129,1093,0
GEG.US,5,20260513,192000,2.15,2.15,2.15,2.15,514,0
GEG.US,5,20260513,200500,2.145,2.145,2.145,2.145,100,0
GEG.US,5,20260513,215000,2.2,2.21,2.2,2.21,3910,0
GEG.US,5,20260513,215500,2.22,2.22,2.2,2.2,751,0
GEG.US,5,20260514,153000,2.22,2.22,2.22,2.22,100,0
GEG.US,5,20260514,154500,2.21,2.21,2.1258,2.1258,246,0
GEG.US,5,20260514,162500,2.22,2.22,2.22,2.22,200,0
GEG.US,5,20260514,171000,2.23,2.23,2.23,2.23,155,0
GEG.US,5,20260514,172000,2.19,2.19,2.16,2.16,330,0
GEG.US,5,20260514,180500,2.205,2.205,2.205,2.205,216,0
GEG.US,5,20260514,181500,2.205,2.205,2.205,2.205,100,0
GEG.US,5,20260514,185000,2.23,2.23,2.23,2.23,200,0
GEG.US,5,20260514,191500,2.23,2.23,2.23,2.23,187,0
GEG.US,5,20260514,194500,2.23,2.24,2.23,2.24,540,0
GEG.US,5,20260514,202500,2.24,2.24,2.24,2.24,963,0
GEG.US,5,20260514,203500,2.215,2.215,2.1801,2.1801,400,0
GEG.US,5,20260514,204000,2.18,2.18,2.18,2.18,600,0
GEG.US,5,20260514,215500,2.22,2.22,2.22,2.22,115,0
GEG.US,5,20260515,165500,2.19,2.19,2.1815,2.1815,800,0
GEG.US,5,20260515,183000,2.18,2.18,2.18,2.18,237,0
GEG.US,5,20260515,191500,2.24,2.24,2.24,2.24,300,0
GEG.US,5,20260515,213500,2.13,2.13,2.13,2.13,100,0
GEG.US,5,20260518,203500,2.1501,2.1501,2.1501,2.1501,100,0
GEG.US,5,20260518,215500,2.15,2.15,2.15,2.15,100,0
GEG.US,5,20260519,193500,2.145,2.145,2.145,2.145,169,0
GEG.US,5,20260519,204500,2.145,2.145,2.145,2.145,100,0
GEG.US,5,20260519,215500,2.15,2.15,2.15,2.15,100,0
GEG.US,5,20260520,154000,2.06,2.08,2.0502,2.08,3589,0
GEG.US,5,20260520,155500,2.125,2.15,2.125,2.15,336,0
GEG.US,5,20260520,160000,2.15,2.15,2.15,2.15,101,0
GEG.US,5,20260520,161500,2.1375,2.1375,2.1375,2.1375,100,0
GEG.US,5,20260520,200500,2.145,2.145,2.145,2.145,100,0
GEG.US,5,20260520,205500,2.18,2.18,2.18,2.18,100,0
GEG.US,5,20260521,154500,2.1475,2.1475,2.1475,2.1475,100,0
GEG.US,5,20260521,161500,2.1475,2.1475,2.1475,2.1475,100,0
GEG.US,5,20260521,180000,2.1475,2.1475,2.1475,2.1475,100,0
GEG.US,5,20260521,195500,2.15,2.15,2.15,2.15,999,0
GEG.US,5,20260521,205500,2.15,2.15,2.15,2.15,300,0
GEG.US,5,20260521,210000,2.15,2.18,2.15,2.15,800,0
GEG.US,5,20260521,215500,2.2,2.2,2.2,2.2,225,0
GEG.US,5,20260522,182000,2.14,2.14,2.14,2.14,100,0
GEG.US,5,20260522,195000,2.1475,2.1475,2.1475,2.1475,100,0
GEG.US,5,20260522,215500,2.15,2.15,2.15,2.15,100,0
GEG.US,5,20260526,153000,2.15,2.15,2.15,2.15,1041,0
GEG.US,5,20260526,154500,2.16,2.16,2.16,2.16,100,0
GEG.US,5,20260526,161500,2.16,2.16,2.16,2.16,626,0
GEG.US,5,20260526,174000,2.1601,2.1601,2.16,2.16,200,0
GEG.US,5,20260526,211000,2.1699,2.1699,2.165,2.165,472,0
GEG.US,5,20260526,211500,2.165,2.17,2.165,2.165,1720,0
GEG.US,5,20260527,153000,2.16,2.16,2.16,2.16,100,0
GEG.US,5,20260527,160000,2.16,2.16,2.16,2.16,100,0
GEG.US,5,20260527,205000,2.16,2.16,2.16,2.16,351,0
GEG.US,5,20260527,215500,2.16,2.16,2.16,2.16,100,0
GEG.US,5,20260528,174000,2.1501,2.1501,2.1501,2.1501,625,0
GEG.US,5,20260529,153000,2.16,2.16,2.16,2.16,2000,0
GEG.US,5,20260529,164000,2.15,2.15,2.15,2.15,100,0
GEG.US,5,20260529,180500,2.15,2.15,2.15,2.15,100,0
GEG.US,5,20260529,191500,2.16,2.17,2.16,2.16,8817,0
GEG.US,5,20260529,192500,2.16,2.16,2.16,2.16,914,0
GEG.US,5,20260529,193000,2.16,2.16,2.16,2.16,2615,0
GEG.US,5,20260529,193500,2.16,2.16,2.16,2.16,3977,0
GEG.US,5,20260529,194500,2.195,2.195,2.15,2.15,200,0
GEG.US,5,20260529,201000,2.15,2.15,2.15,2.15,2062,0
GEG.US,5,20260529,204500,2.15,2.15,2.15,2.15,100,0
GEG.US,5,20260529,205500,2.15,2.15,2.15,2.15,100,0
GEG.US,5,20260529,210500,2.16,2.16,2.16,2.16,100,0
GEG.US,5,20260529,212000,2.15,2.15,2.15,2.15,100,0
GEG.US,5,20260529,213000,2.15,2.15,2.15,2.15,100,0
GEG.US,5,20260601,153000,2.15,2.15,2.15,2.15,101,0
GEG.US,5,20260601,161500,2.12,2.12,2.12,2.12,100,0
GEG.US,5,20260601,181000,2.15,2.15,2.15,2.15,100,0
GEG.US,5,20260601,215000,2.16,2.16,2.15,2.15,519,0
GEG.US,5,20260601,215500,2.15,2.15,2.15,2.15,100,0
GEG.US,5,20260602,162000,2.15,2.15,2.15,2.15,637,0
GEG.US,5,20260602,170000,2.15,2.15,2.15,2.15,100,0
GEG.US,5,20260602,170500,2.15,2.15,2.15,2.15,1303,0
GEG.US,5,20260602,200000,2.15,2.24,2.15,2.24,566,0
GEG.US,5,20260602,204500,2.15,2.15,2.15,2.15,100,0
GEG.US,5,20260602,210500,2.15,2.15,2.15,2.15,226,0
GEG.US,5,20260602,211000,2.12,2.12,2.12,2.12,202,0
GEG.US,5,20260602,213500,2.15,2.15,2.15,2.15,1350,0
GEG.US,5,20260603,155500,2.16,2.21,2.16,2.21,986,0
GEG.US,5,20260603,161500,2.1001,2.1001,2.1001,2.1001,833,0
GEG.US,5,20260603,180000,2.24,2.24,2.24,2.24,100,0
GEG.US,5,20260603,191500,2.1301,2.1301,2.1301,2.1301,100,0
GEG.US,5,20260603,205500,2.15,2.15,2.15,2.15,1100,0
GEG.US,5,20260603,210000,2.15,2.16,2.15,2.15,1000,0
GEG.US,5,20260603,215000,2.15,2.15,2.15,2.15,200,0
GEG.US,5,20260604,160500,2.17,2.17,2.17,2.17,200,0
GEG.US,5,20260604,161500,2.18,2.18,2.18,2.18,500,0
GEG.US,5,20260604,172500,2.2,2.2,2.2,2.2,285,0
GEG.US,5,20260604,182000,2.15,2.15,2.15,2.15,100,0
GEG.US,5,20260604,182500,2.2,2.2,2.2,2.2,726,0
GEG.US,5,20260604,183000,2.2,2.24,2.2,2.24,3682,0
GEG.US,5,20260604,183500,2.2,2.2,2.2,2.2,1000,0
GEG.US,5,20260604,184000,2.2,2.24,2.19,2.2,5365,0
GEG.US,5,20260604,191000,2.2,2.2,2.2,2.2,129,0
GEG.US,5,20260604,191500,2.2,2.24,2.2,2.2,2451,0
GEG.US,5,20260604,192000,2.2,2.24,2.2,2.24,32246,0
GEG.US,5,20260604,193500,2.22,2.3,2.22,2.265,6484,0
GEG.US,5,20260604,194000,2.28,2.28,2.27,2.28,600,0
GEG.US,5,20260604,212500,2.28,2.28,2.28,2.28,399,0
GEG.US,5,20260604,213000,2.2801,2.2804,2.2801,2.2804,210,0
GEG.US,5,20260604,213500,2.28,2.28,2.28,2.28,200,0
GEG.US,5,20260604,214500,2.2,2.2,2.2,2.2,100,0
GEG.US,5,20260605,155500,2.17,2.17,2.17,2.17,100,0
GEG.US,5,20260605,160000,2.2433,2.2433,2.2433,2.2433,950,0
GEG.US,5,20260605,162500,2.17,2.22,2.17,2.22,1548,0
GEG.US,5,20260605,163000,2.25,2.35,2.25,2.35,319,0
GEG.US,5,20260605,165000,2.28,2.28,2.28,2.28,100,0
GEG.US,5,20260605,170000,2.22,2.22,2.22,2.22,100,0
GEG.US,5,20260605,170500,2.2,2.2,2.2,2.2,279,0
GEG.US,5,20260605,171000,2.185,2.24,2.185,2.22,838,0
GEG.US,5,20260605,173000,2.22,2.24,2.205,2.205,3458,0
GEG.US,5,20260605,182500,2.215,2.2175,2.215,2.2175,780,0
GEG.US,5,20260605,200500,2.27,2.27,2.24,2.24,2805,0
GEG.US,5,20260605,212000,2.22,2.22,2.22,2.22,100,0
GEG.US,5,20260605,212500,2.24,2.25,2.235,2.25,394,0
GEG.US,5,20260605,213500,2.25,2.26,2.25,2.26,4932,0
GEG.US,5,20260605,214000,2.24,2.24,2.24,2.24,134,0
GEG.US,5,20260605,215500,2.26,2.26,2.26,2.26,100,0
GEG.US,5,20260608,162000,2.24,2.24,2.24,2.24,100,0
GEG.US,5,20260608,163500,2.24,2.24,2.24,2.24,400,0
GEG.US,5,20260608,173000,2.25,2.25,2.25,2.25,100,0
GEG.US,5,20260608,175500,2.26,2.26,2.26,2.26,225,0
GEG.US,5,20260608,180000,2.24,2.24,2.24,2.24,100,0
GEG.US,5,20260608,182500,2.24,2.24,2.24,2.24,100,0
GEG.US,5,20260608,184000,2.24,2.32,2.24,2.32,307,0
GEG.US,5,20260608,195000,2.24,2.24,2.24,2.24,100,0
GEG.US,5,20260608,211500,2.24,2.24,2.24,2.24,200,0
GEG.US,5,20260609,155500,2.155,2.155,2.155,2.155,2000,0
GEG.US,5,20260609,161500,2.2499,2.25,2.2499,2.25,605,0
GEG.US,5,20260609,164500,2.145,2.145,2.145,2.145,100,0
GEG.US,5,20260609,173500,2.23,2.24,2.23,2.24,3714,0
GEG.US,5,20260609,174000,2.21,2.24,2.2,2.2399,2034,0
GEG.US,5,20260609,174500,2.24,2.24,2.24,2.24,580,0
GEG.US,5,20260609,175500,2.23,2.23,2.23,2.23,187,0
GEG.US,5,20260609,180000,2.25,2.25,2.235,2.235,1582,0
GEG.US,5,20260609,180500,2.25,2.25,2.25,2.25,100,0
GEG.US,5,20260609,182000,2.25,2.25,2.25,2.25,1123,0
GEG.US,5,20260609,183000,2.24,2.24,2.24,2.24,377,0
GEG.US,5,20260609,185500,2.22,2.23,2.22,2.23,200,0
GEG.US,5,20260609,190500,2.235,2.25,2.235,2.25,600,0
GEG.US,5,20260609,200000,2.22,2.23,2.22,2.22,934,0
GEG.US,5,20260609,203500,2.24,2.24,2.24,2.24,268,0
GEG.US,5,20260609,204500,2.24,2.24,2.24,2.24,500,0
GEG.US,5,20260609,205000,2.24,2.24,2.24,2.24,583,0
GEG.US,5,20260609,210000,2.24,2.24,2.24,2.24,412,0
GEG.US,5,20260610,154500,2.145,2.24,2.145,2.24,5223,0
GEG.US,5,20260610,161000,2.235,2.235,2.235,2.235,200,0
GEG.US,5,20260610,164000,2.24,2.24,2.24,2.24,1500,0
GEG.US,5,20260610,164500,2.24,2.24,2.24,2.24,350,0
GEG.US,5,20260610,165000,2.24,2.24,2.24,2.24,1650,0
GEG.US,5,20260610,170000,2.25,2.34,2.2426,2.2426,7507,0
GEG.US,5,20260610,170500,2.31,2.31,2.31,2.31,307,0
GEG.US,5,20260610,171500,2.275,2.275,2.25,2.25,300,0
GEG.US,5,20260610,172500,2.24,2.24,2.24,2.24,2285,0
GEG.US,5,20260610,173500,2.24,2.24,2.24,2.24,4889,0
GEG.US,5,20260610,180500,2.24,2.24,2.24,2.24,100,0
GEG.US,5,20260610,185500,2.255,2.255,2.255,2.255,100,0
GEG.US,5,20260610,204000,2.24,2.24,2.24,2.24,167,0
GEG.US,5,20260610,205500,2.24,2.24,2.24,2.24,28155,0
GEG.US,5,20260610,211500,2.24,2.24,2.24,2.24,100,0
GEG.US,5,20260610,215000,2.25,2.25,2.25,2.25,285,0
GEG.US,5,20260610,215500,2.24,2.25,2.24,2.25,6331,0
GEG.US,5,20260611,160000,2.2,2.2,2.2,2.2,200,0
GEG.US,5,20260611,170000,2.2,2.2,2.2,2.2,1000,0
GEG.US,5,20260611,175500,2.24,2.24,2.24,2.24,1400,0
GEG.US,5,20260611,195500,2.24,2.24,2.24,2.24,1100,0
GEG.US,5,20260611,200500,2.24,2.24,2.24,2.24,165,0
GEG.US,5,20260611,213500,2.23,2.23,2.23,2.23,500,0
GEG.US,5,20260611,214000,2.24,2.24,2.23,2.23,636,0
GEG.US,5,20260611,214500,2.24,2.24,2.24,2.24,2000,0
GEG.US,5,20260611,215000,2.28,2.28,2.28,2.28,400,0
GEG.US,5,20260612,173000,2.2,2.2,2.2,2.2,269,0
GEG.US,5,20260612,180500,2.25,2.25,2.25,2.25,120,0
GEG.US,5,20260612,192500,2.25,2.25,2.25,2.25,100,0
GEG.US,5,20260612,215500,2.25,2.25,2.25,2.25,1623,0
GEG.US,5,20260615,154000,2.28,2.28,2.28,2.28,1000,0
GEG.US,5,20260615,160500,2.25,2.25,2.25,2.25,1000,0
GEG.US,5,20260615,164500,2.29,2.35,2.29,2.3499,3385,0
GEG.US,5,20260615,190500,2.26,2.26,2.26,2.26,100,0
GEG.US,5,20260615,191000,2.25,2.25,2.25,2.25,603,0
GEG.US,5,20260615,204000,2.25,2.25,2.25,2.25,100,0
GEG.US,5,20260615,213000,2.3,2.3,2.3,2.3,178,0
GEG.US,5,20260615,215500,2.28,2.28,2.24,2.24,836,0
GEG.US,5,20260616,162500,2.25,2.25,2.25,2.25,6663,0
GEG.US,5,20260616,165000,2.25,2.25,2.25,2.25,1737,0
GEG.US,5,20260616,170000,2.25,2.25,2.25,2.25,500,0
GEG.US,5,20260616,173000,2.28,2.31,2.28,2.31,8408,0
GEG.US,5,20260616,192000,2.26,2.26,2.2501,2.2502,803,0
GEG.US,5,20260616,201000,2.31,2.31,2.31,2.31,2221,0
GEG.US,5,20260616,210000,2.26,2.26,2.26,2.26,100,0
GEG.US,5,20260616,212000,2.31,2.31,2.31,2.31,4111,0
GEG.US,5,20260616,215500,2.3,2.3,2.29,2.29,6004,0
GEG.US,5,20260617,155500,2.22,2.22,2.22,2.22,100,0
GEG.US,5,20260617,160500,2.22,2.23,2.22,2.23,202,0
GEG.US,5,20260617,172000,2.3071,2.3071,2.3071,2.3071,884,0
GEG.US,5,20260617,201500,2.24,2.24,2.24,2.24,100,0
GEG.US,5,20260617,215500,2.29,2.29,2.29,2.29,2288,0
GEG.US,5,20260618,160000,2.3,2.3,2.27,2.27,304,0
GEG.US,5,20260618,184500,2.19,2.19,2.17,2.17,208,0
GEG.US,5,20260618,210500,2.17,2.17,2.17,2.17,100,0
GEG.US,5,20260618,214500,2.17,2.17,2.17,2.17,180,0
GEG.US,5,20260618,215000,2.35,2.78,2.255,2.75,25256,0
GEG.US,5,20260618,215500,2.81,2.81,2.68,2.72,4589,0
GEG.US,5,20260622,153000,2.61,2.61,2.56,2.5999,1650,0
GEG.US,5,20260622,154000,2.59,2.59,2.589,2.589,444,0
GEG.US,5,20260622,154500,2.61,2.61,2.58,2.6,796,0
GEG.US,5,20260622,155000,2.6,2.66,2.58,2.58,3163,0
GEG.US,5,20260622,155500,2.65,2.65,2.65,2.65,309,0
GEG.US,5,20260622,160000,2.61,2.62,2.61,2.62,831,0
GEG.US,5,20260622,161000,2.58,2.58,2.505,2.51,844,0
GEG.US,5,20260622,162000,2.47,2.49,2.47,2.49,600,0
GEG.US,5,20260622,163500,2.5,2.5,2.425,2.425,4200,0
GEG.US,5,20260622,165000,2.4,2.4,2.4,2.4,2741,0
GEG.US,5,20260622,185500,2.4,2.4,2.4,2.4,152,0
GEG.US,5,20260622,194500,2.3503,2.3503,2.3503,2.3503,290,0
GEG.US,5,20260622,202500,2.4,2.4,2.4,2.4,100,0
GEG.US,5,20260622,210500,2.4,2.4,2.4,2.4,997,0
GEG.US,5,20260622,215500,2.41,2.41,2.38,2.38,300,0
