<TICKER>,<PER>,<DATE>,<TIME>,<OPEN>,<HIGH>,<LOW>,<CLOSE>,<VOL>,<OPENINT>
GIXXU.US,5,20260127,171000,10.05,10.07,10.05,10.055,1879474,0
GIXXU.US,5,20260127,171500,10.05,10.055,10.0499,10.05,1561426,0
GIXXU.US,5,20260127,172000,10.0499,10.05,10.04,10.045,305935,0
GIXXU.US,5,20260127,172500,10.04,10.05,10.04,10.045,157650,0
GIXXU.US,5,20260127,173000,10.04,10.045,10.04,10.04,21522,0
GIXXU.US,5,20260127,173500,10.045,10.0499,10.04,10.04,29405,0
GIXXU.US,5,20260127,174000,10.04,10.05,10.04,10.04,40300,0
GIXXU.US,5,20260127,174500,10.04,10.04,10.04,10.04,7300,0
GIXXU.US,5,20260127,175000,10.04,10.04,10.04,10.04,300,0
GIXXU.US,5,20260127,175500,10.04,10.04,10.04,10.04,300,0
GIXXU.US,5,20260127,180000,10.04,10.04,10.04,10.04,300,0
GIXXU.US,5,20260127,180500,10.045,10.05,10.045,10.045,220685,0
GIXXU.US,5,20260127,181000,10.045,10.045,10.045,10.045,39200,0
GIXXU.US,5,20260127,181500,10.045,10.0499,10.045,10.045,1200,0
GIXXU.US,5,20260127,182000,10.045,10.045,10.045,10.045,300,0
GIXXU.US,5,20260127,182500,10.045,10.045,10.045,10.045,200,0
GIXXU.US,5,20260127,183000,10.045,10.045,10.04,10.04,1929,0
GIXXU.US,5,20260127,183500,10.045,10.045,10.04,10.04,405,0
GIXXU.US,5,20260127,184000,10.045,10.045,10.045,10.045,300,0
GIXXU.US,5,20260127,184500,10.045,10.045,10.04,10.045,79200,0
GIXXU.US,5,20260127,185500,10.04,10.04,10.04,10.04,100,0
GIXXU.US,5,20260127,190000,10.04,10.04,10.04,10.04,300,0
GIXXU.US,5,20260127,190500,10.04,10.05,10.04,10.05,2300,0
GIXXU.US,5,20260127,191000,10.04,10.04,10.04,10.04,400,0
GIXXU.US,5,20260127,191500,10.04,10.04,10.04,10.04,1300,0
GIXXU.US,5,20260127,192000,10.04,10.045,10.04,10.04,400,0
GIXXU.US,5,20260127,193000,10.04,10.04,10.04,10.04,3000,0
GIXXU.US,5,20260127,194000,10.045,10.0499,10.04,10.04,700,0
GIXXU.US,5,20260127,200000,10.04,10.05,10.04,10.04,80666,0
GIXXU.US,5,20260127,200500,10.04,10.04,10.04,10.04,77515,0
GIXXU.US,5,20260127,202000,10.05,10.05,10.05,10.05,100000,0
GIXXU.US,5,20260127,202500,10.04,10.04,10.04,10.04,9000,0
GIXXU.US,5,20260127,205500,10.04,10.04,10.04,10.04,8970,0
GIXXU.US,5,20260127,210000,10.04,10.04,10.04,10.04,2500,0
GIXXU.US,5,20260127,210500,10.04,10.04,10.04,10.04,8900,0
GIXXU.US,5,20260127,211000,10.04,10.04,10.04,10.04,45800,0
GIXXU.US,5,20260127,211500,10.04,10.04,10.04,10.04,2100,0
GIXXU.US,5,20260127,212000,10.04,10.04,10.04,10.04,12400,0
GIXXU.US,5,20260127,212500,10.04,10.045,10.04,10.045,10500,0
GIXXU.US,5,20260127,213000,10.04,10.04,10.04,10.04,34600,0
GIXXU.US,5,20260127,213500,10.04,10.04,10.04,10.04,46520,0
GIXXU.US,5,20260127,214000,10.04,10.05,10.04,10.0401,477865,0
GIXXU.US,5,20260127,214500,10.04,10.045,10.04,10.04,13662,0
GIXXU.US,5,20260127,215000,10.04,10.0401,10.04,10.04,38200,0
GIXXU.US,5,20260127,215500,10.04,10.0401,10.03,10.03,142508,0
GIXXU.US,5,20260128,153000,10.0378,10.0378,10.0378,10.0378,200,0
GIXXU.US,5,20260128,153500,10.0389,10.04,10.0384,10.04,34029,0
GIXXU.US,5,20260128,154000,10.035,10.035,10.03,10.03,1507,0
GIXXU.US,5,20260128,154500,10.0326,10.0326,10.0326,10.0326,189,0
GIXXU.US,5,20260128,155000,10.0399,10.04,10.035,10.0399,1000,0
GIXXU.US,5,20260128,161000,10.0399,10.04,10.0382,10.0399,600,0
GIXXU.US,5,20260128,163000,10.035,10.04,10.035,10.04,700,0
GIXXU.US,5,20260128,163500,10.035,10.035,10.035,10.035,1400,0
GIXXU.US,5,20260128,164000,10.035,10.0399,10.03,10.035,85907,0
GIXXU.US,5,20260128,164500,10.04,10.04,10.035,10.035,500,0
GIXXU.US,5,20260128,165000,10.035,10.035,10.035,10.035,2000,0
GIXXU.US,5,20260128,170000,10.04,10.0421,10.04,10.0421,65208,0
GIXXU.US,5,20260128,171000,10.0454,10.0454,10.0454,10.0454,498,0
GIXXU.US,5,20260128,171500,10.04,10.0421,10.04,10.0421,2200,0
GIXXU.US,5,20260128,172000,10.04,10.045,10.04,10.04,82954,0
GIXXU.US,5,20260128,172500,10.04,10.04,10.04,10.04,140286,0
GIXXU.US,5,20260128,173000,10.0421,10.0421,10.04,10.04,29794,0
GIXXU.US,5,20260128,173500,10.04,10.04,10.04,10.04,5396,0
GIXXU.US,5,20260128,175000,10.04,10.04,10.04,10.04,15395,0
GIXXU.US,5,20260128,180500,10.04,10.04,10.04,10.04,2396,0
GIXXU.US,5,20260128,182000,10.04,10.04,10.04,10.04,2395,0
GIXXU.US,5,20260128,183500,10.04,10.04,10.04,10.04,2394,0
GIXXU.US,5,20260128,185000,10.04,10.04,10.04,10.04,2395,0
GIXXU.US,5,20260128,190500,10.04,10.04,10.04,10.04,2395,0
GIXXU.US,5,20260128,191500,10.04,10.04,10.04,10.04,8354,0
GIXXU.US,5,20260128,193000,10.05,10.05,10.04,10.0414,4794,0
GIXXU.US,5,20260128,193500,10.04,10.04,10.04,10.04,76000,0
GIXXU.US,5,20260128,195000,10.04,10.04,10.04,10.04,9274,0
GIXXU.US,5,20260128,195500,10.04,10.04,10.04,10.04,102361,0
GIXXU.US,5,20260128,200000,10.04,10.04,10.04,10.04,2300,0
GIXXU.US,5,20260128,201000,10.04,10.05,10.04,10.04,199999,0
GIXXU.US,5,20260128,201500,10.04,10.04,10.04,10.04,2395,0
GIXXU.US,5,20260128,202000,10.04,10.0401,10.04,10.0401,500,0
GIXXU.US,5,20260128,202500,10.04,10.04,10.04,10.04,100,0
GIXXU.US,5,20260128,203000,10.04,10.04,10.04,10.04,2394,0
GIXXU.US,5,20260128,204500,10.0401,10.0401,10.04,10.04,2593,0
GIXXU.US,5,20260128,210000,10.04,10.04,10.04,10.04,2394,0
GIXXU.US,5,20260128,211500,10.04,10.04,10.04,10.04,2394,0
GIXXU.US,5,20260128,212000,10.0499,10.0499,10.0499,10.0499,200,0
GIXXU.US,5,20260128,213000,10.04,10.04,10.04,10.04,2327,0
GIXXU.US,5,20260128,214000,10.04,10.05,10.04,10.05,9832,0
GIXXU.US,5,20260128,214500,10.04,10.04,10.04,10.04,1000,0
GIXXU.US,5,20260128,215000,10.04,10.045,10.04,10.04,1152,0
GIXXU.US,5,20260128,215500,10.04,10.05,10.04,10.05,587,0
GIXXU.US,5,20260129,153000,10.05,10.05,10.04,10.04,5104,0
GIXXU.US,5,20260129,154000,10.05,10.05,10.04,10.04,37329,0
GIXXU.US,5,20260129,154500,10.04,10.0499,10.04,10.0499,1000,0
GIXXU.US,5,20260129,161500,10.04,10.04,10.04,10.04,2500,0
GIXXU.US,5,20260129,162000,10.04,10.045,10.04,10.04,59693,0
GIXXU.US,5,20260129,163000,10.04,10.04,10.04,10.04,1800,0
GIXXU.US,5,20260129,163500,10.04,10.04,10.04,10.04,4400,0
GIXXU.US,5,20260129,171000,10.04,10.04,10.04,10.04,3690,0
GIXXU.US,5,20260129,174000,10.04,10.04,10.04,10.04,21000,0
GIXXU.US,5,20260129,180000,10.035,10.035,10.035,10.035,500,0
GIXXU.US,5,20260129,190000,10.035,10.04,10.035,10.0383,500,0
GIXXU.US,5,20260129,191500,10.04,10.045,10.04,10.04,103404,0
GIXXU.US,5,20260129,192500,10.04,10.04,10.04,10.04,1600,0
GIXXU.US,5,20260129,193000,10.04,10.04,10.04,10.04,1600,0
GIXXU.US,5,20260129,194000,10.04,10.04,10.04,10.04,1600,0
GIXXU.US,5,20260129,195000,10.04,10.04,10.04,10.04,1600,0
GIXXU.US,5,20260129,195500,10.04,10.04,10.04,10.04,1600,0
GIXXU.US,5,20260129,200500,10.04,10.04,10.04,10.04,1600,0
GIXXU.US,5,20260129,201000,10.045,10.045,10.04,10.04,1800,0
GIXXU.US,5,20260129,202000,10.04,10.04,10.04,10.04,1600,0
GIXXU.US,5,20260129,202500,10.04,10.045,10.04,10.045,87996,0
GIXXU.US,5,20260129,203000,10.045,10.045,10.045,10.045,2500,0
GIXXU.US,5,20260129,204000,10.04,10.04,10.04,10.04,1600,0
GIXXU.US,5,20260129,205000,10.04,10.04,10.04,10.04,1600,0
GIXXU.US,5,20260129,205500,10.04,10.04,10.04,10.04,1600,0
GIXXU.US,5,20260129,210000,10.05,10.06,10.045,10.06,101378,0
GIXXU.US,5,20260129,211000,10.055,10.055,10.055,10.055,200,0
GIXXU.US,5,20260129,211500,10.055,10.055,10.055,10.055,1200,0
GIXXU.US,5,20260129,212000,10.05,10.05,10.05,10.05,1600,0
GIXXU.US,5,20260129,213000,10.05,10.055,10.05,10.0501,3000,0
GIXXU.US,5,20260129,213500,10.055,10.055,10.055,10.055,1600,0
GIXXU.US,5,20260129,214500,10.05,10.05,10.05,10.05,1400,0
GIXXU.US,5,20260129,215000,10.055,10.055,10.05,10.05,2024,0
GIXXU.US,5,20260129,215500,10.05,10.05,10.04,10.04,5100,0
GIXXU.US,5,20260130,154000,10.06,10.06,10.05,10.05,5100,0
GIXXU.US,5,20260130,154500,10.06,10.0935,10.05,10.0501,4700,0
GIXXU.US,5,20260130,155000,10.065,10.07,10.05,10.06,13374,0
GIXXU.US,5,20260130,155500,10.07,10.07,10.065,10.07,6200,0
GIXXU.US,5,20260130,160000,10.07,10.075,10.065,10.07,4940,0
GIXXU.US,5,20260130,160500,10.07,10.07,10.065,10.07,3681,0
GIXXU.US,5,20260130,161000,10.07,10.07,10.07,10.07,1800,0
GIXXU.US,5,20260130,162000,10.07,10.07,10.07,10.07,4076,0
GIXXU.US,5,20260130,163000,10.06,10.06,10.06,10.06,14144,0
GIXXU.US,5,20260130,163500,10.04,10.045,10.04,10.045,3568,0
GIXXU.US,5,20260130,164500,10.05,10.05,10.05,10.05,8400,0
GIXXU.US,5,20260130,165000,10.055,10.055,10.05,10.05,25110,0
GIXXU.US,5,20260130,165500,10.05,10.055,10.045,10.05,15105,0
GIXXU.US,5,20260130,170500,10.045,10.045,10.045,10.045,700,0
GIXXU.US,5,20260130,174500,10.045,10.045,10.045,10.045,1248,0
GIXXU.US,5,20260130,175000,10.045,10.045,10.045,10.045,2100,0
GIXXU.US,5,20260130,180500,10.045,10.045,10.045,10.045,1248,0
GIXXU.US,5,20260130,182500,10.045,10.045,10.045,10.045,1246,0
GIXXU.US,5,20260130,184500,10.045,10.045,10.045,10.045,2498,0
GIXXU.US,5,20260130,192000,10.045,10.045,10.045,10.045,54700,0
GIXXU.US,5,20260130,193000,10.045,10.045,10.045,10.045,1250,0
GIXXU.US,5,20260130,195000,10.045,10.045,10.045,10.045,1248,0
GIXXU.US,5,20260130,200000,10.045,10.045,10.045,10.045,100,0
GIXXU.US,5,20260130,201000,10.045,10.045,10.045,10.045,1346,0
GIXXU.US,5,20260130,201500,10.05,10.05,10.045,10.045,19240,0
GIXXU.US,5,20260130,204500,10.045,10.045,10.045,10.045,2032,0
GIXXU.US,5,20260130,205000,10.05,10.05,10.05,10.05,700,0
GIXXU.US,5,20260130,205500,10.05,10.05,10.045,10.05,141836,0
GIXXU.US,5,20260130,212500,10.05,10.05,10.05,10.05,1055,0
GIXXU.US,5,20260130,213000,10.055,10.055,10.055,10.055,200,0
GIXXU.US,5,20260130,213500,10.0541,10.0541,10.05,10.05,900,0
GIXXU.US,5,20260130,214500,10.05,10.05,10.05,10.05,468,0
GIXXU.US,5,20260130,215000,10.05,10.05,10.05,10.05,525,0
GIXXU.US,5,20260130,215500,10.05,10.06,10.05,10.06,340,0
GIXXU.US,5,20260202,155500,10.05,10.05,10.05,10.05,49995,0
GIXXU.US,5,20260202,192000,10.05,10.05,10.05,10.05,4994,0
GIXXU.US,5,20260202,194500,10.05,10.05,10.05,10.05,100,0
GIXXU.US,5,20260202,200000,10.05,10.05,10.05,10.05,100,0
GIXXU.US,5,20260202,201500,10.05,10.05,10.05,10.05,100,0
GIXXU.US,5,20260202,203000,10.05,10.05,10.05,10.05,100,0
GIXXU.US,5,20260202,204000,10.05,10.05,10.05,10.05,100,0
GIXXU.US,5,20260202,205000,10.05,10.05,10.05,10.05,100,0
GIXXU.US,5,20260202,210000,10.05,10.05,10.05,10.05,100,0
GIXXU.US,5,20260202,213500,10.045,10.045,10.045,10.045,100,0
GIXXU.US,5,20260202,214500,10.05,10.05,10.05,10.05,100,0
GIXXU.US,5,20260202,215000,10.05,10.05,10.05,10.05,100,0
GIXXU.US,5,20260203,155500,10.05,10.05,10.05,10.05,1100,0
GIXXU.US,5,20260203,160000,10.055,10.07,10.055,10.06,18842,0
GIXXU.US,5,20260203,163000,10.06,10.06,10.06,10.06,3000,0
GIXXU.US,5,20260203,164000,10.06,10.06,10.06,10.06,3508,0
GIXXU.US,5,20260203,164500,10.065,10.065,10.065,10.065,400,0
GIXXU.US,5,20260203,165000,10.06,10.06,10.06,10.06,3000,0
GIXXU.US,5,20260203,170000,10.06,10.0601,10.06,10.0601,3100,0
GIXXU.US,5,20260203,171500,10.06,10.06,10.06,10.06,4503,0
GIXXU.US,5,20260203,172000,10.06,10.06,10.06,10.06,3200,0
GIXXU.US,5,20260203,172500,10.06,10.06,10.06,10.06,8593,0
GIXXU.US,5,20260203,184500,10.06,10.065,10.055,10.065,12206,0
GIXXU.US,5,20260203,185000,10.06,10.0615,10.06,10.0601,1000,0
GIXXU.US,5,20260203,190000,10.06,10.06,10.06,10.06,2350,0
GIXXU.US,5,20260203,191500,10.06,10.06,10.06,10.06,2906,0
GIXXU.US,5,20260203,193000,10.06,10.065,10.06,10.065,3122,0
GIXXU.US,5,20260203,195000,10.06,10.06,10.055,10.06,2448,0
GIXXU.US,5,20260203,195500,10.05,10.05,10.05,10.05,3000,0
GIXXU.US,5,20260203,201000,10.05,10.05,10.05,10.05,3000,0
GIXXU.US,5,20260203,202000,10.055,10.055,10.055,10.055,126,0
GIXXU.US,5,20260203,202500,10.05,10.05,10.05,10.05,6000,0
GIXXU.US,5,20260203,205500,10.05,10.05,10.05,10.05,5893,0
GIXXU.US,5,20260203,210000,10.05,10.05,10.045,10.05,5133,0
GIXXU.US,5,20260203,211000,10.0431,10.0431,10.0431,10.0431,1000,0
GIXXU.US,5,20260203,211500,10.05,10.05,10.05,10.05,100,0
GIXXU.US,5,20260203,213000,10.05,10.05,10.05,10.05,1400,0
GIXXU.US,5,20260203,214500,10.06,10.06,10.05,10.05,1102,0
GIXXU.US,5,20260203,215500,10.04,10.04,10.04,10.04,300,0
GIXXU.US,5,20260204,154500,10.0484,10.0499,10.0461,10.0496,600,0
GIXXU.US,5,20260204,155000,10.0499,10.0499,10.0484,10.0484,400,0
GIXXU.US,5,20260204,160000,10.04,10.04,10.04,10.04,100,0
GIXXU.US,5,20260204,161000,10.0453,10.0499,10.0453,10.0499,500,0
GIXXU.US,5,20260204,161500,10.05,10.05,10.05,10.05,487,0
GIXXU.US,5,20260204,165500,10.04,10.04,10.04,10.04,100,0
GIXXU.US,5,20260204,171000,10.045,10.045,10.04,10.04,2600,0
GIXXU.US,5,20260204,171500,10.04,10.04,10.04,10.04,2500,0
GIXXU.US,5,20260204,172500,10.04,10.04,10.04,10.04,7700,0
GIXXU.US,5,20260204,173000,10.04,10.04,10.04,10.04,2500,0
GIXXU.US,5,20260204,175000,10.04,10.04,10.04,10.04,2500,0
GIXXU.US,5,20260204,182500,10.04,10.04,10.04,10.04,100,0
GIXXU.US,5,20260204,192000,10.0401,10.0445,10.04,10.04,1000,0
GIXXU.US,5,20260204,193500,10.04,10.04,10.04,10.04,7500,0
GIXXU.US,5,20260204,195500,10.04,10.04,10.04,10.04,7500,0
GIXXU.US,5,20260204,201000,10.04,10.04,10.04,10.04,2500,0
GIXXU.US,5,20260204,202000,10.04,10.04,10.04,10.04,2500,0
GIXXU.US,5,20260204,205500,10.04,10.04,10.04,10.04,11399,0
GIXXU.US,5,20260204,213000,10.04,10.04,10.04,10.04,500,0
GIXXU.US,5,20260204,214000,10.04,10.04,10.04,10.04,300,0
GIXXU.US,5,20260204,214500,10.04,10.04,10.04,10.04,200,0
GIXXU.US,5,20260204,215000,10.04,10.04,10.04,10.04,400,0
GIXXU.US,5,20260204,215500,10.04,10.04,10.04,10.04,100,0
GIXXU.US,5,20260205,153000,10.04,10.04,10.04,10.04,210,0
GIXXU.US,5,20260205,155500,10.04,10.04,10.04,10.04,1248,0
GIXXU.US,5,20260205,161500,10.04,10.04,10.04,10.04,1152,0
GIXXU.US,5,20260205,162000,10.04,10.04,10.04,10.04,1248,0
GIXXU.US,5,20260205,164000,10.04,10.04,10.04,10.04,1248,0
GIXXU.US,5,20260205,165000,10.04,10.04,10.04,10.04,1204,0
GIXXU.US,5,20260205,171000,10.04,10.04,10.04,10.04,1252,0
GIXXU.US,5,20260205,172000,10.04,10.04,10.04,10.04,1250,0
GIXXU.US,5,20260205,172500,10.04,10.04,10.04,10.04,2660,0
GIXXU.US,5,20260205,173500,10.05,10.05,10.05,10.05,100,0
GIXXU.US,5,20260205,184500,10.04,10.04,10.04,10.04,2534,0
GIXXU.US,5,20260205,185500,10.045,10.045,10.045,10.045,100,0
GIXXU.US,5,20260205,193000,10.04,10.04,10.04,10.04,1253,0
GIXXU.US,5,20260205,193500,10.04,10.04,10.04,10.04,1255,0
GIXXU.US,5,20260205,195500,10.04,10.04,10.04,10.04,1472,0
GIXXU.US,5,20260205,201000,10.04,10.04,10.04,10.04,1248,0
GIXXU.US,5,20260205,202000,10.04,10.04,10.04,10.04,1255,0
GIXXU.US,5,20260205,205500,10.04,10.04,10.04,10.04,3245,0
GIXXU.US,5,20260205,210000,10.04,10.04,10.04,10.04,882,0
GIXXU.US,5,20260205,213000,10.04,10.04,10.04,10.04,234,0
GIXXU.US,5,20260205,214000,10.04,10.04,10.04,10.04,156,0
GIXXU.US,5,20260205,214500,10.045,10.045,10.04,10.04,208,0
GIXXU.US,5,20260206,171000,10.0504,10.0504,10.0504,10.0504,100,0
GIXXU.US,5,20260206,172000,10.05,10.05,10.05,10.05,582,0
GIXXU.US,5,20260206,172500,10.0434,10.0434,10.0402,10.0402,200,0
GIXXU.US,5,20260209,155500,10.05,10.05,10.05,10.05,113,0
GIXXU.US,5,20260209,160500,10.05,10.05,10.05,10.05,133,0
GIXXU.US,5,20260209,170000,10.045,10.045,10.045,10.045,124,0
GIXXU.US,5,20260209,174000,10.05,10.05,10.04,10.04,200000,0
GIXXU.US,5,20260209,204000,10.04,10.04,10.04,10.04,50108,0
GIXXU.US,5,20260209,205000,10.04,10.04,10.04,10.04,3881,0
GIXXU.US,5,20260209,205500,10.04,10.04,10.04,10.04,13944,0
GIXXU.US,5,20260209,210000,10.04,10.04,10.04,10.04,2368,0
GIXXU.US,5,20260209,212500,10.04,10.04,10.04,10.04,1246,0
GIXXU.US,5,20260209,213500,10.04,10.04,10.04,10.04,1022,0
GIXXU.US,5,20260209,214500,10.04,10.04,10.04,10.04,684,0
GIXXU.US,5,20260209,215000,10.04,10.04,10.04,10.04,816,0
GIXXU.US,5,20260209,215500,10.04,10.04,10.04,10.04,100,0
GIXXU.US,5,20260210,160500,10.04,10.06,10.04,10.06,200500,0
GIXXU.US,5,20260210,161500,10.05,10.0512,10.05,10.0512,1665,0
GIXXU.US,5,20260210,162000,10.05,10.05,10.05,10.05,1256,0
GIXXU.US,5,20260210,164000,10.05,10.05,10.05,10.05,1260,0
GIXXU.US,5,20260210,165000,10.05,10.05,10.05,10.05,1255,0
GIXXU.US,5,20260210,170500,10.055,10.055,10.055,10.055,400,0
GIXXU.US,5,20260210,171000,10.05,10.05,10.05,10.05,1248,0
GIXXU.US,5,20260210,172000,10.05,10.05,10.05,10.05,1255,0
GIXXU.US,5,20260210,172500,10.05,10.05,10.05,10.05,3766,0
GIXXU.US,5,20260210,175500,10.055,10.055,10.055,10.055,400,0
GIXXU.US,5,20260210,183500,10.055,10.055,10.055,10.055,400,0
GIXXU.US,5,20260210,184000,10.05,10.05,10.05,10.05,1260,0
GIXXU.US,5,20260210,190500,10.055,10.055,10.055,10.055,400,0
GIXXU.US,5,20260210,193000,10.05,10.05,10.05,10.05,1256,0
GIXXU.US,5,20260210,193500,10.05,10.05,10.05,10.05,1260,0
GIXXU.US,5,20260210,195000,10.055,10.055,10.055,10.055,400,0
GIXXU.US,5,20260210,195500,10.05,10.05,10.05,10.05,2514,0
GIXXU.US,5,20260210,201000,10.05,10.05,10.05,10.05,1255,0
GIXXU.US,5,20260210,202000,10.05,10.05,10.05,10.05,1200,0
GIXXU.US,5,20260210,203500,10.055,10.055,10.055,10.055,200,0
GIXXU.US,5,20260210,205000,10.055,10.055,10.055,10.055,200,0
GIXXU.US,5,20260210,205500,10.05,10.05,10.05,10.05,3840,0
GIXXU.US,5,20260210,211000,10.055,10.055,10.055,10.055,200,0
GIXXU.US,5,20260210,211500,10.05,10.05,10.05,10.05,350,0
GIXXU.US,5,20260210,212000,10.055,10.055,10.055,10.055,200,0
GIXXU.US,5,20260210,213000,10.055,10.055,10.05,10.05,400,0
GIXXU.US,5,20260210,213500,10.055,10.055,10.055,10.055,200,0
GIXXU.US,5,20260210,214000,10.05,10.05,10.05,10.05,154,0
GIXXU.US,5,20260210,214500,10.055,10.055,10.05,10.05,305,0
GIXXU.US,5,20260211,153000,10.05,10.05,10.05,10.05,10896,0
GIXXU.US,5,20260211,161500,10.04,10.05,10.04,10.05,3756,0
GIXXU.US,5,20260211,162000,10.04,10.04,10.04,10.04,1253,0
GIXXU.US,5,20260211,164000,10.04,10.04,10.04,10.04,1246,0
GIXXU.US,5,20260211,165000,10.04,10.04,10.04,10.04,1253,0
GIXXU.US,5,20260211,171000,10.04,10.04,10.04,10.04,1246,0
GIXXU.US,5,20260211,172000,10.04,10.04,10.04,10.04,1255,0
GIXXU.US,5,20260211,172500,10.04,10.04,10.04,10.04,3779,0
GIXXU.US,5,20260211,184000,10.04,10.04,10.04,10.04,1252,0
GIXXU.US,5,20260211,190000,10.045,10.045,10.045,10.045,5000,0
GIXXU.US,5,20260211,191000,10.04,10.04,10.04,10.04,3000,0
GIXXU.US,5,20260211,191500,10.045,10.045,10.045,10.045,200,0
GIXXU.US,5,20260211,193000,10.04,10.04,10.04,10.04,1250,0
GIXXU.US,5,20260211,193500,10.04,10.049,10.04,10.043,4280,0
GIXXU.US,5,20260211,194500,10.0444,10.0489,10.0444,10.0489,7100,0
GIXXU.US,5,20260211,200000,10.04,10.04,10.04,10.04,702,0
GIXXU.US,5,20260211,200500,10.0437,10.0499,10.0437,10.0499,1630,0
GIXXU.US,5,20260211,202000,10.04,10.04,10.04,10.04,930,0
GIXXU.US,5,20260211,203500,10.04,10.04,10.04,10.04,834,0
GIXXU.US,5,20260211,211000,10.04,10.04,10.04,10.04,346,0
GIXXU.US,5,20260211,212500,10.04,10.04,10.04,10.04,2820,0
GIXXU.US,5,20260211,213500,10.04,10.04,10.04,10.04,100,0
GIXXU.US,5,20260211,215500,10.035,10.035,10.035,10.035,736,0
GIXXU.US,5,20260212,161500,10.03,10.03,10.03,10.03,420,0
GIXXU.US,5,20260212,163000,10.03,10.03,10.03,10.03,420,0
GIXXU.US,5,20260212,164500,10.03,10.03,10.03,10.03,420,0
GIXXU.US,5,20260212,165000,10.03,10.035,10.03,10.0334,1420,0
GIXXU.US,5,20260212,170500,10.0336,10.0336,10.0336,10.0336,500,0
GIXXU.US,5,20260212,171000,10.03,10.03,10.03,10.03,420,0
GIXXU.US,5,20260212,172000,10.03,10.03,10.03,10.03,360,0
GIXXU.US,5,20260212,172500,10.03,10.03,10.03,10.03,820,0
GIXXU.US,5,20260212,173000,10.03,10.03,10.03,10.03,420,0
GIXXU.US,5,20260212,173500,10.035,10.04,10.035,10.04,3335,0
GIXXU.US,5,20260212,181000,10.0334,10.0334,10.0334,10.0334,500,0
GIXXU.US,5,20260212,183000,10.03,10.03,10.03,10.03,420,0
GIXXU.US,5,20260212,183500,10.033,10.033,10.033,10.033,428,0
GIXXU.US,5,20260212,184500,10.03,10.03,10.03,10.03,426,0
GIXXU.US,5,20260212,190000,10.03,10.03,10.03,10.03,420,0
GIXXU.US,5,20260212,192000,10.0334,10.0338,10.03,10.0338,1700,0
GIXXU.US,5,20260212,193000,10.03,10.03,10.03,10.03,420,0
GIXXU.US,5,20260212,195500,10.03,10.03,10.03,10.03,360,0
GIXXU.US,5,20260212,201000,10.03,10.03,10.03,10.03,360,0
GIXXU.US,5,20260212,202500,10.03,10.03,10.03,10.03,420,0
GIXXU.US,5,20260212,205500,10.03,10.03,10.03,10.03,1420,0
GIXXU.US,5,20260212,212000,10.04,10.04,10.04,10.04,122,0
GIXXU.US,5,20260212,213500,10.04,10.04,10.04,10.04,260,0
GIXXU.US,5,20260212,215500,10.03,10.03,10.03,10.03,400,0
GIXXU.US,5,20260213,161500,10.035,10.035,10.035,10.035,200,0
GIXXU.US,5,20260213,171000,10.03,10.03,10.03,10.03,10000,0
GIXXU.US,5,20260213,175000,10.035,10.035,10.035,10.035,400,0
GIXXU.US,5,20260213,185000,10.035,10.035,10.035,10.035,400,0
GIXXU.US,5,20260213,190500,10.035,10.035,10.035,10.035,400,0
GIXXU.US,5,20260213,194500,10.035,10.035,10.035,10.035,400,0
GIXXU.US,5,20260213,202000,10.04,10.04,10.04,10.04,16656,0
GIXXU.US,5,20260213,202500,10.04,10.04,10.04,10.04,100,0
GIXXU.US,5,20260213,205500,10.045,10.045,10.04,10.04,11177,0
GIXXU.US,5,20260213,210500,10.045,10.045,10.045,10.045,200,0
GIXXU.US,5,20260213,213000,10.045,10.045,10.045,10.045,200,0
GIXXU.US,5,20260213,215500,10.04,10.04,10.04,10.04,4096,0
GIXXU.US,5,20260217,155000,10.045,10.05,10.045,10.05,500,0
GIXXU.US,5,20260217,162000,10.045,10.045,10.045,10.045,400,0
GIXXU.US,5,20260217,174000,10.045,10.045,10.045,10.045,500,0
GIXXU.US,5,20260217,182000,10.045,10.045,10.045,10.045,390,0
GIXXU.US,5,20260217,191500,10.045,10.045,10.045,10.045,400,0
GIXXU.US,5,20260217,194000,10.04,10.04,10.04,10.04,751,0
GIXXU.US,5,20260217,203000,10.04,10.04,10.04,10.04,1195,0
GIXXU.US,5,20260217,214000,10.04,10.04,10.04,10.04,3170,0
GIXXU.US,5,20260218,155000,10.04,10.04,10.04,10.04,11100,0
GIXXU.US,5,20260218,173500,10.05,10.05,10.04,10.04,3468,0
GIXXU.US,5,20260218,205500,10.035,10.035,10.03,10.03,58784,0
GIXXU.US,5,20260219,171000,10.05,10.05,10.05,10.05,1499,0
GIXXU.US,5,20260220,172500,10.05,10.05,10.05,10.05,1116,0
GIXXU.US,5,20260220,204500,10.05,10.05,10.05,10.05,123,0
GIXXU.US,5,20260223,171500,10.04,10.04,10.04,10.04,50000,0
GIXXU.US,5,20260223,172000,10.04,10.04,10.03,10.04,13601,0
GIXXU.US,5,20260223,181500,10.04,10.04,10.04,10.04,1200,0
GIXXU.US,5,20260223,205000,10.04,10.04,10.04,10.04,10725,0
GIXXU.US,5,20260223,215500,10.045,10.045,10.045,10.045,115,0
GIXXU.US,5,20260224,172500,10.05,10.05,10.05,10.05,1298,0
GIXXU.US,5,20260224,205000,10.0369,10.0369,10.0369,10.0369,140,0
GIXXU.US,5,20260224,211500,10.05,10.05,10.05,10.05,140,0
GIXXU.US,5,20260224,215000,10.04,10.04,10.04,10.04,108,0
GIXXU.US,5,20260225,153000,10.05,10.05,10.05,10.05,8000,0
GIXXU.US,5,20260225,155500,10.045,10.045,10.045,10.045,100,0
GIXXU.US,5,20260225,181500,10.0435,10.0435,10.0435,10.0435,100,0
GIXXU.US,5,20260225,195500,10.05,10.05,10.05,10.05,295,0
GIXXU.US,5,20260226,165500,10.05,10.05,10.05,10.05,200,0
GIXXU.US,5,20260226,170500,10.0468,10.0468,10.0468,10.0468,127,0
GIXXU.US,5,20260226,214500,10.045,10.045,10.045,10.045,3160,0
GIXXU.US,5,20260227,162000,10.0407,10.045,10.04,10.045,1300,0
GIXXU.US,5,20260227,175000,10.0405,10.0412,10.04,10.04,500,0
GIXXU.US,5,20260227,185500,10.05,10.05,10.05,10.05,160,0
GIXXU.US,5,20260227,204500,10.04,10.04,10.04,10.04,102125,0
GIXXU.US,5,20260227,205000,10.045,10.045,10.04,10.04,13033,0
GIXXU.US,5,20260302,171000,10.04,10.04,10.04,10.04,99894,0
GIXXU.US,5,20260302,175000,10.0302,10.0302,10.0302,10.0302,1000,0
GIXXU.US,5,20260302,183500,10.04,10.04,10.04,10.04,125,0
GIXXU.US,5,20260302,214000,10.03,10.03,10.03,10.03,131,0
GIXXU.US,5,20260303,205500,10.02,10.02,10.02,10.02,291,0
GIXXU.US,5,20260305,194500,10.03,10.035,10.03,10.035,1605,0
GIXXU.US,5,20260309,155500,10.05,10.05,10.05,10.05,500,0
GIXXU.US,5,20260309,175000,10.06,10.06,10.06,10.06,32090,0
GIXXU.US,5,20260312,205000,10.05,10.05,10.05,10.05,263,0
GIXXU.US,5,20260316,162500,10.0464,10.0464,10.0401,10.041,1060,0
GIXXU.US,5,20260316,164500,10.0458,10.05,10.0458,10.05,3400,0
GIXXU.US,5,20260316,165000,10.05,10.05,10.05,10.05,500,0
GIXXU.US,5,20260318,205000,10.05,10.055,10.05,10.05,13037,0
GIXXU.US,5,20260319,151500,10.06,10.06,10.05,10.05,6100,0
GIXXU.US,5,20260319,152000,10.05,10.05,10.05,10.05,900,0
GIXXU.US,5,20260319,154500,10.05,10.05,10.05,10.05,5000,0
GIXXU.US,5,20260319,155000,10.05,10.05,10.04,10.04,394100,0
GIXXU.US,5,20260319,160500,10.05,10.05,10.05,10.05,117,0
GIXXU.US,5,20260319,201500,10.04,10.04,10.04,10.04,2000,0
GIXXU.US,5,20260319,205000,10.06,10.06,10.06,10.06,100,0
GIXXU.US,5,20260320,165500,10.04,10.05,10.03,10.03,800,0
GIXXU.US,5,20260320,170000,10.0496,10.05,10.04,10.0496,1500,0
GIXXU.US,5,20260320,170500,10.05,10.05,10.04,10.05,2300,0
GIXXU.US,5,20260323,151000,10.03,10.03,10.03,10.03,100,0
GIXXU.US,5,20260323,205000,10.05,10.05,10.05,10.05,100,0
GIXXU.US,5,20260324,185500,10.03,10.03,10.03,10.03,100,0
GIXXU.US,5,20260325,151000,10.03,10.03,10.03,10.03,100,0
GIXXU.US,5,20260325,153500,10.05,10.05,10.05,10.05,100,0
GIXXU.US,5,20260325,154000,10.04,10.04,10.04,10.04,500,0
GIXXU.US,5,20260325,164500,10.04,10.045,10.04,10.04,1000,0
GIXXU.US,5,20260325,165500,10.045,10.045,10.045,10.045,100,0
GIXXU.US,5,20260326,152000,10.04,10.04,10.03,10.03,1966,0
GIXXU.US,5,20260326,154000,10.03,10.03,10.03,10.03,100,0
GIXXU.US,5,20260326,175500,10.03,10.0368,10.03,10.03,3668,0
GIXXU.US,5,20260326,193500,10.03,10.0301,10.03,10.0301,980,0
GIXXU.US,5,20260326,194000,10.0357,10.0357,10.0357,10.0357,150,0
GIXXU.US,5,20260326,195500,10.04,10.04,10.04,10.04,1120,0
GIXXU.US,5,20260326,201500,10.03,10.03,10.03,10.03,10100,0
GIXXU.US,5,20260327,175500,10.035,10.035,10.035,10.035,200,0
GIXXU.US,5,20260330,162000,10.05,10.05,10.05,10.05,1380,0
GIXXU.US,5,20260330,210000,10.05,10.0501,10.05,10.0501,7240,0
GIXXU.US,5,20260401,153000,10.01,10.05,9.04,10.05,3978,0
GIXXU.US,5,20260401,215500,10.04,10.04,10.04,10.04,1000,0
GIXXU.US,5,20260402,153500,9.9837,9.9837,9.98,9.98,2000,0
GIXXU.US,5,20260408,153000,10.07,10.07,10.07,10.07,100,0
GIXXU.US,5,20260408,203000,10.05,10.055,10.05,10.05,972,0
GIXXU.US,5,20260409,153000,10.07,10.07,10.06,10.07,10200,0
GIXXU.US,5,20260410,153500,10.05,10.05,10.05,10.05,1949,0
GIXXU.US,5,20260413,215500,10.05,10.05,10.05,10.05,100,0
GIXXU.US,5,20260414,211500,10.07,10.07,10.06,10.07,4058,0
GIXXU.US,5,20260414,212000,10.07,10.07,10.07,10.07,1100,0
GIXXU.US,5,20260414,212500,10.07,10.07,10.07,10.07,100,0
GIXXU.US,5,20260414,213000,10.07,10.07,10.07,10.07,100,0
GIXXU.US,5,20260415,153000,10.09,10.1,10.09,10.1,1100,0
GIXXU.US,5,20260415,163500,10.06,10.06,10.06,10.06,1000,0
GIXXU.US,5,20260415,165000,10.05,10.05,10.05,10.05,100,0
GIXXU.US,5,20260415,213500,10.07,10.07,10.07,10.07,100,0
GIXXU.US,5,20260416,205500,10.07,10.07,10.07,10.07,100,0
GIXXU.US,5,20260420,153000,10.08,10.08,10.08,10.08,4050,0
GIXXU.US,5,20260420,162500,10.08,10.08,10.08,10.08,100,0
GIXXU.US,5,20260420,163000,10.09,10.09,10.085,10.085,1500,0
GIXXU.US,5,20260422,153000,10.71,10.71,10.71,10.71,200,0
GIXXU.US,5,20260422,182000,10.1,10.1,10.1,10.1,100,0
GIXXU.US,5,20260422,185500,10.0946,10.0946,10.0946,10.0946,100,0
GIXXU.US,5,20260422,194000,10.1,10.1,10.1,10.1,1129,0
GIXXU.US,5,20260422,204500,10.1,10.1,10.1,10.1,100,0
GIXXU.US,5,20260422,215000,10.12,10.175,10.12,10.175,2046,0
GIXXU.US,5,20260423,190500,10.08,10.08,10.08,10.08,1200,0
GIXXU.US,5,20260423,214000,10.11,10.13,10.11,10.13,600,0
GIXXU.US,5,20260424,153000,10.15,10.15,10.15,10.15,100,0
GIXXU.US,5,20260427,171500,10.15,10.15,10.08,10.08,201,0
GIXXU.US,5,20260428,153000,10.69,10.69,10.69,10.69,100,0
GIXXU.US,5,20260428,194000,10.08,10.08,10.08,10.08,200,0
GIXXU.US,5,20260429,163500,10.1,10.1,10.1,10.1,100,0
GIXXU.US,5,20260429,180000,10.11,10.11,10.11,10.11,3154,0
GIXXU.US,5,20260429,182000,10.11,10.11,10.11,10.11,817,0
GIXXU.US,5,20260511,163000,10.1504,10.1504,10.12,10.12,1000,0
GIXXU.US,5,20260511,163500,10.14,10.14,10.12,10.14,1000,0
GIXXU.US,5,20260511,182500,10.14,10.14,10.14,10.14,100,0
GIXXU.US,5,20260512,205000,10.12,10.12,10.12,10.12,500,0
GIXXU.US,5,20260512,215000,10.12,10.12,10.12,10.12,400,0
GIXXU.US,5,20260519,175000,10.325,10.325,10.325,10.325,100,0
GIXXU.US,5,20260520,160500,10.18,10.18,10.18,10.18,100,0
GIXXU.US,5,20260526,172500,10.1675,10.1675,10.1675,10.1675,100,0
GIXXU.US,5,20260527,162000,10.22,10.22,10.22,10.22,1000,0
