<TICKER>,<PER>,<DATE>,<TIME>,<OPEN>,<HIGH>,<LOW>,<CLOSE>,<VOL>,<OPENINT>
HNNA.US,5,20260126,153000,10.69,10.69,10.69,10.69,125,0
HNNA.US,5,20260126,155000,10.5808,10.5808,10.5808,10.5808,400,0
HNNA.US,5,20260126,160500,10.8067,10.8067,10.725,10.725,1000,0
HNNA.US,5,20260126,163000,10.635,10.635,10.635,10.635,400,0
HNNA.US,5,20260126,163500,10.635,10.635,10.63,10.63,317,0
HNNA.US,5,20260126,175000,10.635,10.635,10.6075,10.6075,1200,0
HNNA.US,5,20260126,180000,10.745,10.745,10.745,10.745,100,0
HNNA.US,5,20260126,185000,10.69,10.85,10.69,10.85,1300,0
HNNA.US,5,20260126,192500,10.865,10.865,10.865,10.865,100,0
HNNA.US,5,20260126,194500,10.865,10.865,10.865,10.865,415,0
HNNA.US,5,20260126,195000,10.845,10.845,10.83,10.83,200,0
HNNA.US,5,20260126,203000,10.8115,10.8115,10.8115,10.8115,102,0
HNNA.US,5,20260126,214500,10.75,10.7701,10.75,10.7701,400,0
HNNA.US,5,20260126,215000,10.76,10.76,10.74,10.74,646,0
HNNA.US,5,20260126,215500,10.75,10.75,10.75,10.75,380,0
HNNA.US,5,20260127,165500,10.87,10.87,10.87,10.87,1000,0
HNNA.US,5,20260127,175000,10.65,10.65,10.65,10.65,195,0
HNNA.US,5,20260127,175500,10.59,10.59,10.59,10.59,114,0
HNNA.US,5,20260127,180000,10.56,10.56,10.56,10.56,197,0
HNNA.US,5,20260127,181000,10.555,10.555,10.555,10.555,500,0
HNNA.US,5,20260127,213000,10.44,10.44,10.44,10.44,100,0
HNNA.US,5,20260128,153000,10.79,10.82,10.7519,10.7519,1835,0
HNNA.US,5,20260128,153500,10.83,10.83,10.83,10.83,100,0
HNNA.US,5,20260128,155500,10.43,10.46,10.4,10.4,13916,0
HNNA.US,5,20260128,192500,10.46,10.815,10.45,10.5,3403,0
HNNA.US,5,20260128,193000,10.46,10.56,10.46,10.54,3100,0
HNNA.US,5,20260128,194500,10.41,10.4775,10.41,10.4775,200,0
HNNA.US,5,20260128,195000,10.5,10.5,10.5,10.5,295,0
HNNA.US,5,20260128,201000,10.455,10.4586,10.41,10.4586,674,0
HNNA.US,5,20260128,203000,10.4,10.4,10.4,10.4,205,0
HNNA.US,5,20260128,211000,10.35,10.37,10.34,10.37,698,0
HNNA.US,5,20260129,153500,10.32,10.32,10.32,10.32,382,0
HNNA.US,5,20260129,185000,10.32,10.32,10.32,10.32,299,0
HNNA.US,5,20260129,210000,10.3,10.39,10.2769,10.2769,761,0
HNNA.US,5,20260129,210500,10.3,10.3801,10.3,10.3,1196,0
HNNA.US,5,20260129,212500,10.3,10.3,10.2592,10.2909,1200,0
HNNA.US,5,20260129,213000,10.25,10.38,10.25,10.2877,2395,0
HNNA.US,5,20260129,213500,10.3,10.3,10.2626,10.2626,650,0
HNNA.US,5,20260129,214000,10.3,10.4,10.2551,10.2592,1100,0
HNNA.US,5,20260129,214500,10.3,10.3,10.208,10.3,1650,0
HNNA.US,5,20260129,215000,10.35,10.36,10.25,10.35,20644,0
HNNA.US,5,20260129,215500,10.36,10.375,10.35,10.375,600,0
HNNA.US,5,20260130,155000,10.19,10.19,10.18,10.185,600,0
HNNA.US,5,20260130,155500,10.185,10.185,10.06,10.06,403,0
HNNA.US,5,20260130,160500,10.185,10.185,10.185,10.185,200,0
HNNA.US,5,20260130,161000,10.3399,10.3399,10.3399,10.3399,200,0
HNNA.US,5,20260130,164000,10.2301,10.2301,10.0201,10.0401,2244,0
HNNA.US,5,20260130,164500,10.04,10.14,10.04,10.04,2090,0
HNNA.US,5,20260130,165000,10.04,10.1035,10.0301,10.1035,500,0
HNNA.US,5,20260130,165500,10.0655,10.135,10.02,10.02,4111,0
HNNA.US,5,20260130,170000,10.01,10.0882,10.01,10.01,1500,0
HNNA.US,5,20260130,170500,10.01,10.11,9.96,9.96,4218,0
HNNA.US,5,20260130,171000,9.9945,9.9945,9.9,9.9001,1728,0
HNNA.US,5,20260130,181000,9.97,9.97,9.97,9.97,100,0
HNNA.US,5,20260130,182500,10.11,10.11,10.11,10.11,100,0
HNNA.US,5,20260130,183000,10.01,10.11,10.01,10.11,200,0
HNNA.US,5,20260130,190000,10.01,10.01,10.01,10.01,100,0
HNNA.US,5,20260130,192000,10.065,10.065,10.065,10.065,1150,0
HNNA.US,5,20260130,193000,10.1,10.11,10.09,10.0952,3223,0
HNNA.US,5,20260130,195500,10.1575,10.17,10.11,10.17,300,0
HNNA.US,5,20260130,200500,10.17,10.17,10.17,10.17,100,0
HNNA.US,5,20260130,213000,10.165,10.165,10.165,10.165,100,0
HNNA.US,5,20260130,213500,10.22,10.22,10.22,10.22,200,0
HNNA.US,5,20260130,215500,10.24,10.24,10.2,10.23,884,0
HNNA.US,5,20260202,154500,10.2124,10.24,10.125,10.24,609,0
HNNA.US,5,20260202,162000,10.24,10.24,10.24,10.24,200,0
HNNA.US,5,20260202,162500,10.21,10.21,10.21,10.21,127,0
HNNA.US,5,20260202,163000,10.07,10.07,10.05,10.05,1203,0
HNNA.US,5,20260202,164000,10.0501,10.0501,10.0501,10.0501,500,0
HNNA.US,5,20260202,172500,10.08,10.08,10.08,10.08,112,0
HNNA.US,5,20260202,185000,10.2,10.24,10.17,10.186,6973,0
HNNA.US,5,20260202,185500,10.24,10.24,10.24,10.24,612,0
HNNA.US,5,20260202,200500,10.1346,10.2251,10.1301,10.225,2200,0
HNNA.US,5,20260202,201000,10.1301,10.23,10.12,10.13,5210,0
HNNA.US,5,20260202,202500,10.1099,10.215,10.1,10.1101,1499,0
HNNA.US,5,20260202,203000,10.215,10.215,10,10.0725,1835,0
HNNA.US,5,20260202,203500,10.07,10.07,10,10.0001,498,0
HNNA.US,5,20260202,204000,10,10,10,10,247,0
HNNA.US,5,20260202,204500,10.115,10.115,9.8263,9.8263,4299,0
HNNA.US,5,20260202,205000,9.8001,9.8001,9.67,9.67,735,0
HNNA.US,5,20260202,210000,9.7858,9.87,9.7858,9.87,3778,0
HNNA.US,5,20260202,210500,9.91,9.91,9.91,9.91,200,0
HNNA.US,5,20260202,212500,9.9413,10.01,9.92,10.01,19759,0
HNNA.US,5,20260202,213000,10.01,10.03,10.01,10.03,1495,0
HNNA.US,5,20260202,214500,10.03,10.125,10.03,10.125,200,0
HNNA.US,5,20260203,153000,10.08,10.09,10.08,10.09,231,0
HNNA.US,5,20260203,163000,9.9801,9.9801,9.9801,9.9801,100,0
HNNA.US,5,20260203,163500,10.13,10.13,9.9458,10.0098,1447,0
HNNA.US,5,20260203,175000,9.8647,10.03,9.8647,9.94,500,0
HNNA.US,5,20260203,180500,9.979,10.015,9.9401,9.9401,1500,0
HNNA.US,5,20260203,181000,10.0074,10.065,9.85,9.85,6348,0
HNNA.US,5,20260203,181500,9.8402,9.975,9.8402,9.9288,789,0
HNNA.US,5,20260203,182000,9.9,9.9,9.9,9.9,120,0
HNNA.US,5,20260203,182500,9.85,9.955,9.76,9.76,3771,0
HNNA.US,5,20260203,183000,9.85,9.88,9.75,9.88,3345,0
HNNA.US,5,20260203,183500,9.83,9.83,9.83,9.83,300,0
HNNA.US,5,20260203,190000,9.925,9.925,9.85,9.925,1300,0
HNNA.US,5,20260203,190500,9.925,10,9.925,9.99,1342,0
HNNA.US,5,20260203,191500,10,10.035,10,10.035,1400,0
HNNA.US,5,20260203,192500,10.02,10.045,10,10,3178,0
HNNA.US,5,20260203,195000,10,10.045,10,10.0001,900,0
HNNA.US,5,20260203,195500,10.0315,10.045,10.0315,10.045,200,0
HNNA.US,5,20260203,200500,10,10,10,10,300,0
HNNA.US,5,20260203,214500,10.01,10.0266,10,10,1000,0
HNNA.US,5,20260203,215500,10.08,10.08,10.0001,10.045,1400,0
HNNA.US,5,20260204,153000,10.04,10.04,10.04,10.04,100,0
HNNA.US,5,20260204,153500,10.0894,10.0894,10.0894,10.0894,100,0
HNNA.US,5,20260204,172500,9.9484,10.07,9.9304,9.9304,1292,0
HNNA.US,5,20260204,173000,9.9802,10.015,9.9802,10.015,400,0
HNNA.US,5,20260204,174000,10.02,10.02,9.9944,9.9944,200,0
HNNA.US,5,20260204,182000,10.0496,10.0496,10.0496,10.0496,150,0
HNNA.US,5,20260204,182500,10.03,10.03,10.03,10.03,100,0
HNNA.US,5,20260204,183000,10.0049,10.0049,9.97,9.97,200,0
HNNA.US,5,20260204,184500,10,10,10,10,100,0
HNNA.US,5,20260204,185500,10,10,10,10,100,0
HNNA.US,5,20260204,190000,10.09,10.1,10.09,10.1,3500,0
HNNA.US,5,20260204,194500,10.1721,10.2,10.1,10.1,2483,0
HNNA.US,5,20260204,195000,10.1101,10.2,10.1001,10.1628,2097,0
HNNA.US,5,20260204,195500,10.1,10.195,10.0001,10.0872,3173,0
HNNA.US,5,20260204,202000,10.04,10.04,10.04,10.04,100,0
HNNA.US,5,20260204,205500,10.0101,10.0101,10.0101,10.0101,1400,0
HNNA.US,5,20260204,211500,10.11,10.15,10.11,10.15,200,0
HNNA.US,5,20260204,213500,10.195,10.195,10.195,10.195,100,0
HNNA.US,5,20260204,214000,10.1,10.1,10.1,10.1,100,0
HNNA.US,5,20260204,214500,10.1,10.1,10.1,10.1,237,0
HNNA.US,5,20260204,215500,10.1,10.11,10.1,10.11,331,0
HNNA.US,5,20260205,154000,10.0125,10.09,9.8548,9.8548,2000,0
HNNA.US,5,20260205,154500,9.99,10.01,9.99,9.9991,1000,0
HNNA.US,5,20260205,155000,10.09,10.09,9.9901,9.9901,400,0
HNNA.US,5,20260205,155500,10.1108,10.1108,9.9901,9.9901,1000,0
HNNA.US,5,20260205,160000,10.0933,10.109,9.8401,9.8401,1747,0
HNNA.US,5,20260205,160500,10.09,10.09,9.9991,9.9991,354,0
HNNA.US,5,20260205,161000,10.2,10.2,10.2,10.2,500,0
HNNA.US,5,20260205,171500,10.1899,10.1899,10.1899,10.1899,400,0
HNNA.US,5,20260205,175000,10.015,10.1645,10.01,10.095,6308,0
HNNA.US,5,20260205,181000,9.9039,10.16,9.8501,10.015,1900,0
HNNA.US,5,20260205,181500,9.8501,10.015,9.85,9.9639,2552,0
HNNA.US,5,20260205,182000,10.01,10.01,9.84,9.99,3295,0
HNNA.US,5,20260205,184500,9.76,9.86,9.76,9.86,550,0
HNNA.US,5,20260205,193000,9.7,9.7,9.7,9.7,1000,0
HNNA.US,5,20260205,200000,9.98,9.98,9.8001,9.8001,3022,0
HNNA.US,5,20260205,201500,9.8,9.8,9.8,9.8,100,0
HNNA.US,5,20260205,204000,9.8,9.8,9.8,9.8,346,0
HNNA.US,5,20260205,210000,9.8532,9.8532,9.8532,9.8532,100,0
HNNA.US,5,20260205,215500,9.74,9.74,9.7,9.7,591,0
HNNA.US,5,20260206,164000,9.91,9.91,9.91,9.91,100,0
HNNA.US,5,20260206,175000,9.82,9.95,9.82,9.95,200,0
HNNA.US,5,20260206,181500,10.029,10.029,9.95,9.95,470,0
HNNA.US,5,20260206,183000,9.9034,9.9034,9.9034,9.9034,100,0
HNNA.US,5,20260206,191500,10.0068,10.0068,10.0068,10.0068,100,0
HNNA.US,5,20260206,195000,10.02,10.02,9.97,9.97,394,0
HNNA.US,5,20260206,200500,10,10,10,10,100,0
HNNA.US,5,20260206,202000,10.02,10.02,10.02,10.02,100,0
HNNA.US,5,20260206,202500,9.89,9.89,9.89,9.89,100,0
HNNA.US,5,20260206,204000,9.93,9.93,9.93,9.93,100,0
HNNA.US,5,20260206,211000,9.91,10.0064,9.91,10.0064,200,0
HNNA.US,5,20260206,212500,9.94,9.9401,9.9,9.9001,1000,0
HNNA.US,5,20260206,213500,9.9442,9.9442,9.9442,9.9442,109,0
HNNA.US,5,20260206,214500,9.915,9.915,9.915,9.915,100,0
HNNA.US,5,20260206,215000,9.94,9.94,9.94,9.94,298,0
HNNA.US,5,20260206,215500,9.95,9.95,9.88,9.88,1261,0
HNNA.US,5,20260209,153000,9.8,9.89,9.8,9.805,602,0
HNNA.US,5,20260209,153500,9.86,9.86,9.86,9.86,100,0
HNNA.US,5,20260209,154000,9.8162,9.8162,9.8162,9.8162,100,0
HNNA.US,5,20260209,154500,9.8,9.8,9.8,9.8,500,0
HNNA.US,5,20260209,155000,9.76,9.76,9.76,9.76,500,0
HNNA.US,5,20260209,155500,9.75,9.76,9.64,9.7599,4629,0
HNNA.US,5,20260209,160000,9.64,9.64,9.61,9.63,486,0
HNNA.US,5,20260209,160500,9.6,9.81,9.6,9.72,3253,0
HNNA.US,5,20260209,161000,9.72,9.72,9.7199,9.72,800,0
HNNA.US,5,20260209,161500,9.72,9.75,9.6934,9.73,1900,0
HNNA.US,5,20260209,162000,9.72,9.76,9.7199,9.76,600,0
HNNA.US,5,20260209,162500,9.76,9.76,9.76,9.76,200,0
HNNA.US,5,20260209,163000,9.72,9.8,9.72,9.8,520,0
HNNA.US,5,20260209,164000,9.8688,9.8688,9.8688,9.8688,199,0
HNNA.US,5,20260209,165000,9.86,9.86,9.85,9.85,400,0
HNNA.US,5,20260209,170500,9.85,9.85,9.85,9.85,100,0
HNNA.US,5,20260209,171000,9.857,9.857,9.857,9.857,123,0
HNNA.US,5,20260209,172000,9.85,9.87,9.85,9.87,300,0
HNNA.US,5,20260209,172500,9.88,9.89,9.88,9.89,1828,0
HNNA.US,5,20260209,173500,9.945,10,9.93,10,768,0
HNNA.US,5,20260209,174000,10.0406,10.0406,10.0406,10.0406,100,0
HNNA.US,5,20260209,175500,10,10,10,10,100,0
HNNA.US,5,20260209,190500,9.99,9.99,9.99,9.99,100,0
HNNA.US,5,20260209,194000,10.08,10.08,10.0376,10.0376,300,0
HNNA.US,5,20260209,194500,10.09,10.1,10.09,10.1,282,0
HNNA.US,5,20260209,195000,10.1239,10.1239,10.1239,10.1239,100,0
HNNA.US,5,20260209,200000,10.19,10.19,10.18,10.19,600,0
HNNA.US,5,20260209,210000,10.14,10.14,10.14,10.14,100,0
HNNA.US,5,20260209,211500,10.205,10.205,10.205,10.205,100,0
HNNA.US,5,20260209,215500,10.2492,10.2492,10.04,10.1,600,0
HNNA.US,5,20260210,153000,10.34,10.34,10.34,10.34,100,0
HNNA.US,5,20260210,200500,10.2535,10.2535,10.2535,10.2535,128,0
HNNA.US,5,20260210,215500,10.17,10.17,10.11,10.11,909,0
HNNA.US,5,20260211,161000,10.1361,10.1361,10.1361,10.1361,1700,0
HNNA.US,5,20260211,162500,10.12,10.12,10.12,10.12,100,0
HNNA.US,5,20260211,175500,10.09,10.09,10.09,10.09,277,0
HNNA.US,5,20260211,180000,10.08,10.08,10.08,10.08,280,0
HNNA.US,5,20260211,180500,10.0223,10.06,10.0223,10.06,300,0
HNNA.US,5,20260211,184500,10.02,10.03,10.01,10.03,631,0
HNNA.US,5,20260211,185000,10.1042,10.17,10.1042,10.17,200,0
HNNA.US,5,20260211,194500,9.98,9.98,9.92,9.92,500,0
HNNA.US,5,20260211,201500,9.97,9.97,9.97,9.97,100,0
HNNA.US,5,20260211,213500,10.0644,10.0644,10.0644,10.0644,100,0
HNNA.US,5,20260211,215500,10.085,10.085,10.035,10.035,300,0
HNNA.US,5,20260212,155500,10.09,10.09,9.92,10.0196,3504,0
HNNA.US,5,20260212,160500,9.8401,9.8401,9.8401,9.8401,1000,0
HNNA.US,5,20260212,164500,10.115,10.115,10.115,10.115,100,0
HNNA.US,5,20260212,171000,10.2676,10.2676,9.9,10.115,5346,0
HNNA.US,5,20260212,173000,10.1314,10.1314,10.1314,10.1314,996,0
HNNA.US,5,20260212,174000,9.945,9.945,9.945,9.945,100,0
HNNA.US,5,20260212,174500,9.92,9.9389,9.92,9.9389,200,0
HNNA.US,5,20260212,175000,9.9401,9.9401,9.9,9.91,1802,0
HNNA.US,5,20260212,180500,9.88,9.88,9.88,9.88,535,0
HNNA.US,5,20260212,183500,9.9042,9.9042,9.85,9.855,1412,0
HNNA.US,5,20260212,184000,9.85,9.86,9.85,9.86,487,0
HNNA.US,5,20260212,200500,9.86,9.8697,9.84,9.8697,517,0
HNNA.US,5,20260212,201500,9.77,9.77,9.72,9.72,1271,0
HNNA.US,5,20260212,202500,9.775,9.775,9.775,9.775,500,0
HNNA.US,5,20260212,203000,9.775,9.775,9.775,9.775,1000,0
HNNA.US,5,20260212,205000,9.76,9.76,9.72,9.725,770,0
HNNA.US,5,20260212,212500,9.88,9.88,9.73,9.73,1000,0
HNNA.US,5,20260212,213500,9.94,10.045,9.94,10.045,2062,0
HNNA.US,5,20260212,214500,10,10.045,10,10.045,1242,0
HNNA.US,5,20260212,215000,10.04,10.04,10.04,10.04,1000,0
HNNA.US,5,20260212,215500,10.0009,10.0009,10,10,1166,0
HNNA.US,5,20260213,153000,10.04,10.09,10.04,10.09,705,0
HNNA.US,5,20260213,154500,10,10,10,10,951,0
HNNA.US,5,20260213,160000,10.07,10.07,10.07,10.07,200,0
HNNA.US,5,20260213,161000,10.05,10.05,10.05,10.05,1000,0
HNNA.US,5,20260213,161500,10.1,10.1,10.1,10.1,399,0
HNNA.US,5,20260213,171500,10.17,10.17,10.17,10.17,100,0
HNNA.US,5,20260213,172500,10.23,10.23,10.23,10.23,100,0
HNNA.US,5,20260213,173000,10.2304,10.2304,10.2304,10.2304,300,0
HNNA.US,5,20260213,182000,10.22,10.22,10.22,10.22,100,0
HNNA.US,5,20260213,184500,10.18,10.18,10.18,10.18,400,0
HNNA.US,5,20260213,200000,10.0201,10.18,10.0201,10.18,1990,0
HNNA.US,5,20260213,203000,10.15,10.1601,10.01,10.056051,1978,0
HNNA.US,5,20260213,205500,10.14,10.14,10.14,10.14,500,0
HNNA.US,5,20260213,212000,10.14,10.14,10.14,10.14,1000,0
HNNA.US,5,20260217,153500,10.09,10.09,10.06,10.06,791,0
HNNA.US,5,20260217,164000,9.93,9.93,9.93,9.93,100,0
HNNA.US,5,20260217,164500,10.17,10.17,10.17,10.17,100,0
HNNA.US,5,20260217,165000,10.17,10.17,10.17,10.17,100,0
HNNA.US,5,20260217,165500,10.17,10.17,10.17,10.17,1000,0
HNNA.US,5,20260217,170500,10.165,10.165,10.165,10.165,130,0
HNNA.US,5,20260217,173000,10.2145,10.2145,10.2145,10.2145,1089,0
HNNA.US,5,20260217,173500,10.165,10.165,10.165,10.165,100,0
HNNA.US,5,20260217,174500,10.01,10.01,10.01,10.01,180,0
HNNA.US,5,20260217,201500,10.1,10.1,10.02,10.02,700,0
HNNA.US,5,20260217,203000,10.15,10.15,10.15,10.15,100,0
HNNA.US,5,20260217,205500,10.1,10.1,10.09,10.1,650,0
HNNA.US,5,20260217,210500,10.1,10.1,10.1,10.1,450,0
HNNA.US,5,20260217,211000,10.11,10.11,10.11,10.11,100,0
HNNA.US,5,20260217,212000,10.11,10.11,10.09,10.09,300,0
HNNA.US,5,20260217,213500,10.23,10.23,10.23,10.23,500,0
HNNA.US,5,20260217,215500,10.14,10.205,10.14,10.205,394,0
HNNA.US,5,20260218,153500,10.07,10.07,10.07,10.07,103,0
HNNA.US,5,20260218,165000,9.9903,10.098,9.9903,10.098,200,0
HNNA.US,5,20260218,171000,10.1083,10.1083,10.1083,10.1083,500,0
HNNA.US,5,20260218,180500,10.06,10.06,10.06,10.06,600,0
HNNA.US,5,20260218,184500,10,10.01,9.96,9.96,400,0
HNNA.US,5,20260218,191000,10.02,10.02,10.02,10.02,100,0
HNNA.US,5,20260218,194000,10,10,9.99,9.99,200,0
HNNA.US,5,20260218,194500,10,10.03,10,10.03,300,0
HNNA.US,5,20260218,195000,10.06,10.06,10.06,10.06,564,0
HNNA.US,5,20260218,195500,10.0999,10.0999,9.88,9.88,400,0
HNNA.US,5,20260218,200000,10.04,10.04,10.04,10.04,505,0
HNNA.US,5,20260218,203000,10.05,10.05,10.0079,10.0079,829,0
HNNA.US,5,20260218,210500,10.02,10.14,10.02,10.14,400,0
HNNA.US,5,20260218,212000,10.06,10.08,10.06,10.08,302,0
HNNA.US,5,20260218,213000,10.02,10.02,10.02,10.02,237,0
HNNA.US,5,20260218,214000,10.1,10.1,10.1,10.1,105,0
HNNA.US,5,20260218,215500,10.05,10.05,10.05,10.05,104,0
HNNA.US,5,20260219,154500,9.9,9.9,9.9,9.9,100,0
HNNA.US,5,20260219,162000,9.87,9.87,9.87,9.87,295,0
HNNA.US,5,20260219,180000,9.92,9.92,9.92,9.92,100,0
HNNA.US,5,20260219,190000,10.05,10.05,10.05,10.05,125,0
HNNA.US,5,20260219,215500,9.95,9.95,9.95,9.95,248,0
HNNA.US,5,20260220,153000,9.95,9.95,9.95,9.95,266,0
HNNA.US,5,20260220,165000,9.9159,9.9159,9.9159,9.9159,200,0
HNNA.US,5,20260220,181000,9.98,9.98,9.98,9.98,764,0
HNNA.US,5,20260220,183000,10.05,10.05,10.05,10.05,300,0
HNNA.US,5,20260220,191500,10.0382,10.0382,9.9743,9.9743,200,0
HNNA.US,5,20260220,201000,9.94,10,9.94,9.94,500,0
HNNA.US,5,20260220,201500,10,10,9.94,9.94,300,0
HNNA.US,5,20260220,203000,9.97,9.985,9.97,9.985,352,0
HNNA.US,5,20260220,212000,10.08,10.09,10.075,10.0864,870,0
HNNA.US,5,20260220,212500,10.075,10.075,10.075,10.075,100,0
HNNA.US,5,20260220,213000,10.09,10.09,10.09,10.09,200,0
HNNA.US,5,20260220,213500,10.09,10.09,10.09,10.09,238,0
HNNA.US,5,20260220,214000,10.09,10.155,10.09,10.155,850,0
HNNA.US,5,20260220,215500,10.05,10.05,9.95,9.95,774,0
HNNA.US,5,20260223,160500,9.96,9.96,9.96,9.96,100,0
HNNA.US,5,20260223,172000,9.9,9.9,9.9,9.9,1214,0
HNNA.US,5,20260223,180500,9.9,9.9,9.9,9.9,250,0
HNNA.US,5,20260223,182500,9.86,9.8767,9.86,9.8767,200,0
HNNA.US,5,20260223,185500,9.8829,9.8829,9.8829,9.8829,100,0
HNNA.US,5,20260223,215500,9.86,9.86,9.86,9.86,220,0
HNNA.US,5,20260224,153000,9.91,9.93,9.91,9.93,1778,0
HNNA.US,5,20260224,154500,9.9241,9.9656,9.9241,9.9656,289,0
HNNA.US,5,20260224,164000,9.95,9.95,9.95,9.95,100,0
HNNA.US,5,20260224,165000,9.9,9.9,9.9,9.9,351,0
HNNA.US,5,20260224,181500,9.9,9.9,9.9,9.9,100,0
HNNA.US,5,20260224,192000,9.91,9.91,9.91,9.91,100,0
HNNA.US,5,20260225,194000,9.88,9.88,9.88,9.88,100,0
HNNA.US,5,20260225,200000,9.9,9.9,9.9,9.9,100,0
HNNA.US,5,20260225,202000,9.85,9.88,9.85,9.88,200,0
HNNA.US,5,20260225,202500,9.88,9.88,9.88,9.88,100,0
HNNA.US,5,20260226,160000,9.77,9.77,9.77,9.77,100,0
HNNA.US,5,20260226,181500,9.865,9.865,9.82,9.82,611,0
HNNA.US,5,20260226,182000,9.9161,10,9.82,9.9899,4494,0
HNNA.US,5,20260226,182500,9.98,10.1478,9.83,9.9,3785,0
HNNA.US,5,20260226,183500,10.01,10.01,10.01,10.01,128,0
HNNA.US,5,20260226,194500,10.03,10.03,10.03,10.03,258,0
HNNA.US,5,20260226,210500,10.025,10.05,10.025,10.033,1228,0
HNNA.US,5,20260227,153000,9.91,9.91,9.91,9.91,200,0
HNNA.US,5,20260227,163000,10.0001,10.0001,10.0001,10.0001,811,0
HNNA.US,5,20260227,164000,10.04,10.04,10.04,10.04,100,0
HNNA.US,5,20260227,173000,9.91,9.91,9.91,9.91,200,0
HNNA.US,5,20260227,173500,9.91,9.972,9.9,9.9125,900,0
HNNA.US,5,20260227,174500,9.925,9.925,9.8901,9.8901,1200,0
HNNA.US,5,20260227,175000,9.94,9.94,9.94,9.94,800,0
HNNA.US,5,20260227,175500,9.94,9.94,9.94,9.94,100,0
HNNA.US,5,20260227,183000,10.0478,10.0478,10.0478,10.0478,100,0
HNNA.US,5,20260227,185000,10.1015,10.1015,10.1015,10.1015,100,0
HNNA.US,5,20260227,190000,10.105,10.105,10.105,10.105,100,0
HNNA.US,5,20260227,191000,9.9501,10.0865,9.9501,10.0865,200,0
HNNA.US,5,20260227,192000,10.105,10.105,10.105,10.105,100,0
HNNA.US,5,20260227,193000,10.105,10.105,10.105,10.105,100,0
HNNA.US,5,20260227,212500,9.95,9.95,9.95,9.95,100,0
HNNA.US,5,20260227,213500,9.9512,10.0094,9.9512,10.0094,200,0
HNNA.US,5,20260302,160500,10.0499,10.0499,9.87,9.87,1100,0
HNNA.US,5,20260302,161000,9.945,9.945,9.945,9.945,100,0
HNNA.US,5,20260302,162500,9.975,9.975,9.975,9.975,105,0
HNNA.US,5,20260302,164500,9.9405,9.9405,9.9405,9.9405,100,0
HNNA.US,5,20260302,171500,9.94,9.94,9.94,9.94,100,0
HNNA.US,5,20260302,175000,9.94,9.94,9.93,9.93,200,0
HNNA.US,5,20260302,190000,9.92,9.92,9.92,9.92,200,0
HNNA.US,5,20260302,202000,9.84,9.84,9.84,9.84,100,0
HNNA.US,5,20260302,205000,9.9009,9.9009,9.9009,9.9009,100,0
HNNA.US,5,20260302,212000,9.945,9.945,9.945,9.945,400,0
HNNA.US,5,20260302,212500,9.945,9.945,9.945,9.945,700,0
HNNA.US,5,20260302,213000,9.945,9.945,9.945,9.945,700,0
HNNA.US,5,20260302,213500,9.84,10.03,9.82,9.905,800,0
HNNA.US,5,20260302,214000,10.03,10.04,9.99,10.04,800,0
HNNA.US,5,20260302,214500,10.05,10.05,10.05,10.05,1100,0
HNNA.US,5,20260302,215000,10.03,10.14,10.03,10.14,800,0
HNNA.US,5,20260302,215500,10.14,10.17,10.07,10.114,3573,0
HNNA.US,5,20260303,161000,9.9041,10,9.8979,10,1100,0
HNNA.US,5,20260303,161500,9.91,9.995,9.86,9.995,2100,0
HNNA.US,5,20260303,163000,9.995,9.995,9.995,9.995,982,0
HNNA.US,5,20260303,171000,9.9038,9.9038,9.9038,9.9038,100,0
HNNA.US,5,20260303,172000,9.9,9.9,9.9,9.9,100,0
HNNA.US,5,20260303,172500,10.005,10.005,10.005,10.005,100,0
HNNA.US,5,20260303,182000,10.06,10.06,10.06,10.06,100,0
HNNA.US,5,20260303,192500,10.07,10.13,10.07,10.13,300,0
HNNA.US,5,20260303,193000,10.0319,10.13,10.0319,10.13,300,0
HNNA.US,5,20260303,193500,10.025,10.0375,10.025,10.0375,200,0
HNNA.US,5,20260303,202000,10.13,10.13,10.13,10.13,100,0
HNNA.US,5,20260303,205000,10.12,10.12,10.12,10.12,195,0
HNNA.US,5,20260303,212500,10.11,10.11,10.11,10.11,708,0
HNNA.US,5,20260303,215500,10.15,10.15,10.15,10.15,100,0
HNNA.US,5,20260304,162500,9.95,9.95,9.95,9.95,222,0
HNNA.US,5,20260304,164500,10.04,10.05,10.04,10.05,268,0
HNNA.US,5,20260304,170500,9.9,9.9,9.9,9.9,100,0
HNNA.US,5,20260304,171000,10,10,10,10,384,0
HNNA.US,5,20260304,171500,9.99,10,9.99,9.9999,835,0
HNNA.US,5,20260304,175000,10.05,10.05,10.05,10.05,346,0
HNNA.US,5,20260304,175500,10.05,10.05,10.05,10.05,326,0
HNNA.US,5,20260304,181000,10.05,10.05,10.05,10.05,184,0
HNNA.US,5,20260304,181500,10.05,10.05,10.05,10.05,106,0
HNNA.US,5,20260304,182000,10.05,10.05,10.05,10.05,1441,0
HNNA.US,5,20260304,182500,10.05,10.05,10.05,10.05,100,0
HNNA.US,5,20260304,183000,10.05,10.05,10.05,10.05,200,0
HNNA.US,5,20260304,183500,10.05,10.05,10.05,10.05,500,0
HNNA.US,5,20260304,184500,10.05,10.05,10.05,10.05,482,0
HNNA.US,5,20260304,191000,10.15,10.15,10.15,10.15,1739,0
HNNA.US,5,20260304,201000,10.0875,10.1,10.0875,10.1,1000,0
HNNA.US,5,20260304,202000,10.0527,10.08,10.0501,10.08,600,0
HNNA.US,5,20260304,210500,10.05,10.05,10.05,10.05,100,0
HNNA.US,5,20260304,212500,10.0567,10.0567,10.0567,10.0567,100,0
HNNA.US,5,20260304,215500,10.06,10.06,10.06,10.06,261,0
HNNA.US,5,20260305,154000,10.13,10.13,10.13,10.13,169,0
HNNA.US,5,20260305,154500,10.15,10.16,10.15,10.16,1078,0
HNNA.US,5,20260305,155000,10.1601,10.1601,10.1601,10.1601,608,0
HNNA.US,5,20260305,155500,10.2999,10.2999,10.2999,10.2999,180,0
HNNA.US,5,20260305,160500,10.195,10.195,10.16,10.16,200,0
HNNA.US,5,20260305,164500,10.1517,10.1988,10.1517,10.1988,200,0
HNNA.US,5,20260305,165000,10.15,10.15,10.15,10.15,100,0
HNNA.US,5,20260305,171000,10.215,10.215,10.215,10.215,300,0
HNNA.US,5,20260305,173500,10.15,10.15,10.15,10.15,100,0
HNNA.US,5,20260305,175500,10.15,10.15,10.15,10.15,100,0
HNNA.US,5,20260305,182500,10.15,10.15,10.145,10.145,209,0
HNNA.US,5,20260305,183500,10.15,10.15,10.15,10.15,100,0
HNNA.US,5,20260305,185000,10.15,10.15,10.15,10.15,200,0
HNNA.US,5,20260305,192000,10.17,10.17,10.17,10.17,315,0
HNNA.US,5,20260305,194000,10.18,10.18,10.18,10.18,200,0
HNNA.US,5,20260305,214000,10.15,10.17,10.14,10.17,308,0
HNNA.US,5,20260305,215500,10.17,10.17,10.17,10.17,183,0
HNNA.US,5,20260306,154500,10.003,10.003,10.003,10.003,500,0
HNNA.US,5,20260306,161000,10.07,10.07,10.07,10.07,100,0
HNNA.US,5,20260306,162000,10.08,10.09,10.08,10.09,200,0
HNNA.US,5,20260306,163000,10,10,10,10,400,0
HNNA.US,5,20260306,163500,10,10,10,10,100,0
HNNA.US,5,20260306,170500,9.98,9.98,9.95,9.95,524,0
HNNA.US,5,20260306,173500,10.169,10.169,10.169,10.169,250,0
HNNA.US,5,20260306,175000,9.97,9.97,9.9501,9.9501,622,0
HNNA.US,5,20260306,191000,9.9501,9.9501,9.9501,9.9501,100,0
HNNA.US,5,20260306,204500,10.01,10.01,10.01,10.01,100,0
HNNA.US,5,20260306,211500,10.1004,10.1004,10.1004,10.1004,100,0
HNNA.US,5,20260309,144500,10.0982,10.0982,10.0982,10.0982,100,0
HNNA.US,5,20260309,150000,10.0943,10.0943,10.0943,10.0943,100,0
HNNA.US,5,20260309,155500,9.96,9.96,9.96,9.96,100,0
HNNA.US,5,20260309,162000,9.95,9.95,9.95,9.95,287,0
HNNA.US,5,20260309,170500,9.85,9.85,9.85,9.85,100,0
HNNA.US,5,20260309,175000,9.8401,9.8401,9.8401,9.8401,450,0
HNNA.US,5,20260309,180000,9.965,9.965,9.965,9.965,125,0
HNNA.US,5,20260309,194000,9.95,9.95,9.95,9.95,100,0
HNNA.US,5,20260309,202500,9.91,9.93,9.91,9.93,300,0
HNNA.US,5,20260309,203000,9.905,9.97,9.905,9.97,400,0
HNNA.US,5,20260309,203500,10.02,10.02,10.02,10.02,100,0
HNNA.US,5,20260309,205500,9.94,9.94,9.84,9.86,421,0
HNNA.US,5,20260310,154000,9.9899,9.9899,9.9881,9.9881,200,0
HNNA.US,5,20260310,164500,10.02,10.02,10.02,10.02,1250,0
HNNA.US,5,20260310,171000,9.91,9.9999,9.91,9.9999,205,0
HNNA.US,5,20260310,180000,9.9001,9.9001,9.9001,9.9001,500,0
HNNA.US,5,20260310,193000,9.92,9.92,9.92,9.92,100,0
HNNA.US,5,20260310,193500,9.9,9.9,9.9,9.9,382,0
HNNA.US,5,20260310,203000,9.9,9.9,9.9,9.9,364,0
HNNA.US,5,20260310,205500,9.84,9.84,9.84,9.84,131,0
HNNA.US,5,20260311,145000,10.0311,10.0311,10.0311,10.0311,100,0
HNNA.US,5,20260311,154500,9.99,9.99,9.99,9.99,100,0
HNNA.US,5,20260311,205500,10,10,10,10,255,0
HNNA.US,5,20260312,144500,10.06,10.06,10.06,10.06,240,0
HNNA.US,5,20260312,161500,9.8717,9.8717,9.8717,9.8717,140,0
HNNA.US,5,20260312,174000,9.85,9.9,9.77,9.8201,5779,0
HNNA.US,5,20260312,175500,9.77,9.77,9.77,9.77,600,0
HNNA.US,5,20260312,180000,9.53,9.7464,9.53,9.53,500,0
HNNA.US,5,20260312,180500,9.75,9.75,9.53,9.53,200,0
HNNA.US,5,20260312,181000,9.58,9.58,9.56,9.56,200,0
HNNA.US,5,20260312,181500,9.56,9.56,9.56,9.56,100,0
HNNA.US,5,20260312,184000,9.76,9.76,9.7396,9.7396,1100,0
HNNA.US,5,20260312,185000,9.74,9.912,9.74,9.912,1182,0
HNNA.US,5,20260312,185500,9.615,9.615,9.615,9.615,100,0
HNNA.US,5,20260312,192500,9.875,9.875,9.875,9.875,150,0
HNNA.US,5,20260312,195500,9.7982,9.7982,9.7982,9.7982,181,0
HNNA.US,5,20260312,205000,9.88,9.88,9.88,9.88,100,0
HNNA.US,5,20260313,143000,9.89,9.89,9.89,9.89,100,0
HNNA.US,5,20260313,151500,9.8,9.8,9.8,9.8,444,0
HNNA.US,5,20260313,170500,9.74,9.74,9.74,9.74,100,0
HNNA.US,5,20260313,171000,9.8108,9.8108,9.8108,9.8108,100,0
HNNA.US,5,20260313,173500,9.74,9.74,9.74,9.74,100,0
HNNA.US,5,20260313,174000,9.7762,9.7762,9.7762,9.7762,200,0
HNNA.US,5,20260313,192000,9.7639,9.7639,9.7639,9.7639,100,0
HNNA.US,5,20260313,204000,9.74,9.74,9.74,9.74,147,0
HNNA.US,5,20260316,143000,9.61,9.73,9.61,9.73,869,0
HNNA.US,5,20260316,144500,9.8326,9.8326,9.8326,9.8326,115,0
HNNA.US,5,20260316,151500,9.85,9.85,9.85,9.85,180,0
HNNA.US,5,20260316,173000,9.95,9.95,9.95,9.95,400,0
HNNA.US,5,20260316,185000,9.64,9.64,9.64,9.64,100,0
HNNA.US,5,20260316,185500,9.6001,9.845,9.6001,9.7434,300,0
HNNA.US,5,20260316,200500,9.8949,9.8949,9.8949,9.8949,100,0
HNNA.US,5,20260316,205500,9.71,9.71,9.71,9.71,155,0
HNNA.US,5,20260317,161000,9.684,9.684,9.684,9.684,110,0
HNNA.US,5,20260317,161500,9.78,9.8,9.78,9.8,1736,0
HNNA.US,5,20260317,163000,9.8,9.8,9.8,9.8,100,0
HNNA.US,5,20260317,181500,9.92,9.92,9.92,9.92,100,0
HNNA.US,5,20260317,192000,9.9388,9.9388,9.9388,9.9388,350,0
HNNA.US,5,20260317,205500,9.77,9.8,9.74,9.74,629,0
HNNA.US,5,20260318,154500,9.85,9.85,9.85,9.85,277,0
HNNA.US,5,20260318,182500,9.8504,9.8504,9.8504,9.8504,100,0
HNNA.US,5,20260318,183000,9.8848,9.8848,9.8848,9.8848,100,0
HNNA.US,5,20260318,184000,9.85,9.85,9.85,9.85,918,0
HNNA.US,5,20260318,184500,9.8835,9.8835,9.8835,9.8835,250,0
HNNA.US,5,20260318,203500,9.84,9.84,9.84,9.84,1000,0
HNNA.US,5,20260318,205500,9.67,9.67,9.67,9.67,598,0
HNNA.US,5,20260319,154000,9.84,9.84,9.84,9.84,100,0
HNNA.US,5,20260319,200000,9.79,9.79,9.79,9.79,100,0
HNNA.US,5,20260319,205000,9.75,9.75,9.75,9.75,200,0
HNNA.US,5,20260320,143500,9.885,9.885,9.885,9.885,100,0
HNNA.US,5,20260320,145000,9.69,9.69,9.69,9.69,350,0
HNNA.US,5,20260320,150000,9.72,9.88,9.72,9.72,300,0
HNNA.US,5,20260320,151500,9.88,9.88,9.88,9.88,343,0
HNNA.US,5,20260320,171000,9.7,9.7,9.7,9.7,100,0
HNNA.US,5,20260320,171500,9.875,9.875,9.875,9.875,200,0
HNNA.US,5,20260320,175000,9.87,9.87,9.71,9.87,931,0
HNNA.US,5,20260320,204000,9.68,9.77,9.68,9.68,704,0
HNNA.US,5,20260320,204500,9.77,9.77,9.77,9.77,200,0
HNNA.US,5,20260320,205000,9.6,9.6,9.53,9.53,2712,0
HNNA.US,5,20260320,205500,9.53,9.53,9.32,9.38,3566,0
HNNA.US,5,20260323,162000,9.59,9.82,9.59,9.82,200,0
HNNA.US,5,20260323,171000,9.63,9.63,9.63,9.63,100,0
HNNA.US,5,20260323,172500,9.59,9.59,9.59,9.59,633,0
HNNA.US,5,20260323,180000,9.55,9.62,9.55,9.62,500,0
HNNA.US,5,20260323,181500,9.685,9.685,9.685,9.685,600,0
HNNA.US,5,20260323,183000,9.54,9.54,9.54,9.54,100,0
HNNA.US,5,20260323,184000,9.6015,9.6015,9.6015,9.6015,100,0
HNNA.US,5,20260323,195000,9.55,9.55,9.55,9.55,100,0
HNNA.US,5,20260323,201500,9.51,9.6,9.51,9.6,419,0
HNNA.US,5,20260323,204500,9.69,9.69,9.69,9.69,100,0
HNNA.US,5,20260323,205500,9.629,9.68,9.629,9.68,1233,0
HNNA.US,5,20260324,151500,9.68,9.68,9.68,9.68,107,0
HNNA.US,5,20260324,152500,9.6337,9.6337,9.6337,9.6337,100,0
HNNA.US,5,20260324,153000,9.5901,9.84,9.5901,9.84,475,0
HNNA.US,5,20260324,175500,9.63,9.63,9.63,9.63,400,0
HNNA.US,5,20260324,180000,9.61,9.745,9.61,9.745,200,0
HNNA.US,5,20260324,194500,9.64,9.65,9.64,9.65,468,0
HNNA.US,5,20260324,201000,9.655,9.655,9.655,9.655,100,0
HNNA.US,5,20260324,202000,9.745,9.745,9.745,9.745,100,0
HNNA.US,5,20260324,202500,9.7238,9.7238,9.7238,9.7238,120,0
HNNA.US,5,20260324,205500,9.63,9.715,9.575,9.575,500,0
HNNA.US,5,20260325,145000,9.85,9.85,9.85,9.85,500,0
HNNA.US,5,20260325,145500,9.85,9.85,9.85,9.85,500,0
HNNA.US,5,20260325,154500,9.73,9.73,9.73,9.73,100,0
HNNA.US,5,20260325,155500,9.6,9.6,9.6,9.6,323,0
HNNA.US,5,20260325,160500,9.63,9.63,9.63,9.63,1000,0
HNNA.US,5,20260325,161000,9.6,9.6,9.6,9.6,107,0
HNNA.US,5,20260325,165500,9.6,9.8202,9.59,9.8202,1490,0
HNNA.US,5,20260325,170000,9.68,9.83,9.68,9.68,600,0
HNNA.US,5,20260325,170500,9.68,9.68,9.68,9.68,400,0
HNNA.US,5,20260325,171000,9.68,9.68,9.68,9.68,100,0
HNNA.US,5,20260325,172000,9.8232,9.8232,9.8232,9.8232,500,0
HNNA.US,5,20260325,192000,9.8,9.8,9.8,9.8,1144,0
HNNA.US,5,20260325,193000,9.695,9.695,9.695,9.695,150,0
HNNA.US,5,20260325,200500,9.71,9.71,9.71,9.71,300,0
HNNA.US,5,20260325,204500,9.74,9.74,9.74,9.74,104,0
HNNA.US,5,20260325,205500,9.76,9.76,9.76,9.76,135,0
HNNA.US,5,20260326,144500,9.84,9.84,9.84,9.84,100,0
HNNA.US,5,20260326,145000,9.78,9.8004,9.77,9.77,1344,0
HNNA.US,5,20260326,173500,9.6,9.6,9.6,9.6,115,0
HNNA.US,5,20260326,174000,9.675,9.675,9.675,9.675,100,0
HNNA.US,5,20260326,191000,9.6,9.6,9.6,9.6,100,0
HNNA.US,5,20260326,194000,9.585,9.585,9.58,9.58,450,0
HNNA.US,5,20260326,200500,9.52,9.53,9.52,9.52,2100,0
HNNA.US,5,20260326,201000,9.5,9.5,9.5,9.5,300,0
HNNA.US,5,20260326,201500,9.575,9.575,9.5,9.575,400,0
HNNA.US,5,20260326,202000,9.575,9.575,9.5,9.5,400,0
HNNA.US,5,20260326,202500,9.5,9.575,9.5,9.5,400,0
HNNA.US,5,20260326,203500,9.55,9.55,9.55,9.55,200,0
HNNA.US,5,20260326,204000,9.575,9.58,9.5525,9.58,500,0
HNNA.US,5,20260326,205500,9.5999,9.5999,9.55,9.55,200,0
HNNA.US,5,20260327,144000,9.54,9.54,9.54,9.54,100,0
HNNA.US,5,20260327,154000,9.54,9.54,9.54,9.54,100,0
HNNA.US,5,20260327,160500,9.58,9.58,9.58,9.58,999,0
HNNA.US,5,20260327,170500,9.51,9.51,9.5,9.5,279,0
HNNA.US,5,20260327,171000,9.45,9.5999,9.45,9.5441,700,0
HNNA.US,5,20260327,171500,9.55,9.55,9.55,9.55,100,0
HNNA.US,5,20260327,174000,9.5,9.5,9.5,9.5,100,0
HNNA.US,5,20260327,174500,9.45,9.46,9.45,9.45,1000,0
HNNA.US,5,20260327,180000,9.445,9.53,9.445,9.53,922,0
HNNA.US,5,20260327,183500,9.515,9.515,9.515,9.515,500,0
HNNA.US,5,20260327,201000,9.52,9.52,9.52,9.52,500,0
HNNA.US,5,20260327,201500,9.515,9.515,9.515,9.515,105,0
HNNA.US,5,20260327,202000,9.5,9.51,9.5,9.51,300,0
HNNA.US,5,20260330,153000,9.55,9.55,9.51,9.51,301,0
HNNA.US,5,20260330,153500,9.6,9.6,9.6,9.6,126,0
HNNA.US,5,20260330,192500,9.515,9.515,9.49,9.49,695,0
HNNA.US,5,20260330,193500,9.65,9.65,9.65,9.65,100,0
HNNA.US,5,20260331,155500,9.65,9.65,9.65,9.65,409,0
HNNA.US,5,20260331,160000,9.65,9.65,9.65,9.65,511,0
HNNA.US,5,20260331,160500,9.65,9.65,9.65,9.65,419,0
HNNA.US,5,20260331,161500,9.6499,9.6499,9.6499,9.6499,100,0
HNNA.US,5,20260331,162000,9.64,9.64,9.6,9.6,200,0
HNNA.US,5,20260331,164000,9.585,9.585,9.585,9.585,200,0
HNNA.US,5,20260331,170000,9.55,9.55,9.55,9.55,1691,0
HNNA.US,5,20260331,171500,9.64,9.64,9.585,9.585,1500,0
HNNA.US,5,20260331,174000,9.5501,9.5501,9.5501,9.5501,1353,0
HNNA.US,5,20260331,174500,9.6,9.6,9.6,9.6,340,0
HNNA.US,5,20260331,190000,9.6,9.6,9.6,9.6,100,0
HNNA.US,5,20260331,195500,9.72,9.72,9.72,9.72,100,0
HNNA.US,5,20260331,201500,9.72,9.84,9.72,9.84,1100,0
HNNA.US,5,20260331,202000,9.75,9.75,9.75,9.75,300,0
HNNA.US,5,20260331,202500,9.75,9.75,9.75,9.75,100,0
HNNA.US,5,20260331,203000,9.795,9.795,9.75,9.75,557,0
HNNA.US,5,20260331,203500,9.7501,9.795,9.7501,9.795,300,0
HNNA.US,5,20260331,204000,9.75,9.75,9.75,9.75,500,0
HNNA.US,5,20260331,204500,9.7635,9.7635,9.7635,9.7635,100,0
HNNA.US,5,20260331,210500,9.84,9.84,9.7501,9.7501,699,0
HNNA.US,5,20260331,211000,9.75,9.795,9.75,9.795,422,0
HNNA.US,5,20260331,212000,9.795,9.795,9.795,9.795,100,0
HNNA.US,5,20260331,212500,9.75,9.75,9.75,9.75,100,0
HNNA.US,5,20260331,214500,9.7501,9.7501,9.7501,9.7501,100,0
HNNA.US,5,20260331,215500,9.751,9.751,9.75,9.75,367,0
HNNA.US,5,20260401,153000,9.75,9.75,9.75,9.75,376,0
HNNA.US,5,20260401,154500,9.7501,9.7641,9.7501,9.7641,222,0
HNNA.US,5,20260401,161000,9.75,9.75,9.75,9.75,250,0
HNNA.US,5,20260401,184000,9.822,9.84,9.822,9.84,300,0
HNNA.US,5,20260401,195000,9.795,9.795,9.795,9.795,100,0
HNNA.US,5,20260401,212500,9.751,9.7511,9.751,9.7511,290,0
HNNA.US,5,20260401,213500,9.75,9.75,9.75,9.75,107,0
HNNA.US,5,20260401,214500,9.75,9.7699,9.75,9.75,6092,0
HNNA.US,5,20260401,215000,9.75,9.8,9.74,9.775,9494,0
HNNA.US,5,20260401,215500,9.8,9.8,9.8,9.8,115,0
HNNA.US,5,20260402,155000,9.75,9.75,9.75,9.75,500,0
HNNA.US,5,20260402,160500,9.75,9.79,9.75,9.79,400,0
HNNA.US,5,20260402,161000,9.75,9.75,9.75,9.75,100,0
HNNA.US,5,20260402,163000,9.75,9.75,9.745,9.75,500,0
HNNA.US,5,20260402,170000,9.74,9.84,9.74,9.84,138809,0
HNNA.US,5,20260402,170500,9.84,9.84,9.84,9.84,500,0
HNNA.US,5,20260402,181000,9.82,9.875,9.8,9.8,3442,0
HNNA.US,5,20260402,182500,9.779,9.779,9.779,9.779,100,0
HNNA.US,5,20260402,183500,9.76,9.76,9.75,9.75,800,0
HNNA.US,5,20260402,204000,9.76,9.76,9.74,9.74,600,0
HNNA.US,5,20260402,210500,9.79,9.79,9.79,9.79,419,0
HNNA.US,5,20260402,211000,9.72,9.72,9.72,9.72,100,0
HNNA.US,5,20260402,215500,9.7515,9.7515,9.7515,9.7515,100,0
HNNA.US,5,20260406,153000,9.75,9.75,9.74,9.74,423,0
HNNA.US,5,20260406,153500,9.73,9.74,9.73,9.74,1327,0
HNNA.US,5,20260406,155000,9.86,9.86,9.85,9.8501,445,0
HNNA.US,5,20260406,160500,9.86,9.86,9.86,9.86,250,0
HNNA.US,5,20260406,165000,9.86,9.86,9.86,9.86,200,0
HNNA.US,5,20260406,175000,9.8718,9.8718,9.8718,9.8718,100,0
HNNA.US,5,20260406,203000,9.8,9.8,9.8,9.8,1183,0
HNNA.US,5,20260406,215500,9.64,9.64,9.64,9.64,174,0
HNNA.US,5,20260407,154500,9.62,9.62,9.62,9.62,100,0
HNNA.US,5,20260407,170500,9.705,9.705,9.705,9.705,1500,0
HNNA.US,5,20260407,173500,9.705,9.705,9.705,9.705,400,0
HNNA.US,5,20260407,174000,9.705,9.705,9.705,9.705,200,0
HNNA.US,5,20260407,195000,9.705,9.705,9.705,9.705,265,0
HNNA.US,5,20260407,213500,9.66,9.66,9.66,9.66,100,0
HNNA.US,5,20260407,214000,9.74,9.74,9.74,9.74,100,0
HNNA.US,5,20260407,215500,9.73,9.73,9.73,9.73,267,0
HNNA.US,5,20260408,160500,9.9,9.9,9.9,9.9,200,0
HNNA.US,5,20260408,183000,9.855,9.855,9.855,9.855,554,0
HNNA.US,5,20260408,190000,9.9,9.9,9.9,9.9,124,0
HNNA.US,5,20260409,202500,9.88,9.88,9.88,9.88,250,0
HNNA.US,5,20260409,204000,9.77,9.8,9.77,9.8,200,0
HNNA.US,5,20260409,215500,9.77,9.77,9.77,9.77,242,0
HNNA.US,5,20260410,153500,9.8505,9.8505,9.8505,9.8505,100,0
HNNA.US,5,20260410,161000,9.9026,9.9026,9.9026,9.9026,497,0
HNNA.US,5,20260410,164000,9.905,9.905,9.905,9.905,200,0
HNNA.US,5,20260410,171500,9.94,9.94,9.905,9.94,1000,0
HNNA.US,5,20260410,172000,9.94,9.95,9.94,9.95,1000,0
HNNA.US,5,20260410,180000,9.9,9.9,9.9,9.9,100,0
HNNA.US,5,20260410,185500,9.9,9.9,9.9,9.9,100,0
HNNA.US,5,20260410,191500,9.92,9.92,9.92,9.92,100,0
HNNA.US,5,20260410,215500,9.94,9.94,9.9,9.9,1608,0
HNNA.US,5,20260413,154500,10,10,10,10,910,0
HNNA.US,5,20260414,153000,9.99,9.99,9.92,9.92,1820,0
HNNA.US,5,20260414,155500,9.98,9.98,9.98,9.98,400,0
HNNA.US,5,20260414,180000,9.95,9.95,9.95,9.95,189,0
HNNA.US,5,20260414,181500,9.93,9.93,9.93,9.93,125,0
HNNA.US,5,20260414,183500,9.955,9.955,9.955,9.955,100,0
HNNA.US,5,20260414,215500,9.93,9.93,9.93,9.93,116,0
HNNA.US,5,20260415,154000,9.9,9.9,9.77,9.785,7732,0
HNNA.US,5,20260415,154500,9.785,9.785,9.785,9.785,271,0
HNNA.US,5,20260415,155500,9.82,9.82,9.82,9.82,121,0
HNNA.US,5,20260415,175500,9.88,9.88,9.88,9.88,100,0
HNNA.US,5,20260415,181500,9.88,9.88,9.8799,9.88,390,0
HNNA.US,5,20260415,183000,9.88,9.88,9.88,9.88,596,0
HNNA.US,5,20260415,183500,9.85,9.85,9.84,9.84,432,0
HNNA.US,5,20260415,205000,9.84,9.84,9.84,9.84,600,0
HNNA.US,5,20260416,153000,9.885,9.885,9.885,9.885,500,0
HNNA.US,5,20260416,180500,9.86,9.8601,9.79,9.79,4132,0
HNNA.US,5,20260416,185000,9.81,9.81,9.81,9.81,200,0
HNNA.US,5,20260416,202500,9.84,9.84,9.84,9.84,100,0
HNNA.US,5,20260416,212000,9.82,9.82,9.82,9.82,300,0
HNNA.US,5,20260416,214500,9.82,9.82,9.82,9.82,400,0
HNNA.US,5,20260417,164500,9.9,9.9,9.9,9.9,100,0
HNNA.US,5,20260417,185500,9.9999,9.9999,9.9999,9.9999,3004,0
HNNA.US,5,20260420,153500,9.95,9.95,9.95,9.95,100,0
HNNA.US,5,20260420,160000,9.95,9.95,9.95,9.95,200,0
HNNA.US,5,20260420,182500,9.8501,9.8501,9.8499,9.8499,606,0
HNNA.US,5,20260420,205000,9.85,9.85,9.85,9.85,100,0
HNNA.US,5,20260420,211000,9.84,9.84,9.84,9.84,109,0
HNNA.US,5,20260421,160000,9.87,9.87,9.87,9.87,100,0
HNNA.US,5,20260421,161000,9.9499,9.9499,9.9499,9.9499,300,0
HNNA.US,5,20260421,163000,9.95,9.95,9.95,9.95,199,0
HNNA.US,5,20260421,172500,9.8,9.8,9.8,9.8,100,0
HNNA.US,5,20260421,202000,9.8122,9.8122,9.8122,9.8122,202,0
HNNA.US,5,20260421,210000,9.83,9.83,9.83,9.83,100,0
HNNA.US,5,20260421,215000,9.94,9.94,9.94,9.94,100,0
HNNA.US,5,20260422,163500,9.93,9.93,9.93,9.93,140,0
HNNA.US,5,20260424,193000,9.695,9.695,9.695,9.695,100,0
HNNA.US,5,20260424,200500,9.865,9.865,9.865,9.865,100,0
HNNA.US,5,20260424,203500,9.865,9.865,9.865,9.865,100,0
HNNA.US,5,20260427,155000,9.92,9.92,9.92,9.92,100,0
HNNA.US,5,20260427,194500,9.76,9.76,9.76,9.76,100,0
HNNA.US,5,20260427,195000,9.79,9.79,9.79,9.79,100,0
HNNA.US,5,20260427,200500,9.89,9.89,9.89,9.89,100,0
HNNA.US,5,20260427,202500,9.7501,9.85,9.7501,9.85,200,0
HNNA.US,5,20260427,215500,9.76,9.76,9.76,9.76,164,0
HNNA.US,5,20260428,153000,9.75,9.75,9.75,9.75,285,0
HNNA.US,5,20260428,175000,9.79,9.79,9.79,9.79,200,0
HNNA.US,5,20260428,175500,9.771,9.771,9.771,9.771,1000,0
HNNA.US,5,20260428,180000,9.825,9.835,9.825,9.835,997,0
HNNA.US,5,20260428,180500,9.87,9.88,9.87,9.87,1268,0
HNNA.US,5,20260428,181000,9.845,9.845,9.83,9.8334,2897,0
HNNA.US,5,20260428,181500,9.83,9.84,9.8205,9.84,499,0
HNNA.US,5,20260428,182000,9.8227,9.8399,9.8227,9.8399,200,0
HNNA.US,5,20260428,182500,9.81,9.81,9.81,9.81,300,0
HNNA.US,5,20260428,185000,9.8368,9.8368,9.8368,9.8368,367,0
HNNA.US,5,20260428,190500,9.82,9.82,9.78,9.78,2372,0
HNNA.US,5,20260428,191000,9.8634,9.8634,9.8634,9.8634,100,0
HNNA.US,5,20260428,194000,9.8,9.8,9.8,9.8,100,0
HNNA.US,5,20260428,194500,9.8699,9.8699,9.8041,9.8699,300,0
HNNA.US,5,20260428,195500,9.86,9.8699,9.815,9.86,2500,0
HNNA.US,5,20260428,200500,9.815,9.8699,9.815,9.815,400,0
HNNA.US,5,20260428,201000,9.8207,9.864,9.815,9.864,300,0
HNNA.US,5,20260428,201500,9.815,9.815,9.815,9.815,200,0
HNNA.US,5,20260428,202000,9.8202,9.86,9.8202,9.86,200,0
HNNA.US,5,20260428,212500,9.87,9.87,9.86,9.86,2700,0
HNNA.US,5,20260428,215500,9.78,9.78,9.78,9.78,140,0
HNNA.US,5,20260429,161000,9.78,9.78,9.78,9.78,100,0
HNNA.US,5,20260429,171500,9.7925,9.7925,9.7925,9.7925,190,0
HNNA.US,5,20260429,185000,9.845,9.845,9.845,9.845,600,0
HNNA.US,5,20260429,185500,9.9226,9.9226,9.9226,9.9226,904,0
HNNA.US,5,20260429,190000,9.9107,9.9337,9.78,9.9191,3000,0
HNNA.US,5,20260429,191500,9.93,9.9398,9.93,9.9398,400,0
HNNA.US,5,20260429,212000,9.94,9.95,9.9399,9.95,1187,0
HNNA.US,5,20260429,214500,9.875,9.875,9.875,9.875,100,0
HNNA.US,5,20260430,154000,9.91,9.91,9.91,9.91,100,0
HNNA.US,5,20260430,175500,10,10,10,10,1995,0
HNNA.US,5,20260430,195500,10,10,10,10,100,0
HNNA.US,5,20260501,165000,9.92,9.92,9.92,9.92,650,0
HNNA.US,5,20260501,170000,9.96,9.96,9.96,9.96,185,0
HNNA.US,5,20260501,170500,10.02,10.02,10.02,10.02,100,0
HNNA.US,5,20260501,194000,10.01,10.01,10.01,10.01,887,0
HNNA.US,5,20260501,195500,10,10,10,10,100,0
HNNA.US,5,20260501,202500,10.01,10.02,10.01,10.02,1659,0
HNNA.US,5,20260504,155000,10.07,10.07,10.07,10.07,100,0
HNNA.US,5,20260504,165500,10.06,10.07,10.06,10.07,400,0
HNNA.US,5,20260504,194000,10.14,10.14,10.14,10.14,281,0
HNNA.US,5,20260505,182000,9.965,9.965,9.965,9.965,100,0
HNNA.US,5,20260506,182000,10.15,10.18,10,10.18,2160,0
HNNA.US,5,20260506,184500,10.19,10.19,10.19,10.19,292,0
HNNA.US,5,20260506,185500,10.075,10.075,10.075,10.075,100,0
HNNA.US,5,20260506,210000,10.08,10.105,10.08,10.105,900,0
HNNA.US,5,20260506,211000,9.95,10.09,9.95,9.95,600,0
HNNA.US,5,20260506,212500,10.095,10.095,10.095,10.095,200,0
HNNA.US,5,20260507,154000,10,10,10,10,245,0
HNNA.US,5,20260507,154500,10.0351,10.0351,10.0351,10.0351,243,0
HNNA.US,5,20260507,155000,10.0301,10.0301,10.0301,10.0301,100,0
HNNA.US,5,20260507,162500,10.17,10.18,10.17,10.18,698,0
HNNA.US,5,20260507,164500,10.18,10.18,10.18,10.18,100,0
HNNA.US,5,20260507,185000,10.2,10.2,10.2,10.2,197,0
HNNA.US,5,20260508,153000,10.2,10.2,10.2,10.2,804,0
HNNA.US,5,20260508,153500,10.2,10.2,10.2,10.2,400,0
HNNA.US,5,20260508,161500,10.16,10.16,10.16,10.16,211,0
HNNA.US,5,20260508,164500,10.15,10.15,10.15,10.15,100,0
HNNA.US,5,20260508,173500,10.1498,10.15,10.1498,10.15,720,0
HNNA.US,5,20260511,155000,10,10,10,10,3000,0
HNNA.US,5,20260511,165000,9.99,10.07,9.98,10.07,300,0
HNNA.US,5,20260511,183500,10.0364,10.05,10.0278,10.0278,3365,0
HNNA.US,5,20260511,184000,10.0533,10.0533,10.0533,10.0533,1000,0
HNNA.US,5,20260511,185500,10.07,10.07,10.07,10.07,265,0
HNNA.US,5,20260511,192000,10.1,10.19,10.0101,10.1,500,0
HNNA.US,5,20260511,192500,10.1,10.1596,10.01,10.1596,500,0
HNNA.US,5,20260511,204000,10.1851,10.1851,10.1851,10.1851,2000,0
HNNA.US,5,20260511,211000,9.9601,9.9601,9.9601,9.9601,577,0
HNNA.US,5,20260511,211500,9.96,9.96,9.96,9.96,610,0
HNNA.US,5,20260511,212000,9.9726,9.9726,9.9512,9.96,300,0
HNNA.US,5,20260511,213500,10,10,10,10,1100,0
HNNA.US,5,20260511,214000,10,10,10,10,100,0
HNNA.US,5,20260511,215000,10,10,9.98,10,10885,0
HNNA.US,5,20260512,215500,10.19,10.19,10.19,10.19,107,0
HNNA.US,5,20260513,165000,10,10,10,10,100,0
HNNA.US,5,20260513,190500,10.1635,10.1635,10.1635,10.1635,250,0
HNNA.US,5,20260513,195500,10,10,10,10,136,0
HNNA.US,5,20260513,215500,9.87,9.9377,9.87,9.925,301,0
HNNA.US,5,20260514,153500,9.8373,9.8373,9.8373,9.8373,245,0
HNNA.US,5,20260514,171000,10.007,10.0699,9.965,10.0123,1427,0
HNNA.US,5,20260514,182500,9.86,9.86,9.86,9.86,300,0
HNNA.US,5,20260514,183000,9.965,9.965,9.965,9.965,300,0
HNNA.US,5,20260514,202500,9.9167,9.9167,9.9167,9.9167,200,0
HNNA.US,5,20260514,211000,9.97,9.97,9.97,9.97,100,0
HNNA.US,5,20260514,214000,9.95,9.95,9.95,9.95,100,0
HNNA.US,5,20260514,215000,9.95,9.95,9.95,9.95,234,0
HNNA.US,5,20260514,215500,9.925,9.95,9.925,9.95,280,0
HNNA.US,5,20260515,161000,10,10,10,10,325,0
HNNA.US,5,20260515,161500,10.0001,10.1,10.0001,10.1,200,0
HNNA.US,5,20260515,164500,10.1,10.1,10.1,10.1,103,0
HNNA.US,5,20260515,165000,10.1001,10.1001,10,10,699,0
HNNA.US,5,20260515,165500,10,10.0001,10,10.0001,338,0
HNNA.US,5,20260515,170500,10.01,10.01,10.01,10.01,300,0
HNNA.US,5,20260515,191500,9.96,9.96,9.96,9.96,166,0
HNNA.US,5,20260515,211000,9.95,9.95,9.95,9.95,123,0
HNNA.US,5,20260515,215500,9.935,9.935,9.935,9.935,100,0
HNNA.US,5,20260518,155500,10.1616,10.1616,10.1616,10.1616,510,0
HNNA.US,5,20260518,184000,9.89,9.89,9.89,9.89,100,0
HNNA.US,5,20260518,184500,9.8601,9.9065,9.8601,9.9065,200,0
HNNA.US,5,20260518,192500,10,10,9.98,10,2950,0
HNNA.US,5,20260518,193500,10.001,10.001,10.0001,10.0001,200,0
HNNA.US,5,20260518,201000,10,10.0001,10,10.0001,448,0
HNNA.US,5,20260518,201500,10,10,10,10,200,0
HNNA.US,5,20260518,205500,10.0001,10.075,10.0001,10.075,200,0
HNNA.US,5,20260519,153500,10.15,10.15,10.1339,10.1339,400,0
HNNA.US,5,20260519,160000,10.16,10.16,10.16,10.16,200,0
HNNA.US,5,20260519,162000,10.1301,10.1301,10.05,10.05,525,0
HNNA.US,5,20260519,172500,9.975,9.975,9.975,9.975,173,0
HNNA.US,5,20260519,180500,9.95,9.95,9.95,9.95,1899,0
HNNA.US,5,20260519,183500,10.05,10.05,10,10.0499,4962,0
HNNA.US,5,20260519,184500,9.9827,10.08,9.9827,10.08,414,0
HNNA.US,5,20260519,185500,10.0114,10.0114,9.97,9.98,1000,0
HNNA.US,5,20260519,202500,10.02,10.02,10.02,10.02,994,0
HNNA.US,5,20260519,204500,10.04,10.05,10.0399,10.05,3080,0
HNNA.US,5,20260519,205000,10.05,10.06,10.05,10.06,2300,0
HNNA.US,5,20260519,205500,10.055,10.055,10.055,10.055,497,0
HNNA.US,5,20260519,211500,10.0456,10.0456,10.0456,10.0456,100,0
HNNA.US,5,20260519,214500,9.98,9.9801,9.93,9.9801,1626,0
HNNA.US,5,20260519,215500,9.92,9.92,9.92,9.92,100,0
HNNA.US,5,20260520,155500,9.9416,9.9416,9.9416,9.9416,200,0
HNNA.US,5,20260520,164000,10.05,10.22,10.05,10.19,5249,0
HNNA.US,5,20260520,165000,10.19,10.205,10.19,10.1901,500,0
HNNA.US,5,20260520,165500,10.225,10.225,10.225,10.225,381,0
HNNA.US,5,20260520,173000,10.2,10.2,10.2,10.2,234,0
HNNA.US,5,20260520,173500,10.195,10.195,10.195,10.195,283,0
HNNA.US,5,20260520,182500,10.19,10.19,10.19,10.19,200,0
HNNA.US,5,20260520,191000,10.19,10.19,10.19,10.19,100,0
HNNA.US,5,20260520,195500,10.19,10.19,10.19,10.19,100,0
HNNA.US,5,20260520,200000,10.1999,10.1999,10.1999,10.1999,100,0
HNNA.US,5,20260520,213500,10.1901,10.195,10.19,10.195,1275,0
HNNA.US,5,20260520,214500,10.19,10.195,10.19,10.195,600,0
HNNA.US,5,20260520,215500,10.2,10.24,10.2,10.24,3644,0
HNNA.US,5,20260521,155500,10.03,10.04,10.03,10.04,400,0
HNNA.US,5,20260521,160000,10.04,10.04,10.04,10.04,217,0
HNNA.US,5,20260521,164000,10.105,10.105,10.105,10.105,300,0
HNNA.US,5,20260521,185000,10.04,10.04,9.89,9.89,5295,0
HNNA.US,5,20260521,195500,9.895,9.96,9.895,9.96,900,0
HNNA.US,5,20260521,200000,9.9699,9.97,9.9699,9.9699,700,0
HNNA.US,5,20260521,215500,10.09,10.1,10.09,10.1,620,0
HNNA.US,5,20260522,163000,10.2,10.24,10.19,10.2,3815,0
HNNA.US,5,20260522,163500,10.2001,10.2001,10.2001,10.2001,300,0
HNNA.US,5,20260522,165500,10.2,10.2,10.2,10.2,431,0
HNNA.US,5,20260522,170000,10.2463,10.2463,10.2463,10.2463,100,0
HNNA.US,5,20260522,170500,10.24,10.24,10.24,10.24,1032,0
HNNA.US,5,20260522,192000,10.225,10.225,10.225,10.225,200,0
HNNA.US,5,20260522,215000,10.27,10.27,10.27,10.27,100,0
HNNA.US,5,20260522,215500,10.29,10.3,10.29,10.3,391,0
HNNA.US,5,20260526,153500,10.35,10.35,10.35,10.35,200,0
HNNA.US,5,20260526,154000,10.3,10.3,10.3,10.3,999,0
HNNA.US,5,20260526,161500,10.3,10.33,10.3,10.33,200,0
HNNA.US,5,20260526,163500,10.2987,10.2987,10.2987,10.2987,203,0
HNNA.US,5,20260526,171500,10.32,10.35,10.32,10.35,1373,0
HNNA.US,5,20260526,172500,10.33,10.46,10.33,10.46,200,0
HNNA.US,5,20260526,182500,10.34,10.3995,10.3201,10.3995,300,0
HNNA.US,5,20260526,191500,10.3993,10.3993,10.3993,10.3993,100,0
HNNA.US,5,20260526,194500,10.516,10.5999,10.46,10.5216,1900,0
HNNA.US,5,20260526,202500,10.42,10.42,10.42,10.42,268,0
HNNA.US,5,20260526,203000,10.36,10.36,10.36,10.36,200,0
HNNA.US,5,20260526,204000,10.35,10.35,10.35,10.35,804,0
HNNA.US,5,20260526,204500,10.35,10.35,10.32,10.3302,3842,0
HNNA.US,5,20260526,205000,10.35,10.35,10.35,10.35,200,0
HNNA.US,5,20260526,214500,10.34,10.34,10.34,10.34,100,0
HNNA.US,5,20260526,215000,10.35,10.35,10.35,10.35,200,0
HNNA.US,5,20260526,215500,10.35,10.35,10.35,10.35,200,0
HNNA.US,5,20260527,155000,10.35,10.35,10.35,10.35,857,0
HNNA.US,5,20260527,161500,10.3201,10.335,10.3201,10.335,1000,0
HNNA.US,5,20260527,164000,10.35,10.35,10.32,10.32,1400,0
HNNA.US,5,20260527,164500,10.33,10.33,10.33,10.33,591,0
HNNA.US,5,20260527,165000,10.35,10.35,10.35,10.35,200,0
HNNA.US,5,20260527,170000,10.35,10.35,10.32,10.32,5552,0
HNNA.US,5,20260527,170500,10.35,10.35,10.335,10.35,7619,0
HNNA.US,5,20260527,174000,10.4,10.4,10.4,10.4,696,0
HNNA.US,5,20260527,200500,10.405,10.5,10.4001,10.5,323,0
HNNA.US,5,20260527,202500,10.4001,10.45,10.35,10.35,3556,0
HNNA.US,5,20260528,154000,10.32,10.32,10.32,10.32,2733,0
HNNA.US,5,20260528,163500,10.33,10.33,10.33,10.33,197,0
HNNA.US,5,20260528,165500,10.351,10.351,10.351,10.351,100,0
HNNA.US,5,20260528,180000,10.35,10.35,10.35,10.35,200,0
HNNA.US,5,20260528,183500,10.35,10.35,10.35,10.35,104,0
HNNA.US,5,20260528,191500,10.35,10.35,10.35,10.35,138,0
HNNA.US,5,20260528,194500,10.05,10.05,10.05,10.05,500,0
HNNA.US,5,20260528,195000,9.844,9.844,9.844,9.844,100,0
HNNA.US,5,20260528,195500,10.05,10.05,10.05,10.05,200,0
HNNA.US,5,20260528,201000,9.885,10.37,9.885,10.37,385,0
HNNA.US,5,20260528,204000,10.135,10.135,10.135,10.135,150,0
HNNA.US,5,20260528,205000,10.25,10.25,10.25,10.25,4200,0
HNNA.US,5,20260528,210000,10.135,10.135,10.135,10.135,303,0
HNNA.US,5,20260528,212000,10.25,10.25,10.1,10.1,300,0
HNNA.US,5,20260528,213000,10.1,10.1,10.1,10.1,200,0
HNNA.US,5,20260528,215500,10.02,10.02,10.02,10.02,100,0
HNNA.US,5,20260529,153000,10.1,10.1,10.1,10.1,111,0
HNNA.US,5,20260529,160000,10.04,10.04,10.04,10.04,100,0
HNNA.US,5,20260529,162500,10.215,10.215,10.215,10.215,100,0
HNNA.US,5,20260529,170500,10.05,10.05,10.05,10.05,100,0
HNNA.US,5,20260529,195000,10.215,10.215,10.215,10.215,300,0
HNNA.US,5,20260601,160000,10.1,10.1,10.1,10.1,500,0
HNNA.US,5,20260601,164500,10,10,10,10,455,0
HNNA.US,5,20260601,173000,9.99,9.99,9.99,9.99,100,0
HNNA.US,5,20260601,175000,9.9227,9.9227,9.9227,9.9227,400,0
HNNA.US,5,20260601,180000,10,10,10,10,300,0
HNNA.US,5,20260601,181500,10,10,10,10,146,0
HNNA.US,5,20260601,184500,9.995,9.995,9.995,9.995,100,0
HNNA.US,5,20260601,185000,9.995,9.995,9.995,9.995,100,0
HNNA.US,5,20260601,185500,10.0338,10.0338,9.995,9.995,225,0
HNNA.US,5,20260601,194000,9.96,9.96,9.96,9.96,300,0
HNNA.US,5,20260601,213500,9.91,9.91,9.9,9.9,867,0
HNNA.US,5,20260601,215000,9.9281,9.9281,9.9281,9.9281,100,0
HNNA.US,5,20260601,215500,9.91,9.91,9.91,9.91,312,0
HNNA.US,5,20260602,162500,9.9863,9.9863,9.9863,9.9863,101,0
HNNA.US,5,20260602,193000,10,10,10,10,112,0
HNNA.US,5,20260602,202000,10.125,10.125,10.125,10.125,100,0
HNNA.US,5,20260602,215000,9.93,9.93,9.93,9.93,215,0
HNNA.US,5,20260603,170000,9.94,10.035,9.93,10.035,3356,0
HNNA.US,5,20260603,170500,9.93,10.035,9.93,10.015,3294,0
HNNA.US,5,20260603,191000,9.96,9.96,9.96,9.96,100,0
HNNA.US,5,20260603,200500,9.89,9.89,9.89,9.89,200,0
HNNA.US,5,20260603,202000,9.9,9.9,9.9,9.9,100,0
HNNA.US,5,20260603,202500,9.9,9.9,9.9,9.9,100,0
HNNA.US,5,20260603,203500,9.9,9.9,9.9,9.9,100,0
HNNA.US,5,20260604,153000,10.08,10.08,10.08,10.08,256,0
HNNA.US,5,20260604,153500,9.94,9.94,9.94,9.94,100,0
HNNA.US,5,20260604,163500,9.94,9.94,9.94,9.94,120,0
HNNA.US,5,20260604,165500,9.92,9.93,9.92,9.93,351,0
HNNA.US,5,20260604,170500,9.93,10.01,9.93,9.995,847,0
HNNA.US,5,20260604,171000,9.965,9.965,9.965,9.965,168,0
HNNA.US,5,20260604,173500,9.965,9.965,9.965,9.965,168,0
HNNA.US,5,20260604,175000,9.965,9.965,9.965,9.965,168,0
HNNA.US,5,20260604,175500,9.965,9.965,9.965,9.965,144,0
HNNA.US,5,20260604,180500,9.965,9.965,9.965,9.965,144,0
HNNA.US,5,20260604,182000,9.965,9.965,9.965,9.965,120,0
HNNA.US,5,20260604,185000,9.94,9.94,9.94,9.94,100,0
HNNA.US,5,20260604,210500,9.9599,9.9599,9.9599,9.9599,200,0
HNNA.US,5,20260604,211000,9.9563,9.9563,9.9563,9.9563,100,0
HNNA.US,5,20260604,212500,9.915,9.915,9.915,9.915,100,0
HNNA.US,5,20260604,213500,9.92,9.92,9.92,9.92,100,0
HNNA.US,5,20260604,214000,9.88,9.88,9.88,9.88,100,0
HNNA.US,5,20260604,214500,9.895,9.895,9.85,9.8501,1080,0
HNNA.US,5,20260604,215000,9.89,9.89,9.89,9.89,100,0
HNNA.US,5,20260604,215500,9.82,9.855,9.81,9.855,300,0
HNNA.US,5,20260605,153000,9.8,9.91,9.8,9.91,843,0
HNNA.US,5,20260605,153500,9.85,9.85,9.85,9.85,100,0
HNNA.US,5,20260605,160500,9.9714,9.9714,9.9714,9.9714,102,0
HNNA.US,5,20260605,161500,9.89,9.89,9.89,9.89,407,0
HNNA.US,5,20260605,162000,9.89,9.89,9.89,9.89,100,0
HNNA.US,5,20260605,204500,9.82,9.82,9.82,9.82,182,0
HNNA.US,5,20260605,215500,9.78,9.78,9.78,9.78,200,0
HNNA.US,5,20260608,155000,9.905,9.905,9.905,9.905,100,0
HNNA.US,5,20260608,162000,9.855,9.855,9.855,9.855,100,0
HNNA.US,5,20260608,163000,9.801,9.801,9.8001,9.8001,200,0
HNNA.US,5,20260608,170500,10.01,10.01,10.01,10.01,100,0
HNNA.US,5,20260608,175000,9.935,9.935,9.935,9.935,100,0
HNNA.US,5,20260608,192500,9.935,9.935,9.935,9.935,112,0
HNNA.US,5,20260608,205000,9.81,9.81,9.8,9.8,200,0
HNNA.US,5,20260608,210000,9.84,9.84,9.84,9.84,154,0
HNNA.US,5,20260608,210500,9.82,9.82,9.82,9.82,100,0
HNNA.US,5,20260608,211500,9.84,9.84,9.84,9.84,800,0
HNNA.US,5,20260608,215000,9.92,9.92,9.92,9.92,100,0
HNNA.US,5,20260608,215500,9.83,9.95,9.83,9.83,1287,0
HNNA.US,5,20260609,153000,9.93,9.93,9.93,9.93,300,0
HNNA.US,5,20260609,153500,9.93,9.93,9.93,9.93,100,0
HNNA.US,5,20260609,160000,9.97,9.97,9.97,9.97,156,0
HNNA.US,5,20260609,162500,9.92,9.92,9.92,9.92,112,0
HNNA.US,5,20260609,164500,9.95,9.95,9.95,9.95,107,0
HNNA.US,5,20260609,170000,9.96,10.015,9.96,10.015,200,0
HNNA.US,5,20260609,173500,9.959,9.959,9.9501,9.959,904,0
HNNA.US,5,20260609,182500,9.9501,9.96,9.95,9.95,553,0
HNNA.US,5,20260609,184000,9.8201,9.8201,9.8201,9.8201,100,0
HNNA.US,5,20260609,190500,9.935,9.935,9.935,9.935,100,0
HNNA.US,5,20260609,192500,9.83,9.83,9.82,9.82,1900,0
HNNA.US,5,20260609,193000,9.945,9.945,9.945,9.945,1000,0
HNNA.US,5,20260609,201000,9.945,9.945,9.945,9.945,100,0
HNNA.US,5,20260609,214000,9.94,9.94,9.86,9.9,999,0
HNNA.US,5,20260609,215000,9.875,9.875,9.875,9.875,200,0
HNNA.US,5,20260609,215500,9.87,9.87,9.8572,9.8572,500,0
HNNA.US,5,20260610,165500,9.6301,9.6301,9.6301,9.6301,710,0
HNNA.US,5,20260610,173500,9.91,9.91,9.91,9.91,2656,0
HNNA.US,5,20260610,184000,9.76,9.91,9.76,9.91,300,0
HNNA.US,5,20260610,213000,9.76,9.76,9.76,9.76,593,0
HNNA.US,5,20260610,214000,9.85,9.85,9.85,9.85,100,0
HNNA.US,5,20260611,155000,9.7,9.7144,9.68,9.6901,1104,0
HNNA.US,5,20260611,155500,9.72,9.73,9.7,9.72,1557,0
HNNA.US,5,20260611,160500,9.72,9.72,9.7199,9.7199,1000,0
HNNA.US,5,20260611,161000,9.7199,9.7199,9.7199,9.7199,100,0
HNNA.US,5,20260611,162500,9.72,9.72,9.7,9.7,5873,0
HNNA.US,5,20260611,163000,9.72,9.72,9.71,9.71,1220,0
HNNA.US,5,20260611,170500,9.845,9.845,9.8,9.8,300,0
HNNA.US,5,20260611,211500,9.8047,9.8047,9.8047,9.8047,200,0
HNNA.US,5,20260612,160000,9.799,9.799,9.799,9.799,348,0
HNNA.US,5,20260612,161000,9.76,9.76,9.76,9.76,100,0
HNNA.US,5,20260612,161500,9.94,9.94,9.94,9.94,100,0
HNNA.US,5,20260612,214500,9.81,9.91,9.8,9.91,1967,0
HNNA.US,5,20260615,160500,9.89,9.9,9.86,9.9,3667,0
HNNA.US,5,20260615,161500,9.8401,9.96,9.8401,9.96,200,0
HNNA.US,5,20260615,173000,9.97,9.97,9.97,9.97,100,0
HNNA.US,5,20260615,184000,10.08,10.08,10.08,10.08,128,0
HNNA.US,5,20260615,185000,9.97,9.97,9.97,9.97,200,0
HNNA.US,5,20260615,215500,9.915,9.98,9.88,9.89,551,0
HNNA.US,5,20260616,162000,9.946,9.946,9.946,9.946,240,0
HNNA.US,5,20260616,170000,10,10,10,10,400,0
HNNA.US,5,20260616,183500,9.8708,9.8708,9.8708,9.8708,345,0
HNNA.US,5,20260616,184500,9.89,9.89,9.89,9.89,100,0
HNNA.US,5,20260616,194000,9.8334,9.8334,9.8201,9.8334,300,0
HNNA.US,5,20260616,203500,9.8532,9.8532,9.8532,9.8532,100,0
HNNA.US,5,20260616,204000,9.8501,9.9025,9.8501,9.9025,269,0
HNNA.US,5,20260616,215500,9.866,9.88,9.866,9.88,315,0
HNNA.US,5,20260617,153000,9.95,9.95,9.95,9.95,100,0
HNNA.US,5,20260617,171000,9.9517,9.9517,9.9517,9.9517,117,0
HNNA.US,5,20260617,175500,10,10,10,10,300,0
HNNA.US,5,20260617,215500,9.84,9.84,9.84,9.84,100,0
HNNA.US,5,20260618,172000,9.89,9.89,9.89,9.89,100,0
HNNA.US,5,20260618,180500,9.98,9.99,9.98,9.99,400,0
HNNA.US,5,20260618,193500,9.8,9.8,9.8,9.8,100,0
HNNA.US,5,20260618,194500,9.88,9.88,9.88,9.88,100,0
HNNA.US,5,20260618,195500,9.88,9.88,9.88,9.88,100,0
HNNA.US,5,20260618,211000,9.88,9.91,9.88,9.91,500,0
HNNA.US,5,20260618,212000,9.95,9.95,9.95,9.95,100,0
HNNA.US,5,20260618,213500,9.9101,9.945,9.9101,9.945,400,0
HNNA.US,5,20260618,214500,9.91,9.91,9.91,9.91,100,0
HNNA.US,5,20260618,215000,9.97,10.29,9.97,10.115,3583,0
HNNA.US,5,20260618,215500,9.9119,10.23,9.9101,10.23,8896,0
HNNA.US,5,20260622,170500,10.0792,10.16,10.01,10.1152,1184,0
HNNA.US,5,20260622,212500,9.92,9.92,9.92,9.92,100,0
HNNA.US,5,20260622,215000,9.95,9.95,9.89,9.895,878,0
HNNA.US,5,20260622,215500,9.97,9.97,9.97,9.97,100,0
