<TICKER>,<PER>,<DATE>,<TIME>,<OPEN>,<HIGH>,<LOW>,<CLOSE>,<VOL>,<OPENINT>
AGM_D.US,5,20260126,165500,21.385,21.4479,21.385,21.385,700,0
AGM_D.US,5,20260126,171000,21.4465,21.4479,21.385,21.4479,300,0
AGM_D.US,5,20260126,171500,21.385,21.385,21.385,21.385,100,0
AGM_D.US,5,20260126,205500,21.32,21.33,21.32,21.32,900,0
AGM_D.US,5,20260126,211500,21.35,21.35,21.35,21.35,100,0
AGM_D.US,5,20260126,215500,21.41,21.41,21.41,21.41,100,0
AGM_D.US,5,20260127,165000,21.4599,21.4599,21.4599,21.4599,1394,0
AGM_D.US,5,20260127,205500,21.4,21.4,21.4,21.4,400,0
AGM_D.US,5,20260127,212500,21.36,21.36,21.36,21.36,100,0
AGM_D.US,5,20260127,214000,21.4,21.4,21.4,21.4,300,0
AGM_D.US,5,20260127,215500,21.4,21.4,21.4,21.4,100,0
AGM_D.US,5,20260128,172000,21.4399,21.4399,21.4399,21.4399,425,0
AGM_D.US,5,20260128,183500,21.3401,21.3401,21.3401,21.3401,400,0
AGM_D.US,5,20260128,192000,21.355,21.355,21.355,21.355,744,0
AGM_D.US,5,20260128,215000,21.4399,21.4399,21.4399,21.4399,600,0
AGM_D.US,5,20260129,154000,21.44,21.44,21.44,21.44,543,0
AGM_D.US,5,20260129,161500,21.4,21.4,21.4,21.4,340,0
AGM_D.US,5,20260129,162500,21.39,21.41,21.39,21.39,1700,0
AGM_D.US,5,20260129,164500,21.39,21.45,21.39,21.45,1105,0
AGM_D.US,5,20260129,172000,21.3301,21.3301,21.3301,21.3301,400,0
AGM_D.US,5,20260129,175000,21.3301,21.3301,21.3301,21.3301,211,0
AGM_D.US,5,20260129,201500,21.455,21.455,21.455,21.455,100,0
AGM_D.US,5,20260129,202000,21.42,21.42,21.41,21.41,728,0
AGM_D.US,5,20260129,203000,21.43,21.4599,21.43,21.4599,1000,0
AGM_D.US,5,20260129,204500,21.43,21.46,21.43,21.4597,1700,0
AGM_D.US,5,20260129,205000,21.46,21.46,21.46,21.46,300,0
AGM_D.US,5,20260129,212000,21.445,21.5,21.445,21.4995,2626,0
AGM_D.US,5,20260129,215500,21.38,21.38,21.38,21.38,100,0
AGM_D.US,5,20260130,203000,21.47,21.48,21.47,21.47,1197,0
AGM_D.US,5,20260130,205500,21.5,21.5,21.5,21.5,304,0
AGM_D.US,5,20260130,210000,21.49,21.59,21.49,21.5688,5607,0
AGM_D.US,5,20260130,210500,21.43,21.43,21.42,21.4201,900,0
AGM_D.US,5,20260130,211000,21.3601,21.3601,21.32,21.32,200,0
AGM_D.US,5,20260130,215000,21.5,21.5,21.5,21.5,275,0
AGM_D.US,5,20260202,160500,21.45,21.64,21.45,21.64,600,0
AGM_D.US,5,20260202,162500,21.6399,21.6399,21.6399,21.6399,1875,0
AGM_D.US,5,20260202,182000,21.62,21.64,21.6,21.64,430,0
AGM_D.US,5,20260202,192000,21.5501,21.5501,21.5501,21.5501,400,0
AGM_D.US,5,20260202,193500,21.61,21.63,21.595,21.63,1979,0
AGM_D.US,5,20260202,202500,21.63,21.63,21.63,21.63,100,0
AGM_D.US,5,20260202,205000,21.63,21.63,21.63,21.63,585,0
AGM_D.US,5,20260202,211500,21.56,21.56,21.55,21.5502,800,0
AGM_D.US,5,20260203,182000,21.48,21.48,21.4,21.4,300,0
AGM_D.US,5,20260203,200000,21.48,21.48,21.48,21.48,200,0
AGM_D.US,5,20260203,210500,21.4,21.4,21.4,21.4,619,0
AGM_D.US,5,20260203,212500,21.4999,21.4999,21.4999,21.4999,200,0
AGM_D.US,5,20260203,215000,21.5,21.51,21.48,21.5,1197,0
AGM_D.US,5,20260204,163500,21.5,21.5,21.5,21.5,500,0
AGM_D.US,5,20260204,180500,21.6399,21.6399,21.52,21.52,500,0
AGM_D.US,5,20260204,182500,21.52,21.52,21.52,21.52,116,0
AGM_D.US,5,20260204,185000,21.5,21.5,21.5,21.5,100,0
AGM_D.US,5,20260204,190000,21.46,21.46,21.44,21.45,577,0
AGM_D.US,5,20260204,190500,21.44,21.44,21.44,21.44,100,0
AGM_D.US,5,20260204,214500,21.44,21.48,21.4392,21.4392,1000,0
AGM_D.US,5,20260204,215000,21.5,21.5,21.5,21.5,490,0
AGM_D.US,5,20260204,215500,21.5,21.55,21.5,21.55,200,0
AGM_D.US,5,20260205,162500,21.6,21.6,21.6,21.6,400,0
AGM_D.US,5,20260205,174000,21.57,21.57,21.57,21.57,100,0
AGM_D.US,5,20260206,162500,21.515,21.515,21.515,21.515,700,0
AGM_D.US,5,20260206,163500,21.5999,21.5999,21.5999,21.5999,400,0
AGM_D.US,5,20260206,165500,21.5,21.5,21.4401,21.4401,890,0
AGM_D.US,5,20260206,171000,21.44,21.6,21.44,21.6,200,0
AGM_D.US,5,20260206,182500,21.5348,21.5348,21.5348,21.5348,225,0
AGM_D.US,5,20260206,211000,21.525,21.525,21.525,21.525,130,0
AGM_D.US,5,20260206,215500,21.56,21.56,21.56,21.56,100,0
AGM_D.US,5,20260209,174000,21.63,21.63,21.63,21.63,100,0
AGM_D.US,5,20260209,200500,21.555,21.555,21.555,21.555,400,0
AGM_D.US,5,20260209,205500,21.6,21.6,21.6,21.6,100,0
AGM_D.US,5,20260209,215000,21.56,21.56,21.56,21.56,100,0
AGM_D.US,5,20260209,215500,21.5865,21.6,21.5865,21.6,500,0
AGM_D.US,5,20260210,161000,21.5601,21.5601,21.5601,21.5601,634,0
AGM_D.US,5,20260210,161500,21.56,21.56,21.56,21.56,288,0
AGM_D.US,5,20260210,194000,21.4784,21.4784,21.4784,21.4784,300,0
AGM_D.US,5,20260210,201500,21.48,21.48,21.48,21.48,467,0
AGM_D.US,5,20260210,213500,21.475,21.475,21.475,21.475,378,0
AGM_D.US,5,20260210,215500,21.58,21.58,21.58,21.58,100,0
AGM_D.US,5,20260211,173500,21.47,21.47,21.47,21.47,100,0
AGM_D.US,5,20260211,174500,21.2601,21.2601,21.2601,21.2601,400,0
AGM_D.US,5,20260211,183500,21.36,21.36,21.36,21.36,100,0
AGM_D.US,5,20260211,192500,21.44,21.44,21.44,21.44,423,0
AGM_D.US,5,20260211,193500,21.5,21.5,21.5,21.5,100,0
AGM_D.US,5,20260211,203000,21.37,21.37,21.37,21.37,200,0
AGM_D.US,5,20260211,212500,21.38,21.38,21.38,21.38,100,0
AGM_D.US,5,20260211,214000,21.39,21.39,21.39,21.39,200,0
AGM_D.US,5,20260211,215000,21.39,21.39,21.39,21.39,580,0
AGM_D.US,5,20260211,215500,21.3501,21.39,21.3501,21.39,200,0
AGM_D.US,5,20260212,160500,21.34,21.4,21.34,21.4,400,0
AGM_D.US,5,20260212,170000,21.39,21.39,21.39,21.39,250,0
AGM_D.US,5,20260212,173000,21.35,21.35,21.35,21.35,200,0
AGM_D.US,5,20260213,175000,21.5,21.5,21.5,21.5,100,0
AGM_D.US,5,20260213,180500,21.4755,21.4755,21.4755,21.4755,100,0
AGM_D.US,5,20260213,184500,21.4588,21.4588,21.4588,21.4588,190,0
AGM_D.US,5,20260213,203000,21.4,21.4,21.4,21.4,225,0
AGM_D.US,5,20260213,205500,21.49,21.49,21.49,21.49,100,0
AGM_D.US,5,20260217,183000,21.5,21.5,21.49,21.5,1200,0
AGM_D.US,5,20260217,183500,21.5,21.5637,21.39,21.5,4800,0
AGM_D.US,5,20260217,184500,21.5799,21.5799,21.5799,21.5799,300,0
AGM_D.US,5,20260217,192500,21.485,21.485,21.485,21.485,325,0
AGM_D.US,5,20260217,212500,21.5699,21.5699,21.56,21.56,200,0
AGM_D.US,5,20260218,154000,21.6499,21.65,21.6499,21.65,939,0
AGM_D.US,5,20260218,174000,21.7,21.7,21.7,21.7,325,0
AGM_D.US,5,20260218,175500,21.7,21.7,21.7,21.7,114,0
AGM_D.US,5,20260218,181000,21.7,21.7,21.7,21.7,1000,0
AGM_D.US,5,20260218,182000,21.69,21.69,21.69,21.69,100,0
AGM_D.US,5,20260218,183000,21.7175,21.7175,21.7175,21.7175,808,0
AGM_D.US,5,20260218,203000,21.66,21.66,21.65,21.65,525,0
AGM_D.US,5,20260218,204000,21.65,21.65,21.65,21.65,200,0
AGM_D.US,5,20260218,204500,21.69,21.75,21.675,21.7413,1500,0
AGM_D.US,5,20260218,205000,21.79,21.79,21.695,21.79,879,0
AGM_D.US,5,20260218,210000,21.77,21.93,21.77,21.7899,10702,0
AGM_D.US,5,20260218,212500,21.88,21.88,21.86,21.86,200,0
AGM_D.US,5,20260218,214500,21.88,21.88,21.88,21.88,1000,0
AGM_D.US,5,20260219,160500,21.69,21.74,21.69,21.74,200,0
AGM_D.US,5,20260219,161500,21.69,21.69,21.69,21.69,100,0
AGM_D.US,5,20260219,162000,21.74,21.74,21.74,21.74,100,0
AGM_D.US,5,20260219,162500,21.69,21.69,21.69,21.69,100,0
AGM_D.US,5,20260219,163500,21.69,21.69,21.69,21.69,100,0
AGM_D.US,5,20260219,164500,21.69,21.69,21.69,21.69,100,0
AGM_D.US,5,20260219,170000,21.69,21.69,21.69,21.69,100,0
AGM_D.US,5,20260219,170500,21.74,21.74,21.74,21.74,100,0
AGM_D.US,5,20260219,175500,21.63,21.63,21.63,21.63,100,0
AGM_D.US,5,20260219,181000,21.62,21.74,21.62,21.74,200,0
AGM_D.US,5,20260219,182000,21.62,21.62,21.62,21.62,100,0
AGM_D.US,5,20260219,183500,21.62,21.62,21.62,21.62,100,0
AGM_D.US,5,20260219,185000,21.63,21.63,21.63,21.63,100,0
AGM_D.US,5,20260219,190500,21.725,21.725,21.62,21.62,350,0
AGM_D.US,5,20260219,191000,21.73,21.73,21.73,21.73,100,0
AGM_D.US,5,20260219,192000,21.62,21.62,21.62,21.62,100,0
AGM_D.US,5,20260219,193500,21.64,21.64,21.64,21.64,100,0
AGM_D.US,5,20260219,200000,21.64,21.64,21.64,21.64,100,0
AGM_D.US,5,20260219,204000,21.62,21.62,21.62,21.62,100,0
AGM_D.US,5,20260219,205000,21.67,21.67,21.67,21.67,100,0
AGM_D.US,5,20260219,210000,21.7,21.75,21.7,21.75,667,0
AGM_D.US,5,20260219,210500,21.74,21.75,21.74,21.75,2600,0
AGM_D.US,5,20260219,211000,21.735,21.735,21.735,21.735,200,0
AGM_D.US,5,20260219,211500,21.76,21.76,21.76,21.76,100,0
AGM_D.US,5,20260219,213000,21.75,21.75,21.75,21.75,300,0
AGM_D.US,5,20260219,213500,21.7,21.7,21.7,21.7,100,0
AGM_D.US,5,20260219,214000,21.7,21.77,21.7,21.77,1006,0
AGM_D.US,5,20260219,214500,21.75,21.75,21.72,21.72,394,0
AGM_D.US,5,20260219,215000,21.75,21.77,21.75,21.7648,1500,0
AGM_D.US,5,20260219,215500,21.77,21.77,21.77,21.77,200,0
AGM_D.US,5,20260220,153500,21.77,21.77,21.77,21.77,332,0
AGM_D.US,5,20260223,202000,21.61,21.61,21.61,21.61,100,0
AGM_D.US,5,20260223,205500,21.61,21.61,21.61,21.61,100,0
AGM_D.US,5,20260223,210000,21.61,21.61,21.61,21.61,400,0
AGM_D.US,5,20260223,210500,21.6,21.6165,21.6,21.6,500,0
AGM_D.US,5,20260223,211000,21.6,21.6,21.53,21.53,300,0
AGM_D.US,5,20260223,215000,21.63,21.63,21.63,21.63,300,0
AGM_D.US,5,20260223,215500,21.636,21.636,21.636,21.636,300,0
AGM_D.US,5,20260224,162500,21.6439,21.735,21.6439,21.735,600,0
AGM_D.US,5,20260224,163500,21.74,21.74,21.74,21.74,105,0
AGM_D.US,5,20260224,170000,21.7399,21.7399,21.67,21.67,500,0
AGM_D.US,5,20260224,175000,21.7,21.7,21.7,21.7,169,0
AGM_D.US,5,20260224,194000,21.7399,21.7399,21.67,21.7399,1125,0
AGM_D.US,5,20260224,200500,21.71,21.72,21.67,21.67,500,0
AGM_D.US,5,20260224,211000,21.73,21.73,21.73,21.73,300,0
AGM_D.US,5,20260224,214000,21.7256,21.7256,21.7256,21.7256,100,0
AGM_D.US,5,20260225,153000,21.55,21.635,21.55,21.635,340,0
AGM_D.US,5,20260225,200500,21.68,21.68,21.68,21.68,400,0
AGM_D.US,5,20260225,204000,21.6799,21.68,21.6799,21.68,200,0
AGM_D.US,5,20260225,213500,21.72,21.76,21.72,21.76,1332,0
AGM_D.US,5,20260226,183000,21.69,21.69,21.69,21.69,400,0
AGM_D.US,5,20260226,192500,21.695,21.695,21.695,21.695,100,0
AGM_D.US,5,20260226,205500,21.75,21.78,21.7001,21.7001,1218,0
AGM_D.US,5,20260227,160500,21.6,21.645,21.6,21.645,1257,0
AGM_D.US,5,20260227,163500,21.625,21.625,21.6112,21.6112,300,0
AGM_D.US,5,20260227,164000,21.625,21.6653,21.625,21.6653,200,0
AGM_D.US,5,20260227,171500,21.625,21.625,21.625,21.625,384,0
AGM_D.US,5,20260227,215500,21.81,21.81,21.81,21.81,1868,0
AGM_D.US,5,20260302,161500,21.5683,21.5683,21.5683,21.5683,750,0
AGM_D.US,5,20260302,172000,21.6,21.6,21.6,21.6,400,0
AGM_D.US,5,20260302,181000,21.664,21.664,21.664,21.664,160,0
AGM_D.US,5,20260302,214500,21.78,21.7999,21.78,21.7999,1000,0
AGM_D.US,5,20260302,215000,21.7,21.7,21.7,21.7,100,0
AGM_D.US,5,20260303,160500,21.61,21.61,21.61,21.61,100,0
AGM_D.US,5,20260303,165500,21.79,21.79,21.755,21.755,800,0
AGM_D.US,5,20260303,180000,21.76,21.76,21.75,21.75,200,0
AGM_D.US,5,20260303,195500,21.7101,21.7101,21.7101,21.7101,1000,0
AGM_D.US,5,20260303,210500,21.76,21.76,21.76,21.76,100,0
AGM_D.US,5,20260303,211500,21.76,21.76,21.76,21.76,503,0
AGM_D.US,5,20260303,215000,21.73,21.73,21.73,21.73,100,0
AGM_D.US,5,20260304,171500,21.8262,21.8262,21.8262,21.8262,100,0
AGM_D.US,5,20260304,174500,21.695,21.695,21.695,21.695,315,0
AGM_D.US,5,20260304,185000,21.7,21.7,21.7,21.7,100,0
AGM_D.US,5,20260304,192000,21.7,21.7,21.7,21.7,100,0
AGM_D.US,5,20260305,170000,21.75,21.75,21.75,21.75,100,0
AGM_D.US,5,20260305,191500,21.77,21.77,21.77,21.77,200,0
AGM_D.US,5,20260305,192500,21.7399,21.7399,21.67,21.67,300,0
AGM_D.US,5,20260305,212000,21.67,21.67,21.67,21.67,100,0
AGM_D.US,5,20260306,180500,21.62,21.63,21.62,21.63,240,0
AGM_D.US,5,20260306,212500,21.63,21.63,21.63,21.63,200,0
AGM_D.US,5,20260306,215500,21.63,21.63,21.63,21.63,300,0
AGM_D.US,5,20260309,144000,21.7,21.7,21.7,21.7,100,0
AGM_D.US,5,20260309,161500,21.72,21.72,21.72,21.72,300,0
AGM_D.US,5,20260309,200500,21.6793,21.6793,21.6793,21.6793,201,0
AGM_D.US,5,20260309,203000,21.73,21.73,21.72,21.72,250,0
AGM_D.US,5,20260309,204500,21.705,21.72,21.705,21.72,750,0
AGM_D.US,5,20260309,205000,21.73,21.73,21.7088,21.73,1620,0
AGM_D.US,5,20260310,153500,21.685,21.685,21.685,21.685,300,0
AGM_D.US,5,20260310,163500,21.724,21.79,21.72,21.73,1500,0
AGM_D.US,5,20260310,164000,21.72,21.787,21.72,21.7665,500,0
AGM_D.US,5,20260310,172000,21.72,21.72,21.72,21.72,100,0
AGM_D.US,5,20260310,174000,21.7624,21.7645,21.7624,21.7645,200,0
AGM_D.US,5,20260310,174500,21.72,21.7376,21.72,21.7376,200,0
AGM_D.US,5,20260310,175000,21.7653,21.7653,21.7653,21.7653,100,0
AGM_D.US,5,20260310,183500,21.7999,21.7999,21.72,21.72,440,0
AGM_D.US,5,20260310,185000,21.78,21.8,21.78,21.7992,602,0
AGM_D.US,5,20260310,185500,21.84,21.87,21.84,21.87,643,0
AGM_D.US,5,20260310,200500,21.87,21.87,21.84,21.84,340,0
AGM_D.US,5,20260311,180000,21.83,21.85,21.83,21.83,400,0
AGM_D.US,5,20260311,183000,21.77,21.77,21.77,21.77,515,0
AGM_D.US,5,20260311,183500,21.9,21.9,21.9,21.9,100,0
AGM_D.US,5,20260311,191000,21.84,21.9099,21.84,21.9099,371,0
AGM_D.US,5,20260312,143000,21.75,21.75,21.75,21.75,1300,0
AGM_D.US,5,20260312,174000,21.75,21.75,21.73,21.73,670,0
AGM_D.US,5,20260312,185000,21.73,21.73,21.73,21.73,1000,0
AGM_D.US,5,20260312,190000,21.74,21.8,21.74,21.79,994,0
AGM_D.US,5,20260312,200500,21.8553,21.8553,21.8553,21.8553,136,0
AGM_D.US,5,20260312,202000,21.71,21.8,21.6,21.8,5128,0
AGM_D.US,5,20260313,173000,21.48,21.48,21.48,21.48,950,0
AGM_D.US,5,20260313,184500,21.7062,21.7062,21.7062,21.7062,1800,0
AGM_D.US,5,20260313,195500,21.675,21.675,21.675,21.675,2000,0
AGM_D.US,5,20260316,145000,21.46,21.46,21.46,21.46,500,0
AGM_D.US,5,20260316,171500,21.62,21.62,21.62,21.62,300,0
AGM_D.US,5,20260316,181500,21.6,21.6,21.6,21.6,200,0
AGM_D.US,5,20260316,184000,21.48,21.48,21.48,21.48,200,0
AGM_D.US,5,20260316,184500,21.51,21.51,21.49,21.49,200,0
AGM_D.US,5,20260316,190500,21.49,21.49,21.48,21.48,351,0
AGM_D.US,5,20260316,191500,21.47,21.47,21.47,21.47,100,0
AGM_D.US,5,20260316,203000,21.48,21.48,21.48,21.48,136,0
AGM_D.US,5,20260317,205000,21.545,21.545,21.545,21.545,400,0
AGM_D.US,5,20260318,173500,21.4951,21.4951,21.4951,21.4951,168,0
AGM_D.US,5,20260318,200000,21.47,21.47,21.46,21.46,899,0
AGM_D.US,5,20260319,152500,21.48,21.48,21.48,21.48,150,0
AGM_D.US,5,20260319,174000,21.27,21.27,21.25,21.25,600,0
AGM_D.US,5,20260319,183000,21.25,21.25,21.22,21.22,2200,0
AGM_D.US,5,20260319,194500,21.15,21.15,21.15,21.15,595,0
AGM_D.US,5,20260320,160000,21.175,21.175,21.175,21.175,877,0
AGM_D.US,5,20260320,164500,21.125,21.125,21.125,21.125,633,0
AGM_D.US,5,20260320,191500,21.05,21.05,21.05,21.05,500,0
AGM_D.US,5,20260320,193500,21.125,21.125,21.125,21.125,100,0
AGM_D.US,5,20260323,144000,21,21,21,21,100,0
AGM_D.US,5,20260323,151000,21.195,21.195,21.195,21.195,325,0
AGM_D.US,5,20260323,204000,21.25,21.25,21.19,21.19,900,0
AGM_D.US,5,20260323,205000,21.15,21.15,21.15,21.15,200,0
AGM_D.US,5,20260324,144000,21.15,21.15,21.15,21.15,100,0
AGM_D.US,5,20260324,164000,21.3,21.3,21.3,21.3,200,0
AGM_D.US,5,20260324,173000,20.99,20.99,20.99,20.99,500,0
AGM_D.US,5,20260324,191000,20.88,20.88,20.88,20.88,100,0
AGM_D.US,5,20260324,201500,21.0559,21.0559,21.0559,21.0559,449,0
AGM_D.US,5,20260324,203500,21,21,21,21,100,0
AGM_D.US,5,20260324,205000,21.0001,21.01,21.0001,21.01,200,0
AGM_D.US,5,20260325,180500,21.37,21.37,21.37,21.37,500,0
AGM_D.US,5,20260326,161000,21.3465,21.3465,21.3465,21.3465,100,0
AGM_D.US,5,20260326,164000,21.03,21.03,21.03,21.03,100,0
AGM_D.US,5,20260326,172000,21.129,21.129,21.129,21.129,210,0
AGM_D.US,5,20260326,193000,21.04,21.0401,21.01,21.0101,1800,0
AGM_D.US,5,20260326,200000,21,21,21,21,100,0
AGM_D.US,5,20260326,201000,21,21,20.99,20.99,700,0
AGM_D.US,5,20260326,201500,21,21,21,21,131,0
AGM_D.US,5,20260326,204000,21,21,20.99,20.99,402,0
AGM_D.US,5,20260326,204500,21.035,21.035,21.035,21.035,200,0
AGM_D.US,5,20260326,205500,20.89,20.89,20.89,20.89,100,0
AGM_D.US,5,20260327,143000,21.36,21.36,21.36,21.36,100,0
AGM_D.US,5,20260327,191000,21,21,21,21,200,0
AGM_D.US,5,20260327,203000,20.87,20.87,20.87,20.87,200,0
AGM_D.US,5,20260330,163000,21.04,21.04,21.04,21.04,1500,0
AGM_D.US,5,20260330,171500,20.87,20.96,20.83,20.96,3698,0
AGM_D.US,5,20260330,172500,20.9,20.9,20.8,20.8,400,0
AGM_D.US,5,20260330,194000,21.145,21.145,20.95,20.95,725,0
AGM_D.US,5,20260330,212500,21.105,21.105,21.105,21.105,400,0
AGM_D.US,5,20260331,153000,21.02,21.02,21.02,21.02,100,0
AGM_D.US,5,20260331,162500,21.03,21.03,21.03,21.03,100,0
AGM_D.US,5,20260331,172500,21.06,21.06,21.06,21.06,100,0
AGM_D.US,5,20260331,181000,21.07,21.07,21.07,21.07,100,0
AGM_D.US,5,20260331,190000,21.08,21.08,21.08,21.08,100,0
AGM_D.US,5,20260331,191500,21.07,21.07,21.06,21.06,400,0
AGM_D.US,5,20260331,192000,21.03,21.03,21.03,21.03,256,0
AGM_D.US,5,20260331,193000,21.05,21.05,21.05,21.05,300,0
AGM_D.US,5,20260331,194000,21.095,21.095,21.095,21.095,1465,0
AGM_D.US,5,20260331,195000,20.95,20.95,20.95,20.95,400,0
AGM_D.US,5,20260331,195500,21.21,21.21,21.21,21.21,795,0
AGM_D.US,5,20260331,200000,20.84,20.84,20.84,20.84,100,0
AGM_D.US,5,20260331,200500,20.95,20.95,20.9,20.9,400,0
AGM_D.US,5,20260331,201000,20.95,20.95,20.9,20.9,200,0
AGM_D.US,5,20260331,202500,20.81,20.85,20.8,20.85,562,0
AGM_D.US,5,20260331,203000,20.8,20.8,20.8,20.8,167,0
AGM_D.US,5,20260331,203500,20.8,20.8,20.8,20.8,202,0
AGM_D.US,5,20260331,204000,20.85,20.85,20.85,20.85,100,0
AGM_D.US,5,20260331,204500,20.84,20.84,20.81,20.84,305,0
AGM_D.US,5,20260331,205000,20.8,20.81,20.8,20.81,300,0
AGM_D.US,5,20260331,210000,20.8,20.82,20.8,20.82,300,0
AGM_D.US,5,20260331,211000,20.8,21.11,20.8,20.85,700,0
AGM_D.US,5,20260331,211500,20.81,20.82,20.81,20.81,500,0
AGM_D.US,5,20260331,212000,20.85,21.125,20.84,20.8401,800,0
AGM_D.US,5,20260331,212500,21.12,21.12,21.12,21.12,199,0
AGM_D.US,5,20260331,213000,20.84,21.12,20.84,21.12,659,0
AGM_D.US,5,20260331,213500,20.84,21.105,20.8,21.105,1000,0
AGM_D.US,5,20260331,214000,20.82,20.9971,20.8,20.9971,1000,0
AGM_D.US,5,20260331,214500,20.8,20.8,20.75,20.75,279,0
AGM_D.US,5,20260331,215000,20.76,20.76,20.75,20.75,400,0
AGM_D.US,5,20260331,215500,20.72,20.75,20.71,20.71,1301,0
AGM_D.US,5,20260401,153000,20.41,20.59,20.41,20.59,1136,0
AGM_D.US,5,20260401,154500,20.54,20.54,20.54,20.54,100,0
AGM_D.US,5,20260401,155000,20.6894,20.6894,20.6168,20.6168,1400,0
AGM_D.US,5,20260401,160000,20.8546,20.8546,20.8546,20.8546,100,0
AGM_D.US,5,20260401,170000,20.47,20.5,20.3,20.5,6168,0
AGM_D.US,5,20260401,170500,20.525,20.525,20.525,20.525,200,0
AGM_D.US,5,20260401,175000,20.5,20.5,20.41,20.41,1400,0
AGM_D.US,5,20260401,175500,20.49,20.49,20.35,20.41,1200,0
AGM_D.US,5,20260401,180000,20.4,20.4,20.4,20.4,100,0
AGM_D.US,5,20260401,184000,20.35,20.42,20.35,20.35,3400,0
AGM_D.US,5,20260401,184500,20.42,20.42,20.3756,20.3756,200,0
AGM_D.US,5,20260401,192000,20.43,20.43,20.385,20.43,1100,0
AGM_D.US,5,20260401,194500,20.39,20.4203,20.39,20.4203,400,0
AGM_D.US,5,20260401,195000,20.4203,20.4203,20.4203,20.4203,400,0
AGM_D.US,5,20260401,204500,20.41,20.41,20.38,20.38,400,0
AGM_D.US,5,20260401,212500,20.38,20.38,20.38,20.38,100,0
AGM_D.US,5,20260401,214500,20.4,20.4118,20.345,20.4118,400,0
AGM_D.US,5,20260402,175000,20.4,20.41,20.4,20.41,200,0
AGM_D.US,5,20260402,183000,20.4,20.4,20.4,20.4,100,0
AGM_D.US,5,20260402,191500,20.46,20.46,20.46,20.46,182,0
AGM_D.US,5,20260402,201000,20.455,20.455,20.455,20.455,416,0
AGM_D.US,5,20260402,202500,20.42,20.45,20.42,20.45,300,0
AGM_D.US,5,20260402,203000,20.45,20.45,20.45,20.45,400,0
AGM_D.US,5,20260402,204000,20.455,20.455,20.455,20.455,200,0
AGM_D.US,5,20260402,210500,20.455,20.455,20.455,20.455,388,0
AGM_D.US,5,20260402,211000,20.38,20.39,20.32,20.3604,3800,0
AGM_D.US,5,20260402,212000,20.39,20.39,20.39,20.39,400,0
AGM_D.US,5,20260402,214000,20.43,20.43,20.43,20.43,100,0
AGM_D.US,5,20260402,215000,20.32,20.32,20.31,20.32,925,0
AGM_D.US,5,20260402,215500,20.36,20.36,20.3401,20.3401,550,0
AGM_D.US,5,20260406,153000,20.42,20.42,20.42,20.42,100,0
AGM_D.US,5,20260406,153500,20.59,20.64,20.35,20.35,2450,0
AGM_D.US,5,20260406,154000,20.39,20.505,20.36,20.505,925,0
AGM_D.US,5,20260406,164500,20.49,20.49,20.49,20.49,100,0
AGM_D.US,5,20260406,170000,20.46,20.46,20.46,20.46,100,0
AGM_D.US,5,20260406,212500,20.5,20.5,20.5,20.5,100,0
AGM_D.US,5,20260406,215000,20.5,20.5,20.5,20.5,103,0
AGM_D.US,5,20260406,215500,20.56,20.56,20.56,20.56,100,0
AGM_D.US,5,20260407,153000,20.6,20.6,20.6,20.6,100,0
AGM_D.US,5,20260407,170000,20.55,20.55,20.55,20.55,200,0
AGM_D.US,5,20260407,185500,20.55,20.55,20.55,20.55,900,0
AGM_D.US,5,20260407,193500,20.55,20.55,20.55,20.55,100,0
AGM_D.US,5,20260407,194000,20.55,20.55,20.55,20.55,100,0
AGM_D.US,5,20260407,205000,20.6,20.6,20.58,20.58,1369,0
AGM_D.US,5,20260407,215500,20.51,20.51,20.5,20.5,300,0
AGM_D.US,5,20260408,182000,20.7269,20.7269,20.7269,20.7269,200,0
AGM_D.US,5,20260408,191500,20.75,20.75,20.75,20.75,350,0
AGM_D.US,5,20260408,192500,20.8,20.8,20.8,20.8,1000,0
AGM_D.US,5,20260408,200000,20.775,20.775,20.775,20.775,1566,0
AGM_D.US,5,20260408,204500,20.77,20.77,20.77,20.77,125,0
AGM_D.US,5,20260408,213000,20.7001,20.7001,20.7,20.7001,650,0
AGM_D.US,5,20260409,153000,20.62,20.62,20.62,20.62,100,0
AGM_D.US,5,20260409,165500,20.8126,20.8126,20.8126,20.8126,300,0
AGM_D.US,5,20260409,212000,20.8299,20.8299,20.8299,20.8299,273,0
AGM_D.US,5,20260410,153000,20.7,20.7,20.7,20.7,100,0
AGM_D.US,5,20260410,161500,20.66,20.66,20.66,20.66,2500,0
AGM_D.US,5,20260410,180500,20.66,20.665,20.65,20.65,930,0
AGM_D.US,5,20260410,202500,20.505,20.62,20.505,20.62,879,0
AGM_D.US,5,20260410,203000,20.67,20.67,20.67,20.67,100,0
AGM_D.US,5,20260410,212000,20.695,20.695,20.695,20.695,100,0
AGM_D.US,5,20260413,180000,20.67,20.67,20.67,20.67,100,0
AGM_D.US,5,20260413,181000,20.55,20.55,20.55,20.55,396,0
AGM_D.US,5,20260413,191500,20.615,20.6657,20.615,20.6657,200,0
AGM_D.US,5,20260413,194000,20.6799,20.6799,20.6799,20.6799,100,0
AGM_D.US,5,20260413,204500,20.625,20.625,20.625,20.625,400,0
AGM_D.US,5,20260414,191000,20.825,20.825,20.825,20.825,100,0
AGM_D.US,5,20260414,195000,20.825,20.825,20.825,20.825,1000,0
AGM_D.US,5,20260414,201000,20.7,20.7,20.7,20.7,148,0
AGM_D.US,5,20260414,202500,20.825,20.825,20.825,20.825,100,0
AGM_D.US,5,20260414,205500,20.825,20.825,20.825,20.825,100,0
AGM_D.US,5,20260414,213500,20.73,20.73,20.73,20.73,100,0
AGM_D.US,5,20260414,214500,20.675,20.675,20.675,20.675,400,0
AGM_D.US,5,20260415,153500,20.75,20.75,20.75,20.75,221,0
AGM_D.US,5,20260415,155000,20.8,20.8,20.8,20.8,100,0
AGM_D.US,5,20260415,181000,20.84,20.84,20.84,20.84,100,0
AGM_D.US,5,20260415,200500,20.85,20.85,20.85,20.85,400,0
AGM_D.US,5,20260415,212000,20.89,20.89,20.89,20.89,378,0
AGM_D.US,5,20260415,215500,20.8833,20.8833,20.8833,20.8833,200,0
AGM_D.US,5,20260416,174000,20.815,20.815,20.815,20.815,147,0
AGM_D.US,5,20260416,195500,20.825,20.825,20.805,20.805,371,0
AGM_D.US,5,20260416,201000,20.75,20.75,20.75,20.75,370,0
AGM_D.US,5,20260417,161500,20.82,20.82,20.82,20.82,150,0
AGM_D.US,5,20260417,164500,20.745,20.745,20.745,20.745,102,0
AGM_D.US,5,20260417,175500,20.825,20.825,20.7918,20.7918,200,0
AGM_D.US,5,20260417,192500,20.835,20.835,20.835,20.835,240,0
AGM_D.US,5,20260420,154000,20.8799,20.88,20.8799,20.8799,618,0
AGM_D.US,5,20260420,160000,20.87,20.87,20.87,20.87,213,0
AGM_D.US,5,20260420,163000,20.75,20.75,20.75,20.75,500,0
AGM_D.US,5,20260420,172500,20.77,20.77,20.77,20.77,100,0
AGM_D.US,5,20260420,173000,20.78,20.78,20.78,20.78,200,0
AGM_D.US,5,20260420,183500,20.79,20.8278,20.79,20.8278,721,0
AGM_D.US,5,20260420,203500,20.81,20.81,20.7801,20.7801,300,0
AGM_D.US,5,20260420,210500,20.78,20.78,20.78,20.78,100,0
AGM_D.US,5,20260421,171000,20.82,20.82,20.82,20.82,200,0
AGM_D.US,5,20260421,173500,20.827,20.827,20.827,20.827,240,0
AGM_D.US,5,20260421,180000,20.82,20.82,20.7601,20.7601,400,0
AGM_D.US,5,20260421,180500,20.76,20.76,20.76,20.76,100,0
AGM_D.US,5,20260421,181500,20.75,20.75,20.75,20.75,100,0
AGM_D.US,5,20260421,182500,20.81,20.81,20.7665,20.7665,200,0
AGM_D.US,5,20260421,192000,20.77,20.77,20.6802,20.69,400,0
AGM_D.US,5,20260421,192500,20.69,20.7,20.68,20.6801,1255,0
AGM_D.US,5,20260421,213500,20.77,20.77,20.77,20.77,100,0
AGM_D.US,5,20260421,215500,20.68,20.76,20.66,20.76,702,0
AGM_D.US,5,20260422,155000,20.72,20.72,20.51,20.6601,7486,0
AGM_D.US,5,20260422,160000,20.78,20.78,20.78,20.78,100,0
AGM_D.US,5,20260422,161000,20.75,20.75,20.75,20.75,100,0
AGM_D.US,5,20260422,161500,20.75,20.75,20.75,20.75,100,0
AGM_D.US,5,20260422,163500,20.7888,20.7888,20.76,20.76,300,0
AGM_D.US,5,20260422,164000,20.76,20.76,20.76,20.76,277,0
AGM_D.US,5,20260422,165000,20.75,20.75,20.75,20.75,434,0
AGM_D.US,5,20260422,170000,20.71,20.72,20.7,20.7042,500,0
AGM_D.US,5,20260422,174000,20.73,20.7416,20.72,20.74,1232,0
AGM_D.US,5,20260422,181500,20.74,20.74,20.74,20.74,100,0
AGM_D.US,5,20260422,182000,20.72,20.7497,20.72,20.72,400,0
AGM_D.US,5,20260422,182500,20.74,20.74,20.72,20.72,200,0
AGM_D.US,5,20260422,184000,20.7497,20.7497,20.7497,20.7497,100,0
AGM_D.US,5,20260422,185000,20.725,20.725,20.725,20.725,200,0
AGM_D.US,5,20260422,193500,20.75,20.75,20.725,20.725,600,0
AGM_D.US,5,20260422,195000,20.75,20.76,20.74,20.76,492,0
AGM_D.US,5,20260422,200000,20.73,20.76,20.73,20.73,600,0
AGM_D.US,5,20260422,200500,20.73,20.7476,20.73,20.7476,400,0
AGM_D.US,5,20260422,202500,20.7599,20.7599,20.7469,20.7469,200,0
AGM_D.US,5,20260422,203000,20.76,20.76,20.7543,20.7543,300,0
AGM_D.US,5,20260422,203500,20.73,20.76,20.73,20.7599,400,0
AGM_D.US,5,20260422,204000,20.73,20.73,20.73,20.73,200,0
AGM_D.US,5,20260422,205500,20.7279,20.7279,20.7279,20.7279,100,0
AGM_D.US,5,20260422,210500,20.76,20.76,20.7396,20.7396,1418,0
AGM_D.US,5,20260422,213500,20.78,20.7801,20.78,20.7801,1800,0
AGM_D.US,5,20260422,215000,20.78,20.78,20.78,20.78,200,0
AGM_D.US,5,20260422,215500,20.78,20.78,20.78,20.78,423,0
AGM_D.US,5,20260423,162000,20.8,20.8,20.8,20.8,2150,0
AGM_D.US,5,20260423,163500,20.78,20.78,20.66,20.66,1350,0
AGM_D.US,5,20260423,172500,20.79,20.79,20.79,20.79,200,0
AGM_D.US,5,20260423,173500,20.7683,20.7683,20.7683,20.7683,400,0
AGM_D.US,5,20260423,191500,20.68,20.745,20.65,20.65,947,0
AGM_D.US,5,20260424,153000,20.64,20.64,20.64,20.64,100,0
AGM_D.US,5,20260424,162000,20.76,20.76,20.76,20.76,300,0
AGM_D.US,5,20260424,163500,20.77,20.77,20.77,20.77,725,0
AGM_D.US,5,20260424,165000,20.8,20.8,20.8,20.8,300,0
AGM_D.US,5,20260424,165500,20.7614,20.85,20.7614,20.85,300,0
AGM_D.US,5,20260424,180500,20.64,20.64,20.64,20.64,100,0
AGM_D.US,5,20260424,183000,20.775,20.775,20.775,20.775,150,0
AGM_D.US,5,20260424,183500,20.7633,20.7633,20.7633,20.7633,400,0
AGM_D.US,5,20260424,203000,20.75,20.75,20.71,20.71,300,0
AGM_D.US,5,20260424,205500,20.7,20.7,20.7,20.7,189,0
AGM_D.US,5,20260424,214500,20.75,20.75,20.75,20.75,262,0
AGM_D.US,5,20260427,153000,20.7,20.7,20.7,20.7,669,0
AGM_D.US,5,20260427,154000,20.7372,20.7372,20.7372,20.7372,100,0
AGM_D.US,5,20260427,154500,20.725,20.725,20.725,20.725,100,0
AGM_D.US,5,20260427,165500,20.7101,20.7101,20.7101,20.7101,300,0
AGM_D.US,5,20260427,194500,20.75,20.75,20.75,20.75,200,0
AGM_D.US,5,20260427,195000,20.785,20.785,20.7101,20.785,500,0
AGM_D.US,5,20260427,201500,20.71,20.71,20.71,20.71,100,0
AGM_D.US,5,20260427,210000,20.75,20.7501,20.75,20.7501,338,0
AGM_D.US,5,20260428,162000,20.68,20.68,20.68,20.68,200,0
AGM_D.US,5,20260428,163000,20.68,20.68,20.68,20.68,100,0
AGM_D.US,5,20260428,164500,20.66,20.695,20.66,20.695,600,0
AGM_D.US,5,20260428,165500,20.7399,20.7399,20.7399,20.7399,400,0
AGM_D.US,5,20260428,173000,20.695,20.695,20.695,20.695,100,0
AGM_D.US,5,20260428,173500,20.7372,20.7372,20.7372,20.7372,100,0
AGM_D.US,5,20260428,201000,20.68,20.68,20.68,20.68,205,0
AGM_D.US,5,20260428,205000,20.68,20.68,20.68,20.68,100,0
AGM_D.US,5,20260428,211000,20.7,20.7,20.7,20.7,741,0
AGM_D.US,5,20260428,215500,20.605,20.605,20.605,20.605,100,0
AGM_D.US,5,20260429,170500,20.6,20.6,20.6,20.6,850,0
AGM_D.US,5,20260429,190000,20.745,20.745,20.745,20.745,200,0
AGM_D.US,5,20260429,195500,20.66,20.66,20.66,20.66,100,0
AGM_D.US,5,20260429,203000,20.66,20.66,20.66,20.66,100,0
AGM_D.US,5,20260429,204000,20.67,20.67,20.6,20.61,974,0
AGM_D.US,5,20260429,204500,20.61,20.665,20.61,20.6419,400,0
AGM_D.US,5,20260429,212000,20.6,20.6,20.6,20.6,145,0
AGM_D.US,5,20260429,215000,20.6,20.6,20.6,20.6,100,0
AGM_D.US,5,20260430,160000,20.74,20.74,20.74,20.74,2000,0
AGM_D.US,5,20260430,170500,20.602,20.625,20.53,20.625,1190,0
AGM_D.US,5,20260430,171000,20.625,20.625,20.625,20.625,1000,0
AGM_D.US,5,20260430,181000,20.675,20.72,20.675,20.72,200,0
AGM_D.US,5,20260430,181500,20.6806,20.6806,20.6806,20.6806,200,0
AGM_D.US,5,20260430,184500,20.675,20.675,20.675,20.675,100,0
AGM_D.US,5,20260430,185000,20.675,20.675,20.6586,20.6586,200,0
AGM_D.US,5,20260430,185500,20.716,20.716,20.6294,20.6294,200,0
AGM_D.US,5,20260430,215500,20.62,20.62,20.62,20.62,833,0
AGM_D.US,5,20260501,153000,20.7,20.7,20.7,20.7,100,0
AGM_D.US,5,20260501,163500,20.74,20.74,20.74,20.74,100,0
AGM_D.US,5,20260501,181500,20.69,20.69,20.6358,20.69,400,0
AGM_D.US,5,20260501,182000,20.6771,20.6771,20.6771,20.6771,100,0
AGM_D.US,5,20260501,185000,20.685,20.685,20.685,20.685,400,0
AGM_D.US,5,20260501,190500,20.685,20.7,20.685,20.7,923,0
AGM_D.US,5,20260501,195500,20.7,20.7,20.69,20.7,300,0
AGM_D.US,5,20260501,201000,20.6409,20.6409,20.6409,20.6409,325,0
AGM_D.US,5,20260501,204500,20.675,20.675,20.675,20.675,200,0
AGM_D.US,5,20260501,215000,20.6302,20.675,20.6302,20.675,300,0
AGM_D.US,5,20260504,153000,20.65,20.6849,20.65,20.6849,2101,0
AGM_D.US,5,20260504,153500,20.72,20.72,20.72,20.72,200,0
AGM_D.US,5,20260504,163500,20.708,20.7099,20.708,20.7099,300,0
AGM_D.US,5,20260504,164000,20.7144,20.7144,20.675,20.675,590,0
AGM_D.US,5,20260504,171000,20.72,20.72,20.72,20.72,300,0
AGM_D.US,5,20260504,173000,20.64,20.64,20.64,20.64,100,0
AGM_D.US,5,20260504,173500,20.65,20.65,20.65,20.65,418,0
AGM_D.US,5,20260504,175000,20.6579,20.685,20.6547,20.685,1500,0
AGM_D.US,5,20260504,175500,20.65,20.6501,20.65,20.6501,792,0
AGM_D.US,5,20260504,180000,20.635,20.635,20.61,20.615,868,0
AGM_D.US,5,20260504,200500,20.57,20.57,20.57,20.57,100,0
AGM_D.US,5,20260504,205000,20.6,20.6,20.6,20.6,220,0
AGM_D.US,5,20260504,211000,20.59,20.61,20.59,20.61,200,0
AGM_D.US,5,20260504,212000,20.61,20.61,20.61,20.61,100,0
AGM_D.US,5,20260504,214000,20.595,20.61,20.595,20.61,629,0
AGM_D.US,5,20260505,153000,20.72,20.72,20.72,20.72,100,0
AGM_D.US,5,20260505,153500,20.84,20.84,20.84,20.84,100,0
AGM_D.US,5,20260505,154500,20.7,20.7,20.7,20.7,500,0
AGM_D.US,5,20260505,183500,20.5788,20.62,20.57,20.57,700,0
AGM_D.US,5,20260505,191000,20.6,20.6,20.6,20.6,100,0
AGM_D.US,5,20260505,193500,20.635,20.635,20.583,20.583,200,0
AGM_D.US,5,20260505,195000,20.67,20.67,20.67,20.67,350,0
AGM_D.US,5,20260505,205500,20.57,20.6199,20.5,20.5,3998,0
AGM_D.US,5,20260506,172500,20.6,20.6,20.6,20.6,210,0
AGM_D.US,5,20260506,174000,20.6,20.6,20.6,20.6,200,0
AGM_D.US,5,20260506,174500,20.57,20.57,20.57,20.57,100,0
AGM_D.US,5,20260506,175500,20.58,20.58,20.58,20.58,200,0
AGM_D.US,5,20260506,180000,20.55,20.55,20.55,20.55,296,0
AGM_D.US,5,20260506,182000,20.57,20.57,20.55,20.55,200,0
AGM_D.US,5,20260506,182500,20.53,20.57,20.53,20.57,472,0
AGM_D.US,5,20260506,185500,20.55,20.55,20.55,20.55,500,0
AGM_D.US,5,20260506,192500,20.55,20.55,20.55,20.55,150,0
AGM_D.US,5,20260506,194000,20.56,20.57,20.55,20.57,850,0
AGM_D.US,5,20260506,203000,20.58,20.58,20.58,20.58,397,0
AGM_D.US,5,20260506,205000,20.57,20.57,20.57,20.57,200,0
AGM_D.US,5,20260506,212000,20.59,20.59,20.59,20.59,100,0
AGM_D.US,5,20260506,215000,20.57,20.57,20.56,20.56,334,0
AGM_D.US,5,20260507,153000,20.56,20.56,20.56,20.56,100,0
AGM_D.US,5,20260507,185500,20.65,20.65,20.65,20.65,429,0
AGM_D.US,5,20260507,204500,20.68,20.68,20.68,20.68,778,0
AGM_D.US,5,20260508,153000,20.58,20.58,20.58,20.58,601,0
AGM_D.US,5,20260508,162000,20.66,20.67,20.65,20.65,499,0
AGM_D.US,5,20260508,170000,20.6,20.6,20.6,20.6,200,0
AGM_D.US,5,20260508,172000,20.67,20.67,20.67,20.67,500,0
AGM_D.US,5,20260508,193500,20.66,20.66,20.66,20.66,998,0
AGM_D.US,5,20260508,194000,20.6455,20.6455,20.6455,20.6455,457,0
AGM_D.US,5,20260508,210500,20.67,20.67,20.67,20.67,211,0
AGM_D.US,5,20260508,211000,20.67,20.67,20.67,20.67,150,0
AGM_D.US,5,20260511,173500,20.63,20.6301,20.58,20.5801,2698,0
AGM_D.US,5,20260511,180000,20.5801,20.5801,20.5801,20.5801,200,0
AGM_D.US,5,20260511,181000,20.6268,20.6268,20.6268,20.6268,700,0
AGM_D.US,5,20260511,182000,20.65,20.65,20.65,20.65,1200,0
AGM_D.US,5,20260511,185500,20.63,20.63,20.624,20.624,200,0
AGM_D.US,5,20260511,190000,20.58,20.5802,20.58,20.5801,2836,0
AGM_D.US,5,20260511,191000,20.62,20.62,20.62,20.62,356,0
AGM_D.US,5,20260511,194000,20.65,20.65,20.65,20.65,282,0
AGM_D.US,5,20260511,210000,20.5801,20.5871,20.56,20.56,963,0
AGM_D.US,5,20260511,210500,20.56,20.57,20.56,20.57,674,0
AGM_D.US,5,20260512,161000,20.55,20.55,20.55,20.55,100,0
AGM_D.US,5,20260512,171000,20.59,20.59,20.59,20.59,100,0
AGM_D.US,5,20260512,171500,20.6,20.6,20.6,20.6,440,0
AGM_D.US,5,20260512,174000,20.5755,20.5755,20.5755,20.5755,300,0
AGM_D.US,5,20260512,195500,20.58,20.58,20.58,20.58,450,0
AGM_D.US,5,20260512,215500,20.54,20.54,20.54,20.54,304,0
AGM_D.US,5,20260513,161500,20.45,20.495,20.41,20.475,1038,0
AGM_D.US,5,20260513,162500,20.42,20.42,20.42,20.42,100,0
AGM_D.US,5,20260513,163000,20.41,20.475,20.41,20.41,500,0
AGM_D.US,5,20260513,164000,20.43,20.4402,20.41,20.4101,400,0
AGM_D.US,5,20260513,171500,20.42,20.4201,20.42,20.4201,200,0
AGM_D.US,5,20260513,172000,20.42,20.4336,20.4134,20.4134,500,0
AGM_D.US,5,20260513,192000,20.4599,20.4599,20.455,20.455,578,0
AGM_D.US,5,20260513,195000,20.45,20.45,20.45,20.45,190,0
AGM_D.US,5,20260513,210500,20.5,20.5,20.5,20.5,350,0
AGM_D.US,5,20260513,211000,20.5,20.5,20.5,20.5,650,0
AGM_D.US,5,20260513,212000,20.52,20.524,20.5069,20.5084,700,0
AGM_D.US,5,20260513,212500,20.502,20.52,20.502,20.5083,300,0
AGM_D.US,5,20260513,213000,20.5,20.5,20.5,20.5,216,0
AGM_D.US,5,20260513,215500,20.5,20.62,20.5,20.6001,6190,0
AGM_D.US,5,20260514,153000,20.6,20.6,20.6,20.6,100,0
AGM_D.US,5,20260514,155000,20.62,20.62,20.6,20.6,8490,0
AGM_D.US,5,20260514,155500,20.6,20.6,20.6,20.6,1200,0
AGM_D.US,5,20260514,163000,20.6299,20.65,20.6299,20.65,687,0
AGM_D.US,5,20260514,165500,20.65,20.65,20.64,20.65,1900,0
AGM_D.US,5,20260514,170500,20.65,20.65,20.65,20.65,721,0
AGM_D.US,5,20260514,174500,20.61,20.61,20.61,20.61,1000,0
AGM_D.US,5,20260514,191000,20.65,20.65,20.65,20.65,700,0
AGM_D.US,5,20260514,203000,20.61,20.617,20.6,20.617,4870,0
AGM_D.US,5,20260514,211000,20.6388,20.6388,20.6388,20.6388,340,0
AGM_D.US,5,20260514,215000,20.6221,20.6221,20.6221,20.6221,400,0
AGM_D.US,5,20260515,153000,20.6,20.6,20.6,20.6,701,0
AGM_D.US,5,20260515,163500,20.55,20.55,20.55,20.55,300,0
AGM_D.US,5,20260515,170000,20.51,20.52,20.51,20.52,493,0
AGM_D.US,5,20260515,190000,20.53,20.53,20.53,20.53,900,0
AGM_D.US,5,20260515,191000,20.58,20.58,20.58,20.58,500,0
AGM_D.US,5,20260515,191500,20.56,20.56,20.52,20.52,1200,0
AGM_D.US,5,20260515,205000,20.55,20.55,20.52,20.53,306,0
AGM_D.US,5,20260515,213500,20.53,20.53,20.53,20.53,100,0
AGM_D.US,5,20260518,155000,20.535,20.535,20.535,20.535,600,0
AGM_D.US,5,20260518,172000,20.5,20.5,20.5,20.5,586,0
AGM_D.US,5,20260518,173500,20.51,20.51,20.51,20.51,104,0
AGM_D.US,5,20260518,191000,20.51,20.51,20.51,20.51,300,0
AGM_D.US,5,20260518,201000,20.51,20.51,20.49,20.49,1400,0
AGM_D.US,5,20260518,201500,20.47,20.47,20.47,20.47,485,0
AGM_D.US,5,20260518,202000,20.49,20.49,20.49,20.49,500,0
AGM_D.US,5,20260518,210000,20.51,20.51,20.51,20.51,201,0
AGM_D.US,5,20260518,211500,20.5626,20.6,20.55,20.55,617,0
AGM_D.US,5,20260518,213500,20.6,20.69,20.6,20.69,1122,0
AGM_D.US,5,20260519,160000,20.67,20.67,20.67,20.67,2970,0
AGM_D.US,5,20260519,175000,20.67,20.67,20.67,20.67,1038,0
AGM_D.US,5,20260519,181500,20.55,20.55,20.55,20.55,200,0
AGM_D.US,5,20260519,185000,20.55,20.55,20.55,20.55,100,0
AGM_D.US,5,20260519,212000,20.55,20.55,20.55,20.55,145,0
AGM_D.US,5,20260520,165500,20.5999,20.5999,20.5999,20.5999,200,0
AGM_D.US,5,20260520,184000,20.54,20.54,20.54,20.54,245,0
AGM_D.US,5,20260520,184500,20.54,20.54,20.54,20.54,490,0
AGM_D.US,5,20260520,185000,20.4883,20.4883,20.4883,20.4883,674,0
AGM_D.US,5,20260520,194500,20.5742,20.5742,20.5742,20.5742,1614,0
AGM_D.US,5,20260520,215500,20.5,20.5,20.48,20.48,355,0
AGM_D.US,5,20260521,153000,20.48,20.48,20.48,20.48,100,0
AGM_D.US,5,20260521,171000,20.5999,20.5999,20.59,20.59,584,0
AGM_D.US,5,20260521,185500,20.48,20.48,20.48,20.48,200,0
AGM_D.US,5,20260522,153000,20.5,20.5,20.5,20.5,212,0
AGM_D.US,5,20260522,210000,20.5585,20.5585,20.5585,20.5585,500,0
AGM_D.US,5,20260522,211000,20.5,20.5999,20.5,20.5999,5168,0
AGM_D.US,5,20260522,212000,20.5586,20.5586,20.5586,20.5586,600,0
AGM_D.US,5,20260526,154500,20.55,20.55,20.55,20.55,400,0
AGM_D.US,5,20260526,180500,20.5996,20.6,20.5996,20.6,600,0
AGM_D.US,5,20260526,194000,20.55,20.55,20.55,20.55,175,0
AGM_D.US,5,20260526,205500,20.53,20.53,20.53,20.53,1000,0
AGM_D.US,5,20260526,210500,20.53,20.53,20.5299,20.5299,649,0
AGM_D.US,5,20260526,214500,20.5899,20.5899,20.54,20.54,1213,0
AGM_D.US,5,20260527,160500,20.545,20.545,20.545,20.545,1000,0
AGM_D.US,5,20260527,164500,20.54,20.6,20.54,20.6,200,0
AGM_D.US,5,20260527,192000,20.5,20.5,20.5,20.5,200,0
AGM_D.US,5,20260527,210500,20.54,20.54,20.54,20.54,2406,0
AGM_D.US,5,20260527,212500,20.6,20.6,20.6,20.6,205,0
AGM_D.US,5,20260527,213500,20.605,20.605,20.605,20.605,145,0
AGM_D.US,5,20260527,215000,20.65,20.65,20.65,20.65,400,0
AGM_D.US,5,20260527,215500,20.605,20.66,20.605,20.64,1066,0
AGM_D.US,5,20260528,153000,20.65,20.65,20.65,20.65,1000,0
AGM_D.US,5,20260528,161000,20.65,20.65,20.65,20.65,200,0
AGM_D.US,5,20260528,180000,20.57,20.57,20.57,20.57,200,0
AGM_D.US,5,20260528,195500,20.57,20.57,20.57,20.57,300,0
AGM_D.US,5,20260528,202000,20.58,20.58,20.58,20.58,100,0
AGM_D.US,5,20260528,214500,20.6501,20.665,20.65,20.65,357,0
AGM_D.US,5,20260529,185000,20.67,20.67,20.66,20.67,1300,0
AGM_D.US,5,20260529,192000,20.585,20.585,20.585,20.585,1500,0
AGM_D.US,5,20260529,195500,20.57,20.57,20.57,20.57,100,0
AGM_D.US,5,20260529,200000,20.53,20.53,20.53,20.53,100,0
AGM_D.US,5,20260529,201000,20.53,20.53,20.53,20.53,100,0
AGM_D.US,5,20260529,202000,20.51,20.51,20.51,20.51,100,0
AGM_D.US,5,20260529,202500,20.51,20.51,20.51,20.51,100,0
AGM_D.US,5,20260529,203000,20.53,20.53,20.53,20.53,150,0
AGM_D.US,5,20260529,203500,20.52,20.52,20.52,20.52,100,0
AGM_D.US,5,20260529,204500,20.51,20.51,20.51,20.51,100,0
AGM_D.US,5,20260529,205500,20.51,20.51,20.51,20.51,100,0
AGM_D.US,5,20260529,210000,20.5,20.51,20.5,20.51,200,0
AGM_D.US,5,20260529,210500,20.5,20.5,20.5,20.5,100,0
AGM_D.US,5,20260529,211000,20.6072,20.6072,20.6072,20.6072,375,0
AGM_D.US,5,20260529,212500,20.5,20.5,20.5,20.5,100,0
AGM_D.US,5,20260529,214000,20.51,20.51,20.51,20.51,100,0
AGM_D.US,5,20260529,214500,20.51,20.61,20.51,20.61,600,0
AGM_D.US,5,20260529,215000,20.53,20.67,20.52,20.52,1128,0
AGM_D.US,5,20260601,155500,20.55,20.55,20.55,20.55,300,0
AGM_D.US,5,20260601,160500,20.55,20.55,20.55,20.55,500,0
AGM_D.US,5,20260601,204000,20.59,20.62,20.59,20.6,1700,0
AGM_D.US,5,20260601,210500,20.5501,20.6196,20.5501,20.6196,1302,0
AGM_D.US,5,20260601,214000,20.5501,20.5501,20.5501,20.5501,300,0
AGM_D.US,5,20260601,215500,20.56,20.56,20.56,20.56,200,0
AGM_D.US,5,20260602,153000,20.55,20.55,20.55,20.55,100,0
AGM_D.US,5,20260602,162000,20.5984,20.5984,20.5984,20.5984,1700,0
AGM_D.US,5,20260602,165000,20.58,20.58,20.58,20.58,485,0
AGM_D.US,5,20260602,180000,20.5501,20.5501,20.5501,20.5501,500,0
AGM_D.US,5,20260602,185500,20.6,20.6,20.5797,20.5797,1220,0
AGM_D.US,5,20260602,192000,20.55,20.55,20.55,20.55,361,0
AGM_D.US,5,20260602,193000,20.55,20.55,20.55,20.55,961,0
AGM_D.US,5,20260602,203000,20.55,20.55,20.55,20.55,100,0
AGM_D.US,5,20260602,204000,20.57,20.57,20.57,20.57,100,0
AGM_D.US,5,20260602,204500,20.57,20.57,20.57,20.57,100,0
AGM_D.US,5,20260602,205500,20.565,20.6,20.56,20.6,1240,0
AGM_D.US,5,20260602,210000,20.6,20.6,20.6,20.6,100,0
AGM_D.US,5,20260602,210500,20.6,20.6,20.6,20.6,300,0
AGM_D.US,5,20260602,211000,20.57,20.585,20.57,20.57,1449,0
AGM_D.US,5,20260602,212500,20.6,20.6,20.6,20.6,100,0
AGM_D.US,5,20260602,215000,20.59,20.59,20.59,20.59,100,0
AGM_D.US,5,20260602,215500,20.59,20.66,20.5899,20.66,1054,0
AGM_D.US,5,20260603,163000,20.59,20.59,20.59,20.59,400,0
AGM_D.US,5,20260603,165000,20.58,20.58,20.58,20.58,200,0
AGM_D.US,5,20260603,191000,20.6021,20.6021,20.6021,20.6021,725,0
AGM_D.US,5,20260603,200000,20.59,20.59,20.59,20.59,815,0
AGM_D.US,5,20260603,210500,20.6799,20.6799,20.6799,20.6799,697,0
AGM_D.US,5,20260604,153000,20.5,20.5,20.5,20.5,100,0
AGM_D.US,5,20260604,171000,20.56,20.56,20.56,20.56,100,0
AGM_D.US,5,20260604,183000,20.6,20.6,20.6,20.6,198,0
AGM_D.US,5,20260604,184500,20.55,20.55,20.55,20.55,100,0
AGM_D.US,5,20260604,212500,20.56,20.6,20.56,20.6,200,0
AGM_D.US,5,20260605,153000,20.56,20.71,20.56,20.585,750,0
AGM_D.US,5,20260605,154500,20.595,20.595,20.595,20.595,242,0
AGM_D.US,5,20260605,165000,20.5,20.5,20.5,20.5,100,0
AGM_D.US,5,20260605,165500,20.545,20.545,20.545,20.545,250,0
AGM_D.US,5,20260605,170000,20.5,20.545,20.5,20.545,700,0
AGM_D.US,5,20260605,172500,20.59,20.59,20.5495,20.59,900,0
AGM_D.US,5,20260605,183500,20.58,20.58,20.58,20.58,1101,0
AGM_D.US,5,20260605,202500,20.54,20.54,20.54,20.54,400,0
AGM_D.US,5,20260605,211000,20.5,20.51,20.5,20.51,592,0
AGM_D.US,5,20260608,153000,20.46,20.46,20.46,20.46,100,0
AGM_D.US,5,20260608,163000,20.56,20.56,20.56,20.56,100,0
AGM_D.US,5,20260608,164000,20.62,20.62,20.62,20.62,100,0
AGM_D.US,5,20260608,165000,20.6412,20.6412,20.6412,20.6412,100,0
AGM_D.US,5,20260608,171500,20.7,20.7,20.6999,20.7,2100,0
AGM_D.US,5,20260608,172000,20.74,20.76,20.74,20.74,600,0
AGM_D.US,5,20260608,172500,20.74,20.76,20.74,20.74,700,0
AGM_D.US,5,20260608,175000,20.7,20.7,20.65,20.65,400,0
AGM_D.US,5,20260608,185500,20.765,20.765,20.765,20.765,500,0
AGM_D.US,5,20260608,190500,20.74,20.83,20.74,20.83,1500,0
AGM_D.US,5,20260608,192500,20.83,20.83,20.83,20.83,100,0
AGM_D.US,5,20260608,201000,20.83,20.83,20.83,20.83,2500,0
AGM_D.US,5,20260608,202000,20.83,20.83,20.8,20.8,4600,0
AGM_D.US,5,20260608,203500,20.75,20.75,20.75,20.75,150,0
AGM_D.US,5,20260608,214000,20.78,20.78,20.78,20.78,100,0
AGM_D.US,5,20260608,214500,20.7,20.78,20.65,20.7,1700,0
AGM_D.US,5,20260609,153000,20.62,20.62,20.62,20.62,101,0
AGM_D.US,5,20260609,160000,20.61,20.61,20.61,20.61,425,0
AGM_D.US,5,20260609,192000,20.74,20.74,20.74,20.74,100,0
AGM_D.US,5,20260609,192500,20.78,20.78,20.78,20.78,500,0
AGM_D.US,5,20260609,193000,20.7941,20.8,20.7915,20.8,400,0
AGM_D.US,5,20260609,194500,20.8,20.8,20.7996,20.7996,200,0
AGM_D.US,5,20260609,211000,20.795,20.795,20.795,20.795,624,0
AGM_D.US,5,20260610,170000,20.82,20.86,20.81,20.86,700,0
AGM_D.US,5,20260610,172000,20.81,20.88,20.71,20.71,1600,0
AGM_D.US,5,20260610,174000,20.82,20.82,20.82,20.82,100,0
AGM_D.US,5,20260610,174500,20.82,20.82,20.82,20.82,200,0
AGM_D.US,5,20260610,202500,20.72,20.72,20.72,20.72,1000,0
AGM_D.US,5,20260610,204000,20.7786,20.7786,20.7786,20.7786,3000,0
AGM_D.US,5,20260610,210500,20.795,20.795,20.795,20.795,1700,0
AGM_D.US,5,20260610,211500,20.74,20.74,20.73,20.73,400,0
AGM_D.US,5,20260610,213500,20.755,20.755,20.755,20.755,435,0
AGM_D.US,5,20260610,215000,20.73,20.73,20.73,20.73,100,0
AGM_D.US,5,20260611,153500,20.78,20.78,20.78,20.78,575,0
AGM_D.US,5,20260611,154500,20.78,20.78,20.78,20.78,100,0
AGM_D.US,5,20260611,160000,20.78,20.88,20.78,20.88,250,0
AGM_D.US,5,20260611,163000,20.78,20.78,20.78,20.78,500,0
AGM_D.US,5,20260611,163500,20.8,20.8,20.8,20.8,100,0
AGM_D.US,5,20260611,172000,20.75,20.75,20.75,20.75,1100,0
AGM_D.US,5,20260611,172500,20.71,20.71,20.71,20.71,166,0
AGM_D.US,5,20260611,173000,20.71,20.73,20.71,20.73,1350,0
AGM_D.US,5,20260611,173500,20.71,20.7104,20.71,20.71,1000,0
AGM_D.US,5,20260611,174000,20.71,20.71,20.71,20.71,200,0
AGM_D.US,5,20260611,174500,20.6347,20.6347,20.6347,20.6347,500,0
AGM_D.US,5,20260611,175500,20.665,20.665,20.665,20.665,850,0
AGM_D.US,5,20260611,180000,20.65,20.65,20.63,20.63,800,0
AGM_D.US,5,20260611,180500,20.58,20.58,20.58,20.58,1114,0
AGM_D.US,5,20260611,181500,20.55,20.55,20.55,20.55,100,0
AGM_D.US,5,20260611,184500,20.585,20.585,20.585,20.585,200,0
AGM_D.US,5,20260611,185000,20.5402,20.5402,20.5402,20.5402,1000,0
AGM_D.US,5,20260611,193000,20.5401,20.5401,20.5401,20.5401,166,0
AGM_D.US,5,20260611,215000,20.63,20.63,20.59,20.59,400,0
AGM_D.US,5,20260612,153500,20.5,20.5,20.5,20.5,550,0
AGM_D.US,5,20260612,160000,20.81,20.84,20.6505,20.84,3092,0
AGM_D.US,5,20260612,163500,20.71,20.82,20.71,20.82,825,0
AGM_D.US,5,20260612,175500,20.7,20.7,20.7,20.7,745,0
AGM_D.US,5,20260612,190000,20.815,20.815,20.815,20.815,220,0
AGM_D.US,5,20260612,210500,20.8799,20.8799,20.8799,20.8799,1231,0
AGM_D.US,5,20260612,215000,20.86,20.86,20.86,20.86,260,0
AGM_D.US,5,20260612,215500,20.87,20.87,20.87,20.87,100,0
AGM_D.US,5,20260615,153000,20.98,20.98,20.98,20.98,100,0
AGM_D.US,5,20260615,160500,20.9439,20.95,20.9439,20.95,200,0
AGM_D.US,5,20260615,165000,20.87,20.98,20.85,20.85,2336,0
AGM_D.US,5,20260615,175000,20.77,20.77,20.77,20.77,1490,0
AGM_D.US,5,20260615,181000,20.85,20.85,20.85,20.85,100,0
AGM_D.US,5,20260615,182500,20.85,20.85,20.85,20.85,800,0
AGM_D.US,5,20260615,185500,20.87,20.87,20.86,20.86,400,0
AGM_D.US,5,20260615,190000,20.92,20.92,20.92,20.92,200,0
AGM_D.US,5,20260615,190500,20.96,20.9799,20.92,20.92,1600,0
AGM_D.US,5,20260615,204500,20.92,20.92,20.92,20.92,259,0
AGM_D.US,5,20260616,160000,20.945,20.945,20.945,20.945,2000,0
AGM_D.US,5,20260616,162500,21,21,21,21,500,0
AGM_D.US,5,20260616,174000,20.86,20.86,20.86,20.86,100,0
AGM_D.US,5,20260616,182000,20.8699,20.8699,20.8699,20.8699,300,0
AGM_D.US,5,20260616,201500,20.94,20.94,20.94,20.94,500,0
AGM_D.US,5,20260616,203000,20.94,20.94,20.94,20.94,166,0
AGM_D.US,5,20260616,211500,20.94,20.94,20.94,20.94,5925,0
AGM_D.US,5,20260617,171500,21.04,21.04,21.04,21.04,1300,0
AGM_D.US,5,20260617,185000,20.901,20.901,20.901,20.901,545,0
AGM_D.US,5,20260617,215000,21,21,21,21,165,0
AGM_D.US,5,20260618,153000,20.97,20.97,20.97,20.97,100,0
AGM_D.US,5,20260618,180000,20.8414,20.8414,20.8414,20.8414,500,0
AGM_D.US,5,20260618,183000,20.85,20.85,20.85,20.85,600,0
AGM_D.US,5,20260618,210000,21.2499,21.2499,21.2499,21.2499,2031,0
AGM_D.US,5,20260618,214500,21.18,21.23,21.18,21.23,533,0
AGM_D.US,5,20260622,153500,20.8,20.8,20.78,20.78,3860,0
AGM_D.US,5,20260622,184500,21.27,21.3,21.27,21.3,900,0
AGM_D.US,5,20260622,192500,21.06,21.06,21.04,21.05,500,0
AGM_D.US,5,20260622,194000,21.106,21.106,21.04,21.04,200,0
AGM_D.US,5,20260622,210000,21.2,21.36,21.2,21.36,1707,0
