<TICKER>,<PER>,<DATE>,<TIME>,<OPEN>,<HIGH>,<LOW>,<CLOSE>,<VOL>,<OPENINT>
APOC.US,5,20260126,153000,26.34,26.34,26.34,26.34,100,0
APOC.US,5,20260126,160000,26.43,26.43,26.43,26.43,100,0
APOC.US,5,20260126,162500,26.35,26.35,26.35,26.35,1651,0
APOC.US,5,20260126,170500,26.34,26.34,26.3399,26.34,2100,0
APOC.US,5,20260126,173500,26.34,26.34,26.34,26.34,100,0
APOC.US,5,20260126,181000,26.34,26.34,26.34,26.34,100,0
APOC.US,5,20260126,183000,26.34,26.34,26.34,26.34,100,0
APOC.US,5,20260126,185500,26.35,26.35,26.35,26.35,100,0
APOC.US,5,20260126,190500,26.33,26.33,26.33,26.33,1000,0
APOC.US,5,20260126,193000,26.35,26.35,26.35,26.35,100,0
APOC.US,5,20260126,194500,26.36,26.36,26.36,26.36,100,0
APOC.US,5,20260126,200500,26.3476,26.3476,26.3476,26.3476,741,0
APOC.US,5,20260126,202000,26.3204,26.3204,26.3204,26.3204,731,0
APOC.US,5,20260126,210500,26.331,26.34,26.331,26.34,458,0
APOC.US,5,20260126,214500,26.335,26.335,26.335,26.335,455,0
APOC.US,5,20260126,215500,26.35,26.35,26.35,26.35,151,0
APOC.US,5,20260127,153500,26.36,26.36,26.36,26.36,100,0
APOC.US,5,20260127,160500,26.33,26.33,26.33,26.33,100,0
APOC.US,5,20260127,161000,26.3192,26.36,26.3192,26.36,1490,0
APOC.US,5,20260127,161500,26.35,26.35,26.35,26.35,100,0
APOC.US,5,20260127,171000,26.38,26.38,26.38,26.38,100,0
APOC.US,5,20260127,180500,26.37,26.37,26.37,26.37,100,0
APOC.US,5,20260127,190000,26.38,26.38,26.38,26.38,100,0
APOC.US,5,20260127,193500,26.36,26.36,26.36,26.36,100,0
APOC.US,5,20260127,200000,26.345,26.345,26.345,26.345,286,0
APOC.US,5,20260127,202000,26.36,26.36,26.36,26.36,100,0
APOC.US,5,20260127,204000,26.33,26.36,26.33,26.36,284,0
APOC.US,5,20260127,210500,26.36,26.36,26.3599,26.36,300,0
APOC.US,5,20260127,211000,26.36,26.36,26.36,26.36,500,0
APOC.US,5,20260127,215000,26.32,26.32,26.32,26.32,337,0
APOC.US,5,20260127,215500,26.36,26.37,26.36,26.37,271,0
APOC.US,5,20260128,153000,26.39,26.39,26.3586,26.3586,1200,0
APOC.US,5,20260128,155500,26.38,26.38,26.3799,26.38,300,0
APOC.US,5,20260128,160000,26.3784,26.3784,26.3784,26.3784,3196,0
APOC.US,5,20260128,162000,26.3403,26.37,26.3403,26.37,621,0
APOC.US,5,20260128,163500,26.35,26.36,26.35,26.36,700,0
APOC.US,5,20260128,165000,26.345,26.345,26.33,26.33,3283,0
APOC.US,5,20260128,165500,26.34,26.34,26.34,26.34,157,0
APOC.US,5,20260128,190500,26.34,26.34,26.34,26.34,3792,0
APOC.US,5,20260128,192500,26.34,26.34,26.335,26.335,2024,0
APOC.US,5,20260128,193500,26.35,26.35,26.35,26.35,995,0
APOC.US,5,20260128,205000,26.33,26.33,26.33,26.33,100,0
APOC.US,5,20260128,212500,26.33,26.33,26.33,26.33,300,0
APOC.US,5,20260128,215000,26.34,26.34,26.34,26.34,100,0
APOC.US,5,20260129,161000,26.32,26.32,26.32,26.32,2955,0
APOC.US,5,20260129,171000,26.3,26.32,26.3,26.3,1185,0
APOC.US,5,20260129,172000,26.29,26.29,26.29,26.29,1948,0
APOC.US,5,20260129,174500,26.32,26.32,26.32,26.32,189,0
APOC.US,5,20260129,180500,26.305,26.305,26.305,26.305,819,0
APOC.US,5,20260129,190000,26.31,26.31,26.31,26.31,245,0
APOC.US,5,20260129,203500,26.31,26.323,26.31,26.323,315,0
APOC.US,5,20260129,213500,26.33,26.33,26.328,26.328,659,0
APOC.US,5,20260129,215000,26.415,26.415,26.415,26.415,200,0
APOC.US,5,20260129,215500,26.38,26.38,26.38,26.38,200,0
APOC.US,5,20260130,153000,26.38,26.38,26.38,26.38,104,0
APOC.US,5,20260130,161500,26.3218,26.3218,26.3218,26.3218,131,0
APOC.US,5,20260130,163000,26.3352,26.3352,26.3352,26.3352,142,0
APOC.US,5,20260130,165500,26.33,26.33,26.33,26.33,200,0
APOC.US,5,20260130,173000,26.31,26.31,26.31,26.31,100,0
APOC.US,5,20260130,173500,26.315,26.315,26.315,26.315,346,0
APOC.US,5,20260130,181000,26.3001,26.3001,26.3001,26.3001,104,0
APOC.US,5,20260130,181500,26.305,26.305,26.305,26.305,3000,0
APOC.US,5,20260130,191500,26.3099,26.3099,26.3,26.3,377,0
APOC.US,5,20260130,192000,26.29,26.29,26.29,26.29,100,0
APOC.US,5,20260130,195000,26.3,26.3,26.3,26.3,400,0
APOC.US,5,20260130,200500,26.31,26.32,26.31,26.32,200,0
APOC.US,5,20260130,204500,26.31,26.31,26.31,26.31,200,0
APOC.US,5,20260130,210000,26.31,26.31,26.31,26.31,3692,0
APOC.US,5,20260130,211000,26.315,26.315,26.315,26.315,194,0
APOC.US,5,20260130,214500,26.3,26.31,26.3,26.31,700,0
APOC.US,5,20260202,153500,26.31,26.31,26.31,26.31,100,0
APOC.US,5,20260202,154500,26.32,26.32,26.32,26.32,100,0
APOC.US,5,20260202,165500,26.34,26.34,26.34,26.34,100,0
APOC.US,5,20260202,172500,26.34,26.3401,26.34,26.3401,800,0
APOC.US,5,20260202,175000,26.34,26.34,26.33,26.33,4515,0
APOC.US,5,20260202,184000,26.35,26.3501,26.35,26.3501,1586,0
APOC.US,5,20260202,190500,26.35,26.35,26.35,26.35,381,0
APOC.US,5,20260202,191500,26.3402,26.3402,26.3402,26.3402,520,0
APOC.US,5,20260202,194500,26.35,26.36,26.35,26.36,692,0
APOC.US,5,20260202,195500,26.3462,26.3462,26.3462,26.3462,196,0
APOC.US,5,20260202,203500,26.36,26.36,26.35,26.35,1300,0
APOC.US,5,20260202,212000,26.36,26.36,26.36,26.36,100,0
APOC.US,5,20260203,164500,26.33,26.33,26.33,26.33,200,0
APOC.US,5,20260203,165000,26.33,26.33,26.33,26.33,100,0
APOC.US,5,20260203,170000,26.34,26.34,26.34,26.34,150,0
APOC.US,5,20260203,170500,26.33,26.33,26.33,26.33,400,0
APOC.US,5,20260203,174000,26.33,26.33,26.33,26.33,100,0
APOC.US,5,20260203,181000,26.3,26.31,26.3,26.31,300,0
APOC.US,5,20260203,182000,26.31,26.31,26.31,26.31,300,0
APOC.US,5,20260203,182500,26.305,26.305,26.305,26.305,1290,0
APOC.US,5,20260203,184500,26.3,26.3,26.3,26.3,100,0
APOC.US,5,20260203,192000,26.29,26.2901,26.28,26.29,2531,0
APOC.US,5,20260203,193000,26.29,26.29,26.29,26.29,200,0
APOC.US,5,20260203,194000,26.29,26.29,26.29,26.29,500,0
APOC.US,5,20260203,200000,26.295,26.295,26.295,26.295,757,0
APOC.US,5,20260203,210500,26.295,26.295,26.295,26.295,1583,0
APOC.US,5,20260203,213500,26.31,26.31,26.31,26.31,1518,0
APOC.US,5,20260204,165000,26.3,26.3,26.3,26.3,200,0
APOC.US,5,20260204,165500,26.3025,26.3025,26.3025,26.3025,636,0
APOC.US,5,20260204,171000,26.305,26.305,26.305,26.305,747,0
APOC.US,5,20260204,175000,26.28,26.3,26.27,26.2927,3540,0
APOC.US,5,20260204,180500,26.28,26.28,26.28,26.28,100,0
APOC.US,5,20260204,181000,26.3047,26.3047,26.3047,26.3047,116,0
APOC.US,5,20260204,182500,26.27,26.27,26.27,26.27,200,0
APOC.US,5,20260204,183000,26.27,26.27,26.27,26.27,100,0
APOC.US,5,20260204,183500,26.275,26.275,26.275,26.275,335,0
APOC.US,5,20260204,184000,26.274,26.274,26.274,26.274,116,0
APOC.US,5,20260204,200500,26.27,26.27,26.27,26.27,164,0
APOC.US,5,20260204,203000,26.2856,26.2856,26.26,26.26,200,0
APOC.US,5,20260204,210000,26.28,26.28,26.28,26.28,160,0
APOC.US,5,20260204,210500,26.29,26.29,26.29,26.29,1800,0
APOC.US,5,20260204,211500,26.3,26.3,26.3,26.3,146,0
APOC.US,5,20260204,215500,26.28,26.28,26.27,26.27,1982,0
APOC.US,5,20260205,153000,26.23,26.23,26.23,26.23,100,0
APOC.US,5,20260205,153500,26.27,26.3,26.27,26.3,325,0
APOC.US,5,20260205,155500,26.27,26.27,26.27,26.27,1300,0
APOC.US,5,20260205,160000,26.258,26.258,26.258,26.258,710,0
APOC.US,5,20260205,163000,26.235,26.235,26.235,26.235,1218,0
APOC.US,5,20260205,163500,26.235,26.235,26.235,26.235,716,0
APOC.US,5,20260205,174000,26.25,26.25,26.25,26.25,200,0
APOC.US,5,20260205,182000,26.25,26.2501,26.25,26.25,1300,0
APOC.US,5,20260205,185000,26.25,26.25,26.25,26.25,100,0
APOC.US,5,20260205,194500,26.24,26.24,26.22,26.22,1163,0
APOC.US,5,20260205,200500,26.2208,26.2208,26.2208,26.2208,167,0
APOC.US,5,20260205,203500,26.27,26.28,26.27,26.276,1256,0
APOC.US,5,20260205,211000,26.23,26.24,26.23,26.23,400,0
APOC.US,5,20260205,212500,26.25,26.25,26.25,26.25,259,0
APOC.US,5,20260205,215000,26.21,26.21,26.2,26.2,329,0
APOC.US,5,20260205,215500,26.2,26.2,26.2,26.2,200,0
APOC.US,5,20260206,161000,26.2802,26.2802,26.2802,26.2802,2093,0
APOC.US,5,20260206,175000,26.31,26.315,26.3,26.3,2035,0
APOC.US,5,20260206,184500,26.34,26.34,26.34,26.34,219,0
APOC.US,5,20260206,185500,26.3159,26.3159,26.3159,26.3159,200,0
APOC.US,5,20260206,194500,26.32,26.32,26.32,26.32,100,0
APOC.US,5,20260206,195000,26.32,26.32,26.32,26.32,2093,0
APOC.US,5,20260206,202000,26.31,26.31,26.31,26.31,100,0
APOC.US,5,20260206,204500,26.31,26.31,26.31,26.31,299,0
APOC.US,5,20260206,205500,26.31,26.31,26.3,26.3,600,0
APOC.US,5,20260206,210500,26.325,26.325,26.325,26.325,315,0
APOC.US,5,20260206,215500,26.35,26.35,26.35,26.35,300,0
APOC.US,5,20260209,155000,26.3652,26.3652,26.3652,26.3652,2047,0
APOC.US,5,20260209,161500,26.36,26.36,26.36,26.36,115,0
APOC.US,5,20260209,171000,26.3556,26.3556,26.3556,26.3556,145,0
APOC.US,5,20260209,183500,26.35,26.36,26.35,26.35,361,0
APOC.US,5,20260209,191500,26.36,26.36,26.36,26.36,200,0
APOC.US,5,20260209,193000,26.3401,26.3401,26.3401,26.3401,682,0
APOC.US,5,20260209,200500,26.38,26.38,26.38,26.38,5638,0
APOC.US,5,20260209,214500,26.3806,26.3806,26.3806,26.3806,3030,0
APOC.US,5,20260209,215500,26.4,26.4,26.34,26.34,301,0
APOC.US,5,20260210,161500,26.41,26.41,26.373,26.373,359,0
APOC.US,5,20260210,162000,26.38,26.38,26.38,26.38,197,0
APOC.US,5,20260210,162500,26.3742,26.3742,26.3742,26.3742,118,0
APOC.US,5,20260210,164000,26.395,26.395,26.395,26.395,1664,0
APOC.US,5,20260210,175500,26.4,26.4,26.4,26.4,100,0
APOC.US,5,20260210,183000,26.4,26.4,26.4,26.4,100,0
APOC.US,5,20260210,184500,26.36,26.41,26.3501,26.41,1400,0
APOC.US,5,20260210,194000,26.3827,26.3827,26.3827,26.3827,326,0
APOC.US,5,20260210,200500,26.3813,26.3813,26.3813,26.3813,100,0
APOC.US,5,20260210,210500,26.3501,26.4,26.35,26.4,1700,0
APOC.US,5,20260210,212000,26.3883,26.3883,26.3883,26.3883,1942,0
APOC.US,5,20260210,214500,26.375,26.375,26.375,26.375,1000,0
APOC.US,5,20260211,160500,26.3725,26.4,26.35,26.3502,2337,0
APOC.US,5,20260211,162500,26.35,26.35,26.35,26.35,100,0
APOC.US,5,20260211,164500,26.38,26.38,26.38,26.38,100,0
APOC.US,5,20260211,165500,26.37,26.37,26.37,26.37,180,0
APOC.US,5,20260211,173000,26.37,26.37,26.37,26.37,1900,0
APOC.US,5,20260211,180500,26.36,26.37,26.34,26.37,3397,0
APOC.US,5,20260211,184500,26.38,26.38,26.38,26.38,2000,0
APOC.US,5,20260211,194500,26.38,26.38,26.38,26.38,100,0
APOC.US,5,20260211,201000,26.37,26.37,26.37,26.37,605,0
APOC.US,5,20260211,202500,26.39,26.39,26.39,26.39,342,0
APOC.US,5,20260211,204000,26.39,26.3968,26.39,26.39,498,0
APOC.US,5,20260211,204500,26.39,26.39,26.39,26.39,100,0
APOC.US,5,20260211,210500,26.3656,26.3656,26.3656,26.3656,3317,0
APOC.US,5,20260211,215500,26.34,26.34,26.34,26.34,100,0
APOC.US,5,20260212,155000,26.195,26.195,26.195,26.195,200,0
APOC.US,5,20260212,160000,26.47,26.47,26.39,26.39,600,0
APOC.US,5,20260212,161000,26.375,26.3899,26.375,26.3899,1895,0
APOC.US,5,20260212,162000,26.3638,26.375,26.3638,26.375,396,0
APOC.US,5,20260212,164500,26.36,26.36,26.36,26.36,1894,0
APOC.US,5,20260212,165500,26.36,26.37,26.36,26.36,2104,0
APOC.US,5,20260212,172500,26.33,26.33,26.33,26.33,100,0
APOC.US,5,20260212,181500,26.3,26.3,26.3,26.3,119,0
APOC.US,5,20260212,182000,26.32,26.32,26.3001,26.3001,242,0
APOC.US,5,20260212,184000,26.32,26.32,26.32,26.32,100,0
APOC.US,5,20260212,190500,26.31,26.31,26.31,26.31,100,0
APOC.US,5,20260212,192500,26.3003,26.3003,26.3003,26.3003,106,0
APOC.US,5,20260212,202000,26.31,26.33,26.31,26.33,200,0
APOC.US,5,20260212,212500,26.31,26.31,26.31,26.31,2685,0
APOC.US,5,20260213,160000,26.31,26.31,26.31,26.31,100,0
APOC.US,5,20260213,164000,26.3199,26.32,26.305,26.32,673,0
APOC.US,5,20260213,180000,26.34,26.34,26.3399,26.3399,400,0
APOC.US,5,20260213,181500,26.33,26.33,26.33,26.33,985,0
APOC.US,5,20260213,182000,26.34,26.34,26.34,26.34,100,0
APOC.US,5,20260213,190000,26.34,26.34,26.34,26.34,560,0
APOC.US,5,20260213,190500,26.34,26.34,26.34,26.34,100,0
APOC.US,5,20260213,192000,26.34,26.34,26.34,26.34,1890,0
APOC.US,5,20260213,200500,26.34,26.34,26.34,26.34,390,0
APOC.US,5,20260213,203500,26.335,26.335,26.335,26.335,249,0
APOC.US,5,20260213,205500,26.33,26.33,26.325,26.325,600,0
APOC.US,5,20260213,212500,26.32,26.32,26.32,26.32,511,0
APOC.US,5,20260217,155000,26.2512,26.2512,26.2512,26.2512,122,0
APOC.US,5,20260217,160000,26.29,26.29,26.29,26.29,100,0
APOC.US,5,20260217,162500,26.275,26.29,26.275,26.29,1460,0
APOC.US,5,20260217,164500,26.27,26.27,26.27,26.27,790,0
APOC.US,5,20260217,165000,26.29,26.29,26.29,26.29,100,0
APOC.US,5,20260217,170000,26.29,26.29,26.26,26.29,839497,0
APOC.US,5,20260217,171000,26.315,26.32,26.315,26.32,27725,0
APOC.US,5,20260217,171500,26.32,26.32,26.32,26.32,100,0
APOC.US,5,20260217,174000,26.31,26.31,26.31,26.31,300,0
APOC.US,5,20260217,181000,26.2935,26.2935,26.2935,26.2935,143,0
APOC.US,5,20260217,185500,26.28,26.28,26.27,26.27,102227,0
APOC.US,5,20260217,190000,26.3,26.3,26.3,26.3,100,0
APOC.US,5,20260217,192000,26.3,26.305,26.3,26.305,1831,0
APOC.US,5,20260217,192500,26.29,26.31,26.29,26.29,52865,0
APOC.US,5,20260217,193000,26.29,26.29,26.27,26.27,16886,0
APOC.US,5,20260217,193500,26.29,26.29,26.29,26.29,14911,0
APOC.US,5,20260217,194000,26.29,26.3,26.29,26.3,155912,0
APOC.US,5,20260217,194500,26.3,26.3,26.3,26.3,244851,0
APOC.US,5,20260217,195000,26.3,26.3,26.3,26.3,138115,0
APOC.US,5,20260217,211000,26.31,26.31,26.31,26.31,100,0
APOC.US,5,20260217,213000,26.29,26.29,26.29,26.29,348,0
APOC.US,5,20260217,215500,26.3082,26.3082,26.3082,26.3082,185,0
APOC.US,5,20260218,154000,26.3124,26.3124,26.3124,26.3124,2117,0
APOC.US,5,20260218,161000,26.35,26.35,26.35,26.35,300,0
APOC.US,5,20260218,161500,26.36,26.36,26.36,26.36,200,0
APOC.US,5,20260218,164500,26.345,26.345,26.345,26.345,263,0
APOC.US,5,20260218,165500,26.33,26.33,26.33,26.33,600,0
APOC.US,5,20260218,181000,26.35,26.35,26.35,26.35,515,0
APOC.US,5,20260218,192500,26.35,26.35,26.35,26.35,100,0
APOC.US,5,20260218,193000,26.34,26.34,26.34,26.34,100,0
APOC.US,5,20260218,200500,26.32,26.32,26.32,26.32,100,0
APOC.US,5,20260218,202000,26.33,26.33,26.33,26.33,100,0
APOC.US,5,20260218,205000,26.325,26.325,26.325,26.325,1500,0
APOC.US,5,20260218,210000,26.32,26.32,26.32,26.32,100,0
APOC.US,5,20260218,210500,26.32,26.32,26.31,26.31,1200,0
APOC.US,5,20260218,212000,26.33,26.33,26.33,26.33,200,0
APOC.US,5,20260218,213500,26.32,26.32,26.32,26.32,100,0
APOC.US,5,20260218,214500,26.33,26.35,26.33,26.3308,1371,0
APOC.US,5,20260218,215500,26.37,26.37,26.37,26.37,500,0
APOC.US,5,20260219,164500,26.32,26.34,26.32,26.34,2220,0
APOC.US,5,20260219,171000,26.3201,26.3201,26.3201,26.3201,270,0
APOC.US,5,20260219,173500,26.3201,26.35,26.3201,26.35,348,0
APOC.US,5,20260219,183500,26.32,26.33,26.32,26.33,700,0
APOC.US,5,20260219,193000,26.3,26.3,26.3,26.3,100,0
APOC.US,5,20260219,194500,26.31,26.31,26.31,26.31,400,0
APOC.US,5,20260219,195500,26.32,26.32,26.3101,26.3101,2904,0
APOC.US,5,20260220,164000,26.34,26.3699,26.3353,26.3353,1896,0
APOC.US,5,20260220,165000,26.35,26.3596,26.35,26.355,471,0
APOC.US,5,20260220,171000,26.35,26.35,26.35,26.35,1200,0
APOC.US,5,20260220,172500,26.3,26.3,26.3,26.3,169,0
APOC.US,5,20260220,174500,26.35,26.35,26.35,26.35,123,0
APOC.US,5,20260220,175500,26.345,26.345,26.345,26.345,247,0
APOC.US,5,20260220,180000,26.345,26.345,26.345,26.345,1000,0
APOC.US,5,20260220,180500,26.34,26.34,26.34,26.34,600,0
APOC.US,5,20260220,181000,26.34,26.34,26.34,26.34,100,0
APOC.US,5,20260220,183000,26.32,26.32,26.32,26.32,900,0
APOC.US,5,20260220,191000,26.34,26.3401,26.34,26.3401,200,0
APOC.US,5,20260220,192500,26.36,26.36,26.36,26.36,330,0
APOC.US,5,20260220,194000,26.3707,26.3707,26.3707,26.3707,420,0
APOC.US,5,20260220,200000,26.3999,26.3999,26.371,26.371,771,0
APOC.US,5,20260220,201000,26.385,26.385,26.385,26.385,565,0
APOC.US,5,20260220,212000,26.3855,26.3855,26.3855,26.3855,266,0
APOC.US,5,20260220,213500,26.375,26.375,26.375,26.375,379,0
APOC.US,5,20260220,215500,26.3501,26.3501,26.3501,26.3501,187,0
APOC.US,5,20260223,164000,26.32,26.3202,26.285,26.285,2001,0
APOC.US,5,20260223,165500,26.3299,26.3299,26.3299,26.3299,144,0
APOC.US,5,20260223,172500,26.31,26.31,26.31,26.31,124,0
APOC.US,5,20260223,173000,26.31,26.31,26.31,26.31,100,0
APOC.US,5,20260223,180000,26.305,26.32,26.3,26.3001,11843,0
APOC.US,5,20260223,193500,26.335,26.335,26.335,26.335,1000,0
APOC.US,5,20260223,202500,26.31,26.31,26.31,26.31,100,0
APOC.US,5,20260223,203500,26.31,26.31,26.31,26.31,249,0
APOC.US,5,20260223,205500,26.3,26.3,26.3,26.3,175,0
APOC.US,5,20260223,215500,26.365,26.365,26.34,26.34,300,0
APOC.US,5,20260224,161500,26.34,26.34,26.34,26.34,249,0
APOC.US,5,20260224,165500,26.335,26.335,26.33,26.33,1325,0
APOC.US,5,20260224,170500,26.32,26.34,26.32,26.34,4017,0
APOC.US,5,20260224,171500,26.34,26.34,26.34,26.34,2026,0
APOC.US,5,20260224,181000,26.34,26.34,26.34,26.34,687,0
APOC.US,5,20260224,193000,26.34,26.34,26.34,26.34,300,0
APOC.US,5,20260224,194000,26.345,26.35,26.34,26.3401,7077,0
APOC.US,5,20260224,200500,26.34,26.34,26.34,26.34,200,0
APOC.US,5,20260224,201500,26.34,26.34,26.34,26.34,200,0
APOC.US,5,20260224,202000,26.34,26.34,26.34,26.34,100,0
APOC.US,5,20260224,202500,26.34,26.34,26.34,26.34,200,0
APOC.US,5,20260224,203500,26.341,26.341,26.34,26.34,7700,0
APOC.US,5,20260224,213000,26.3401,26.3401,26.3401,26.3401,159,0
APOC.US,5,20260224,215000,26.35,26.35,26.35,26.35,200,0
APOC.US,5,20260224,215500,26.35,26.35,26.35,26.35,2100,0
APOC.US,5,20260225,164500,26.4,26.4,26.4,26.4,1598,0
APOC.US,5,20260225,174500,26.4,26.4,26.4,26.4,400,0
APOC.US,5,20260225,175500,26.38,26.38,26.38,26.38,700,0
APOC.US,5,20260225,180000,26.38,26.38,26.38,26.38,700,0
APOC.US,5,20260225,180500,26.38,26.38,26.38,26.38,700,0
APOC.US,5,20260225,183000,26.39,26.39,26.39,26.39,800,0
APOC.US,5,20260225,183500,26.395,26.395,26.38,26.38,1373,0
APOC.US,5,20260225,191000,26.39,26.4,26.39,26.4,200,0
APOC.US,5,20260225,193500,26.41,26.41,26.4,26.4,469,0
APOC.US,5,20260225,194000,26.4176,26.4176,26.4176,26.4176,293,0
APOC.US,5,20260225,203000,26.401,26.4011,26.355,26.355,9104,0
APOC.US,5,20260225,204000,26.39,26.39,26.39,26.39,200,0
APOC.US,5,20260225,204500,26.39,26.4,26.39,26.39,1000,0
APOC.US,5,20260225,205000,26.405,26.405,26.405,26.405,872,0
APOC.US,5,20260225,210000,26.4,26.4,26.39,26.397,6070,0
APOC.US,5,20260225,210500,26.39,26.39,26.355,26.39,3430,0
APOC.US,5,20260225,213000,26.4,26.41,26.4,26.41,844,0
APOC.US,5,20260225,215500,26.44,26.44,26.44,26.44,121,0
APOC.US,5,20260226,161500,26.375,26.375,26.375,26.375,322,0
APOC.US,5,20260226,181500,26.36,26.36,26.36,26.36,146,0
APOC.US,5,20260226,182000,26.3899,26.3899,26.3899,26.3899,400,0
APOC.US,5,20260226,184500,26.355,26.355,26.355,26.355,451,0
APOC.US,5,20260226,201500,26.3735,26.3735,26.3735,26.3735,318,0
APOC.US,5,20260226,203000,26.41,26.41,26.39,26.39,403,0
APOC.US,5,20260226,203500,26.371,26.371,26.371,26.371,100,0
APOC.US,5,20260226,212000,26.3801,26.3801,26.3801,26.3801,100,0
APOC.US,5,20260227,162500,26.365,26.365,26.365,26.365,391,0
APOC.US,5,20260227,163500,26.3999,26.3999,26.3999,26.3999,1895,0
APOC.US,5,20260227,170000,26.375,26.375,26.375,26.375,181,0
APOC.US,5,20260227,170500,26.4099,26.4099,26.34,26.34,2971,0
APOC.US,5,20260227,180000,26.375,26.375,26.375,26.375,189,0
APOC.US,5,20260227,191500,26.3622,26.37,26.3614,26.37,1519,0
APOC.US,5,20260227,194500,26.35,26.35,26.35,26.35,100,0
APOC.US,5,20260227,201500,26.3734,26.3734,26.3734,26.3734,251,0
APOC.US,5,20260227,202000,26.37,26.37,26.37,26.37,379,0
APOC.US,5,20260227,202500,26.34,26.34,26.34,26.34,1900,0
APOC.US,5,20260227,211000,26.341,26.39,26.341,26.39,556,0
APOC.US,5,20260227,211500,26.315,26.315,26.315,26.315,500,0
APOC.US,5,20260227,212000,26.39,26.39,26.39,26.39,100,0
APOC.US,5,20260227,214000,26.3899,26.3899,26.3899,26.3899,1448,0
APOC.US,5,20260227,215500,26.34,26.36,26.34,26.35,500,0
APOC.US,5,20260302,154000,26.35,26.35,26.35,26.35,100,0
APOC.US,5,20260302,162000,26.36,26.36,26.36,26.36,161,0
APOC.US,5,20260302,163500,26.35,26.35,26.35,26.35,192,0
APOC.US,5,20260302,164500,26.34,26.37,26.34,26.37,2335,0
APOC.US,5,20260302,171000,26.37,26.37,26.37,26.37,475,0
APOC.US,5,20260302,173000,26.3307,26.34,26.3307,26.34,366,0
APOC.US,5,20260302,174000,26.35,26.35,26.35,26.35,146,0
APOC.US,5,20260302,174500,26.36,26.36,26.36,26.36,200,0
APOC.US,5,20260302,184000,26.37,26.37,26.37,26.37,1891,0
APOC.US,5,20260302,192500,26.37,26.37,26.37,26.37,100,0
APOC.US,5,20260302,214000,26.375,26.375,26.375,26.375,287,0
APOC.US,5,20260302,214500,26.38,26.38,26.38,26.38,462,0
APOC.US,5,20260303,154000,26.295,26.295,26.295,26.295,284,0
APOC.US,5,20260303,163500,26.22,26.22,26.22,26.22,2400,0
APOC.US,5,20260303,165000,26.2158,26.2158,26.2158,26.2158,100,0
APOC.US,5,20260303,171500,26.26,26.26,26.26,26.26,264,0
APOC.US,5,20260303,172000,26.26,26.26,26.26,26.26,1100,0
APOC.US,5,20260303,173000,26.27,26.27,26.27,26.27,550,0
APOC.US,5,20260303,173500,26.285,26.285,26.27,26.27,328,0
APOC.US,5,20260303,174000,26.29,26.29,26.29,26.29,266,0
APOC.US,5,20260303,182000,26.29,26.29,26.29,26.29,264,0
APOC.US,5,20260303,183000,26.29,26.2997,26.29,26.2997,450,0
APOC.US,5,20260303,184000,26.29,26.29,26.29,26.29,100,0
APOC.US,5,20260303,185500,26.2963,26.2963,26.2963,26.2963,217,0
APOC.US,5,20260303,190000,26.29,26.29,26.28,26.29,1100,0
APOC.US,5,20260303,192000,26.29,26.29,26.29,26.29,400,0
APOC.US,5,20260303,192500,26.3,26.31,26.3,26.31,2388,0
APOC.US,5,20260303,193000,26.31,26.31,26.31,26.31,200,0
APOC.US,5,20260303,193500,26.31,26.31,26.31,26.31,100,0
APOC.US,5,20260303,194000,26.31,26.31,26.31,26.31,1000,0
APOC.US,5,20260303,194500,26.31,26.31,26.31,26.31,1346,0
APOC.US,5,20260303,195000,26.31,26.31,26.31,26.31,1000,0
APOC.US,5,20260303,200000,26.31,26.31,26.28,26.28,300,0
APOC.US,5,20260303,204500,26.32,26.32,26.32,26.32,700,0
APOC.US,5,20260303,205000,26.33,26.33,26.33,26.33,100,0
APOC.US,5,20260303,210000,26.32,26.32,26.32,26.32,100,0
APOC.US,5,20260303,210500,26.33,26.33,26.33,26.33,229,0
APOC.US,5,20260303,213000,26.311,26.311,26.311,26.311,250,0
APOC.US,5,20260303,215500,26.335,26.37,26.335,26.37,884,0
APOC.US,5,20260304,154500,26.225,26.4,26.225,26.4,300,0
APOC.US,5,20260304,161000,26.3404,26.3404,26.34,26.34,746,0
APOC.US,5,20260304,172000,26.36,26.36,26.36,26.36,305,0
APOC.US,5,20260304,181500,26.3813,26.3813,26.3813,26.3813,104,0
APOC.US,5,20260304,182000,26.385,26.385,26.385,26.385,758,0
APOC.US,5,20260304,184500,26.3845,26.3845,26.3845,26.3845,113,0
APOC.US,5,20260304,191000,26.37,26.37,26.37,26.37,600,0
APOC.US,5,20260304,192000,26.33,26.33,26.33,26.33,170,0
APOC.US,5,20260304,205000,26.39,26.39,26.38,26.38,835,0
APOC.US,5,20260304,210000,26.38,26.38,26.38,26.38,100,0
APOC.US,5,20260304,214000,26.39,26.39,26.39,26.39,4709,0
APOC.US,5,20260304,215500,26.36,26.36,26.36,26.36,200,0
APOC.US,5,20260305,190000,26.28,26.28,26.26,26.26,500,0
APOC.US,5,20260305,202000,26.315,26.315,26.315,26.315,544,0
APOC.US,5,20260305,205000,26.3,26.3,26.3,26.3,1741,0
APOC.US,5,20260305,212000,26.3088,26.3088,26.3088,26.3088,434,0
APOC.US,5,20260305,213000,26.31,26.31,26.31,26.31,1300,0
APOC.US,5,20260305,214500,26.3302,26.3302,26.28,26.28,670,0
APOC.US,5,20260305,215000,26.275,26.31,26.275,26.29,1989,0
APOC.US,5,20260305,215500,26.32,26.37,26.32,26.32,1713,0
APOC.US,5,20260306,161500,26.275,26.275,26.275,26.275,300,0
APOC.US,5,20260306,173500,26.2828,26.2828,26.2828,26.2828,129,0
APOC.US,5,20260306,181000,26.29,26.29,26.29,26.29,452,0
APOC.US,5,20260306,210000,26.295,26.295,26.295,26.295,723,0
APOC.US,5,20260309,151500,26.161,26.1804,26.161,26.161,470,0
APOC.US,5,20260309,152000,26.1927,26.1927,26.1927,26.1927,138,0
APOC.US,5,20260309,171500,26.21,26.21,26.21,26.21,300,0
APOC.US,5,20260309,175000,26.245,26.245,26.245,26.245,286,0
APOC.US,5,20260309,180000,26.19,26.195,26.19,26.195,200,0
APOC.US,5,20260309,182500,26.245,26.245,26.245,26.245,306,0
APOC.US,5,20260309,201500,26.221,26.221,26.221,26.221,200,0
APOC.US,5,20260309,202000,26.25,26.27,26.25,26.27,720,0
APOC.US,5,20260309,203000,26.28,26.28,26.28,26.28,100,0
APOC.US,5,20260309,203500,26.31,26.31,26.31,26.31,900,0
APOC.US,5,20260309,205000,26.28,26.28,26.28,26.28,100,0
APOC.US,5,20260309,205500,26.34,26.34,26.34,26.34,200,0
APOC.US,5,20260310,163500,26.3799,26.3799,26.3799,26.3799,284,0
APOC.US,5,20260310,170500,26.37,26.37,26.32,26.32,1486,0
APOC.US,5,20260310,180000,26.38,26.38,26.38,26.38,100,0
APOC.US,5,20260310,184500,26.36,26.37,26.36,26.37,800,0
APOC.US,5,20260310,205500,26.3,26.3,26.3,26.3,100,0
APOC.US,5,20260311,151000,26.3599,26.3599,26.3148,26.3148,545,0
APOC.US,5,20260311,164500,26.27,26.27,26.27,26.27,100,0
APOC.US,5,20260312,143000,26.2,26.2,26.2,26.2,100,0
APOC.US,5,20260312,145500,26.25,26.25,26.25,26.25,100,0
APOC.US,5,20260312,160000,26.19,26.19,26.19,26.19,100,0
APOC.US,5,20260312,165500,26.2,26.2,26.2,26.2,300,0
APOC.US,5,20260312,174000,26.2,26.2,26.2,26.2,100,0
APOC.US,5,20260312,184000,26.25,26.25,26.25,26.25,119,0
APOC.US,5,20260312,184500,26.19,26.19,26.19,26.19,500,0
APOC.US,5,20260312,200000,26.17,26.17,26.17,26.17,400,0
APOC.US,5,20260312,203000,26.205,26.205,26.205,26.205,500,0
APOC.US,5,20260312,204500,26.2027,26.2027,26.2027,26.2027,267,0
APOC.US,5,20260313,150500,26.2599,26.2599,26.19,26.19,683,0
APOC.US,5,20260313,172500,26.14,26.1423,26.14,26.1423,350,0
APOC.US,5,20260313,173500,26.165,26.165,26.165,26.165,925,0
APOC.US,5,20260313,175000,26.16,26.16,26.16,26.16,465,0
APOC.US,5,20260313,180500,26.121,26.1899,26.12,26.1899,3983,0
APOC.US,5,20260313,191500,26.16,26.16,26.16,26.16,626,0
APOC.US,5,20260313,201000,26.131,26.131,26.131,26.131,100,0
APOC.US,5,20260313,205500,26.135,26.17,26.135,26.17,1700,0
APOC.US,5,20260316,150000,26.215,26.215,26.215,26.215,139,0
APOC.US,5,20260316,151000,26.21,26.21,26.21,26.21,1906,0
APOC.US,5,20260316,153000,26.19,26.19,26.19,26.19,100,0
APOC.US,5,20260316,154000,26.1601,26.1601,26.1601,26.1601,3971,0
APOC.US,5,20260316,160000,26.21,26.21,26.17,26.17,2699,0
APOC.US,5,20260316,161500,26.171,26.23,26.1701,26.1701,895,0
APOC.US,5,20260316,172500,26.19,26.19,26.19,26.19,94822,0
APOC.US,5,20260316,173000,26.2,26.2,26.2,26.2,23590,0
APOC.US,5,20260316,183500,26.18,26.18,26.18,26.18,149,0
APOC.US,5,20260316,184000,26.2,26.2,26.171,26.171,308,0
APOC.US,5,20260316,184500,26.1701,26.1701,26.1701,26.1701,214,0
APOC.US,5,20260316,185000,26.1716,26.2,26.1716,26.2,860,0
APOC.US,5,20260316,205000,26.182,26.182,26.17,26.17,1065,0
APOC.US,5,20260316,205500,26.16,26.16,26.16,26.16,176,0
APOC.US,5,20260317,143000,26.2,26.2,26.2,26.2,100,0
APOC.US,5,20260317,150500,26.2,26.2,26.2,26.2,100,0
APOC.US,5,20260317,152000,26.225,26.225,26.225,26.225,257,0
APOC.US,5,20260317,162000,26.191,26.191,26.191,26.191,191,0
APOC.US,5,20260317,162500,26.19,26.19,26.19,26.19,100,0
APOC.US,5,20260317,172000,26.18,26.18,26.18,26.18,100,0
APOC.US,5,20260317,174000,26.19,26.207,26.19,26.1901,3184,0
APOC.US,5,20260317,182000,26.22,26.22,26.22,26.22,2310,0
APOC.US,5,20260317,184000,26.2125,26.2125,26.2125,26.2125,189,0
APOC.US,5,20260317,194500,26.191,26.1911,26.191,26.1911,316,0
APOC.US,5,20260317,205500,26.19,26.19,26.19,26.19,103,0
APOC.US,5,20260318,144500,26.14,26.14,26.14,26.14,100,0
APOC.US,5,20260318,150500,26.155,26.155,26.155,26.155,650,0
APOC.US,5,20260318,151500,26.14,26.15,26.12,26.15,2588,0
APOC.US,5,20260318,152000,26.14,26.14,26.14,26.14,100,0
APOC.US,5,20260318,155500,26.12,26.12,26.12,26.12,600,0
APOC.US,5,20260318,161500,26.12,26.12,26.12,26.12,100,0
APOC.US,5,20260318,164000,26.125,26.125,26.125,26.125,237,0
APOC.US,5,20260318,185000,26.11,26.11,26.11,26.11,500,0
APOC.US,5,20260318,202000,26.09,26.09,26.0899,26.0899,1689,0
APOC.US,5,20260318,203000,26.07,26.07,26.07,26.07,549,0
APOC.US,5,20260318,204000,26.05,26.06,26.04,26.06,634,0
APOC.US,5,20260319,143000,25.96,25.96,25.96,25.96,100,0
APOC.US,5,20260319,160500,26.015,26.015,26.015,26.015,143,0
APOC.US,5,20260319,163000,26,26,26,26,154,0
APOC.US,5,20260319,175500,25.985,25.985,25.985,25.985,291,0
APOC.US,5,20260319,183000,25.96,25.96,25.96,25.96,70548,0
APOC.US,5,20260319,185500,25.9737,25.9737,25.9737,25.9737,134,0
APOC.US,5,20260319,190000,25.97,25.97,25.97,25.97,6464,0
APOC.US,5,20260319,193500,25.96,25.977,25.96,25.977,600,0
APOC.US,5,20260319,205500,25.98,25.99,25.98,25.98,300,0
APOC.US,5,20260320,144500,26.01,26.02,26.01,26.02,200,0
APOC.US,5,20260320,145000,25.93,25.93,25.93,25.93,300,0
APOC.US,5,20260320,152000,25.92,25.92,25.92,25.92,1350,0
APOC.US,5,20260320,164500,25.94,25.94,25.94,25.94,152,0
APOC.US,5,20260320,172500,25.95,25.95,25.95,25.95,1867,0
APOC.US,5,20260320,181000,25.94,25.94,25.94,25.94,131,0
APOC.US,5,20260320,184500,25.9,25.9,25.9,25.9,1900,0
APOC.US,5,20260320,185500,25.905,25.905,25.9001,25.9001,708,0
APOC.US,5,20260320,190500,25.905,25.92,25.89,25.89,7693,0
APOC.US,5,20260320,192500,25.9,25.9,25.9,25.9,927,0
APOC.US,5,20260320,193000,25.89,25.89,25.89,25.89,619,0
APOC.US,5,20260320,202000,25.92,25.92,25.9199,25.9199,944,0
APOC.US,5,20260320,203000,25.91,25.91,25.91,25.91,200,0
APOC.US,5,20260323,143500,26,26,26,26,33398,0
APOC.US,5,20260323,152000,26.035,26.05,26.035,26.05,312,0
APOC.US,5,20260323,163500,26.005,26.005,25.9791,25.9791,979,0
APOC.US,5,20260323,164000,26.005,26.005,26.005,26.005,163,0
APOC.US,5,20260323,165000,26.0099,26.0099,26.0099,26.0099,481,0
APOC.US,5,20260323,173500,25.965,25.965,25.965,25.965,158,0
APOC.US,5,20260323,180000,25.965,25.965,25.965,25.965,170,0
APOC.US,5,20260323,184500,25.975,25.975,25.975,25.975,403,0
APOC.US,5,20260323,194000,25.97,25.97,25.97,25.97,200,0
APOC.US,5,20260323,200500,25.995,25.995,25.995,25.995,493,0
APOC.US,5,20260324,151000,25.94,25.96,25.89,25.96,909,0
APOC.US,5,20260324,154500,25.96,25.96,25.9483,25.96,2631,0
APOC.US,5,20260324,155500,25.94,25.94,25.94,25.94,728,0
APOC.US,5,20260324,173500,25.92,25.9449,25.92,25.935,634,0
APOC.US,5,20260324,185000,25.96,25.96,25.96,25.96,164,0
APOC.US,5,20260324,205500,26.02,26.02,25.905,25.905,558,0
APOC.US,5,20260325,181000,25.979,25.979,25.96,25.96,200,0
APOC.US,5,20260325,184500,25.989,25.989,25.989,25.989,192,0
APOC.US,5,20260326,145000,25.905,25.905,25.905,25.905,154,0
APOC.US,5,20260326,155500,25.88,25.9,25.88,25.9,483,0
APOC.US,5,20260326,160500,25.8634,25.8634,25.8634,25.8634,143,0
APOC.US,5,20260326,164500,25.865,25.865,25.84,25.84,494,0
APOC.US,5,20260326,171500,25.865,25.865,25.8301,25.84,1748,0
APOC.US,5,20260326,200000,25.8,25.8,25.8,25.8,253,0
APOC.US,5,20260327,143000,25.86,25.86,25.86,25.86,547,0
APOC.US,5,20260327,153000,25.84,25.8422,25.8024,25.8024,1966,0
APOC.US,5,20260327,180500,25.805,25.805,25.805,25.805,247,0
APOC.US,5,20260327,182500,25.805,25.805,25.805,25.805,159,0
APOC.US,5,20260327,194500,25.805,25.805,25.805,25.805,4353,0
APOC.US,5,20260327,200000,25.78,25.787,25.78,25.78,2009,0
APOC.US,5,20260327,205000,25.77,25.77,25.77,25.77,837,0
APOC.US,5,20260330,160000,25.84,25.84,25.84,25.84,100,0
APOC.US,5,20260330,162000,25.8,25.84,25.8,25.84,621,0
APOC.US,5,20260330,162500,25.84,25.84,25.84,25.84,127,0
APOC.US,5,20260330,163500,25.8,25.8,25.8,25.8,1354,0
APOC.US,5,20260330,165500,25.82,25.82,25.82,25.82,17000,0
APOC.US,5,20260330,182000,25.82,25.82,25.82,25.82,250,0
APOC.US,5,20260330,184000,25.84,25.84,25.84,25.84,100,0
APOC.US,5,20260330,190000,25.82,25.82,25.82,25.82,116,0
APOC.US,5,20260330,190500,25.82,25.82,25.82,25.82,300,0
APOC.US,5,20260330,191500,25.82,25.84,25.82,25.84,200,0
APOC.US,5,20260330,192000,25.82,25.82,25.82,25.82,300,0
APOC.US,5,20260330,192500,25.84,25.84,25.84,25.84,100,0
APOC.US,5,20260330,203000,25.82,25.82,25.82,25.82,409,0
APOC.US,5,20260330,214000,25.8014,25.83,25.8,25.83,440,0
APOC.US,5,20260331,154000,25.824,25.824,25.824,25.824,224,0
APOC.US,5,20260331,160000,25.84,25.84,25.84,25.84,100,0
APOC.US,5,20260331,161500,25.7601,25.8,25.7601,25.8,1846,0
APOC.US,5,20260331,164000,25.8,25.8,25.8,25.8,382,0
APOC.US,5,20260331,171000,25.8312,25.8312,25.8312,25.8312,318,0
APOC.US,5,20260331,171500,25.83,25.83,25.83,25.83,100,0
APOC.US,5,20260331,172000,25.84,25.84,25.84,25.84,100,0
APOC.US,5,20260331,180500,25.78,25.84,25.7773,25.84,2353,0
APOC.US,5,20260331,182500,25.79,25.8,25.79,25.8,3197,0
APOC.US,5,20260331,184000,25.83,25.83,25.83,25.83,1582,0
APOC.US,5,20260331,184500,25.84,25.84,25.84,25.84,100,0
APOC.US,5,20260331,185000,25.8,25.8,25.76,25.76,300,0
APOC.US,5,20260331,201000,25.8241,25.8241,25.8241,25.8241,234,0
APOC.US,5,20260331,202000,25.84,25.84,25.82,25.82,214,0
APOC.US,5,20260331,202500,25.805,25.805,25.805,25.805,1550,0
APOC.US,5,20260331,203000,25.83,25.84,25.77,25.84,2093,0
APOC.US,5,20260331,204000,25.82,25.82,25.82,25.82,1538,0
APOC.US,5,20260331,204500,25.83,25.87,25.53,25.53,14387,0
APOC.US,5,20260331,205000,25.755,25.84,25.755,25.84,1565,0
APOC.US,5,20260331,205500,25.755,25.755,25.755,25.755,100,0
APOC.US,5,20260331,210500,25.84,25.84,25.745,25.745,667,0
APOC.US,5,20260331,211000,25.75,25.8,25.75,25.8,1549,0
APOC.US,5,20260331,211500,25.84,25.84,25.75,25.75,400,0
APOC.US,5,20260331,212000,25.83,25.83,25.83,25.83,100,0
APOC.US,5,20260331,213000,25.77,25.84,25.76,25.83,29005,0
APOC.US,5,20260331,214500,25.8,25.83,25.77,25.77,3953,0
APOC.US,5,20260331,215000,25.755,25.755,25.755,25.755,118,0
APOC.US,5,20260401,153000,25.85,25.85,25.85,25.85,100,0
APOC.US,5,20260401,153500,25.83,25.86,25.83,25.86,5760,0
APOC.US,5,20260401,155000,25.84,25.84,25.84,25.84,1162,0
APOC.US,5,20260401,155500,25.825,25.85,25.825,25.85,1260,0
APOC.US,5,20260401,160000,25.83,25.83,25.83,25.83,231,0
APOC.US,5,20260401,161000,25.83,25.8699,25.83,25.8699,2723,0
APOC.US,5,20260401,161500,25.84,25.85,25.84,25.85,275,0
APOC.US,5,20260401,162000,25.83,25.83,25.83,25.83,100,0
APOC.US,5,20260401,162500,25.85,25.85,25.85,25.85,100,0
APOC.US,5,20260401,163000,25.8301,25.8301,25.8301,25.8301,709,0
APOC.US,5,20260401,163500,25.84,25.85,25.84,25.85,300,0
APOC.US,5,20260401,164500,25.83,25.83,25.83,25.83,465,0
APOC.US,5,20260401,165000,25.85,25.85,25.85,25.85,310,0
APOC.US,5,20260401,170000,25.86,25.86,25.85,25.85,600,0
APOC.US,5,20260401,170500,25.86,25.86,25.86,25.86,451,0
APOC.US,5,20260401,171000,25.86,25.87,25.81,25.81,172507,0
APOC.US,5,20260401,171500,25.82,25.82,25.82,25.82,362,0
APOC.US,5,20260401,172500,25.845,25.845,25.845,25.845,210,0
APOC.US,5,20260401,173000,25.8792,25.8792,25.82,25.82,650,0
APOC.US,5,20260401,173500,25.845,25.8742,25.82,25.87,3056,0
APOC.US,5,20260401,174000,25.87,25.87,25.82,25.82,1200,0
APOC.US,5,20260401,175000,25.85,25.85,25.85,25.85,865,0
APOC.US,5,20260401,180000,25.87,25.8783,25.82,25.8783,2333,0
APOC.US,5,20260401,181000,25.845,25.87,25.82,25.82,2015,0
APOC.US,5,20260401,181500,25.86,25.87,25.81,25.8298,8313,0
APOC.US,5,20260401,182000,25.86,25.86,25.84,25.84,1064,0
APOC.US,5,20260401,182500,25.86,25.86,25.86,25.86,100,0
APOC.US,5,20260401,183500,25.84,25.85,25.84,25.84,8614,0
APOC.US,5,20260401,184000,25.86,25.86,25.86,25.86,1339,0
APOC.US,5,20260401,185000,25.86,25.86,25.845,25.845,900,0
APOC.US,5,20260401,185500,25.845,25.8785,25.845,25.8785,1933,0
APOC.US,5,20260401,190000,25.89,25.89,25.89,25.89,100,0
APOC.US,5,20260401,194000,25.855,25.89,25.82,25.89,4100,0
APOC.US,5,20260401,194500,25.8999,25.8999,25.81,25.82,16700,0
APOC.US,5,20260401,195000,25.86,25.89,25.86,25.86,1500,0
APOC.US,5,20260401,195500,25.86,25.86,25.86,25.86,2400,0
APOC.US,5,20260401,200000,25.89,25.89,25.89,25.89,100,0
APOC.US,5,20260401,200500,25.89,25.89,25.86,25.86,7037,0
APOC.US,5,20260401,201000,25.86,25.86,25.86,25.86,1908,0
APOC.US,5,20260401,202500,25.86,25.86,25.86,25.86,100,0
APOC.US,5,20260401,205000,25.8599,25.86,25.855,25.86,5866,0
APOC.US,5,20260401,205500,25.83,25.86,25.8,25.86,4791,0
APOC.US,5,20260401,210000,25.86,25.86,25.83,25.83,400,0
APOC.US,5,20260401,210500,25.86,25.86,25.86,25.86,100,0
APOC.US,5,20260401,214000,25.86,25.86,25.8599,25.86,2100,0
APOC.US,5,20260401,214500,25.83,25.83,25.83,25.83,239,0
APOC.US,5,20260401,215500,25.85,25.85,25.83,25.85,2234,0
APOC.US,5,20260402,164000,25.85,25.85,25.85,25.85,100,0
APOC.US,5,20260402,165000,25.85,25.86,25.83,25.85,2440,0
APOC.US,5,20260402,172000,25.87,25.87,25.87,25.87,100,0
APOC.US,5,20260402,174000,25.85,25.85,25.85,25.85,1545,0
APOC.US,5,20260402,183000,25.87,25.87,25.87,25.87,2583,0
APOC.US,5,20260402,190500,25.86,25.86,25.86,25.86,1157,0
APOC.US,5,20260402,191000,25.86,25.86,25.86,25.86,200,0
APOC.US,5,20260402,193000,25.87,25.87,25.87,25.87,100,0
APOC.US,5,20260402,195000,25.85,25.86,25.85,25.86,1000,0
APOC.US,5,20260402,195500,25.86,25.87,25.86,25.8699,4130,0
APOC.US,5,20260402,200000,25.87,25.87,25.87,25.87,100,0
APOC.US,5,20260402,201500,25.869,25.869,25.869,25.869,157,0
APOC.US,5,20260402,203000,25.87,25.87,25.87,25.87,200,0
APOC.US,5,20260402,203500,25.87,25.87,25.87,25.87,300,0
APOC.US,5,20260402,204000,25.87,25.87,25.87,25.87,224,0
APOC.US,5,20260402,205000,25.87,25.87,25.87,25.87,300,0
APOC.US,5,20260402,205500,25.87,25.87,25.87,25.87,300,0
APOC.US,5,20260402,211000,25.86,25.87,25.86,25.87,7858,0
APOC.US,5,20260402,212000,25.87,25.87,25.87,25.87,100,0
APOC.US,5,20260402,213000,25.85,25.85,25.8255,25.8255,400,0
APOC.US,5,20260402,213500,25.85,25.85,25.8296,25.8296,400,0
APOC.US,5,20260402,214000,25.85,25.85,25.85,25.85,100,0
APOC.US,5,20260402,214500,25.87,25.87,25.87,25.87,461,0
APOC.US,5,20260402,215000,25.7,25.86,25.7,25.86,1660,0
APOC.US,5,20260406,153000,25.88,25.88,25.88,25.88,923,0
APOC.US,5,20260406,162000,25.81,25.82,25.8,25.8199,13017,0
APOC.US,5,20260406,163000,25.82,25.82,25.82,25.82,100,0
APOC.US,5,20260406,165500,25.81,25.82,25.81,25.8199,1824,0
APOC.US,5,20260406,170000,25.81,25.81,25.81,25.81,144,0
APOC.US,5,20260406,174000,25.8,25.81,25.8,25.8,17021,0
APOC.US,5,20260406,182000,25.835,25.835,25.835,25.835,279,0
APOC.US,5,20260406,190000,25.869,25.869,25.83,25.83,6142,0
APOC.US,5,20260406,190500,25.87,25.87,25.87,25.87,100,0
APOC.US,5,20260406,191500,25.869,25.87,25.869,25.8699,4932,0
APOC.US,5,20260406,194500,25.835,25.835,25.835,25.835,967,0
APOC.US,5,20260406,200500,25.869,25.8699,25.869,25.8699,461,0
APOC.US,5,20260406,210000,25.849,25.87,25.849,25.8499,5397,0
APOC.US,5,20260406,212000,25.87,25.879,25.85,25.85,1934,0
APOC.US,5,20260407,153000,25.88,25.88,25.81,25.81,2275,0
APOC.US,5,20260407,161500,25.87,25.87,25.87,25.87,909,0
APOC.US,5,20260407,163000,25.8247,25.8247,25.8247,25.8247,210,0
APOC.US,5,20260407,164500,25.86,25.86,25.86,25.86,13910,0
APOC.US,5,20260407,184000,25.83,25.83,25.83,25.83,1933,0
APOC.US,5,20260407,210000,25.835,25.835,25.835,25.835,176,0
APOC.US,5,20260407,212500,25.835,25.835,25.835,25.835,243,0
APOC.US,5,20260407,213000,25.87,25.87,25.869,25.87,7529,0
APOC.US,5,20260407,214500,25.87,25.87,25.87,25.87,100,0
APOC.US,5,20260407,215000,25.785,25.785,25.785,25.785,135,0
APOC.US,5,20260408,153000,25.88,25.89,25.88,25.89,1224,0
APOC.US,5,20260408,154500,25.89,25.89,25.89,25.89,2619,0
APOC.US,5,20260408,155000,25.91,25.91,25.885,25.885,4600,0
APOC.US,5,20260408,162500,25.8703,25.8703,25.8703,25.8703,530,0
APOC.US,5,20260408,164500,25.91,25.91,25.91,25.91,100,0
APOC.US,5,20260408,181000,25.93,25.93,25.9299,25.9299,1145,0
APOC.US,5,20260408,181500,25.89,25.89,25.89,25.89,159,0
APOC.US,5,20260408,182000,25.9,25.9,25.9,25.9,6988,0
APOC.US,5,20260408,183500,25.9,25.9,25.9,25.9,347,0
APOC.US,5,20260408,190000,25.9299,25.9299,25.9299,25.9299,107,0
APOC.US,5,20260408,192000,25.9,25.9,25.9,25.9,227,0
APOC.US,5,20260408,194000,25.9,25.9,25.9,25.9,42185,0
APOC.US,5,20260408,202000,25.8935,25.8935,25.8935,25.8935,141,0
APOC.US,5,20260409,154500,25.93,25.93,25.93,25.93,100,0
APOC.US,5,20260409,161500,25.9,25.9145,25.9,25.9145,335,0
APOC.US,5,20260409,164000,25.929,25.929,25.929,25.929,3857,0
APOC.US,5,20260409,171500,25.93,25.93,25.93,25.93,100,0
APOC.US,5,20260409,172500,25.915,25.94,25.915,25.94,2942,0
APOC.US,5,20260409,174500,25.9009,25.9009,25.9009,25.9009,322,0
APOC.US,5,20260409,180000,25.94,25.959,25.9,25.9,2891,0
APOC.US,5,20260409,184000,25.96,25.96,25.96,25.96,100,0
APOC.US,5,20260409,191500,25.95,25.95,25.95,25.95,852,0
APOC.US,5,20260409,192000,25.93,25.96,25.93,25.96,43377,0
APOC.US,5,20260409,192500,25.96,25.96,25.96,25.96,100,0
APOC.US,5,20260409,194500,25.9001,25.9001,25.9001,25.9001,767,0
APOC.US,5,20260409,203000,25.96,25.96,25.96,25.96,100,0
APOC.US,5,20260409,203500,25.96,25.96,25.96,25.96,100,0
APOC.US,5,20260409,204000,25.96,25.96,25.96,25.96,200,0
APOC.US,5,20260409,204500,25.96,25.96,25.96,25.96,400,0
APOC.US,5,20260409,205000,25.96,25.96,25.96,25.96,400,0
APOC.US,5,20260409,205500,25.96,25.96,25.96,25.96,400,0
APOC.US,5,20260410,155000,25.96,25.96,25.96,25.96,100,0
APOC.US,5,20260410,161500,25.96,25.96,25.96,25.96,100,0
APOC.US,5,20260410,162000,25.935,25.935,25.935,25.935,227,0
APOC.US,5,20260410,163000,25.96,25.96,25.96,25.96,2038,0
APOC.US,5,20260410,163500,25.935,25.935,25.935,25.935,172,0
APOC.US,5,20260410,175000,25.9322,25.9322,25.9322,25.9322,935,0
APOC.US,5,20260410,182000,25.95,25.95,25.95,25.95,100,0
APOC.US,5,20260410,195500,25.93,25.96,25.93,25.96,416,0
APOC.US,5,20260410,212500,25.9001,25.9001,25.9001,25.9001,118,0
APOC.US,5,20260410,213000,25.93,25.93,25.93,25.93,236,0
APOC.US,5,20260410,215500,25.93,25.9599,25.93,25.9599,2981,0
APOC.US,5,20260413,154500,25.96,25.96,25.96,25.96,100,0
APOC.US,5,20260413,161000,25.93,25.93,25.93,25.93,2000,0
APOC.US,5,20260413,161500,25.9463,25.9463,25.9463,25.9463,154,0
APOC.US,5,20260413,162000,25.96,25.96,25.96,25.96,100,0
APOC.US,5,20260413,165000,25.95,25.95,25.95,25.95,100,0
APOC.US,5,20260413,165500,25.9204,25.9204,25.9204,25.9204,121,0
APOC.US,5,20260413,170500,25.935,25.935,25.935,25.935,2700,0
APOC.US,5,20260413,175000,25.935,25.9351,25.935,25.9351,400,0
APOC.US,5,20260413,175500,25.96,25.96,25.96,25.96,100,0
APOC.US,5,20260413,181500,25.95,25.95,25.935,25.935,468,0
APOC.US,5,20260413,182000,25.96,25.96,25.91,25.91,418,0
APOC.US,5,20260413,192000,25.95,25.95,25.95,25.95,562,0
APOC.US,5,20260413,203000,25.94,25.94,25.94,25.94,2893,0
APOC.US,5,20260413,214500,25.94,25.94,25.94,25.94,170,0
APOC.US,5,20260414,161500,25.9599,25.96,25.95,25.95,780,0
APOC.US,5,20260414,162000,25.96,25.97,25.96,25.97,2467,0
APOC.US,5,20260414,162500,25.97,26.01,25.97,26.01,882,0
APOC.US,5,20260414,170500,26.01,26.01,26.01,26.01,100,0
APOC.US,5,20260414,173500,26.0099,26.01,26.0099,26.01,264,0
APOC.US,5,20260414,184500,26.01,26.01,26.01,26.01,100,0
APOC.US,5,20260414,191500,26.02,26.02,26.01,26.015,1359,0
APOC.US,5,20260414,192000,26.015,26.02,26.015,26.02,1746,0
APOC.US,5,20260414,193500,26.01,26.02,25.97,25.9701,4282,0
APOC.US,5,20260414,194000,26.01,26.01,26.01,26.01,100,0
APOC.US,5,20260414,200500,25.99,26.01,25.99,26.01,295,0
APOC.US,5,20260414,201000,25.9701,25.9701,25.9701,25.9701,205,0
APOC.US,5,20260414,204500,26.01,26.01,26.01,26.01,100,0
APOC.US,5,20260414,212000,26.019,26.02,26.0095,26.02,1161,0
APOC.US,5,20260414,213000,25.97,26.02,25.97,26.02,803,0
APOC.US,5,20260414,215500,26.019,26.019,26.019,26.019,380,0
APOC.US,5,20260415,154500,26.03,26.03,26.03,26.03,100,0
APOC.US,5,20260415,161500,26,26,26,26,100,0
APOC.US,5,20260415,162000,26.03,26.03,26.03,26.03,100,0
APOC.US,5,20260415,165500,25.99,25.99,25.99,25.99,1234,0
APOC.US,5,20260415,172000,25.98,25.98,25.98,25.98,250,0
APOC.US,5,20260415,175500,26.03,26.03,26.03,26.03,100,0
APOC.US,5,20260415,181500,26.03,26.03,26.03,26.03,100,0
APOC.US,5,20260415,191000,25.99,25.99,25.99,25.99,124,0
APOC.US,5,20260415,191500,25.99,26.03,25.99,26.03,291,0
APOC.US,5,20260415,201500,26.0283,26.0283,26.0283,26.0283,379,0
APOC.US,5,20260415,203000,26.03,26.03,26.03,26.03,100,0
APOC.US,5,20260415,203500,26.03,26.03,26.03,26.03,200,0
APOC.US,5,20260415,204000,26.03,26.03,26.03,26.03,100,0
APOC.US,5,20260415,205000,26.03,26.03,26.0299,26.03,4300,0
APOC.US,5,20260415,205500,26.03,26.03,26.03,26.03,300,0
APOC.US,5,20260415,210500,26.03,26.03,26.03,26.03,100,0
APOC.US,5,20260415,213000,26.029,26.03,26.029,26.03,1000,0
APOC.US,5,20260415,215000,26,26,26,26,143,0
APOC.US,5,20260416,161500,26.03,26.03,26,26,713,0
APOC.US,5,20260416,162000,26.03,26.03,26.03,26.03,100,0
APOC.US,5,20260416,163500,26.03,26.03,26.03,26.03,100,0
APOC.US,5,20260416,171000,25.96,26.03,25.96,26.03,205,0
APOC.US,5,20260416,172500,26.0399,26.04,26.0125,26.03,4090,0
APOC.US,5,20260416,180500,26.04,26.04,26.04,26.04,100,0
APOC.US,5,20260416,184500,26.04,26.04,26.04,26.04,129,0
APOC.US,5,20260416,192500,26.04,26.04,26.04,26.04,100,0
APOC.US,5,20260416,210500,26.03,26.039,26.03,26.039,1883,0
APOC.US,5,20260417,160500,25.99,25.99,25.99,25.99,595,0
APOC.US,5,20260417,162500,26.03,26.03,26.01,26.02,542,0
APOC.US,5,20260417,173000,26.02,26.02,26.02,26.02,240,0
APOC.US,5,20260417,180000,25.9801,25.9801,25.9801,25.9801,299,0
APOC.US,5,20260417,183000,26,26,26,26,396,0
APOC.US,5,20260417,190000,26.059,26.059,26.059,26.059,341,0
APOC.US,5,20260417,190500,26.02,26.02,26.02,26.02,6900,0
APOC.US,5,20260417,193000,26.02,26.02,26.02,26.02,482,0
APOC.US,5,20260417,205000,25.9937,26.044,25.9937,26.044,622,0
APOC.US,5,20260420,155000,26.025,26.025,26.025,26.025,100,0
APOC.US,5,20260420,160000,26.025,26.025,26.025,26.025,601,0
APOC.US,5,20260420,163500,26.025,26.025,26.025,26.025,187,0
APOC.US,5,20260420,182000,26.06,26.06,26.06,26.06,100,0
APOC.US,5,20260420,190000,25.98,25.98,25.98,25.98,847,0
APOC.US,5,20260420,191000,26.06,26.06,26.06,26.06,345,0
APOC.US,5,20260420,195500,26.02,26.02,26.02,26.02,200,0
APOC.US,5,20260421,154500,26.025,26.025,26.025,26.025,961,0
APOC.US,5,20260421,161500,26.06,26.06,25.98,25.98,265,0
APOC.US,5,20260421,163000,26.025,26.025,26.025,26.025,471,0
APOC.US,5,20260421,164500,26.025,26.07,26.025,26.07,339,0
APOC.US,5,20260421,165500,26.0125,26.06,26.0125,26.06,310,0
APOC.US,5,20260421,171500,26.025,26.025,26.025,26.025,257,0
APOC.US,5,20260421,182500,26.04,26.04,26.04,26.04,3179,0
APOC.US,5,20260421,183500,26.025,26.06,26.025,26.06,380,0
APOC.US,5,20260421,185500,26.0084,26.0084,26.0084,26.0084,330,0
APOC.US,5,20260421,190500,26.05,26.05,26.05,26.05,761,0
APOC.US,5,20260421,191500,26.05,26.05,26.0365,26.05,1300,0
APOC.US,5,20260421,193500,26.0201,26.0201,26.0201,26.0201,226,0
APOC.US,5,20260421,202000,26.02,26.02,26.02,26.02,100,0
APOC.US,5,20260421,211000,26.05,26.05,26.05,26.05,135,0
APOC.US,5,20260421,211500,26.02,26.02,26.02,26.02,581,0
APOC.US,5,20260421,213500,26.046,26.05,26.046,26.05,200,0
APOC.US,5,20260422,153000,26.11,26.11,26.11,26.11,2305,0
APOC.US,5,20260422,153500,26.075,26.075,26.07,26.07,984,0
APOC.US,5,20260422,162000,26.035,26.035,26.035,26.035,103,0
APOC.US,5,20260422,163000,26.035,26.035,26.035,26.035,2060,0
APOC.US,5,20260422,180000,26.035,26.035,26.035,26.035,877,0
APOC.US,5,20260422,181500,25.99,25.99,25.99,25.99,285,0
APOC.US,5,20260422,182000,25.99,25.99,25.99,25.99,332,0
APOC.US,5,20260422,183000,26.07,26.07,26.07,26.07,383,0
APOC.US,5,20260422,195500,26.0699,26.0699,26.0699,26.0699,190,0
APOC.US,5,20260422,213000,26.03,26.03,26.03,26.03,196,0
APOC.US,5,20260422,215500,26.07,26.07,26.07,26.07,400,0
APOC.US,5,20260423,163000,26.035,26.035,26.035,26.035,1553,0
APOC.US,5,20260423,170500,26.07,26.08,26.07,26.07,3000,0
APOC.US,5,20260423,171000,26.075,26.075,26.075,26.075,453,0
APOC.US,5,20260423,172000,26.02,26.07,26.02,26.07,400,0
APOC.US,5,20260423,183500,26.06,26.07,26.06,26.07,1266,0
APOC.US,5,20260423,185500,26.03,26.03,26.03,26.03,3538,0
APOC.US,5,20260423,200500,26.02,26.02,26.02,26.02,311278,0
APOC.US,5,20260423,202000,26,26,25.991,25.993,21933,0
APOC.US,5,20260423,202500,26.06,26.07,26.06,26.07,28400,0
APOC.US,5,20260423,203000,26.07,26.07,26.02,26.02,5236,0
APOC.US,5,20260423,204500,26.01,26.01,26.01,26.01,27223,0
APOC.US,5,20260424,153000,25.99,25.99,25.99,25.99,196,0
APOC.US,5,20260424,160000,26.09,26.09,26.09,26.09,385,0
APOC.US,5,20260424,162500,26.08,26.08,26.0671,26.08,1916,0
APOC.US,5,20260424,163000,26.045,26.045,26.045,26.045,1238,0
APOC.US,5,20260424,163500,26.0269,26.0269,26.0269,26.0269,500,0
APOC.US,5,20260424,165500,26.0201,26.0201,26.0201,26.0201,220,0
APOC.US,5,20260424,170000,26.055,26.055,26.055,26.055,345,0
APOC.US,5,20260424,171500,26.02,26.02,26.02,26.02,286,0
APOC.US,5,20260424,174500,26.01,26.01,26.01,26.01,100,0
APOC.US,5,20260424,182500,26.05,26.05,26.0498,26.0498,545,0
APOC.US,5,20260424,194500,26.0152,26.0152,26.0152,26.0152,467,0
APOC.US,5,20260424,205000,26.05,26.05,26.05,26.05,800,0
APOC.US,5,20260424,215500,26.06,26.06,26.02,26.02,342,0
APOC.US,5,20260427,154500,26.09,26.09,26.055,26.055,1603,0
APOC.US,5,20260427,161000,26.0101,26.0101,26.0101,26.0101,196,0
APOC.US,5,20260427,161500,26.05,26.0625,26.05,26.0625,302,0
APOC.US,5,20260427,182500,26.0345,26.0345,26.0345,26.0345,485,0
APOC.US,5,20260427,201500,26.065,26.065,26.065,26.065,123,0
APOC.US,5,20260427,204500,26.065,26.065,26.065,26.065,1910,0
APOC.US,5,20260428,162500,26.1,26.1,26.1,26.1,446,0
APOC.US,5,20260428,171500,26.05,26.05,26.05,26.05,330,0
APOC.US,5,20260428,180000,26.07,26.07,26.07,26.07,130,0
APOC.US,5,20260428,190000,26.05,26.05,26.05,26.05,300,0
APOC.US,5,20260428,195000,26.0899,26.0899,26.0899,26.0899,310,0
APOC.US,5,20260428,202500,26.08,26.0899,26.08,26.0899,1499,0
APOC.US,5,20260428,210000,26.02,26.02,26.02,26.02,576,0
APOC.US,5,20260428,212000,26.1,26.1,26.0101,26.0101,518,0
APOC.US,5,20260428,213000,26.06,26.06,26.06,26.06,1915,0
APOC.US,5,20260429,175500,26.0177,26.055,26.0177,26.055,401,0
APOC.US,5,20260429,180500,26.09,26.0991,26.067,26.0991,2010,0
APOC.US,5,20260429,191000,26.05,26.05,26.05,26.05,1200,0
APOC.US,5,20260429,191500,26.0899,26.0899,26.0899,26.0899,154,0
APOC.US,5,20260429,200000,26.01,26.01,26.01,26.01,168,0
APOC.US,5,20260429,205500,26.05,26.05,26.05,26.05,168,0
APOC.US,5,20260430,160500,26.0101,26.0101,26.0101,26.0101,526,0
APOC.US,5,20260430,162000,26.055,26.055,26.01,26.01,1119,0
APOC.US,5,20260430,180500,26.06,26.06,26.06,26.06,100,0
APOC.US,5,20260430,191500,26.0852,26.099,26.0852,26.099,500,0
APOC.US,5,20260430,212500,26.085,26.085,26.085,26.085,191,0
APOC.US,5,20260430,213500,26.085,26.15,26.03,26.03,2650,0
APOC.US,5,20260501,153000,26.15,26.15,26.15,26.15,329,0
APOC.US,5,20260501,162500,26.085,26.085,26.085,26.085,258,0
APOC.US,5,20260501,163500,26.1299,26.1299,26.1299,26.1299,1339,0
APOC.US,5,20260501,164000,26.085,26.085,26.085,26.085,496,0
APOC.US,5,20260501,173500,26.085,26.085,26.085,26.085,100,0
APOC.US,5,20260501,181500,26.05,26.05,26.041,26.041,9600,0
APOC.US,5,20260501,182000,26.1299,26.1299,26.1299,26.1299,722,0
APOC.US,5,20260501,191500,26.085,26.085,26.085,26.085,282,0
APOC.US,5,20260501,192000,26.05,26.05,26.04,26.05,1300,0
APOC.US,5,20260501,200000,26.05,26.05,26.04,26.0401,362,0
APOC.US,5,20260501,203500,26.085,26.085,26.085,26.085,766,0
APOC.US,5,20260501,215000,26.1171,26.1171,26.085,26.085,1267,0
APOC.US,5,20260504,154500,26.04,26.04,26.04,26.04,100,0
APOC.US,5,20260504,163500,26.11,26.11,26.04,26.04,2889,0
APOC.US,5,20260504,164000,26.05,26.05,26.05,26.05,3652,0
APOC.US,5,20260504,165000,26.085,26.085,26.04,26.04,875,0
APOC.US,5,20260504,171000,26.04,26.04,26.04,26.04,100,0
APOC.US,5,20260504,173000,26.05,26.05,26.05,26.05,1119,0
APOC.US,5,20260504,175500,26.04,26.04,26.04,26.04,100,0
APOC.US,5,20260504,182000,26.11,26.11,26.11,26.11,323,0
APOC.US,5,20260504,182500,26.04,26.04,26.04,26.04,100,0
APOC.US,5,20260504,190000,26.08,26.08,26.08,26.08,108,0
APOC.US,5,20260504,194000,26.06,26.06,26.04,26.04,337329,0
APOC.US,5,20260504,195000,26.06,26.06,26.06,26.06,92024,0
APOC.US,5,20260504,202500,26.04,26.04,26.04,26.04,100,0
APOC.US,5,20260504,203500,26.11,26.11,26.04,26.04,400,0
APOC.US,5,20260504,210500,26.11,26.11,26.11,26.11,1000,0
APOC.US,5,20260504,211000,26.04,26.04,26.04,26.04,100,0
APOC.US,5,20260504,213500,26.04,26.04,26.04,26.04,100,0
APOC.US,5,20260505,162500,26.05,26.05,26.05,26.05,100,0
APOC.US,5,20260505,164000,26.0683,26.0683,26.0683,26.0683,162,0
APOC.US,5,20260505,171500,26.051,26.0552,26.051,26.0552,602,0
APOC.US,5,20260505,172000,26.05,26.05,26.05,26.05,100,0
APOC.US,5,20260505,173500,26.05,26.05,26.05,26.05,100,0
APOC.US,5,20260505,174000,26.1063,26.1063,26.1063,26.1063,304,0
APOC.US,5,20260505,175500,26.14,26.14,26.051,26.051,750,0
APOC.US,5,20260505,180000,26.05,26.05,26.05,26.05,100,0
APOC.US,5,20260505,183000,26.0501,26.0501,26.0501,26.0501,291,0
APOC.US,5,20260505,184000,26.06,26.06,26.06,26.06,651,0
APOC.US,5,20260505,185000,26.05,26.05,26.05,26.05,1900,0
APOC.US,5,20260505,205000,26.1399,26.1399,26.1399,26.1399,270,0
APOC.US,5,20260505,210000,26.095,26.095,26.095,26.095,772,0
APOC.US,5,20260506,162500,26.11,26.11,26.11,26.11,127,0
APOC.US,5,20260506,164500,26.07,26.07,26.07,26.07,100,0
APOC.US,5,20260506,174000,26.15,26.1599,26.1217,26.14,3121,0
APOC.US,5,20260506,175000,26.07,26.07,26.07,26.07,100,0
APOC.US,5,20260506,180500,26.07,26.07,26.07,26.07,100,0
APOC.US,5,20260506,182500,26.115,26.115,26.115,26.115,925,0
APOC.US,5,20260506,184000,26.0701,26.0701,26.0701,26.0701,160,0
APOC.US,5,20260506,194000,26.1599,26.1599,26.1599,26.1599,421,0
APOC.US,5,20260506,195000,26.115,26.115,26.115,26.115,120,0
APOC.US,5,20260506,210000,26.11,26.11,26.11,26.11,250,0
APOC.US,5,20260506,210500,26.07,26.07,26.07,26.07,327,0
APOC.US,5,20260506,211500,26.115,26.115,26.115,26.115,470,0
APOC.US,5,20260507,154500,26.08,26.12,26.08,26.12,297,0
APOC.US,5,20260507,172500,26.08,26.08,26.08,26.08,100,0
APOC.US,5,20260507,214500,26.08,26.09,26.08,26.08,800,0
APOC.US,5,20260507,215000,26.07,26.07,26.07,26.07,100,0
APOC.US,5,20260507,215500,26.14,26.14,26.14,26.14,100,0
APOC.US,5,20260508,161000,26.08,26.08,26.08,26.08,100,0
APOC.US,5,20260508,180500,26.13,26.13,26.13,26.13,140,0
APOC.US,5,20260508,185000,26.0801,26.0801,26.0801,26.0801,112,0
APOC.US,5,20260508,202500,26.16,26.16,26.125,26.125,296,0
APOC.US,5,20260508,203000,26.08,26.08,26.08,26.08,100,0
APOC.US,5,20260508,204500,26.09,26.09,26.08,26.08,782,0
APOC.US,5,20260511,162500,26.1462,26.1462,26.09,26.09,445,0
APOC.US,5,20260511,170500,26.09,26.09,26.09,26.09,100,0
APOC.US,5,20260511,174000,26.16,26.16,26.16,26.16,100,0
APOC.US,5,20260511,174500,26.09,26.09,26.09,26.09,100,0
APOC.US,5,20260511,180500,26.135,26.135,26.135,26.135,6067,0
APOC.US,5,20260511,193000,26.1197,26.1197,26.1197,26.1197,184,0
APOC.US,5,20260511,194500,26.1799,26.1799,26.1799,26.1799,574,0
APOC.US,5,20260511,201500,26.17,26.1785,26.17,26.1785,1428,0
APOC.US,5,20260511,202500,26.09,26.09,26.09,26.09,100,0
APOC.US,5,20260511,204500,26.135,26.135,26.135,26.135,1754,0
APOC.US,5,20260511,211500,26.09,26.09,26.09,26.09,100,0
APOC.US,5,20260511,215000,26.135,26.135,26.135,26.135,478,0
APOC.US,5,20260512,163500,26.135,26.135,26.135,26.135,927,0
APOC.US,5,20260512,171500,26.13,26.13,26.085,26.09,856,0
APOC.US,5,20260512,175500,26.125,26.125,26.125,26.125,128,0
APOC.US,5,20260512,191000,26.125,26.125,26.125,26.125,100,0
APOC.US,5,20260512,193500,26.15,26.15,26.15,26.15,3900,0
APOC.US,5,20260512,195000,26.13,26.13,26.13,26.13,2500,0
APOC.US,5,20260512,215500,26.1,26.17,26.0901,26.17,4000,0
APOC.US,5,20260513,162000,26.135,26.135,26.135,26.135,153,0
APOC.US,5,20260513,173500,26.09,26.09,26.09,26.09,100,0
APOC.US,5,20260513,174000,26.135,26.135,26.135,26.135,360,0
APOC.US,5,20260513,184000,26.15,26.15,26.15,26.15,841,0
APOC.US,5,20260513,192000,26.18,26.18,26.18,26.18,100,0
APOC.US,5,20260513,202000,26.17,26.17,26.16,26.17,765,0
APOC.US,5,20260513,202500,26.1799,26.1799,26.1799,26.1799,382,0
APOC.US,5,20260513,214500,26.17,26.17,26.17,26.17,1216,0
APOC.US,5,20260514,172000,26.145,26.145,26.145,26.145,283,0
APOC.US,5,20260514,181000,26.1,26.1,26.1,26.1,100,0
APOC.US,5,20260514,193000,26.19,26.19,26.19,26.19,100,0
APOC.US,5,20260514,193500,26.11,26.1179,26.11,26.1179,497,0
APOC.US,5,20260514,195500,26.15,26.15,26.15,26.15,195,0
APOC.US,5,20260514,201500,26.111,26.111,26.111,26.111,148,0
APOC.US,5,20260514,203000,26.11,26.19,26.11,26.19,386,0
APOC.US,5,20260514,214500,26.1899,26.1899,26.1899,26.1899,257,0
APOC.US,5,20260515,154000,26.145,26.145,26.145,26.145,3059,0
APOC.US,5,20260515,155500,26.145,26.145,26.145,26.145,145,0
APOC.US,5,20260515,161500,26.19,26.19,26.19,26.19,100,0
APOC.US,5,20260515,175000,26.15,26.15,26.1101,26.1101,391,0
APOC.US,5,20260515,180000,26.11,26.11,26.11,26.11,100,0
APOC.US,5,20260515,182500,26.11,26.11,26.11,26.11,221,0
APOC.US,5,20260515,190000,26.15,26.15,26.15,26.15,249,0
APOC.US,5,20260515,193000,26.19,26.19,26.19,26.19,100,0
APOC.US,5,20260515,195500,26.17,26.17,26.17,26.17,100,0
APOC.US,5,20260515,200000,26.17,26.17,26.15,26.1501,1634,0
APOC.US,5,20260515,201000,26.17,26.17,26.1101,26.12,3980,0
APOC.US,5,20260515,203500,26.1101,26.1101,26.1101,26.1101,1923,0
APOC.US,5,20260515,205500,26.19,26.19,26.19,26.19,100,0
APOC.US,5,20260515,211500,26.19,26.19,26.19,26.19,100,0
APOC.US,5,20260518,160500,26.155,26.155,26.155,26.155,1148,0
APOC.US,5,20260518,161500,26.155,26.155,26.155,26.155,267,0
APOC.US,5,20260518,180500,26.11,26.11,26.11,26.11,252,0
APOC.US,5,20260518,191500,26.15,26.15,26.15,26.15,335,0
APOC.US,5,20260518,215000,26.16,26.16,26.16,26.16,2366,0
APOC.US,5,20260519,161000,26.1589,26.1589,26.1589,26.1589,430,0
APOC.US,5,20260519,172500,26.1,26.1,26.1,26.1,100,0
APOC.US,5,20260519,173500,26.145,26.145,26.145,26.145,349,0
APOC.US,5,20260519,181000,26.18,26.18,26.18,26.18,100,0
APOC.US,5,20260519,191500,26.15,26.15,26.15,26.15,151,0
APOC.US,5,20260519,192000,26.1448,26.1448,26.1389,26.1389,217,0
APOC.US,5,20260519,200000,26.15,26.15,26.15,26.15,282,0
APOC.US,5,20260520,153000,26.22,26.22,26.22,26.22,956,0
APOC.US,5,20260520,161000,26.15,26.15,26.15,26.15,198,0
APOC.US,5,20260520,171000,26.13,26.13,26.13,26.13,100,0
APOC.US,5,20260520,174000,26.15,26.15,26.15,26.15,158,0
APOC.US,5,20260520,180000,26.1799,26.1799,26.1799,26.1799,305,0
APOC.US,5,20260520,181000,26.18,26.18,26.1799,26.1799,400,0
APOC.US,5,20260520,183500,26.12,26.12,26.12,26.12,1600,0
APOC.US,5,20260520,211500,26.1306,26.1306,26.1306,26.1306,184,0
APOC.US,5,20260520,212000,26.13,26.13,26.12,26.12,900,0
APOC.US,5,20260520,213500,26.2,26.2,26.2,26.2,100,0
APOC.US,5,20260520,214500,26.13,26.13,26.13,26.13,200,0
APOC.US,5,20260520,215500,26.19,26.19,26.155,26.155,910,0
APOC.US,5,20260521,153000,26.1,26.1,26.1,26.1,161,0
APOC.US,5,20260521,163000,26.21,26.21,26.21,26.21,498,0
APOC.US,5,20260521,173500,26.12,26.165,26.12,26.165,1100,0
APOC.US,5,20260521,181000,26.2,26.2,26.2,26.2,100,0
APOC.US,5,20260521,190000,26.165,26.165,26.165,26.165,190,0
APOC.US,5,20260522,153000,26.05,26.05,26.05,26.05,1000,0
APOC.US,5,20260522,154500,26.185,26.185,26.14,26.14,4000,0
APOC.US,5,20260522,163000,26.185,26.185,26.14,26.14,3869,0
APOC.US,5,20260522,164000,26.185,26.185,26.185,26.185,145,0
APOC.US,5,20260522,171000,26.14,26.14,26.14,26.14,100,0
APOC.US,5,20260522,201500,26.14,26.14,26.14,26.14,2700,0
APOC.US,5,20260522,210500,26.175,26.175,26.175,26.175,532,0
APOC.US,5,20260522,211000,26.14,26.14,26.14,26.14,2765,0
APOC.US,5,20260522,212500,26.1301,26.1301,26.1301,26.1301,459,0
APOC.US,5,20260522,214000,26.14,26.14,26.14,26.14,771,0
APOC.US,5,20260526,154500,26.19,26.19,26.19,26.19,3097,0
APOC.US,5,20260526,170500,26.19,26.19,26.19,26.19,4000,0
APOC.US,5,20260526,180000,26.15,26.19,26.15,26.19,369,0
APOC.US,5,20260526,185500,26.19,26.19,26.19,26.19,179,0
APOC.US,5,20260526,192500,26.24,26.24,26.24,26.24,169,0
APOC.US,5,20260526,210500,26.19,26.19,26.15,26.15,763,0
APOC.US,5,20260526,213500,26.19,26.19,26.19,26.19,100,0
APOC.US,5,20260526,215500,26.15,26.15,26.15,26.15,100,0
APOC.US,5,20260527,154000,26.195,26.195,26.195,26.195,1000,0
APOC.US,5,20260527,154500,26.195,26.195,26.195,26.195,730,0
APOC.US,5,20260527,155000,26.16,26.16,26.16,26.16,100,0
APOC.US,5,20260527,170000,26.195,26.195,26.195,26.195,800,0
APOC.US,5,20260527,171000,26.195,26.195,26.1501,26.1501,663,0
APOC.US,5,20260527,172000,26.1501,26.1501,26.1501,26.1501,281,0
APOC.US,5,20260527,174500,26.195,26.195,26.15,26.1501,7486,0
APOC.US,5,20260527,175000,26.195,26.195,26.15,26.15,9968,0
APOC.US,5,20260527,191500,26.175,26.175,26.175,26.175,100,0
APOC.US,5,20260527,192500,26.175,26.175,26.175,26.175,100,0
APOC.US,5,20260527,212500,26.19,26.2299,26.19,26.2299,572,0
APOC.US,5,20260528,162000,26.2278,26.2278,26.2278,26.2278,108,0
APOC.US,5,20260528,164000,26.16,26.16,26.16,26.16,2000,0
APOC.US,5,20260528,173500,26.24,26.25,26.24,26.25,200,0
APOC.US,5,20260528,175000,26.21,26.21,26.21,26.21,221252,0
APOC.US,5,20260528,175500,26.15,26.21,26.15,26.21,28334,0
APOC.US,5,20260528,201500,26.24,26.24,26.23,26.23,1650,0
APOC.US,5,20260528,211000,26.21,26.21,26.21,26.21,1601,0
APOC.US,5,20260528,213000,26.2299,26.2299,26.2299,26.2299,477,0
APOC.US,5,20260528,214500,26.255,26.255,26.255,26.255,100,0
APOC.US,5,20260529,165500,26.17,26.17,26.1631,26.1631,400,0
APOC.US,5,20260529,173500,26.2229,26.2229,26.2229,26.2229,190,0
APOC.US,5,20260529,174000,26.16,26.16,26.16,26.16,100,0
APOC.US,5,20260529,181000,26.2499,26.2499,26.2499,26.2499,191,0
APOC.US,5,20260529,204000,26.24,26.24,26.16,26.16,500,0
APOC.US,5,20260601,163500,26.215,26.215,26.215,26.215,361,0
APOC.US,5,20260601,171500,26.25,26.25,26.25,26.25,700,0
APOC.US,5,20260601,174500,26.17,26.17,26.17,26.17,100,0
APOC.US,5,20260601,181000,26.26,26.26,26.26,26.26,1921,0
APOC.US,5,20260601,204500,26.18,26.1879,26.18,26.1879,2377,0
APOC.US,5,20260601,210500,26.215,26.215,26.215,26.215,355,0
APOC.US,5,20260601,213500,26.18,26.18,26.18,26.18,100,0
APOC.US,5,20260601,214500,26.18,26.18,26.18,26.18,2500,0
APOC.US,5,20260602,171500,26.22,26.22,26.22,26.22,1552,0
APOC.US,5,20260602,174000,26.18,26.18,26.18,26.18,100,0
APOC.US,5,20260602,182000,26.2423,26.2423,26.22,26.22,490,0
APOC.US,5,20260602,183500,26.22,26.22,26.22,26.22,1204,0
APOC.US,5,20260602,193500,26.22,26.22,26.22,26.22,421,0
APOC.US,5,20260602,200000,26.25,26.25,26.25,26.25,196,0
APOC.US,5,20260602,200500,26.22,26.22,26.22,26.22,143,0
APOC.US,5,20260602,212000,26.26,26.26,26.22,26.22,318,0
APOC.US,5,20260602,213500,26.2,26.2,26.2,26.2,235,0
APOC.US,5,20260603,170500,26.2599,26.2599,26.2599,26.2599,282,0
APOC.US,5,20260603,173500,26.17,26.17,26.17,26.17,100,0
APOC.US,5,20260603,180500,26.215,26.215,26.215,26.215,218,0
APOC.US,5,20260603,193500,26.215,26.215,26.215,26.215,528,0
APOC.US,5,20260604,153000,26.04,26.17,26.04,26.17,1065,0
APOC.US,5,20260604,172500,26.205,26.205,26.205,26.205,1499,0
APOC.US,5,20260604,175000,26.17,26.17,26.17,26.17,100,0
APOC.US,5,20260604,180000,26.22,26.22,26.2,26.2,386,0
APOC.US,5,20260604,182000,26.2,26.2,26.2,26.2,405,0
APOC.US,5,20260604,184000,26.17,26.17,26.17,26.17,1300,0
APOC.US,5,20260604,193000,26.205,26.205,26.205,26.205,284,0
APOC.US,5,20260604,200500,26.1765,26.1765,26.1765,26.1765,178,0
APOC.US,5,20260604,203000,26.171,26.171,26.171,26.171,600,0
APOC.US,5,20260604,210500,26.17,26.17,26.17,26.17,100,0
APOC.US,5,20260604,212000,26.21,26.21,26.21,26.21,1380,0
APOC.US,5,20260605,153000,26.15,26.15,26.15,26.15,190,0
APOC.US,5,20260605,170000,26.215,26.215,26.215,26.215,180,0
APOC.US,5,20260605,174500,26.17,26.17,26.17,26.17,100,0
APOC.US,5,20260605,180500,26.21,26.21,26.21,26.21,177,0
APOC.US,5,20260605,183500,26.17,26.17,26.17,26.17,400,0
APOC.US,5,20260605,193500,26.23,26.23,26.15,26.15,1900,0
APOC.US,5,20260605,204000,26.195,26.195,26.195,26.195,170,0
APOC.US,5,20260605,204500,26.195,26.195,26.195,26.195,496,0
APOC.US,5,20260605,211000,26.151,26.1833,26.15,26.1833,2492,0
APOC.US,5,20260605,215500,26.15,26.15,26.15,26.15,100,0
APOC.US,5,20260608,171500,26.17,26.17,26.17,26.17,157,0
APOC.US,5,20260608,172000,26.17,26.17,26.17,26.17,100,0
APOC.US,5,20260608,172500,26.205,26.205,26.205,26.205,151,0
APOC.US,5,20260608,174500,26.23,26.23,26.2239,26.2239,267,0
APOC.US,5,20260608,181500,26.205,26.205,26.205,26.205,114,0
APOC.US,5,20260608,190000,26.1707,26.1707,26.1707,26.1707,271,0
APOC.US,5,20260608,213500,26.18,26.18,26.18,26.18,3900,0
APOC.US,5,20260609,161500,26.17,26.17,26.17,26.17,400,0
APOC.US,5,20260609,171000,26.16,26.16,26.16,26.16,100,0
APOC.US,5,20260609,174000,26.17,26.17,26.17,26.17,1411,0
APOC.US,5,20260609,184000,26.14,26.14,26.13,26.13,2000,0
APOC.US,5,20260609,193500,26.175,26.175,26.175,26.175,200,0
APOC.US,5,20260609,202500,26.16,26.16,26.16,26.16,345,0
APOC.US,5,20260609,203000,26.151,26.165,25.97,26.16,40178,0
APOC.US,5,20260609,205000,26.165,26.17,26.165,26.165,1553,0
APOC.US,5,20260609,210500,26.19,26.19,26.19,26.19,416,0
APOC.US,5,20260609,212000,26.22,26.22,26.22,26.22,308,0
APOC.US,5,20260609,213000,26.16,26.16,26.16,26.16,100,0
APOC.US,5,20260609,213500,26.19,26.19,26.19,26.19,1850,0
APOC.US,5,20260609,214000,26.185,26.185,26.185,26.185,1082,0
APOC.US,5,20260609,214500,26.16,26.16,26.16,26.16,100,0
APOC.US,5,20260610,162000,26.195,26.195,26.195,26.195,271,0
APOC.US,5,20260610,163500,26.19,26.19,26.19,26.19,169,0
APOC.US,5,20260610,164000,26.16,26.16,26.16,26.16,800,0
APOC.US,5,20260610,173500,26.15,26.15,26.15,26.15,100,0
APOC.US,5,20260610,183000,26.18,26.18,26.18,26.18,1000,0
APOC.US,5,20260611,172000,26.14,26.14,26.14,26.14,100,0
APOC.US,5,20260611,192000,26.18,26.18,26.18,26.18,689,0
APOC.US,5,20260611,193500,26.15,26.15,26.15,26.15,600,0
APOC.US,5,20260611,204000,26.2016,26.2016,26.2016,26.2016,133,0
APOC.US,5,20260611,210000,26.18,26.18,26.18,26.18,30414,0
APOC.US,5,20260612,153000,26.29,26.29,26.29,26.29,465,0
APOC.US,5,20260612,160500,26.21,26.21,26.21,26.21,100,0
APOC.US,5,20260612,173000,26.21,26.21,26.21,26.21,434,0
APOC.US,5,20260612,173500,26.24,26.24,26.24,26.24,100,0
APOC.US,5,20260612,174500,26.18,26.18,26.18,26.18,113,0
APOC.US,5,20260612,175000,26.216,26.216,26.216,26.216,220,0
APOC.US,5,20260612,183000,26.24,26.24,26.24,26.24,161,0
APOC.US,5,20260612,191000,26.2399,26.2399,26.2399,26.2399,330,0
APOC.US,5,20260612,194500,26.18,26.18,26.18,26.18,381,0
APOC.US,5,20260612,210000,26.21,26.21,26.21,26.21,564,0
APOC.US,5,20260612,215500,26.21,26.21,26.21,26.21,200,0
APOC.US,5,20260615,155000,25.99,26.23,25.95,25.9901,777,0
APOC.US,5,20260615,171000,26.2,26.2,26.2,26.2,100,0
APOC.US,5,20260615,172500,26.2001,26.2001,26.2001,26.2001,143,0
APOC.US,5,20260615,181000,26.24,26.24,26.21,26.21,1152,0
APOC.US,5,20260615,200500,26.2555,26.2555,26.2555,26.2555,377,0
APOC.US,5,20260615,203500,26.2,26.2259,26.2,26.2259,790,0
APOC.US,5,20260616,161500,26.235,26.235,26.235,26.235,430,0
APOC.US,5,20260616,162500,26.235,26.235,26.235,26.235,236,0
APOC.US,5,20260616,172000,26.2186,26.2186,26.2186,26.2186,330,0
APOC.US,5,20260616,175500,26.2,26.2,26.2,26.2,100,0
APOC.US,5,20260616,180000,26.235,26.235,26.235,26.235,151,0
APOC.US,5,20260616,181500,26.235,26.235,26.235,26.235,636,0
APOC.US,5,20260616,192500,26.2,26.2001,26.2,26.2001,200,0
APOC.US,5,20260616,194500,26.2,26.2,26.2,26.2,500,0
APOC.US,5,20260617,161000,26.2526,26.2526,26.23,26.23,595,0
APOC.US,5,20260617,171000,26.2371,26.2371,26.2371,26.2371,105,0
APOC.US,5,20260617,180000,26.2599,26.2599,26.2599,26.2599,180,0
APOC.US,5,20260617,195500,26.2,26.2,26.2,26.2,113,0
APOC.US,5,20260617,204500,26.2,26.2,26.2,26.2,500,0
APOC.US,5,20260617,213000,26.215,26.215,26.215,26.215,172,0
APOC.US,5,20260618,162500,26.26,26.26,26.26,26.26,131,0
APOC.US,5,20260618,165000,26.21,26.21,26.21,26.21,100,0
APOC.US,5,20260618,172500,26.2,26.2,26.2,26.2,800,0
APOC.US,5,20260618,174000,26.23,26.23,26.23,26.23,116,0
APOC.US,5,20260618,175000,26.201,26.2027,26.201,26.2027,378,0
APOC.US,5,20260618,181000,26.23,26.23,26.23,26.23,637,0
APOC.US,5,20260618,211500,26.2,26.2293,26.2,26.2293,935,0
APOC.US,5,20260618,214000,26.23,26.23,26.23,26.23,287,0
APOC.US,5,20260622,162000,26.2536,26.2536,26.2536,26.2536,181,0
APOC.US,5,20260622,170500,26.2699,26.2699,26.2699,26.2699,114,0
APOC.US,5,20260622,171500,26.21,26.235,26.2,26.2259,1538,0
APOC.US,5,20260622,172000,26.2,26.2,26.2,26.2,100,0
APOC.US,5,20260622,175000,26.2,26.2,26.2,26.2,450,0
APOC.US,5,20260622,181000,26.26,26.269,26.2,26.2,1655,0
APOC.US,5,20260622,184500,26.26,26.26,26.26,26.26,152,0
APOC.US,5,20260622,194000,26.26,26.2699,26.2,26.2,3146,0
APOC.US,5,20260622,205500,26.235,26.235,26.235,26.235,102,0
APOC.US,5,20260622,210000,26.26,26.26,26.26,26.26,461,0
APOC.US,5,20260622,213000,26.27,26.27,26.27,26.27,133,0
APOC.US,5,20260622,213500,26.2,26.21,26.2,26.21,1200,0
APOC.US,5,20260622,214500,26.2237,26.2237,26.2237,26.2237,139,0
