<TICKER>,<PER>,<DATE>,<TIME>,<OPEN>,<HIGH>,<LOW>,<CLOSE>,<VOL>,<OPENINT>
CIM_A.US,5,20260126,154000,22.0275,22.0275,22.0275,22.0275,385,0
CIM_A.US,5,20260126,155000,22.05,22.05,22.05,22.05,100,0
CIM_A.US,5,20260126,161500,22.029,22.029,22.029,22.029,250,0
CIM_A.US,5,20260126,162000,22.05,22.05,22.05,22.05,195,0
CIM_A.US,5,20260126,164500,22.05,22.05,22.05,22.05,100,0
CIM_A.US,5,20260126,175000,22.05,22.05,22.02,22.02,200,0
CIM_A.US,5,20260126,181000,22.0089,22.01,22.0089,22.01,440,0
CIM_A.US,5,20260126,184500,22.01,22.01,22.01,22.01,200,0
CIM_A.US,5,20260126,191000,22.0499,22.0499,22.0225,22.0225,400,0
CIM_A.US,5,20260126,210000,22.02,22.02,22.02,22.02,176,0
CIM_A.US,5,20260126,213500,22.03,22.042,22.03,22.042,500,0
CIM_A.US,5,20260126,215000,22.05,22.05,22.05,22.05,215,0
CIM_A.US,5,20260126,215500,22.044,22.044,22.044,22.044,323,0
CIM_A.US,5,20260127,154500,22.0101,22.05,22,22.0001,1600,0
CIM_A.US,5,20260127,155500,22.01,22.01,22,22,960,0
CIM_A.US,5,20260127,162000,22.05,22.05,22.05,22.05,191,0
CIM_A.US,5,20260127,163000,22.05,22.05,22.05,22.05,300,0
CIM_A.US,5,20260127,183000,22.0001,22.0001,22.0001,22.0001,400,0
CIM_A.US,5,20260127,190000,22.0499,22.05,22.0499,22.05,2215,0
CIM_A.US,5,20260127,193500,22.0519,22.0519,22.0519,22.0519,460,0
CIM_A.US,5,20260127,194000,22.0501,22.0501,22.05,22.05,2000,0
CIM_A.US,5,20260127,202500,22.06,22.06,22.06,22.06,397,0
CIM_A.US,5,20260127,203500,22.06,22.06,22.06,22.06,1600,0
CIM_A.US,5,20260127,211000,22.06,22.06,22.05,22.05,2089,0
CIM_A.US,5,20260127,211500,22.03,22.03,22.03,22.03,100,0
CIM_A.US,5,20260127,212500,22.05,22.05,22.05,22.05,100,0
CIM_A.US,5,20260127,213500,22.05,22.05,22.05,22.05,100,0
CIM_A.US,5,20260127,215000,22.03,22.06,22.03,22.05,865,0
CIM_A.US,5,20260128,155500,22.0061,22.0061,22,22,400,0
CIM_A.US,5,20260128,164000,22.03,22.03,22.03,22.03,250,0
CIM_A.US,5,20260128,164500,22.04,22.04,22.04,22.04,230,0
CIM_A.US,5,20260128,170500,22.0548,22.0548,22.0548,22.0548,550,0
CIM_A.US,5,20260128,184000,22.07,22.07,22.07,22.07,130,0
CIM_A.US,5,20260128,185000,22.07,22.08,22.07,22.08,2253,0
CIM_A.US,5,20260128,190000,22.08,22.08,22.08,22.08,100,0
CIM_A.US,5,20260128,195500,22.07,22.0734,22.07,22.0734,1080,0
CIM_A.US,5,20260128,200500,22.07,22.07,22.07,22.07,1993,0
CIM_A.US,5,20260128,201500,22.07,22.07,22.07,22.07,200,0
CIM_A.US,5,20260128,204000,22.08,22.08,22.08,22.08,1000,0
CIM_A.US,5,20260128,205500,22.08,22.35,22.07,22.07,2300,0
CIM_A.US,5,20260128,211000,22.09,22.09,22.09,22.09,183,0
CIM_A.US,5,20260129,154500,22.0522,22.0522,22.0522,22.0522,109,0
CIM_A.US,5,20260129,165000,22.03,22.03,22.03,22.03,384,0
CIM_A.US,5,20260129,165500,22.03,22.03,22.03,22.03,950,0
CIM_A.US,5,20260129,172500,22.06,22.06,22.03,22.03,497,0
CIM_A.US,5,20260129,175500,22.06,22.06,22.06,22.06,700,0
CIM_A.US,5,20260129,180000,22.03,22.03,22.03,22.03,385,0
CIM_A.US,5,20260129,184500,22.0899,22.0899,22.0899,22.0899,300,0
CIM_A.US,5,20260129,212000,22.06,22.09,22.06,22.09,858,0
CIM_A.US,5,20260129,213500,22.0301,22.0301,22.0301,22.0301,865,0
CIM_A.US,5,20260130,154000,22.06,22.06,22.06,22.06,100,0
CIM_A.US,5,20260130,160000,22.06,22.06,22.03,22.03,4030,0
CIM_A.US,5,20260130,160500,22.03,22.03,21.92,21.92,842,0
CIM_A.US,5,20260130,161000,21.94,21.94,21.94,21.94,100,0
CIM_A.US,5,20260130,161500,21.94,21.94,21.94,21.94,200,0
CIM_A.US,5,20260130,162500,21.9799,21.98,21.9764,21.9764,1222,0
CIM_A.US,5,20260130,163000,21.98,21.98,21.98,21.98,4000,0
CIM_A.US,5,20260130,164500,21.98,21.98,21.98,21.98,750,0
CIM_A.US,5,20260130,165500,21.98,21.98,21.98,21.98,239,0
CIM_A.US,5,20260130,170000,21.98,21.98,21.98,21.98,186,0
CIM_A.US,5,20260130,171500,21.99,21.9999,21.99,21.9999,400,0
CIM_A.US,5,20260130,172500,21.99,22,21.99,22,400,0
CIM_A.US,5,20260130,175500,22.05,22.05,22.05,22.05,100,0
CIM_A.US,5,20260130,180500,22,22,21.92,21.92,300,0
CIM_A.US,5,20260130,182000,21.96,21.96,21.96,21.96,100,0
CIM_A.US,5,20260130,185000,21.97,21.97,21.97,21.97,100,0
CIM_A.US,5,20260130,190500,21.92,21.92,21.92,21.92,100,0
CIM_A.US,5,20260130,203500,21.94,21.94,21.92,21.92,200,0
CIM_A.US,5,20260130,211000,22.01,22.02,22.01,22.02,323,0
CIM_A.US,5,20260130,212500,22.01,22.01,22.01,22.01,100,0
CIM_A.US,5,20260130,214500,21.99,21.99,21.99,21.99,100,0
CIM_A.US,5,20260130,215500,22.02,22.02,22.02,22.02,620,0
CIM_A.US,5,20260202,161000,21.9898,22,21.9898,22,225,0
CIM_A.US,5,20260202,164500,22.01,22.02,22.01,22.02,3782,0
CIM_A.US,5,20260202,170500,22.02,22.02,22.02,22.02,600,0
CIM_A.US,5,20260202,182500,22.02,22.02,22.02,22.02,122,0
CIM_A.US,5,20260202,192500,22.02,22.02,22.005,22.005,1135,0
CIM_A.US,5,20260202,200500,22.02,22.02,22.02,22.02,129,0
CIM_A.US,5,20260202,210500,22.0182,22.0182,22.0182,22.0182,100,0
CIM_A.US,5,20260202,211000,22.02,22.02,22.02,22.02,281,0
CIM_A.US,5,20260202,211500,22.0001,22.0001,22.0001,22.0001,300,0
CIM_A.US,5,20260202,215000,22.01,22.01,22.01,22.01,444,0
CIM_A.US,5,20260203,161500,22.01,22.01,22.01,22.01,734,0
CIM_A.US,5,20260203,163000,22.015,22.015,22.015,22.015,100,0
CIM_A.US,5,20260203,163500,22.015,22.015,22.015,22.015,150,0
CIM_A.US,5,20260203,164500,22.02,22.02,22.02,22.02,387,0
CIM_A.US,5,20260203,165500,22.02,22.02,22.02,22.02,567,0
CIM_A.US,5,20260203,170500,22.0171,22.02,22.0171,22.02,2100,0
CIM_A.US,5,20260203,171000,22.015,22.015,22.015,22.015,100,0
CIM_A.US,5,20260203,172000,22.01,22.02,22.01,22.02,1000,0
CIM_A.US,5,20260203,192500,22.01,22.02,22.01,22.02,600,0
CIM_A.US,5,20260203,193500,22.02,22.02,22.02,22.02,137,0
CIM_A.US,5,20260203,210500,22.01,22.01,22.01,22.01,153,0
CIM_A.US,5,20260204,153500,22.01,22.01,22.01,22.01,100,0
CIM_A.US,5,20260204,154000,22.01,22.02,22.0099,22.02,498,0
CIM_A.US,5,20260204,170500,22.09,22.09,22.09,22.09,100,0
CIM_A.US,5,20260204,174500,22.0795,22.09,22.06,22.075,3348,0
CIM_A.US,5,20260204,181000,22.08,22.08,22.07,22.07,897,0
CIM_A.US,5,20260204,183500,22.09,22.09,22.09,22.09,118,0
CIM_A.US,5,20260204,185500,22.09,22.09,22.09,22.09,100,0
CIM_A.US,5,20260204,210000,22.079,22.09,22.079,22.09,300,0
CIM_A.US,5,20260204,212000,22.1,22.1,22.1,22.1,210,0
CIM_A.US,5,20260205,195000,22.06,22.06,22.06,22.06,125,0
CIM_A.US,5,20260205,205000,22.09,22.1,22.09,22.1,510,0
CIM_A.US,5,20260205,210500,22.1,22.1,22.1,22.1,334,0
CIM_A.US,5,20260205,213000,22.09,22.09,22.09,22.09,500,0
CIM_A.US,5,20260205,215500,22.1,22.1494,22.1,22.11,2680,0
CIM_A.US,5,20260206,160500,22.0955,22.1,22.0955,22.1,400,0
CIM_A.US,5,20260206,173500,22.055,22.055,22.055,22.055,172,0
CIM_A.US,5,20260206,174000,22.055,22.055,22.055,22.055,200,0
CIM_A.US,5,20260206,180000,22.1,22.1,22.1,22.1,100,0
CIM_A.US,5,20260206,181500,22.11,22.11,22.11,22.11,100,0
CIM_A.US,5,20260206,183000,22.0999,22.0999,22.0999,22.0999,100,0
CIM_A.US,5,20260206,184500,22.08,22.08,22.08,22.08,100,0
CIM_A.US,5,20260206,190000,22.11,22.11,22.11,22.11,100,0
CIM_A.US,5,20260206,193500,22.0501,22.0501,22.0501,22.0501,250,0
CIM_A.US,5,20260206,203500,22.08,22.095,22.08,22.095,800,0
CIM_A.US,5,20260206,211000,22.11,22.11,22.11,22.11,278,0
CIM_A.US,5,20260206,213500,22.08,22.08,22.01,22.01,2090,0
CIM_A.US,5,20260209,154000,22.01,22.01,22,22,965,0
CIM_A.US,5,20260209,170000,22.05,22.05,22.05,22.05,200,0
CIM_A.US,5,20260209,172500,22.088,22.088,22.088,22.088,500,0
CIM_A.US,5,20260209,173500,22.0459,22.0459,22.0459,22.0459,400,0
CIM_A.US,5,20260209,210500,22.05,22.05,22.05,22.05,200,0
CIM_A.US,5,20260209,215500,22.08,22.08,22.08,22.08,905,0
CIM_A.US,5,20260210,153000,22.05,22.05,21.9603,21.9603,1295,0
CIM_A.US,5,20260210,161500,22.0799,22.0799,22.0799,22.0799,540,0
CIM_A.US,5,20260210,170500,22.02,22.02,22.02,22.02,500,0
CIM_A.US,5,20260210,174000,22.08,22.08,22.08,22.08,100,0
CIM_A.US,5,20260210,184500,22.0926,22.1,22.0926,22.1,1000,0
CIM_A.US,5,20260210,190500,22.0999,22.0999,22.0999,22.0999,227,0
CIM_A.US,5,20260210,200000,22.1,22.1,22.1,22.1,100,0
CIM_A.US,5,20260210,201000,22.1,22.1,22.1,22.1,500,0
CIM_A.US,5,20260210,204500,22.09,22.09,22.09,22.09,100,0
CIM_A.US,5,20260210,211000,22.1,22.1,22.1,22.1,143,0
CIM_A.US,5,20260210,213000,22.12,22.12,22.12,22.12,240,0
CIM_A.US,5,20260210,214500,22.12,22.12,22.12,22.12,100,0
CIM_A.US,5,20260210,215500,22.12,22.12,22.12,22.12,595,0
CIM_A.US,5,20260211,153000,22.13,22.25,22.12,22.18,11943,0
CIM_A.US,5,20260211,153500,22.12,22.12,22.05,22.05,736,0
CIM_A.US,5,20260211,154000,22.01,22.015,22.01,22.015,200,0
CIM_A.US,5,20260211,160000,22.045,22.17,22.045,22.1044,2111,0
CIM_A.US,5,20260211,162500,22.15,22.1599,22.15,22.15,300,0
CIM_A.US,5,20260211,175000,22.1119,22.1119,22.1119,22.1119,1400,0
CIM_A.US,5,20260211,175500,22.14,22.14,22.14,22.14,2844,0
CIM_A.US,5,20260211,180500,22.13,22.14,22.1,22.1,800,0
CIM_A.US,5,20260211,184000,22.14,22.14,22.14,22.14,300,0
CIM_A.US,5,20260211,190000,22.13,22.13,22.13,22.13,200,0
CIM_A.US,5,20260211,193000,22.1237,22.1237,22.1237,22.1237,100,0
CIM_A.US,5,20260211,200500,22.12,22.12,22.12,22.12,332,0
CIM_A.US,5,20260211,201000,22.1329,22.1329,22.1329,22.1329,560,0
CIM_A.US,5,20260211,201500,22.125,22.125,22.125,22.125,100,0
CIM_A.US,5,20260211,202000,22.12,22.12,22.12,22.12,160,0
CIM_A.US,5,20260211,202500,22.12,22.12,22.12,22.12,100,0
CIM_A.US,5,20260211,212000,22.14,22.14,22.14,22.14,100,0
CIM_A.US,5,20260211,215000,22.14,22.14,22.14,22.14,100,0
CIM_A.US,5,20260211,215500,22.1,22.1,22.1,22.1,100,0
CIM_A.US,5,20260212,153500,22.1,22.1,22.1,22.1,300,0
CIM_A.US,5,20260212,163500,22.14,22.14,22.14,22.14,100,0
CIM_A.US,5,20260212,165500,22.13,22.13,22.13,22.13,300,0
CIM_A.US,5,20260212,171500,22.1399,22.1399,22.1399,22.1399,100,0
CIM_A.US,5,20260212,175000,22.12,22.12,22.1,22.1,200,0
CIM_A.US,5,20260212,180500,22.1,22.1,22.1,22.1,200,0
CIM_A.US,5,20260212,181000,22.14,22.14,22.14,22.14,1000,0
CIM_A.US,5,20260212,181500,22.14,22.14,22.14,22.14,450,0
CIM_A.US,5,20260212,182500,22.125,22.125,22.125,22.125,200,0
CIM_A.US,5,20260212,184500,22.125,22.15,22.1101,22.14,2280,0
CIM_A.US,5,20260212,191000,22.13,22.13,22.1,22.1,2155,0
CIM_A.US,5,20260212,192000,22.15,22.15,22.15,22.15,150,0
CIM_A.US,5,20260212,193500,22.09,22.09,22.09,22.09,500,0
CIM_A.US,5,20260212,210500,22.13,22.13,22.13,22.13,100,0
CIM_A.US,5,20260212,212500,22.13,22.15,22.13,22.15,818,0
CIM_A.US,5,20260212,213000,22.17,22.17,22.17,22.17,300,0
CIM_A.US,5,20260213,155000,22.16,22.17,22.135,22.135,500,0
CIM_A.US,5,20260213,160000,22.0683,22.0683,22.0683,22.0683,300,0
CIM_A.US,5,20260213,160500,22.076,22.076,22.076,22.076,100,0
CIM_A.US,5,20260213,161500,22.0915,22.0915,22.0915,22.0915,120,0
CIM_A.US,5,20260213,164500,22.1219,22.1219,22.1219,22.1219,400,0
CIM_A.US,5,20260213,173000,22.12,22.12,22.09,22.11,1968,0
CIM_A.US,5,20260213,180000,22.12,22.12,22.12,22.12,1800,0
CIM_A.US,5,20260213,181000,22.0702,22.0702,22.0702,22.0702,693,0
CIM_A.US,5,20260213,182500,22.1025,22.1025,22.1025,22.1025,500,0
CIM_A.US,5,20260213,201000,22.179,22.18,22.179,22.18,906,0
CIM_A.US,5,20260213,202000,22.18,22.18,22.1799,22.1799,300,0
CIM_A.US,5,20260213,204000,22.14,22.14,22.14,22.14,500,0
CIM_A.US,5,20260213,211000,22.19,22.19,22.18,22.19,1473,0
CIM_A.US,5,20260213,214000,22.18,22.18,22.18,22.18,100,0
CIM_A.US,5,20260217,153000,22.25,22.3,22.18,22.19,2146,0
CIM_A.US,5,20260217,153500,22.1998,22.5,22.1998,22.5,938,0
CIM_A.US,5,20260217,154500,22.1965,22.21,22.195,22.195,1500,0
CIM_A.US,5,20260217,155500,22.1801,22.21,22.1801,22.21,500,0
CIM_A.US,5,20260217,161000,22.195,22.195,22.195,22.195,325,0
CIM_A.US,5,20260217,162000,22.18,22.18,22.18,22.18,700,0
CIM_A.US,5,20260217,162500,22.18,22.18,22.18,22.18,100,0
CIM_A.US,5,20260217,163000,22.18,22.21,22.18,22.18,2122,0
CIM_A.US,5,20260217,164000,22.18,22.18,22.18,22.18,100,0
CIM_A.US,5,20260217,164500,22.21,22.21,22.21,22.21,200,0
CIM_A.US,5,20260217,165500,22.21,22.2592,22.2092,22.23,4475,0
CIM_A.US,5,20260217,170000,22.2,22.2,22.2,22.2,1300,0
CIM_A.US,5,20260217,170500,22.212,22.212,22.212,22.212,450,0
CIM_A.US,5,20260217,172000,22.23,22.23,22.2241,22.2241,245,0
CIM_A.US,5,20260217,172500,22.21,22.21,22.21,22.21,100,0
CIM_A.US,5,20260217,173500,22.23,22.23,22.23,22.23,548,0
CIM_A.US,5,20260217,174000,22.23,22.23,22.2299,22.2299,940,0
CIM_A.US,5,20260217,175000,22.23,22.23,22.2198,22.2198,200,0
CIM_A.US,5,20260217,180000,22.2272,22.2272,22.2272,22.2272,363,0
CIM_A.US,5,20260217,184000,22.2128,22.22,22.2128,22.22,400,0
CIM_A.US,5,20260217,185500,22.23,22.23,22.22,22.22,925,0
CIM_A.US,5,20260217,190000,22.24,22.24,22.2399,22.2399,746,0
CIM_A.US,5,20260217,192000,22.2311,22.24,22.2311,22.24,908,0
CIM_A.US,5,20260217,193000,22.24,22.24,22.228,22.228,800,0
CIM_A.US,5,20260217,193500,22.24,22.24,22.24,22.24,100,0
CIM_A.US,5,20260217,194500,22.235,22.24,22.235,22.24,300,0
CIM_A.US,5,20260217,195000,22.24,22.24,22.2399,22.2399,1670,0
CIM_A.US,5,20260217,195500,22.24,22.24,22.2365,22.2365,432,0
CIM_A.US,5,20260217,200000,22.238,22.238,22.238,22.238,125,0
CIM_A.US,5,20260217,200500,22.25,22.25,22.24,22.24,200,0
CIM_A.US,5,20260217,202500,22.24,22.24,22.24,22.24,100,0
CIM_A.US,5,20260217,203000,22.25,22.25,22.2499,22.2499,250,0
CIM_A.US,5,20260217,204000,22.25,22.25,22.24,22.24,1560,0
CIM_A.US,5,20260217,204500,22.25,22.25,22.2432,22.2432,220,0
CIM_A.US,5,20260217,205000,22.25,22.25,22.25,22.25,225,0
CIM_A.US,5,20260217,205500,22.25,22.25,22.2499,22.2499,400,0
CIM_A.US,5,20260217,210500,22.25,22.25,22.25,22.25,126,0
CIM_A.US,5,20260217,211500,22.247,22.25,22.247,22.25,220,0
CIM_A.US,5,20260217,212000,22.2499,22.25,22.2499,22.25,240,0
CIM_A.US,5,20260217,212500,22.26,22.26,22.26,22.26,536,0
CIM_A.US,5,20260217,215000,22.26,22.26,22.255,22.26,1155,0
CIM_A.US,5,20260218,153500,22.27,22.27,22.27,22.27,500,0
CIM_A.US,5,20260218,154000,22.27,22.28,22.24,22.24,2592,0
CIM_A.US,5,20260218,160000,22.27,22.28,22.26,22.26,1588,0
CIM_A.US,5,20260218,160500,22.28,22.28,22.28,22.28,500,0
CIM_A.US,5,20260218,171000,22.27,22.27,22.27,22.27,100,0
CIM_A.US,5,20260218,171500,22.2799,22.28,22.2799,22.28,402,0
CIM_A.US,5,20260218,172000,22.275,22.3,22.275,22.3,3300,0
CIM_A.US,5,20260218,172500,22.3,22.3,22.3,22.3,600,0
CIM_A.US,5,20260218,173500,22.3,22.3,22.3,22.3,100,0
CIM_A.US,5,20260218,175000,22.3,22.3,22.295,22.295,983,0
CIM_A.US,5,20260218,180000,22.3,22.3,22.2999,22.2999,200,0
CIM_A.US,5,20260218,180500,22.3,22.3,22.3,22.3,100,0
CIM_A.US,5,20260218,181500,22.2999,22.3,22.2999,22.3,366,0
CIM_A.US,5,20260218,182500,22.3,22.3,22.27,22.285,2672,0
CIM_A.US,5,20260218,183000,22.3,22.31,22.3,22.31,1286,0
CIM_A.US,5,20260218,184500,22.27,22.27,22.27,22.27,300,0
CIM_A.US,5,20260218,191000,22.31,22.31,22.29,22.29,200,0
CIM_A.US,5,20260218,192000,22.29,22.29,22.29,22.29,100,0
CIM_A.US,5,20260218,192500,22.27,22.29,22.27,22.2801,300,0
CIM_A.US,5,20260218,193000,22.29,22.3,22.29,22.3,795,0
CIM_A.US,5,20260218,203500,22.28,22.28,22.27,22.27,374,0
CIM_A.US,5,20260218,205500,22.27,22.27,22.27,22.27,200,0
CIM_A.US,5,20260218,211000,22.29,22.3,22.29,22.3,800,0
CIM_A.US,5,20260218,211500,22.28,22.28,22.28,22.28,200,0
CIM_A.US,5,20260218,212500,22.3,22.31,22.3,22.3098,994,0
CIM_A.US,5,20260218,213500,22.31,22.31,22.31,22.31,100,0
CIM_A.US,5,20260219,153000,22.34,22.34,22.34,22.34,237,0
CIM_A.US,5,20260219,160000,22.3132,22.32,22.3132,22.32,400,0
CIM_A.US,5,20260219,161000,22.32,22.4,22.3199,22.4,3086,0
CIM_A.US,5,20260219,161500,22.3198,22.33,22.3198,22.33,1000,0
CIM_A.US,5,20260219,170000,22.3,22.3007,22.3,22.3007,430,0
CIM_A.US,5,20260219,175000,22.33,22.33,22.33,22.33,200,0
CIM_A.US,5,20260219,175500,22.33,22.33,22.33,22.33,100,0
CIM_A.US,5,20260219,201500,22.33,22.34,22.3299,22.34,2097,0
CIM_A.US,5,20260219,204000,22.3365,22.34,22.3365,22.34,200,0
CIM_A.US,5,20260219,210500,22.34,22.34,22.34,22.34,180,0
CIM_A.US,5,20260219,211500,22.33,22.3315,22.33,22.3315,1000,0
CIM_A.US,5,20260219,215500,22.34,22.34,22.34,22.34,330,0
CIM_A.US,5,20260220,154500,22.27,22.27,22.27,22.27,450,0
CIM_A.US,5,20260220,155500,22.3,22.3,22.3,22.3,500,0
CIM_A.US,5,20260220,160000,22.305,22.305,22.305,22.305,190,0
CIM_A.US,5,20260220,163500,22.305,22.305,22.305,22.305,100,0
CIM_A.US,5,20260220,170000,22.3078,22.3078,22.3078,22.3078,100,0
CIM_A.US,5,20260220,171000,22.34,22.34,22.34,22.34,100,0
CIM_A.US,5,20260220,173000,22.34,22.34,22.34,22.34,100,0
CIM_A.US,5,20260220,173500,22.34,22.34,22.34,22.34,120,0
CIM_A.US,5,20260220,183500,22.3365,22.3365,22.3365,22.3365,225,0
CIM_A.US,5,20260220,194000,22.34,22.34,22.3377,22.34,402,0
CIM_A.US,5,20260220,200500,22.34,22.34,22.3399,22.34,500,0
CIM_A.US,5,20260220,201500,22.34,22.34,22.3399,22.3399,308,0
CIM_A.US,5,20260220,202500,22.42,22.45,22.4,22.45,346,0
CIM_A.US,5,20260220,204500,22.45,22.45,22.41,22.434,600,0
CIM_A.US,5,20260220,205500,22.4387,22.4387,22.4387,22.4387,200,0
CIM_A.US,5,20260220,210500,22.41,22.434,22.41,22.434,400,0
CIM_A.US,5,20260220,212000,22.4597,22.4597,22.4597,22.4597,300,0
CIM_A.US,5,20260220,213000,22.5,22.5,22.5,22.5,144,0
CIM_A.US,5,20260220,213500,22.43,22.43,22.43,22.43,300,0
CIM_A.US,5,20260220,214500,22.4711,22.4711,22.4711,22.4711,200,0
CIM_A.US,5,20260220,215500,22.445,22.445,22.4,22.4,500,0
CIM_A.US,5,20260223,154000,22.27,22.28,22.11,22.2,2033,0
CIM_A.US,5,20260223,160000,22.295,22.295,22.22,22.2678,500,0
CIM_A.US,5,20260223,161000,22.3,22.34,22.3,22.34,850,0
CIM_A.US,5,20260223,182500,22.3099,22.31,22.29,22.31,2701,0
CIM_A.US,5,20260223,184500,22.3038,22.3038,22.3038,22.3038,100,0
CIM_A.US,5,20260223,190000,22.29,22.29,22.28,22.28,300,0
CIM_A.US,5,20260223,190500,22.28,22.28,22.28,22.28,200,0
CIM_A.US,5,20260223,194000,22.2043,22.2043,22.2043,22.2043,1141,0
CIM_A.US,5,20260223,212000,22.34,22.34,22.34,22.34,180,0
CIM_A.US,5,20260223,213500,22.34,22.34,22.34,22.34,222,0
CIM_A.US,5,20260224,164500,22.275,22.275,22.275,22.275,100,0
CIM_A.US,5,20260224,170500,22.1818,22.1818,22.1818,22.1818,160,0
CIM_A.US,5,20260224,174500,22.2428,22.2428,22.2428,22.2428,2262,0
CIM_A.US,5,20260224,175500,22.33,22.33,22.33,22.33,216,0
CIM_A.US,5,20260224,193500,22.26,22.285,22.26,22.285,934,0
CIM_A.US,5,20260224,195000,22.2703,22.2703,22.2703,22.2703,300,0
CIM_A.US,5,20260224,195500,22.2701,22.2701,22.26,22.2601,1000,0
CIM_A.US,5,20260224,200000,22.31,22.31,22.31,22.31,226,0
CIM_A.US,5,20260224,201500,22.27,22.3099,22.26,22.26,1066,0
CIM_A.US,5,20260224,211500,22.26,22.26,22.26,22.26,200,0
CIM_A.US,5,20260224,214500,22.2406,22.2406,22.2406,22.2406,400,0
CIM_A.US,5,20260224,215500,22.25,22.25,22.23,22.23,300,0
CIM_A.US,5,20260225,175000,22.21,22.2549,22.21,22.2549,1200,0
CIM_A.US,5,20260225,175500,22.2208,22.2208,22.19,22.19,200,0
CIM_A.US,5,20260225,185500,22.25,22.25,22.25,22.25,300,0
CIM_A.US,5,20260225,191500,22.3,22.3,22.3,22.3,100,0
CIM_A.US,5,20260225,204500,22.2,22.2076,22.2,22.2076,1564,0
CIM_A.US,5,20260225,210500,22.22,22.22,22.22,22.22,100,0
CIM_A.US,5,20260225,212500,22.2249,22.2249,22.18,22.18,200,0
CIM_A.US,5,20260225,214500,22.25,22.25,22.25,22.25,100,0
CIM_A.US,5,20260226,163000,22.39,22.39,22.39,22.39,125,0
CIM_A.US,5,20260226,165000,22.39,22.4934,22.39,22.4934,475,0
CIM_A.US,5,20260226,170000,22.4002,22.4453,22.3901,22.3901,1182,0
CIM_A.US,5,20260226,170500,22.39,22.39,22.39,22.39,100,0
CIM_A.US,5,20260226,173000,22.3901,22.3901,22.3901,22.3901,1000,0
CIM_A.US,5,20260226,180500,22.4286,22.4286,22.39,22.4286,1486,0
CIM_A.US,5,20260226,183000,22.3,22.3,22.3,22.3,100,0
CIM_A.US,5,20260226,185500,22.32,22.32,22.32,22.32,200,0
CIM_A.US,5,20260226,201500,22.305,22.305,22.305,22.305,200,0
CIM_A.US,5,20260226,202000,22.3,22.3,22.3,22.3,100,0
CIM_A.US,5,20260226,202500,22.3,22.3,22.3,22.3,100,0
CIM_A.US,5,20260226,205000,22.25,22.25,22.25,22.25,100,0
CIM_A.US,5,20260226,210000,22.26,22.39,22.23,22.39,1500,0
CIM_A.US,5,20260226,210500,22.27,22.27,22.2699,22.27,512,0
CIM_A.US,5,20260226,213500,22.35,22.35,22.35,22.35,100,0
CIM_A.US,5,20260226,215500,22.12,22.15,22.12,22.15,500,0
CIM_A.US,5,20260227,153500,22.2594,22.2594,22.2594,22.2594,181,0
CIM_A.US,5,20260227,160500,22.3167,22.3167,22.3167,22.3167,1712,0
CIM_A.US,5,20260227,161000,22.2,22.2,22.2,22.2,300,0
CIM_A.US,5,20260227,162000,22.34,22.34,22.34,22.34,100,0
CIM_A.US,5,20260227,165000,22.39,22.39,22.39,22.39,100,0
CIM_A.US,5,20260227,165500,22.32,22.32,22.32,22.32,100,0
CIM_A.US,5,20260227,173000,22.39,22.39,22.39,22.39,500,0
CIM_A.US,5,20260227,173500,22.39,22.39,22.39,22.39,676,0
CIM_A.US,5,20260227,174000,22.38,22.39,22.3795,22.3795,800,0
CIM_A.US,5,20260227,184500,22.355,22.355,22.355,22.355,100,0
CIM_A.US,5,20260227,191500,22.32,22.32,22.32,22.32,400,0
CIM_A.US,5,20260227,192500,22.32,22.32,22.32,22.32,400,0
CIM_A.US,5,20260227,193000,22.32,22.32,22.32,22.32,300,0
CIM_A.US,5,20260227,194000,22.29,22.29,22.29,22.29,372,0
CIM_A.US,5,20260227,195000,22.22,22.22,22.22,22.22,400,0
CIM_A.US,5,20260227,195500,22.265,22.265,22.265,22.265,200,0
CIM_A.US,5,20260227,200000,22.14,22.14,22.14,22.14,100,0
CIM_A.US,5,20260227,200500,22.08,22.08,22.08,22.08,200,0
CIM_A.US,5,20260227,201500,22.06,22.13,22.06,22.122,600,0
CIM_A.US,5,20260227,202000,22.06,22.1,22.06,22.1,508,0
CIM_A.US,5,20260227,202500,22.095,22.14,22.05,22.05,967,0
CIM_A.US,5,20260227,204000,22.05,22.05,22.05,22.05,306,0
CIM_A.US,5,20260227,204500,22.1,22.1,22.1,22.1,175,0
CIM_A.US,5,20260227,205000,22.07,22.07,22.07,22.07,400,0
CIM_A.US,5,20260227,205500,22.07,22.07,22.07,22.07,200,0
CIM_A.US,5,20260227,210500,22.05,22.05,22.05,22.05,208,0
CIM_A.US,5,20260227,211000,22.01,22.01,22.01,22.01,200,0
CIM_A.US,5,20260227,212000,21.94,21.94,21.94,21.94,300,0
CIM_A.US,5,20260227,213000,21.92,21.93,21.92,21.92,300,0
CIM_A.US,5,20260227,213500,21.9716,21.9716,21.9716,21.9716,200,0
CIM_A.US,5,20260227,214000,21.92,21.92,21.92,21.92,200,0
CIM_A.US,5,20260227,214500,21.81,21.82,21.81,21.82,300,0
CIM_A.US,5,20260227,215000,21.82,22.21,21.68,21.8841,5100,0
CIM_A.US,5,20260227,215500,21.7,21.85,21.7,21.85,18394,0
CIM_A.US,5,20260302,153000,21.51,21.61,21.51,21.58,500,0
CIM_A.US,5,20260302,153500,21.6,21.6,21.6,21.6,200,0
CIM_A.US,5,20260302,154500,21.65,21.68,21.65,21.68,680,0
CIM_A.US,5,20260302,155000,21.67,21.67,21.65,21.67,1016,0
CIM_A.US,5,20260302,155500,21.65,21.65,21.5955,21.5955,1000,0
CIM_A.US,5,20260302,162000,21.6001,21.6001,21.6,21.6,200,0
CIM_A.US,5,20260302,164000,21.43,21.43,21.43,21.43,100,0
CIM_A.US,5,20260302,172500,21.4501,21.5,21.45,21.45,860,0
CIM_A.US,5,20260302,180000,21.48,21.48,21.48,21.48,100,0
CIM_A.US,5,20260302,180500,21.4918,21.4918,21.4918,21.4918,500,0
CIM_A.US,5,20260302,181500,21.57,21.57,21.57,21.57,1000,0
CIM_A.US,5,20260302,182000,21.48,21.48,21.48,21.48,100,0
CIM_A.US,5,20260302,185000,21.47,21.47,21.47,21.47,100,0
CIM_A.US,5,20260302,185500,21.525,21.525,21.525,21.525,300,0
CIM_A.US,5,20260302,190500,21.525,21.525,21.525,21.525,310,0
CIM_A.US,5,20260302,194000,21.55,21.58,21.55,21.58,450,0
CIM_A.US,5,20260302,194500,21.5999,21.6,21.5999,21.6,881,0
CIM_A.US,5,20260302,195000,21.55,21.55,21.55,21.55,100,0
CIM_A.US,5,20260302,201500,21.53,21.53,21.53,21.53,100,0
CIM_A.US,5,20260302,203000,21.56,21.56,21.56,21.56,200,0
CIM_A.US,5,20260302,205000,21.57,21.57,21.57,21.57,100,0
CIM_A.US,5,20260302,205500,21.6,21.6,21.6,21.6,100,0
CIM_A.US,5,20260302,210500,21.53,21.56,21.53,21.56,250,0
CIM_A.US,5,20260302,212000,21.53,21.59,21.53,21.59,800,0
CIM_A.US,5,20260302,212500,21.6,21.6,21.53,21.53,352,0
CIM_A.US,5,20260302,213500,21.53,21.53,21.41,21.41,1300,0
CIM_A.US,5,20260302,214500,21.42,21.42,21.42,21.42,100,0
CIM_A.US,5,20260302,215500,21.54,21.54,21.54,21.54,100,0
CIM_A.US,5,20260303,162500,21.29,21.29,21.28,21.28,300,0
CIM_A.US,5,20260303,164500,21.345,21.345,21.345,21.345,150,0
CIM_A.US,5,20260303,172000,21.35,21.35,21.35,21.35,100,0
CIM_A.US,5,20260303,172500,21.36,21.36,21.36,21.36,100,0
CIM_A.US,5,20260303,173000,21.36,21.36,21.16,21.16,1379,0
CIM_A.US,5,20260303,175500,21.4,21.4,21.4,21.4,700,0
CIM_A.US,5,20260303,193500,21.4,21.4,21.4,21.4,200,0
CIM_A.US,5,20260303,201500,21.25,21.25,21.25,21.25,200,0
CIM_A.US,5,20260303,202000,21.27,21.27,21.27,21.27,100,0
CIM_A.US,5,20260303,204500,21.46,21.46,21.46,21.46,117,0
CIM_A.US,5,20260303,205500,21.2701,21.2701,21.2701,21.2701,1100,0
CIM_A.US,5,20260303,211500,21.37,21.37,21.37,21.37,136,0
CIM_A.US,5,20260303,213000,21.44,21.46,21.44,21.46,316,0
CIM_A.US,5,20260303,214000,21.37,21.37,21.37,21.37,100,0
CIM_A.US,5,20260304,165500,21.4081,21.4081,21.4081,21.4081,300,0
CIM_A.US,5,20260304,170000,21.44,21.44,21.44,21.44,100,0
CIM_A.US,5,20260304,172000,21.38,21.38,21.38,21.38,100,0
CIM_A.US,5,20260304,173000,21.3919,21.3919,21.3919,21.3919,450,0
CIM_A.US,5,20260304,175500,21.4,21.4,21.4,21.4,495,0
CIM_A.US,5,20260304,180000,21.3919,21.3919,21.3919,21.3919,575,0
CIM_A.US,5,20260304,181500,21.4599,21.4599,21.38,21.38,400,0
CIM_A.US,5,20260304,182000,21.38,21.38,21.38,21.38,700,0
CIM_A.US,5,20260304,182500,21.38,21.38,21.38,21.38,600,0
CIM_A.US,5,20260304,183500,21.41,21.41,21.41,21.41,100,0
CIM_A.US,5,20260304,191500,21.41,21.41,21.41,21.41,1250,0
CIM_A.US,5,20260304,192000,21.41,21.41,21.41,21.41,100,0
CIM_A.US,5,20260304,195500,21.4345,21.4345,21.4345,21.4345,1000,0
CIM_A.US,5,20260304,201500,21.46,21.46,21.46,21.46,100,0
CIM_A.US,5,20260304,202500,21.4001,21.4925,21.4001,21.4925,848,0
CIM_A.US,5,20260304,203500,21.41,21.41,21.41,21.41,100,0
CIM_A.US,5,20260304,204500,21.4608,21.4608,21.4608,21.4608,100,0
CIM_A.US,5,20260304,214000,21.41,21.41,21.41,21.41,100,0
CIM_A.US,5,20260304,215500,21.62,21.62,21.62,21.62,100,0
CIM_A.US,5,20260305,161000,21.4,21.4,21.4,21.4,100,0
CIM_A.US,5,20260305,180500,21.5902,21.5902,21.5902,21.5902,1200,0
CIM_A.US,5,20260305,183000,21.51,21.51,21.51,21.51,100,0
CIM_A.US,5,20260305,183500,21.51,21.51,21.51,21.51,207,0
CIM_A.US,5,20260305,184000,21.51,21.51,21.51,21.51,100,0
CIM_A.US,5,20260305,194000,21.55,21.55,21.55,21.55,100,0
CIM_A.US,5,20260305,194500,21.5001,21.5001,21.5001,21.5001,574,0
CIM_A.US,5,20260305,195000,21.55,21.55,21.5001,21.5001,1000,0
CIM_A.US,5,20260305,203000,21.55,21.55,21.55,21.55,100,0
CIM_A.US,5,20260305,210500,21.5285,21.5285,21.5285,21.5285,892,0
CIM_A.US,5,20260306,153500,21.5,21.5,21.5,21.5,700,0
CIM_A.US,5,20260306,160500,21.56,21.59,21.5,21.505,1000,0
CIM_A.US,5,20260306,161000,21.54,21.54,21.54,21.54,200,0
CIM_A.US,5,20260306,161500,21.55,21.55,21.55,21.55,214,0
CIM_A.US,5,20260306,170000,21.5975,21.5975,21.545,21.545,2219,0
CIM_A.US,5,20260306,171000,21.5,21.5,21.5,21.5,100,0
CIM_A.US,5,20260306,171500,21.55,21.55,21.55,21.55,348,0
CIM_A.US,5,20260306,173000,21.5,21.5,21.5,21.5,100,0
CIM_A.US,5,20260306,174500,21.53,21.53,21.53,21.53,100,0
CIM_A.US,5,20260306,175000,21.53,21.53,21.4,21.45,4138,0
CIM_A.US,5,20260306,183000,21.46,21.46,21.46,21.46,100,0
CIM_A.US,5,20260306,183500,21.47,21.47,21.47,21.47,200,0
CIM_A.US,5,20260306,184000,21.48,21.48,21.48,21.48,326,0
CIM_A.US,5,20260306,185500,21.5,21.5,21.5,21.5,100,0
CIM_A.US,5,20260306,190000,21.45,21.45,21.45,21.45,100,0
CIM_A.US,5,20260306,192000,21.515,21.515,21.515,21.515,200,0
CIM_A.US,5,20260306,193500,21.555,21.555,21.555,21.555,750,0
CIM_A.US,5,20260306,194000,21.45,21.45,21.45,21.45,100,0
CIM_A.US,5,20260306,194500,21.45,21.47,21.45,21.47,316,0
CIM_A.US,5,20260306,195000,21.4,21.4,21.4,21.4,100,0
CIM_A.US,5,20260306,202000,21.46,21.46,21.46,21.46,200,0
CIM_A.US,5,20260306,202500,21.52,21.52,21.46,21.46,984,0
CIM_A.US,5,20260306,203000,21.52,21.52,21.48,21.48,600,0
CIM_A.US,5,20260306,203500,21.44,21.44,21.44,21.44,100,0
CIM_A.US,5,20260306,204500,21.4244,21.4244,21.4244,21.4244,106,0
CIM_A.US,5,20260306,205000,21.46,21.46,21.46,21.46,233,0
CIM_A.US,5,20260306,210000,21.4215,21.4215,21.4215,21.4215,156,0
CIM_A.US,5,20260306,212000,21.43,21.43,21.43,21.43,300,0
CIM_A.US,5,20260306,213500,21.4,21.4,21.4,21.4,300,0
CIM_A.US,5,20260306,214500,21.4,21.4,21.4,21.4,100,0
CIM_A.US,5,20260309,143500,21.45,21.45,21.35,21.35,1068,0
CIM_A.US,5,20260309,144500,21.31,21.31,21.31,21.31,100,0
CIM_A.US,5,20260309,150000,21.23,21.39,21.22,21.22,1648,0
CIM_A.US,5,20260309,153000,21.5033,21.5033,21.5033,21.5033,185,0
CIM_A.US,5,20260309,161500,21.3857,21.3857,21.3857,21.3857,233,0
CIM_A.US,5,20260309,165000,21.39,21.39,21.39,21.39,100,0
CIM_A.US,5,20260309,165500,21.5099,21.5099,21.5099,21.5099,100,0
CIM_A.US,5,20260309,170500,21.49,21.58,21.47,21.51,5172,0
CIM_A.US,5,20260309,171500,21.5,21.5,21.5,21.5,100,0
CIM_A.US,5,20260309,174000,21.54,21.54,21.54,21.54,100,0
CIM_A.US,5,20260309,174500,21.52,21.52,21.52,21.52,100,0
CIM_A.US,5,20260309,180000,21.5312,21.5312,21.5312,21.5312,150,0
CIM_A.US,5,20260309,180500,21.52,21.52,21.52,21.52,100,0
CIM_A.US,5,20260309,181000,21.52,21.52,21.5,21.5,470,0
CIM_A.US,5,20260309,181500,21.51,21.52,21.5,21.5,1310,0
CIM_A.US,5,20260309,182500,21.42,21.42,21.39,21.39,600,0
CIM_A.US,5,20260309,183000,21.4091,21.4091,21.4091,21.4091,227,0
CIM_A.US,5,20260309,185500,21.42,21.42,21.42,21.42,100,0
CIM_A.US,5,20260309,191000,21.4,21.4,21.4,21.4,300,0
CIM_A.US,5,20260309,191500,21.4,21.4,21.4,21.4,100,0
CIM_A.US,5,20260309,195000,21.41,21.41,21.4,21.4,200,0
CIM_A.US,5,20260309,201000,21.4,21.4,21.4,21.4,255,0
CIM_A.US,5,20260309,203000,21.39,21.39,21.39,21.39,100,0
CIM_A.US,5,20260309,203500,21.41,21.41,21.41,21.41,100,0
CIM_A.US,5,20260309,205000,21.44,21.44,21.44,21.44,141,0
CIM_A.US,5,20260310,144000,21.5,21.5,21.5,21.5,339,0
CIM_A.US,5,20260310,150000,21.4,21.47,21.4,21.47,400,0
CIM_A.US,5,20260310,162500,21.275,21.275,21.27,21.27,737,0
CIM_A.US,5,20260310,170000,21.3619,21.3619,21.3619,21.3619,208,0
CIM_A.US,5,20260310,180500,21.4379,21.4379,21.4379,21.4379,195,0
CIM_A.US,5,20260310,183000,21.48,21.48,21.37,21.37,428,0
CIM_A.US,5,20260310,192500,21.4425,21.4425,21.4425,21.4425,509,0
CIM_A.US,5,20260310,194500,21.4541,21.4541,21.4541,21.4541,600,0
CIM_A.US,5,20260310,202000,21.45,21.45,21.45,21.45,100,0
CIM_A.US,5,20260310,204500,21.45,21.45,21.45,21.45,140,0
CIM_A.US,5,20260310,205500,21.47,21.5,21.47,21.5,463,0
CIM_A.US,5,20260311,150500,21.471,21.471,21.471,21.471,150,0
CIM_A.US,5,20260311,161500,21.4595,21.4595,21.4595,21.4595,409,0
CIM_A.US,5,20260311,171500,21.5,21.5,21.5,21.5,100,0
CIM_A.US,5,20260311,193000,21.49,21.49,21.49,21.49,300,0
CIM_A.US,5,20260311,193500,21.5,21.5,21.455,21.455,1051,0
CIM_A.US,5,20260312,150500,21.45,21.45,21.45,21.45,815,0
CIM_A.US,5,20260312,151000,21.4001,21.4001,21.4,21.4,486,0
CIM_A.US,5,20260312,155000,21.3532,21.3532,21.3532,21.3532,100,0
CIM_A.US,5,20260312,155500,21.34,21.34,21.34,21.34,200,0
CIM_A.US,5,20260312,165500,21.3867,21.3867,21.35,21.35,750,0
CIM_A.US,5,20260312,173000,21.34,21.4,21.34,21.4,392,0
CIM_A.US,5,20260312,175000,21.4,21.4,21.3999,21.3999,400,0
CIM_A.US,5,20260312,193500,21.2801,21.34,21.2801,21.316,704,0
CIM_A.US,5,20260312,194000,21.285,21.29,21.075,21.1,9273,0
CIM_A.US,5,20260312,194500,21.15,21.15,21.15,21.15,100,0
CIM_A.US,5,20260312,195000,21.15,21.15,21.15,21.15,200,0
CIM_A.US,5,20260312,200500,21.15,21.15,21.15,21.15,100,0
CIM_A.US,5,20260312,202500,21.1,21.1,21.1,21.1,300,0
CIM_A.US,5,20260312,205000,21.15,21.15,21.096,21.096,1166,0
CIM_A.US,5,20260313,144000,21.2453,21.2453,21.18,21.18,875,0
CIM_A.US,5,20260313,145000,21.15,21.15,21.15,21.15,300,0
CIM_A.US,5,20260313,145500,21.275,21.275,21.15,21.15,427,0
CIM_A.US,5,20260313,154000,21.16,21.3025,21.16,21.3025,325,0
CIM_A.US,5,20260313,161500,21.3,21.3,21.3,21.3,100,0
CIM_A.US,5,20260313,163000,21.275,21.275,21.275,21.275,100,0
CIM_A.US,5,20260313,165500,21.27,21.27,21.27,21.27,100,0
CIM_A.US,5,20260313,172000,21.17,21.17,21.13,21.13,500,0
CIM_A.US,5,20260313,172500,21.07,21.07,21.05,21.05,2085,0
CIM_A.US,5,20260313,173000,21.01,21.01,20.84,20.84,2397,0
CIM_A.US,5,20260313,183500,20.88,20.88,20.88,20.88,500,0
CIM_A.US,5,20260313,184000,20.77,20.77,20.7,20.7001,1076,0
CIM_A.US,5,20260313,185000,20.7,20.7,20.7,20.7,200,0
CIM_A.US,5,20260313,191500,20.855,20.855,20.855,20.855,550,0
CIM_A.US,5,20260313,192000,20.82,20.82,20.82,20.82,248,0
CIM_A.US,5,20260313,201500,20.75,20.75,20.75,20.75,100,0
CIM_A.US,5,20260313,202500,20.65,20.65,20.45,20.45,1711,0
CIM_A.US,5,20260313,203000,20.33,20.33,20.1999,20.2,1352,0
CIM_A.US,5,20260313,203500,20.51,20.54,20.42,20.46,600,0
CIM_A.US,5,20260313,204000,20.63,20.63,20.63,20.63,300,0
CIM_A.US,5,20260313,205000,20.52,20.52,20.2001,20.475,1662,0
CIM_A.US,5,20260316,144500,20.8,20.8,20.8,20.8,300,0
CIM_A.US,5,20260316,151000,20.8,20.8,20.8,20.8,3530,0
CIM_A.US,5,20260316,153000,20.8,20.8,20.8,20.8,175,0
CIM_A.US,5,20260316,154000,21.015,21.015,21.015,21.015,330,0
CIM_A.US,5,20260316,155000,20.95,20.95,20.94,20.94,200,0
CIM_A.US,5,20260316,160000,20.775,20.92,20.53,20.92,996,0
CIM_A.US,5,20260316,161000,20.9199,20.9199,20.9199,20.9199,400,0
CIM_A.US,5,20260316,173500,20.64,20.64,20.64,20.64,100,0
CIM_A.US,5,20260316,180500,20.63,20.63,20.5,20.5,1100,0
CIM_A.US,5,20260316,184500,20.58,20.58,20.58,20.58,200,0
CIM_A.US,5,20260316,185000,20.55,20.55,20.5,20.5,568,0
CIM_A.US,5,20260316,190500,20.43,20.43,20.43,20.43,188,0
CIM_A.US,5,20260316,191000,20.5,20.5,20.5,20.5,510,0
CIM_A.US,5,20260316,192000,20.27,20.4,20.2,20.2,300,0
CIM_A.US,5,20260316,192500,20.5,20.5,20.5,20.5,225,0
CIM_A.US,5,20260316,193000,20.2,20.5,20.2,20.3717,3209,0
CIM_A.US,5,20260316,193500,20.43,20.44,20.325,20.44,4766,0
CIM_A.US,5,20260316,194000,20.44,20.5,20.44,20.5,500,0
CIM_A.US,5,20260316,195000,20.5,20.55,20.5,20.55,3982,0
CIM_A.US,5,20260316,200000,20.645,20.74,20.645,20.73,625,0
CIM_A.US,5,20260316,205000,20.71,20.71,20.665,20.665,550,0
CIM_A.US,5,20260317,153500,20.824,20.824,20.824,20.824,154,0
CIM_A.US,5,20260317,160500,20.8,20.8,20.8,20.8,239,0
CIM_A.US,5,20260317,163000,20.7,20.7,20.69,20.69,200,0
CIM_A.US,5,20260317,165000,20.8,20.8,20.7727,20.7727,1420,0
CIM_A.US,5,20260317,170500,20.75,20.75,20.75,20.75,1375,0
CIM_A.US,5,20260317,171500,20.755,20.755,20.755,20.755,200,0
CIM_A.US,5,20260317,172000,20.68,20.68,20.68,20.68,100,0
CIM_A.US,5,20260317,183000,20.7493,20.755,20.7493,20.755,200,0
CIM_A.US,5,20260317,184000,20.73,20.755,20.73,20.755,2111,0
CIM_A.US,5,20260317,191000,20.795,20.85,20.75,20.7964,1282,0
CIM_A.US,5,20260317,191500,20.8,20.8,20.8,20.8,150,0
CIM_A.US,5,20260317,194500,20.73,20.73,20.73,20.73,200,0
CIM_A.US,5,20260317,203000,20.62,20.62,20.62,20.62,200,0
CIM_A.US,5,20260317,204000,20.748,20.748,20.748,20.748,190,0
CIM_A.US,5,20260318,144500,20.795,20.8445,20.795,20.8445,500,0
CIM_A.US,5,20260318,161500,20.68,20.68,20.68,20.68,100,0
CIM_A.US,5,20260318,170000,20.65,20.65,20.65,20.65,200,0
CIM_A.US,5,20260318,174000,20.52,20.52,20.52,20.52,525,0
CIM_A.US,5,20260318,175000,20.52,20.52,20.52,20.52,200,0
CIM_A.US,5,20260318,175500,20.535,20.55,20.535,20.55,972,0
CIM_A.US,5,20260318,194500,20.5501,20.5501,20.5501,20.5501,100,0
CIM_A.US,5,20260318,200500,20.5797,20.5797,20.5797,20.5797,153,0
CIM_A.US,5,20260319,150500,20.44,20.44,20.44,20.44,240,0
CIM_A.US,5,20260319,154500,20.75,20.75,20.55,20.75,550,0
CIM_A.US,5,20260319,191500,20.65,20.65,20.65,20.65,100,0
CIM_A.US,5,20260319,195000,20.625,20.625,20.625,20.625,835,0
CIM_A.US,5,20260319,203000,20.45,20.45,20.45,20.45,100,0
CIM_A.US,5,20260319,205500,20.55,20.55,20.55,20.55,100,0
CIM_A.US,5,20260320,160000,20.44,20.44,20.44,20.44,900,0
CIM_A.US,5,20260320,160500,20.3601,20.3601,20.3601,20.3601,115,0
CIM_A.US,5,20260320,165000,20.405,20.405,20.405,20.405,100,0
CIM_A.US,5,20260320,174500,20.42,20.42,20.42,20.42,400,0
CIM_A.US,5,20260320,181000,20.27,20.36,20.2,20.36,1975,0
CIM_A.US,5,20260320,181500,20.3,20.3,20.3,20.3,200,0
CIM_A.US,5,20260320,184500,20.18,20.34,20.18,20.34,376,0
CIM_A.US,5,20260320,201000,20.25,20.25,20.25,20.25,150,0
CIM_A.US,5,20260320,204000,20.05,20.05,20.05,20.05,150,0
CIM_A.US,5,20260320,205500,20.05,20.05,20.05,20.05,203,0
CIM_A.US,5,20260323,150500,20.35,20.35,20.35,20.35,100,0
CIM_A.US,5,20260323,165000,20.3,20.35,20.3,20.3,1600,0
CIM_A.US,5,20260323,175000,20.27,20.27,20.27,20.27,100,0
CIM_A.US,5,20260323,190000,20.27,20.27,20.27,20.27,100,0
CIM_A.US,5,20260323,193000,20.48,20.48,20.48,20.48,100,0
CIM_A.US,5,20260323,194000,20.36,20.3601,20.36,20.36,1000,0
CIM_A.US,5,20260323,195500,20.47,20.47,20.47,20.47,100,0
CIM_A.US,5,20260323,202000,20.37,20.37,20.37,20.37,100,0
CIM_A.US,5,20260323,202500,20.425,20.425,20.425,20.425,252,0
CIM_A.US,5,20260324,145000,20.41,20.41,20.41,20.41,100,0
CIM_A.US,5,20260324,145500,20.5159,20.5159,20.51,20.51,200,0
CIM_A.US,5,20260324,164000,20.375,20.38,20.375,20.38,500,0
CIM_A.US,5,20260324,172500,20.3,20.3,20.16,20.28,310,0
CIM_A.US,5,20260324,173000,20.3,20.3,20.3,20.3,1000,0
CIM_A.US,5,20260324,184500,20.27,20.27,20.27,20.27,100,0
CIM_A.US,5,20260324,190000,20.22,20.22,20.22,20.22,200,0
CIM_A.US,5,20260324,193500,20.2201,20.2201,20.2,20.2,300,0
CIM_A.US,5,20260324,194500,20.24,20.24,20.24,20.24,100,0
CIM_A.US,5,20260324,202500,20.17,20.17,20.15,20.15,250,0
CIM_A.US,5,20260324,203500,20.1,20.1,20.1,20.1,200,0
CIM_A.US,5,20260324,204000,20.0998,20.0998,20.0998,20.0998,100,0
CIM_A.US,5,20260324,204500,20.1,20.1,20.1,20.1,500,0
CIM_A.US,5,20260324,205000,20.1,20.1,20.1,20.1,200,0
CIM_A.US,5,20260324,205500,20.1,20.1,20.07,20.07,1286,0
CIM_A.US,5,20260325,144000,20.1,20.1,20.1,20.1,100,0
CIM_A.US,5,20260325,144500,20.3,20.3,20.3,20.3,100,0
CIM_A.US,5,20260325,150500,20.2177,20.2177,20.2,20.2,400,0
CIM_A.US,5,20260325,151000,20.2,20.35,20.2,20.35,200,0
CIM_A.US,5,20260325,160000,20.345,20.345,20.345,20.345,737,0
CIM_A.US,5,20260325,160500,20.33,20.33,20.33,20.33,100,0
CIM_A.US,5,20260325,174500,20.34,20.34,20.34,20.34,498,0
CIM_A.US,5,20260325,184000,20.48,20.48,20.48,20.48,1000,0
CIM_A.US,5,20260325,190500,20.34,20.34,20.34,20.34,715,0
CIM_A.US,5,20260325,191500,20.34,20.35,20.34,20.35,446,0
CIM_A.US,5,20260325,193500,20.2,20.34,20.1,20.1,4018,0
CIM_A.US,5,20260325,194000,20.01,20.01,20.01,20.01,200,0
CIM_A.US,5,20260325,204500,20,20.01,20,20.01,502,0
CIM_A.US,5,20260326,143000,20,20,19.75,19.75,950,0
CIM_A.US,5,20260326,143500,19.9199,19.9199,19.9199,19.9199,129,0
CIM_A.US,5,20260326,144500,19.8999,19.9,19.89,19.9,400,0
CIM_A.US,5,20260326,151500,19.91,19.91,19.91,19.91,429,0
CIM_A.US,5,20260326,152500,19.935,20.08,19.935,20.08,1735,0
CIM_A.US,5,20260326,165000,20.01,20.01,20.01,20.01,100,0
CIM_A.US,5,20260326,171500,20,20,19.98,19.98,1575,0
CIM_A.US,5,20260326,173500,20.0716,20.0716,20.0716,20.0716,100,0
CIM_A.US,5,20260326,182500,19.958,19.958,19.958,19.958,200,0
CIM_A.US,5,20260326,183000,19.95,19.95,19.85,19.85,1540,0
CIM_A.US,5,20260326,185000,19.9899,19.9899,19.9899,19.9899,1503,0
CIM_A.US,5,20260326,192000,19.8097,19.8097,19.8097,19.8097,150,0
CIM_A.US,5,20260326,193500,19.8527,19.8527,19.8527,19.8527,300,0
CIM_A.US,5,20260326,194000,19.8528,19.8528,19.8528,19.8528,225,0
CIM_A.US,5,20260326,194500,19.845,19.852,19.845,19.852,400,0
CIM_A.US,5,20260326,195500,19.852,19.852,19.852,19.852,675,0
CIM_A.US,5,20260326,201000,19.8899,19.89,19.85,19.89,800,0
CIM_A.US,5,20260326,201500,19.81,20.015,19.81,20.015,1000,0
CIM_A.US,5,20260326,202000,20.0601,20.0601,20.0601,20.0601,100,0
CIM_A.US,5,20260326,202500,20.1,20.11,20.1,20.11,300,0
CIM_A.US,5,20260326,203000,20.0853,20.0853,20.0853,20.0853,175,0
CIM_A.US,5,20260326,203500,20.11,20.11,20.11,20.11,200,0
CIM_A.US,5,20260327,143000,20.17,20.17,20.17,20.17,100,0
CIM_A.US,5,20260327,145000,20.04,20.21,20.04,20.21,900,0
CIM_A.US,5,20260327,151500,20.15,20.15,19.99,19.99,361,0
CIM_A.US,5,20260327,152500,20.11,20.11,20.11,20.11,296,0
CIM_A.US,5,20260327,153000,20.14,20.14,20.14,20.14,100,0
CIM_A.US,5,20260327,161000,20.07,20.12,20.07,20.12,400,0
CIM_A.US,5,20260327,164000,20.0701,20.08,20.07,20.07,731,0
CIM_A.US,5,20260327,164500,20.14,20.14,20.14,20.14,100,0
CIM_A.US,5,20260327,172000,20.1399,20.1399,20.04,20.04,600,0
CIM_A.US,5,20260327,173000,20.03,20.03,19.9,19.99,1947,0
CIM_A.US,5,20260327,182500,20.1,20.1,20.1,20.1,1000,0
CIM_A.US,5,20260327,190500,19.9709,19.9709,19.9709,19.9709,800,0
CIM_A.US,5,20260327,191500,19.9706,19.9706,19.9706,19.9706,100,0
CIM_A.US,5,20260327,192500,19.94,19.94,19.94,19.94,100,0
CIM_A.US,5,20260327,195500,20.0556,20.0556,20.0556,20.0556,850,0
CIM_A.US,5,20260327,200000,20.035,20.0556,20.035,20.0556,625,0
CIM_A.US,5,20260327,200500,20.035,20.035,20.035,20.035,100,0
CIM_A.US,5,20260327,201000,20.0531,20.0531,20.0531,20.0531,800,0
CIM_A.US,5,20260327,202000,20.035,20.035,20.035,20.035,300,0
CIM_A.US,5,20260327,203500,20.035,20.035,20.035,20.035,200,0
CIM_A.US,5,20260327,205000,20.0676,20.0676,20.0676,20.0676,100,0
CIM_A.US,5,20260330,153000,20.48,20.6,20.48,20.6,2723,0
CIM_A.US,5,20260330,154000,20.39,20.39,20.32,20.32,300,0
CIM_A.US,5,20260330,155000,20.3,20.3,20.3,20.3,250,0
CIM_A.US,5,20260330,155500,20.33,20.33,20.33,20.33,100,0
CIM_A.US,5,20260330,164500,20.3,20.4962,20.3,20.4962,427,0
CIM_A.US,5,20260330,172500,20.59,20.59,20.3,20.3,1141,0
CIM_A.US,5,20260330,175000,20.5,20.6,20.5,20.6,392,0
CIM_A.US,5,20260330,180000,20.58,20.58,20.58,20.58,100,0
CIM_A.US,5,20260330,180500,20.54,20.54,20.54,20.54,100,0
CIM_A.US,5,20260330,191500,20.33,20.355,20.1201,20.1201,2230,0
CIM_A.US,5,20260330,194500,20.31,20.31,20.31,20.31,100,0
CIM_A.US,5,20260330,200500,20.33,20.33,20.26,20.26,1016,0
CIM_A.US,5,20260330,203000,20.2836,20.2836,20.2836,20.2836,125,0
CIM_A.US,5,20260330,212500,20.14,20.14,20.14,20.14,100,0
CIM_A.US,5,20260330,213000,20.13,20.13,20.13,20.13,100,0
CIM_A.US,5,20260330,214000,20,20,20,20,100,0
CIM_A.US,5,20260330,215000,20.01,20.01,20.01,20.01,100,0
CIM_A.US,5,20260330,215500,20.15,20.15,19.8301,19.84,538,0
CIM_A.US,5,20260331,160500,20.27,20.27,20.25,20.25,292,0
CIM_A.US,5,20260331,163500,19.9414,19.9414,19.9414,19.9414,208,0
CIM_A.US,5,20260331,175500,20.42,20.42,20.23,20.23,420,0
CIM_A.US,5,20260331,192000,20.2384,20.2384,20.2384,20.2384,550,0
CIM_A.US,5,20260331,192500,20.2399,20.2399,20.2399,20.2399,600,0
CIM_A.US,5,20260331,194000,20.246,20.246,20.246,20.246,700,0
CIM_A.US,5,20260331,195000,20.2479,20.4199,20.2479,20.4199,910,0
CIM_A.US,5,20260331,195500,20.23,20.4199,20.23,20.23,651,0
CIM_A.US,5,20260331,200000,20.38,20.38,20.38,20.38,200,0
CIM_A.US,5,20260331,201500,20.38,20.42,20.0401,20.249,2591,0
CIM_A.US,5,20260331,202000,20.2517,20.55,20.2517,20.4317,1464,0
CIM_A.US,5,20260331,202500,20.54,20.6,20.54,20.6,1250,0
CIM_A.US,5,20260331,204500,20.5026,20.5026,20.5026,20.5026,250,0
CIM_A.US,5,20260331,205000,20.76,20.76,20.76,20.76,100,0
CIM_A.US,5,20260331,212000,21.02,21.06,20.48,21.06,1048,0
CIM_A.US,5,20260401,161000,20.775,20.775,20.775,20.775,680,0
CIM_A.US,5,20260401,173000,20.66,20.71,20.66,20.71,300,0
CIM_A.US,5,20260401,174500,20.78,20.78,20.778,20.778,1020,0
CIM_A.US,5,20260401,182500,20.867,20.925,20.867,20.867,500,0
CIM_A.US,5,20260401,194000,20.925,20.925,20.925,20.925,110,0
CIM_A.US,5,20260401,195000,20.8689,20.8689,20.78,20.78,450,0
CIM_A.US,5,20260401,203000,20.79,20.84,20.78,20.84,2000,0
CIM_A.US,5,20260401,203500,20.78,20.78,20.78,20.78,300,0
CIM_A.US,5,20260401,204000,20.8,20.8,20.8,20.8,100,0
CIM_A.US,5,20260401,205000,20.7,21.1,20.7,20.89,5000,0
CIM_A.US,5,20260401,213000,20.71,20.71,20.71,20.71,100,0
CIM_A.US,5,20260402,153000,20.62,20.62,20.62,20.62,279,0
CIM_A.US,5,20260402,160500,20.62,20.62,20.62,20.62,277,0
CIM_A.US,5,20260402,171500,20.765,20.765,20.765,20.765,150,0
CIM_A.US,5,20260402,173500,20.9,20.9,20.9,20.9,412,0
CIM_A.US,5,20260402,190500,20.78,20.78,20.6301,20.6301,1792,0
CIM_A.US,5,20260402,200000,20.8799,20.8799,20.8799,20.8799,480,0
CIM_A.US,5,20260402,204000,20.9,21.1,20.89,21.1,1617,0
CIM_A.US,5,20260402,204500,21.2,21.41,21.2,21.25,9162,0
CIM_A.US,5,20260402,210500,21.25,21.25,21.1,21.1,1134,0
CIM_A.US,5,20260402,211000,21.25,21.26,21.1,21.26,1343,0
CIM_A.US,5,20260402,211500,21.1,21.26,21.1,21.1683,4511,0
CIM_A.US,5,20260402,212000,21.3,21.3,21.1,21.1,4911,0
CIM_A.US,5,20260402,212500,21.2,21.2,21.2,21.2,100,0
CIM_A.US,5,20260402,215000,21.2,21.2,21.19,21.2,611,0
CIM_A.US,5,20260402,215500,21.03,21.03,21.03,21.03,168,0
CIM_A.US,5,20260406,153000,21.02,21.02,21.02,21.02,100,0
CIM_A.US,5,20260406,154000,21.4168,21.4168,21.4168,21.4168,100,0
CIM_A.US,5,20260406,163500,21.4,21.4,21.4,21.4,100,0
CIM_A.US,5,20260406,173500,21.2,21.2,21.2,21.2,1000,0
CIM_A.US,5,20260406,174500,21.21,21.21,21.21,21.21,100,0
CIM_A.US,5,20260406,175000,21.23,21.23,21.23,21.23,250,0
CIM_A.US,5,20260406,180500,21.26,21.26,21.22,21.22,200,0
CIM_A.US,5,20260406,183000,21.22,21.22,21.22,21.22,100,0
CIM_A.US,5,20260406,192000,21.5,21.5,21.5,21.5,120,0
CIM_A.US,5,20260406,193000,21.03,21.03,21.03,21.03,100,0
CIM_A.US,5,20260406,194500,21.3897,21.3897,21.3897,21.3897,150,0
CIM_A.US,5,20260406,200000,21.265,21.265,21.265,21.265,100,0
CIM_A.US,5,20260406,211500,21.265,21.265,21.265,21.265,788,0
CIM_A.US,5,20260406,215500,21.26,21.26,21.26,21.26,116,0
CIM_A.US,5,20260407,153000,21.19,21.19,21.19,21.19,100,0
CIM_A.US,5,20260407,153500,21.06,21.06,21.04,21.0548,1017,0
CIM_A.US,5,20260407,154000,21.02,21.02,21.02,21.02,250,0
CIM_A.US,5,20260407,155000,21.424,21.4974,21.4,21.4974,1140,0
CIM_A.US,5,20260407,155500,21.5,21.5,21.5,21.5,4000,0
CIM_A.US,5,20260407,171000,21.2918,21.2918,21.2918,21.2918,200,0
CIM_A.US,5,20260407,171500,21.375,21.46,21.375,21.45,561,0
CIM_A.US,5,20260407,172000,21.43,21.43,21.43,21.43,200,0
CIM_A.US,5,20260407,172500,21.3601,21.37,21.3601,21.37,200,0
CIM_A.US,5,20260407,192000,21.49,21.49,21.49,21.49,100,0
CIM_A.US,5,20260407,193500,21.45,21.48,21.45,21.48,1395,0
CIM_A.US,5,20260408,154000,21.48,21.54,21.48,21.54,300,0
CIM_A.US,5,20260408,154500,21.305,21.35,21.275,21.35,2834,0
CIM_A.US,5,20260408,155000,21.36,21.46,21,21,2483,0
CIM_A.US,5,20260408,160000,21.35,21.35,21.35,21.35,100,0
CIM_A.US,5,20260408,160500,21.487,21.487,21.487,21.487,100,0
CIM_A.US,5,20260408,161000,21.45,21.45,21.45,21.45,586,0
CIM_A.US,5,20260408,165000,21.31,21.31,21.31,21.31,100,0
CIM_A.US,5,20260408,174500,21.31,21.32,21.31,21.31,948,0
CIM_A.US,5,20260408,175500,21.31,21.31,21.31,21.31,139,0
CIM_A.US,5,20260408,185500,21.53,21.53,21.53,21.53,500,0
CIM_A.US,5,20260408,215000,21.47,21.47,21.47,21.47,100,0
CIM_A.US,5,20260409,153000,21.32,21.32,21.32,21.32,100,0
CIM_A.US,5,20260409,160500,21.4388,21.4388,21.4388,21.4388,225,0
CIM_A.US,5,20260409,164000,21.5,21.5,21.5,21.5,100,0
CIM_A.US,5,20260409,180000,21.52,21.54,21.52,21.54,475,0
CIM_A.US,5,20260409,190000,21.56,21.56,21.495,21.56,800,0
CIM_A.US,5,20260409,200000,21.7157,21.7157,21.7157,21.7157,230,0
CIM_A.US,5,20260409,203000,21.565,21.565,21.565,21.565,249,0
CIM_A.US,5,20260409,205000,21.565,21.565,21.565,21.565,1000,0
CIM_A.US,5,20260409,211500,21.57,21.57,21.57,21.57,100,0
CIM_A.US,5,20260409,215500,21.77,21.77,21.6,21.6,200,0
CIM_A.US,5,20260410,155500,21.745,21.745,21.5,21.5,6427,0
CIM_A.US,5,20260410,160500,21.37,21.37,21.37,21.37,100,0
CIM_A.US,5,20260410,161500,21.38,21.38,21.38,21.38,100,0
CIM_A.US,5,20260410,162500,21.38,21.38,21.38,21.38,100,0
CIM_A.US,5,20260410,164000,21.38,21.38,21.38,21.38,100,0
CIM_A.US,5,20260410,165000,21.8451,21.8451,21.39,21.39,300,0
CIM_A.US,5,20260410,195500,21.42,21.42,21.42,21.42,1543,0
CIM_A.US,5,20260410,205500,21.34,21.34,21.34,21.34,324,0
CIM_A.US,5,20260410,212500,21.37,21.37,21.37,21.37,100,0
CIM_A.US,5,20260410,213000,21.8571,21.8571,21.8571,21.8571,120,0
CIM_A.US,5,20260410,215500,21.75,21.75,21.75,21.75,300,0
CIM_A.US,5,20260413,155000,21.3201,21.3201,21.3201,21.3201,1015,0
CIM_A.US,5,20260413,162500,21.4301,21.4301,21.4301,21.4301,225,0
CIM_A.US,5,20260413,165500,21.7,21.7,21.7,21.7,100,0
CIM_A.US,5,20260413,170000,21.54,21.54,21.45,21.45,700,0
CIM_A.US,5,20260413,172000,21.7,21.7,21.7,21.7,150,0
CIM_A.US,5,20260413,181000,21.4439,21.4439,21.4439,21.4439,527,0
CIM_A.US,5,20260413,190000,21.7,21.7,21.7,21.7,100,0
CIM_A.US,5,20260413,194500,21.7,21.7,21.69,21.69,888,0
CIM_A.US,5,20260413,204000,21.822,21.822,21.822,21.822,1000,0
CIM_A.US,5,20260413,214500,21.635,21.635,21.635,21.635,580,0
CIM_A.US,5,20260414,160500,21.46,21.7,21.01,21.6,7884,0
CIM_A.US,5,20260414,161000,20.8101,21.4,20.8101,21.4,1300,0
CIM_A.US,5,20260414,162000,21.68,21.68,21.68,21.68,100,0
CIM_A.US,5,20260414,175500,21.78,21.78,21.78,21.78,121,0
CIM_A.US,5,20260414,180500,21.8,21.8,21.8,21.8,214,0
CIM_A.US,5,20260414,181500,21.85,21.85,21.85,21.85,1000,0
CIM_A.US,5,20260414,182000,21.79,21.85,21.79,21.85,936,0
CIM_A.US,5,20260414,183000,21.84,21.84,21.675,21.84,700,0
CIM_A.US,5,20260414,190000,21.3767,21.3767,21.3767,21.3767,270,0
CIM_A.US,5,20260414,192500,21.4105,21.4105,21.4105,21.4105,275,0
CIM_A.US,5,20260414,212000,21.95,21.95,21.95,21.95,310,0
CIM_A.US,5,20260414,214000,21.6148,21.6148,21.6148,21.6148,800,0
CIM_A.US,5,20260415,160500,21.6101,21.6101,21.61,21.6101,1000,0
CIM_A.US,5,20260415,161500,21.95,21.95,21.93,21.95,400,0
CIM_A.US,5,20260415,165500,21.93,21.93,21.93,21.93,100,0
CIM_A.US,5,20260415,172000,21.85,21.85,21.85,21.85,100,0
CIM_A.US,5,20260415,175000,21.85,21.85,21.85,21.85,100,0
CIM_A.US,5,20260415,181000,21.875,21.875,21.87,21.875,503,0
CIM_A.US,5,20260415,181500,21.9,21.9,21.9,21.9,200,0
CIM_A.US,5,20260415,182000,21.95,21.95,21.95,21.95,100,0
CIM_A.US,5,20260415,190500,21.92,21.92,21.92,21.92,726,0
CIM_A.US,5,20260415,193000,21.93,21.95,21.92,21.92,889,0
CIM_A.US,5,20260415,193500,21.92,21.92,21.92,21.92,200,0
CIM_A.US,5,20260415,201500,21.8001,21.8001,21.8001,21.8001,475,0
CIM_A.US,5,20260415,205500,21.9,21.9,21.9,21.9,200,0
CIM_A.US,5,20260415,215000,21.9,21.94,21.9,21.94,689,0
CIM_A.US,5,20260415,215500,21.87,21.87,21.87,21.87,100,0
CIM_A.US,5,20260416,153000,21.94,21.94,21.94,21.94,110,0
CIM_A.US,5,20260416,154000,21.95,21.95,21.95,21.95,100,0
CIM_A.US,5,20260416,164000,21.8415,21.8415,21.8415,21.8415,390,0
CIM_A.US,5,20260416,192000,21.83,21.84,21.83,21.83,999,0
CIM_A.US,5,20260416,201000,21.84,21.86,21.84,21.86,458,0
CIM_A.US,5,20260416,205500,21.86,21.86,21.86,21.86,108,0
CIM_A.US,5,20260416,210000,21.86,21.86,21.86,21.86,389,0
CIM_A.US,5,20260416,210500,21.76,21.76,21.7501,21.76,399,0
CIM_A.US,5,20260416,214500,21.8447,21.8447,21.8447,21.8447,108,0
CIM_A.US,5,20260417,155500,21.87,21.87,21.87,21.87,200,0
CIM_A.US,5,20260417,163000,21.7748,21.7748,21.7748,21.7748,100,0
CIM_A.US,5,20260417,164000,21.93,21.93,21.93,21.93,100,0
CIM_A.US,5,20260417,165000,21.95,21.95,21.93,21.9499,7482,0
CIM_A.US,5,20260417,174500,21.9509,21.9509,21.9509,21.9509,401,0
CIM_A.US,5,20260417,183000,22,22,22,22,100,0
CIM_A.US,5,20260417,185500,21.82,21.82,21.82,21.82,200,0
CIM_A.US,5,20260417,193500,21.9978,21.9978,21.9978,21.9978,750,0
CIM_A.US,5,20260417,215500,21.89,21.89,21.89,21.89,100,0
CIM_A.US,5,20260420,163000,21.93,21.93,21.93,21.93,100,0
CIM_A.US,5,20260420,165500,21.87,21.87,21.87,21.87,100,0
CIM_A.US,5,20260420,174000,21.85,21.85,21.85,21.85,100,0
CIM_A.US,5,20260420,175000,21.76,21.84,21.69,21.76,1959,0
CIM_A.US,5,20260420,181000,21.84,22,21.84,21.99,1489,0
CIM_A.US,5,20260420,191500,21.885,21.885,21.885,21.885,388,0
CIM_A.US,5,20260420,192500,21.82,22,21.82,21.88,500,0
CIM_A.US,5,20260420,194500,21.9067,21.9067,21.9067,21.9067,194,0
CIM_A.US,5,20260420,205000,21.9999,21.9999,21.9999,21.9999,1000,0
CIM_A.US,5,20260420,214500,21.99,21.99,21.97,21.97,377,0
CIM_A.US,5,20260420,215000,21.9053,21.9053,21.9053,21.9053,534,0
CIM_A.US,5,20260421,153000,21.9,21.9,21.9,21.9,100,0
CIM_A.US,5,20260421,163500,21.6876,21.6876,21.6876,21.6876,500,0
CIM_A.US,5,20260421,185500,21.9999,21.9999,21.9999,21.9999,1000,0
CIM_A.US,5,20260421,190500,21.9,21.9,21.9,21.9,118,0
CIM_A.US,5,20260421,191000,21.9,21.95,21.83,21.83,936,0
CIM_A.US,5,20260421,201500,21.83,21.83,21.83,21.83,1365,0
CIM_A.US,5,20260421,212000,21.9114,21.915,21.9114,21.915,410,0
CIM_A.US,5,20260421,215500,21.93,21.93,21.93,21.93,100,0
CIM_A.US,5,20260422,153000,21.93,21.93,21.93,21.93,201,0
CIM_A.US,5,20260422,153500,21.92,21.92,21.92,21.92,193,0
CIM_A.US,5,20260422,154500,21.955,21.955,21.955,21.955,175,0
CIM_A.US,5,20260422,161000,21.825,21.825,21.825,21.825,2000,0
CIM_A.US,5,20260422,163000,21.825,21.825,21.72,21.72,300,0
CIM_A.US,5,20260422,163500,21.75,21.75,21.68,21.68,300,0
CIM_A.US,5,20260422,164500,21.6501,21.825,21.6501,21.825,1200,0
CIM_A.US,5,20260422,170500,21.7501,21.7501,21.7501,21.7501,324,0
CIM_A.US,5,20260422,172000,21.9,21.9,21.9,21.9,450,0
CIM_A.US,5,20260422,190000,21.785,21.785,21.77,21.78,300,0
CIM_A.US,5,20260423,153000,21.84,21.84,21.84,21.84,100,0
CIM_A.US,5,20260423,160500,21.8,21.8,21.8,21.8,850,0
CIM_A.US,5,20260423,163000,21.765,21.765,21.6863,21.69,2865,0
CIM_A.US,5,20260423,163500,21.7,21.765,21.6501,21.6501,1840,0
CIM_A.US,5,20260423,165500,21.7594,21.7594,21.7594,21.7594,550,0
CIM_A.US,5,20260423,185000,21.8136,21.8136,21.8136,21.8136,375,0
CIM_A.US,5,20260423,190000,21.8072,21.8072,21.8072,21.8072,250,0
CIM_A.US,5,20260424,153000,21.84,21.84,21.8,21.8,501,0
CIM_A.US,5,20260424,174500,21.7792,21.7792,21.7792,21.7792,298,0
CIM_A.US,5,20260424,181000,21.75,21.75,21.75,21.75,200,0
CIM_A.US,5,20260424,184500,21.745,21.745,21.745,21.745,100,0
CIM_A.US,5,20260424,190500,21.79,21.82,21.79,21.82,345,0
CIM_A.US,5,20260424,192000,21.68,21.68,21.595,21.595,1892,0
CIM_A.US,5,20260424,192500,21.595,21.6358,21.595,21.6358,200,0
CIM_A.US,5,20260424,195000,21.6799,21.6799,21.6799,21.6799,100,0
CIM_A.US,5,20260424,210500,21.595,21.595,21.595,21.595,200,0
CIM_A.US,5,20260424,211000,21.595,21.595,21.595,21.595,400,0
CIM_A.US,5,20260424,213000,21.59,21.59,21.59,21.59,100,0
CIM_A.US,5,20260424,215500,21.59,21.59,21.59,21.59,315,0
CIM_A.US,5,20260427,163000,21.59,21.6,21.59,21.6,556,0
CIM_A.US,5,20260427,174500,21.6778,21.6778,21.6778,21.6778,300,0
CIM_A.US,5,20260427,191500,21.7785,21.7785,21.7785,21.7785,2000,0
CIM_A.US,5,20260427,193500,21.7206,21.7206,21.7206,21.7206,1000,0
CIM_A.US,5,20260427,195000,21.725,21.725,21.725,21.725,230,0
CIM_A.US,5,20260427,203500,21.725,21.725,21.725,21.725,500,0
CIM_A.US,5,20260427,204500,21.8,21.8,21.8,21.8,1000,0
CIM_A.US,5,20260427,205000,21.725,21.725,21.725,21.725,500,0
CIM_A.US,5,20260427,210500,21.77,21.77,21.725,21.725,411,0
CIM_A.US,5,20260427,211000,21.72,21.72,21.72,21.72,500,0
CIM_A.US,5,20260427,212000,21.78,21.8,21.74,21.74,926,0
CIM_A.US,5,20260427,213000,21.725,21.725,21.725,21.725,100,0
CIM_A.US,5,20260428,154000,21.65,21.65,21.64,21.64,200,0
CIM_A.US,5,20260428,154500,21.615,21.64,21.615,21.6395,1212,0
CIM_A.US,5,20260428,155000,21.6395,21.64,21.6395,21.64,901,0
CIM_A.US,5,20260428,160500,21.6361,21.6361,21.6361,21.6361,152,0
CIM_A.US,5,20260428,162000,21.6375,21.6375,21.6375,21.6375,200,0
CIM_A.US,5,20260428,162500,21.59,21.59,21.59,21.59,1000,0
CIM_A.US,5,20260428,163000,21.5901,21.85,21.5901,21.85,1601,0
CIM_A.US,5,20260428,163500,21.72,21.72,21.72,21.72,125,0
CIM_A.US,5,20260428,184500,21.75,21.75,21.67,21.75,1630,0
CIM_A.US,5,20260428,192000,21.72,21.72,21.72,21.72,100,0
CIM_A.US,5,20260428,213000,21.6,21.6,21.6,21.6,378,0
CIM_A.US,5,20260429,165500,21.61,21.68,21.61,21.68,2200,0
CIM_A.US,5,20260429,173000,21.61,21.62,21.59,21.59,1920,0
CIM_A.US,5,20260429,175000,21.55,21.601,21.55,21.601,1900,0
CIM_A.US,5,20260429,182500,21.6999,21.6999,21.6999,21.6999,400,0
CIM_A.US,5,20260429,193500,21.65,21.6789,21.605,21.6789,801,0
CIM_A.US,5,20260429,204500,21.605,21.605,21.605,21.605,105,0
CIM_A.US,5,20260429,213500,21.614,21.614,21.614,21.614,750,0
CIM_A.US,5,20260429,215500,21.6144,21.6144,21.6144,21.6144,550,0
CIM_A.US,5,20260430,153000,21.57,21.57,21.5,21.5,407,0
CIM_A.US,5,20260430,163500,21.5,21.5,21.32,21.32,3297,0
CIM_A.US,5,20260430,164500,21.4191,21.4191,21.4191,21.4191,100,0
CIM_A.US,5,20260430,172500,21.395,21.395,21.395,21.395,200,0
CIM_A.US,5,20260430,174000,21.47,21.48,21.47,21.4799,684,0
CIM_A.US,5,20260430,182000,21.48,21.48,21.48,21.48,200,0
CIM_A.US,5,20260430,185500,21.5576,21.5576,21.5576,21.5576,576,0
CIM_A.US,5,20260430,190000,21.56,21.56,21.56,21.56,500,0
CIM_A.US,5,20260430,194500,21.6602,21.6602,21.6602,21.6602,100,0
CIM_A.US,5,20260430,204000,21.5535,21.5535,21.5535,21.5535,589,0
CIM_A.US,5,20260430,214000,21.5999,21.5999,21.48,21.5999,500,0
CIM_A.US,5,20260501,153000,21.55,21.55,21.55,21.55,626,0
CIM_A.US,5,20260501,153500,21.59,21.59,21.59,21.59,463,0
CIM_A.US,5,20260501,155500,21.6803,21.6803,21.6803,21.6803,125,0
CIM_A.US,5,20260501,164000,21.68,21.68,21.68,21.68,100,0
CIM_A.US,5,20260501,170000,21.7,21.7,21.7,21.7,400,0
CIM_A.US,5,20260501,174000,21.7,21.7,21.6999,21.6999,600,0
CIM_A.US,5,20260501,180000,21.69,21.69,21.68,21.6801,2071,0
CIM_A.US,5,20260501,180500,21.69,21.7,21.69,21.7,680,0
CIM_A.US,5,20260501,182500,21.69,21.69,21.69,21.69,280,0
CIM_A.US,5,20260501,184500,21.69,21.69,21.69,21.69,200,0
CIM_A.US,5,20260501,185500,21.68,21.68,21.68,21.68,200,0
CIM_A.US,5,20260501,191500,21.655,21.7,21.655,21.7,900,0
CIM_A.US,5,20260501,193000,21.65,21.65,21.65,21.65,276,0
CIM_A.US,5,20260501,204000,21.65,21.65,21.65,21.65,100,0
CIM_A.US,5,20260504,153000,21.7,21.7,21.65,21.65,362,0
CIM_A.US,5,20260504,162500,21.6301,21.6301,21.36,21.63,4121,0
CIM_A.US,5,20260504,180500,21.48,21.48,21.48,21.48,100,0
CIM_A.US,5,20260504,184500,21.52,21.52,21.52,21.52,100,0
CIM_A.US,5,20260504,185000,21.52,21.5599,21.52,21.5348,800,0
CIM_A.US,5,20260504,190500,21.53,21.53,21.53,21.53,500,0
CIM_A.US,5,20260504,192000,21.525,21.525,21.525,21.525,100,0
CIM_A.US,5,20260504,193000,21.52,21.52,21.52,21.52,100,0
CIM_A.US,5,20260504,201000,21.52,21.52,21.42,21.42,1100,0
CIM_A.US,5,20260505,161000,21.41,21.41,21.41,21.41,100,0
CIM_A.US,5,20260505,162000,21.55,21.55,21.55,21.55,100,0
CIM_A.US,5,20260505,163000,21.55,21.55,21.4,21.4,752,0
CIM_A.US,5,20260505,163500,21.38,21.4,21.38,21.4,400,0
CIM_A.US,5,20260505,164500,21.3999,21.3999,21.3999,21.3999,150,0
CIM_A.US,5,20260505,170000,21.36,21.36,21.36,21.36,600,0
CIM_A.US,5,20260505,170500,21.33,21.33,21.33,21.33,100,0
CIM_A.US,5,20260505,171000,21.33,21.33,21.33,21.33,292,0
CIM_A.US,5,20260505,175000,21.325,21.325,21.325,21.325,400,0
CIM_A.US,5,20260505,175500,21.25,21.25,21.25,21.25,400,0
CIM_A.US,5,20260505,192000,21.25,21.25,21.25,21.25,500,0
CIM_A.US,5,20260505,193500,21.3999,21.4,21.3999,21.4,1247,0
CIM_A.US,5,20260505,202500,21.1501,21.1501,21.1501,21.1501,518,0
CIM_A.US,5,20260505,204500,21.25,21.25,21.2449,21.2449,2000,0
CIM_A.US,5,20260505,214500,21.27,21.27,21.27,21.27,100,0
CIM_A.US,5,20260506,170000,21.3,21.3,21.285,21.2925,1825,0
CIM_A.US,5,20260506,170500,21.27,21.27,21.27,21.27,1780,0
CIM_A.US,5,20260506,172000,21.38,21.5799,21.38,21.38,1950,0
CIM_A.US,5,20260506,185000,21.4,21.4,21.4,21.4,100,0
CIM_A.US,5,20260506,201000,21.425,21.425,21.425,21.425,200,0
CIM_A.US,5,20260506,204500,21.57,21.57,21.57,21.57,232,0
CIM_A.US,5,20260506,212000,21.415,21.415,21.405,21.405,775,0
CIM_A.US,5,20260507,153000,21.58,21.58,21.58,21.58,100,0
CIM_A.US,5,20260507,160500,21.55,21.55,21.55,21.55,100,0
CIM_A.US,5,20260507,171500,21.445,21.445,21.445,21.445,100,0
CIM_A.US,5,20260507,173500,21.3624,21.3624,21.3624,21.3624,169,0
CIM_A.US,5,20260507,184000,21.415,21.415,21.415,21.415,252,0
CIM_A.US,5,20260507,200500,21.5299,21.5299,21.5299,21.5299,100,0
CIM_A.US,5,20260507,212000,21.5,21.5,21.5,21.5,200,0
CIM_A.US,5,20260507,212500,21.43,21.45,21.43,21.45,490,0
CIM_A.US,5,20260507,213000,21.35,21.35,21.35,21.35,960,0
CIM_A.US,5,20260508,164000,21.48,21.48,21.48,21.48,100,0
CIM_A.US,5,20260508,174000,21.58,21.58,21.58,21.58,200,0
CIM_A.US,5,20260508,180000,21.57,21.57,21.54,21.57,800,0
CIM_A.US,5,20260508,181000,21.58,21.58,21.56,21.56,240,0
CIM_A.US,5,20260508,182500,21.5001,21.5001,21.5001,21.5001,744,0
CIM_A.US,5,20260508,184000,21.53,21.53,21.53,21.53,325,0
CIM_A.US,5,20260508,185000,21.5001,21.5001,21.5001,21.5001,250,0
CIM_A.US,5,20260508,195000,21.53,21.5301,21.48,21.48,693,0
CIM_A.US,5,20260508,195500,21.4714,21.4714,21.47,21.4701,500,0
CIM_A.US,5,20260508,200000,21.47,21.47,21.4565,21.4565,532,0
CIM_A.US,5,20260508,213000,21.47,21.47,21.47,21.47,165,0
CIM_A.US,5,20260508,215500,21.55,21.57,21.55,21.57,450,0
CIM_A.US,5,20260511,153000,21.64,21.64,21.64,21.64,100,0
CIM_A.US,5,20260511,161000,21.63,21.63,21.63,21.63,100,0
CIM_A.US,5,20260511,172500,21.65,21.65,21.65,21.65,140,0
CIM_A.US,5,20260511,180000,21.63,21.63,21.63,21.63,600,0
CIM_A.US,5,20260511,182500,21.51,21.58,21.49,21.58,1706,0
CIM_A.US,5,20260511,183000,21.59,21.59,21.58,21.58,770,0
CIM_A.US,5,20260511,192000,21.48,21.48,21.43,21.43,4990,0
CIM_A.US,5,20260511,192500,21.39,21.39,21.39,21.39,193,0
CIM_A.US,5,20260511,193000,21.335,21.39,21.335,21.3899,400,0
CIM_A.US,5,20260511,193500,21.3301,21.3301,21.3301,21.3301,400,0
CIM_A.US,5,20260511,195000,21.345,21.345,21.345,21.345,200,0
CIM_A.US,5,20260511,195500,21.39,21.39,21.345,21.345,375,0
CIM_A.US,5,20260511,200000,21.5,21.5,21.5,21.5,500,0
CIM_A.US,5,20260511,213000,21.5099,21.5099,21.5099,21.5099,600,0
CIM_A.US,5,20260511,214500,21.4,21.4,21.4,21.4,1000,0
CIM_A.US,5,20260511,215500,21.55,21.55,21.55,21.55,100,0
CIM_A.US,5,20260512,164000,21.568,21.568,21.568,21.568,120,0
CIM_A.US,5,20260512,171500,21.56,21.6249,21.56,21.6249,200,0
CIM_A.US,5,20260512,173500,21.551,21.551,21.551,21.551,450,0
CIM_A.US,5,20260512,175500,21.625,21.625,21.625,21.625,100,0
CIM_A.US,5,20260512,181000,21.625,21.625,21.625,21.625,100,0
CIM_A.US,5,20260512,182500,21.65,21.65,21.65,21.65,846,0
CIM_A.US,5,20260512,185000,21.61,21.61,21.43,21.515,1778,0
CIM_A.US,5,20260512,191500,21.589,21.6999,21.478,21.478,2091,0
CIM_A.US,5,20260512,200000,21.525,21.55,21.525,21.55,600,0
CIM_A.US,5,20260512,210000,21.65,21.65,21.555,21.555,2473,0
CIM_A.US,5,20260512,211500,21.5593,21.5593,21.5593,21.5593,2700,0
CIM_A.US,5,20260513,153000,21.53,21.53,21.53,21.53,100,0
CIM_A.US,5,20260513,163500,21.51,21.51,21.51,21.51,103,0
CIM_A.US,5,20260513,165500,21.505,21.51,21.324,21.324,1161,0
CIM_A.US,5,20260513,170000,21.31,21.31,21.31,21.31,1987,0
CIM_A.US,5,20260513,171500,21.6146,21.6146,21.6146,21.6146,100,0
CIM_A.US,5,20260513,172500,21.52,21.52,21.52,21.52,100,0
CIM_A.US,5,20260513,173500,21.68,21.6999,21.51,21.6999,600,0
CIM_A.US,5,20260513,174000,21.67,21.7,21.64,21.69,1801,0
CIM_A.US,5,20260513,213500,21.555,21.555,21.555,21.555,200,0
CIM_A.US,5,20260513,214000,21.61,21.61,21.61,21.61,121,0
CIM_A.US,5,20260513,214500,21.615,21.615,21.615,21.615,314,0
CIM_A.US,5,20260514,163000,21.64,21.64,21.64,21.64,260,0
CIM_A.US,5,20260514,170000,21.7499,21.75,21.7499,21.75,300,0
CIM_A.US,5,20260514,170500,21.76,21.76,21.75,21.75,400,0
CIM_A.US,5,20260514,184500,21.75,21.75,21.71,21.71,642,0
CIM_A.US,5,20260514,203000,21.75,21.75,21.75,21.75,200,0
CIM_A.US,5,20260514,214500,21.75,21.75,21.75,21.75,2000,0
CIM_A.US,5,20260514,215000,21.82,21.83,21.76,21.83,2000,0
CIM_A.US,5,20260515,153000,21.8,21.8,21.8,21.8,1006,0
CIM_A.US,5,20260515,160500,21.75,21.75,21.75,21.75,100,0
CIM_A.US,5,20260515,174000,21.76,21.76,21.76,21.76,235,0
CIM_A.US,5,20260515,182000,21.8399,21.8399,21.78,21.83,1810,0
CIM_A.US,5,20260515,183500,21.795,21.84,21.795,21.84,1253,0
CIM_A.US,5,20260515,191500,21.77,21.77,21.77,21.77,100,0
CIM_A.US,5,20260515,201500,21.7854,21.7854,21.7854,21.7854,100,0
CIM_A.US,5,20260515,214000,21.7301,21.7301,21.7301,21.7301,600,0
CIM_A.US,5,20260515,215000,21.8,21.8,21.8,21.8,100,0
CIM_A.US,5,20260518,153000,21.73,21.73,21.73,21.73,229,0
CIM_A.US,5,20260518,174000,21.84,21.84,21.7999,21.7999,1470,0
CIM_A.US,5,20260518,181500,21.83,21.86,21.83,21.8599,1735,0
CIM_A.US,5,20260518,182000,21.86,21.86,21.8599,21.86,500,0
CIM_A.US,5,20260518,185000,21.86,21.86,21.86,21.86,178,0
CIM_A.US,5,20260518,185500,21.87,21.89,21.87,21.89,2878,0
CIM_A.US,5,20260518,203500,21.88,21.88,21.86,21.86,599,0
CIM_A.US,5,20260519,153000,21.85,21.85,21.85,21.85,101,0
CIM_A.US,5,20260519,154000,21.75,21.76,21.75,21.75,1400,0
CIM_A.US,5,20260519,154500,21.75,21.75,21.75,21.75,600,0
CIM_A.US,5,20260519,161000,21.75,21.75,21.75,21.75,100,0
CIM_A.US,5,20260519,180000,21.82,21.82,21.82,21.82,690,0
CIM_A.US,5,20260519,181000,21.85,21.86,21.84,21.86,2787,0
CIM_A.US,5,20260519,181500,21.86,21.86,21.86,21.86,200,0
CIM_A.US,5,20260519,182000,21.85,21.85,21.85,21.85,100,0
CIM_A.US,5,20260519,183500,21.855,21.86,21.855,21.86,221,0
CIM_A.US,5,20260519,184000,21.89,21.89,21.88,21.88,1458,0
CIM_A.US,5,20260519,191000,21.96,21.96,21.89,21.89,617,0
CIM_A.US,5,20260519,193500,21.98,21.9959,21.945,21.975,980,0
CIM_A.US,5,20260519,194500,21.975,21.975,21.975,21.975,200,0
CIM_A.US,5,20260519,195000,21.975,21.975,21.975,21.975,200,0
CIM_A.US,5,20260519,195500,21.975,21.975,21.975,21.975,100,0
CIM_A.US,5,20260519,200500,21.99,21.99,21.95,21.95,500,0
CIM_A.US,5,20260519,201000,22,22.1899,22,22,900,0
CIM_A.US,5,20260519,201500,22.1869,22.1869,21.95,21.95,795,0
CIM_A.US,5,20260519,202500,21.95,22.1679,21.95,21.95,1207,0
CIM_A.US,5,20260519,204500,21.9921,22.07,21.9921,22.07,795,0
CIM_A.US,5,20260519,212000,22.03,22.03,22.03,22.03,200,0
CIM_A.US,5,20260519,213500,22.025,22.025,22.025,22.025,200,0
CIM_A.US,5,20260519,215500,22.09,22.09,22.09,22.09,100,0
CIM_A.US,5,20260520,153000,22.16,22.19,22.01,22.01,300,0
CIM_A.US,5,20260520,154000,22.1,22.1,22.1,22.1,150,0
CIM_A.US,5,20260520,160000,22.1,22.1,22.05,22.05,1550,0
CIM_A.US,5,20260520,160500,22.195,22.195,22.195,22.195,499,0
CIM_A.US,5,20260520,161000,22.09,22.12,22.09,22.12,799,0
CIM_A.US,5,20260520,161500,22.12,22.12,22.12,22.12,100,0
CIM_A.US,5,20260520,163500,22.1415,22.1415,22.1415,22.1415,200,0
CIM_A.US,5,20260520,164000,22.09,22.09,22.09,22.09,300,0
CIM_A.US,5,20260520,164500,22.2,22.2,22.11,22.11,400,0
CIM_A.US,5,20260520,172500,22.4999,22.4999,22.2601,22.2601,620,0
CIM_A.US,5,20260520,173000,22.2601,22.2601,22.2601,22.2601,100,0
CIM_A.US,5,20260520,174000,22.44,22.44,22.38,22.38,300,0
CIM_A.US,5,20260520,174500,22.4,22.4,22.4,22.4,223,0
CIM_A.US,5,20260520,180000,22.1184,22.1184,22.1184,22.1184,500,0
CIM_A.US,5,20260520,181500,22.35,22.35,22.35,22.35,100,0
CIM_A.US,5,20260520,183000,22.35,22.35,22.35,22.35,300,0
CIM_A.US,5,20260520,184500,22.3056,22.3056,22.3056,22.3056,500,0
CIM_A.US,5,20260520,203000,22.275,22.275,22.275,22.275,100,0
CIM_A.US,5,20260520,204000,22.275,22.275,22.275,22.275,100,0
CIM_A.US,5,20260520,205500,22.2876,22.2876,22.2876,22.2876,450,0
CIM_A.US,5,20260520,214000,22.2857,22.2857,22.2857,22.2857,100,0
CIM_A.US,5,20260520,215500,22.35,22.35,22.3499,22.3499,1000,0
CIM_A.US,5,20260521,162000,22.275,22.3,22.275,22.3,1549,0
CIM_A.US,5,20260521,162500,22.2557,22.35,22.2557,22.35,500,0
CIM_A.US,5,20260521,164000,22.3104,22.3104,22.3104,22.3104,109,0
CIM_A.US,5,20260521,170000,22.3,22.3,22.3,22.3,819,0
CIM_A.US,5,20260521,171000,22.3,22.3,22.275,22.275,200,0
CIM_A.US,5,20260521,172000,22.29,22.29,22.29,22.29,175,0
CIM_A.US,5,20260521,172500,22.2501,22.2501,22.2501,22.2501,200,0
CIM_A.US,5,20260521,182000,22.3499,22.3499,22.3499,22.3499,422,0
CIM_A.US,5,20260521,183500,22.305,22.305,22.305,22.305,146,0
CIM_A.US,5,20260521,184000,22.35,22.35,22.35,22.35,550,0
CIM_A.US,5,20260521,193500,22.395,22.395,22.3501,22.379,599,0
CIM_A.US,5,20260521,200000,22.44,22.44,22.44,22.44,200,0
CIM_A.US,5,20260521,200500,22.42,22.42,22.42,22.42,155,0
CIM_A.US,5,20260521,201000,22.42,22.42,22.42,22.42,100,0
CIM_A.US,5,20260521,201500,22.4899,22.4899,22.4899,22.4899,196,0
CIM_A.US,5,20260521,202000,22.42,22.42,22.42,22.42,100,0
CIM_A.US,5,20260521,202500,22.35,22.35,22.35,22.35,224,0
CIM_A.US,5,20260521,203000,22.4899,22.4899,22.4899,22.4899,400,0
CIM_A.US,5,20260521,204000,22.4443,22.4443,22.4443,22.4443,448,0
CIM_A.US,5,20260521,211000,22.35,22.45,22.35,22.45,407,0
CIM_A.US,5,20260521,212500,22.45,22.45,22.4499,22.4499,400,0
CIM_A.US,5,20260521,213500,22.45,22.45,22.36,22.4001,1660,0
CIM_A.US,5,20260521,214000,22.4,22.4,22.4,22.4,1200,0
CIM_A.US,5,20260521,214500,22.3974,22.3974,22.3974,22.3974,743,0
CIM_A.US,5,20260521,215000,22.405,22.405,22.405,22.405,100,0
CIM_A.US,5,20260521,215500,22.4499,22.45,22.35,22.42,1066,0
CIM_A.US,5,20260522,153000,22.42,22.42,22.42,22.42,100,0
CIM_A.US,5,20260522,154500,22.42,22.42,22.42,22.42,1000,0
CIM_A.US,5,20260522,155500,22.44,22.52,22.44,22.52,700,0
CIM_A.US,5,20260522,172500,22.54,22.55,22.54,22.55,943,0
CIM_A.US,5,20260522,173000,22.63,22.63,22.63,22.63,200,0
CIM_A.US,5,20260522,175000,22.54,22.54,22.54,22.54,100,0
CIM_A.US,5,20260522,175500,22.63,22.63,22.63,22.63,200,0
CIM_A.US,5,20260522,180500,22.65,22.65,22.5401,22.595,900,0
CIM_A.US,5,20260522,181000,22.5421,22.5421,22.5421,22.5421,200,0
CIM_A.US,5,20260522,183000,22.59,22.59,22.59,22.59,100,0
CIM_A.US,5,20260522,183500,22.54,22.54,22.54,22.54,249,0
CIM_A.US,5,20260522,185000,22.515,22.515,22.515,22.515,133,0
CIM_A.US,5,20260522,191500,22.5,22.5,22.5,22.5,300,0
CIM_A.US,5,20260522,194500,22.46,22.46,22.46,22.46,400,0
CIM_A.US,5,20260522,204500,22.46,22.46,22.46,22.46,385,0
CIM_A.US,5,20260522,210000,22.45,22.45,22.45,22.45,1500,0
CIM_A.US,5,20260522,211000,22.53,22.53,22.53,22.53,128,0
CIM_A.US,5,20260522,212000,22.4892,22.4892,22.4892,22.4892,1327,0
CIM_A.US,5,20260522,215000,22.52,22.52,22.52,22.52,156,0
CIM_A.US,5,20260522,215500,22.52,22.52,22.52,22.52,122,0
CIM_A.US,5,20260526,161000,22.66,22.66,22.66,22.66,100,0
CIM_A.US,5,20260526,161500,22.6599,22.6599,22.58,22.58,700,0
CIM_A.US,5,20260526,165500,22.59,22.59,22.59,22.59,300,0
CIM_A.US,5,20260526,171500,22.95,22.95,22.62,22.62,1193,0
CIM_A.US,5,20260526,192000,22.79,22.79,22.66,22.66,400,0
CIM_A.US,5,20260526,202000,22.7425,22.7425,22.7425,22.7425,212,0
CIM_A.US,5,20260526,202500,22.7,22.71,22.7,22.71,300,0
CIM_A.US,5,20260526,203000,22.7169,22.7169,22.7169,22.7169,500,0
CIM_A.US,5,20260526,203500,22.75,22.75,22.7398,22.75,1080,0
CIM_A.US,5,20260526,214000,22.8292,22.86,22.75,22.75,1822,0
CIM_A.US,5,20260526,215000,22.77,22.77,22.77,22.77,100,0
CIM_A.US,5,20260526,215500,22.75,22.75,22.75,22.75,100,0
CIM_A.US,5,20260527,163000,22.71,22.71,22.71,22.71,100,0
CIM_A.US,5,20260527,165500,22.58,22.58,22.58,22.58,100,0
CIM_A.US,5,20260527,171000,22.5823,22.5823,22.5823,22.5823,100,0
CIM_A.US,5,20260527,175000,22.6,22.6,22.6,22.6,400,0
CIM_A.US,5,20260527,180000,22.59,22.59,22.55,22.59,3700,0
CIM_A.US,5,20260527,180500,22.6123,22.6123,22.6123,22.6123,100,0
CIM_A.US,5,20260527,181500,22.62,22.62,22.62,22.62,100,0
CIM_A.US,5,20260527,183500,22.65,22.65,22.65,22.65,100,0
CIM_A.US,5,20260527,193000,22.65,22.65,22.65,22.65,400,0
CIM_A.US,5,20260527,194500,22.7,22.7,22.7,22.7,300,0
CIM_A.US,5,20260527,200000,22.8322,22.8322,22.8322,22.8322,192,0
CIM_A.US,5,20260527,201500,22.745,22.745,22.745,22.745,300,0
CIM_A.US,5,20260527,205500,22.8307,22.8307,22.8307,22.8307,154,0
CIM_A.US,5,20260527,210000,22.55,22.55,22.55,22.55,100,0
CIM_A.US,5,20260527,211000,22.55,22.8399,22.55,22.8399,322,0
CIM_A.US,5,20260527,211500,22.58,22.58,22.58,22.58,100,0
CIM_A.US,5,20260527,213500,22.85,22.85,22.61,22.61,799,0
CIM_A.US,5,20260527,214000,22.725,22.725,22.725,22.725,219,0
CIM_A.US,5,20260527,214500,22.61,22.61,22.61,22.61,100,0
CIM_A.US,5,20260528,153000,22.6,22.6,22.6,22.6,581,0
CIM_A.US,5,20260528,153500,22.51,22.51,22.51,22.51,100,0
CIM_A.US,5,20260528,154500,22.55,22.55,22.55,22.55,1000,0
CIM_A.US,5,20260528,155000,22.46,22.46,22.46,22.46,1499,0
CIM_A.US,5,20260528,181500,22.46,22.515,22.46,22.515,900,0
CIM_A.US,5,20260528,182000,22.54,22.54,22.5,22.5,350,0
CIM_A.US,5,20260528,193000,22.5,22.5,22.5,22.5,400,0
CIM_A.US,5,20260528,202000,22.5,22.5,22.5,22.5,500,0
CIM_A.US,5,20260528,213500,22.51,22.51,22.5,22.5,1260,0
CIM_A.US,5,20260528,214000,22.55,22.55,22.55,22.55,100,0
CIM_A.US,5,20260528,215000,22.46,22.46,22.46,22.46,100,0
CIM_A.US,5,20260529,153000,22.4,22.42,22.387,22.387,1048,0
CIM_A.US,5,20260529,153500,22.395,22.395,22.395,22.395,300,0
CIM_A.US,5,20260529,154000,22.3,22.34,22.3,22.34,439,0
CIM_A.US,5,20260529,154500,22.3,22.3,22.3,22.3,200,0
CIM_A.US,5,20260529,155000,22.35,22.35,22.35,22.35,500,0
CIM_A.US,5,20260529,162500,22.27,22.27,22.25,22.27,2183,0
CIM_A.US,5,20260529,163000,22.27,22.27,22.27,22.27,500,0
CIM_A.US,5,20260529,170500,22.3,22.3,22.3,22.3,150,0
CIM_A.US,5,20260529,172000,22.3,22.3,22.3,22.3,200,0
CIM_A.US,5,20260529,174500,22.31,22.31,22.31,22.31,100,0
CIM_A.US,5,20260529,180000,22.32,22.32,22.32,22.32,100,0
CIM_A.US,5,20260529,182000,22.28,22.28,22.25,22.25,300,0
CIM_A.US,5,20260529,184000,22.3,22.3,22.3,22.3,300,0
CIM_A.US,5,20260529,185500,22.27,22.27,22.27,22.27,150,0
CIM_A.US,5,20260529,191500,22.25,22.25,22.25,22.25,500,0
CIM_A.US,5,20260529,195000,22.11,22.11,22.11,22.11,200,0
CIM_A.US,5,20260529,200500,22.12,22.12,22.12,22.12,200,0
CIM_A.US,5,20260529,201000,22.12,22.12,22.12,22.12,100,0
CIM_A.US,5,20260529,201500,22.12,22.12,22.05,22.05,400,0
CIM_A.US,5,20260529,202000,22.14,22.14,22.14,22.14,200,0
CIM_A.US,5,20260529,202500,22.14,22.16,22.14,22.16,400,0
CIM_A.US,5,20260529,203500,22.17,22.18,22.17,22.18,400,0
CIM_A.US,5,20260529,204000,22.15,22.15,22.14,22.14,200,0
CIM_A.US,5,20260529,205000,22.15,22.15,22.15,22.15,200,0
CIM_A.US,5,20260529,205500,22.17,22.17,22.17,22.17,200,0
CIM_A.US,5,20260529,210000,22.17,22.17,22.17,22.17,300,0
CIM_A.US,5,20260529,210500,22.15,22.16,22.15,22.16,400,0
CIM_A.US,5,20260529,211000,22.16,22.16,22.16,22.16,200,0
CIM_A.US,5,20260529,211500,22.16,22.16,22.16,22.16,200,0
CIM_A.US,5,20260529,212000,22.16,22.16,22.16,22.16,200,0
CIM_A.US,5,20260529,213000,22.16,22.16,22.16,22.16,300,0
CIM_A.US,5,20260529,213500,22.175,22.175,22.16,22.16,400,0
CIM_A.US,5,20260529,214000,22.16,22.16,22.16,22.16,200,0
CIM_A.US,5,20260529,214500,22.16,22.16,22.16,22.16,400,0
CIM_A.US,5,20260529,215000,22.11,22.11,22.06,22.07,3289,0
CIM_A.US,5,20260529,215500,22.06,22.2,22.05,22.2,1834,0
CIM_A.US,5,20260601,153000,21.52,21.52,21.52,21.52,1651,0
CIM_A.US,5,20260601,154000,21.65,21.65,21.65,21.65,175,0
CIM_A.US,5,20260601,155000,21.57,21.57,21.57,21.57,400,0
CIM_A.US,5,20260601,160000,21.57,21.57,21.57,21.57,100,0
CIM_A.US,5,20260601,162500,21.52,21.52,21.52,21.52,144,0
CIM_A.US,5,20260601,165000,21.575,21.575,21.575,21.575,593,0
CIM_A.US,5,20260601,165500,21.575,21.575,21.575,21.575,2300,0
CIM_A.US,5,20260601,170000,21.575,21.65,21.575,21.5945,3044,0
CIM_A.US,5,20260601,170500,21.52,21.52,21.52,21.52,349,0
CIM_A.US,5,20260601,172000,21.5343,21.5343,21.5343,21.5343,441,0
CIM_A.US,5,20260601,174500,21.64,21.99,21.64,21.99,2925,0
CIM_A.US,5,20260601,185500,21.9499,21.9499,21.9499,21.9499,1300,0
CIM_A.US,5,20260601,190500,21.53,21.53,21.53,21.53,500,0
CIM_A.US,5,20260601,194500,21.54,21.54,21.54,21.54,600,0
CIM_A.US,5,20260601,202500,21.7351,21.7351,21.7351,21.7351,1100,0
CIM_A.US,5,20260601,213000,21.73,21.73,21.72,21.72,391,0
CIM_A.US,5,20260601,213500,21.71,21.71,21.625,21.625,200,0
CIM_A.US,5,20260601,214000,21.72,21.72,21.72,21.72,100,0
CIM_A.US,5,20260601,214500,21.7301,21.7301,21.7301,21.7301,499,0
CIM_A.US,5,20260601,215000,21.83,21.83,21.7301,21.7301,860,0
CIM_A.US,5,20260601,215500,21.83,21.83,21.83,21.83,600,0
CIM_A.US,5,20260602,153000,21.78,21.78,21.78,21.78,201,0
CIM_A.US,5,20260602,161000,21.82,21.82,21.82,21.82,100,0
CIM_A.US,5,20260602,175500,21.665,21.665,21.665,21.665,220,0
CIM_A.US,5,20260602,182500,21.78,21.78,21.78,21.78,100,0
CIM_A.US,5,20260602,184500,21.7375,21.7375,21.7375,21.7375,271,0
CIM_A.US,5,20260602,194500,21.67,21.67,21.67,21.67,200,0
CIM_A.US,5,20260602,195000,21.6491,21.6491,21.6491,21.6491,232,0
CIM_A.US,5,20260602,204000,21.67,21.67,21.67,21.67,101,0
CIM_A.US,5,20260602,204500,21.625,21.66,21.625,21.66,592,0
CIM_A.US,5,20260602,205500,21.63,21.63,21.63,21.63,138,0
CIM_A.US,5,20260602,210500,21.63,21.63,21.5908,21.5908,1682,0
CIM_A.US,5,20260602,212000,21.66,21.6699,21.66,21.6699,1188,0
CIM_A.US,5,20260602,213000,21.593,21.593,21.593,21.593,134,0
CIM_A.US,5,20260602,215000,21.5801,21.68,21.5801,21.68,1170,0
CIM_A.US,5,20260603,153000,21.58,21.58,21.58,21.58,100,0
CIM_A.US,5,20260603,160500,21.6,21.6,21.6,21.6,1292,0
CIM_A.US,5,20260603,163000,21.68,21.68,21.68,21.68,100,0
CIM_A.US,5,20260603,165500,21.7513,21.7513,21.61,21.61,470,0
CIM_A.US,5,20260603,170000,21.83,21.83,21.83,21.83,258,0
CIM_A.US,5,20260603,171000,21.6001,21.83,21.6001,21.715,1933,0
CIM_A.US,5,20260603,175000,21.7,21.71,21.7,21.71,590,0
CIM_A.US,5,20260603,183000,21.6,21.6,21.6,21.6,110,0
CIM_A.US,5,20260603,203000,21.6394,21.6394,21.6394,21.6394,100,0
CIM_A.US,5,20260603,210000,21.6233,21.64,21.6,21.6,1489,0
CIM_A.US,5,20260603,214000,21.61,21.61,21.61,21.61,300,0
CIM_A.US,5,20260604,153000,21.56,21.56,21.56,21.56,100,0
CIM_A.US,5,20260604,160000,21.52,21.54,21.52,21.54,200,0
CIM_A.US,5,20260604,162000,21.6375,21.6375,21.6375,21.6375,3000,0
CIM_A.US,5,20260604,163000,21.615,21.615,21.615,21.615,100,0
CIM_A.US,5,20260604,163500,21.6333,21.6333,21.6333,21.6333,600,0
CIM_A.US,5,20260604,164500,21.64,21.64,21.638,21.638,1175,0
CIM_A.US,5,20260604,170000,21.6,21.6,21.6,21.6,191,0
CIM_A.US,5,20260604,184000,21.64,21.64,21.64,21.64,100,0
CIM_A.US,5,20260604,190500,21.62,21.62,21.62,21.62,746,0
CIM_A.US,5,20260604,194000,21.685,21.685,21.685,21.685,400,0
CIM_A.US,5,20260604,200500,21.67,21.67,21.67,21.67,1495,0
CIM_A.US,5,20260604,201000,21.66,21.66,21.65,21.66,921,0
CIM_A.US,5,20260604,201500,21.65,21.66,21.65,21.66,304,0
CIM_A.US,5,20260604,205500,21.65,21.65,21.65,21.65,100,0
CIM_A.US,5,20260604,210000,21.65,21.65,21.65,21.65,100,0
CIM_A.US,5,20260604,215000,21.61,21.615,21.6,21.615,586,0
CIM_A.US,5,20260605,155500,21.5,21.5,21.5,21.5,200,0
CIM_A.US,5,20260605,161500,21.5,21.5,21.5,21.5,370,0
CIM_A.US,5,20260605,162500,21.5001,21.5001,21.5001,21.5001,2545,0
CIM_A.US,5,20260605,172500,21.52,21.52,21.52,21.52,326,0
CIM_A.US,5,20260605,175000,21.5,21.5,21.5,21.5,300,0
CIM_A.US,5,20260605,175500,21.5008,21.52,21.5008,21.52,352,0
CIM_A.US,5,20260605,181000,21.5119,21.52,21.51,21.52,1775,0
CIM_A.US,5,20260605,185000,21.5,21.5,21.5,21.5,100,0
CIM_A.US,5,20260605,191500,21.5012,21.5012,21.5012,21.5012,100,0
CIM_A.US,5,20260605,193500,21.52,21.52,21.52,21.52,200,0
CIM_A.US,5,20260605,203000,21.52,21.52,21.52,21.52,442,0
CIM_A.US,5,20260608,153000,21.53,21.53,21.53,21.53,155,0
CIM_A.US,5,20260608,160500,21.6,21.6,21.6,21.6,100,0
CIM_A.US,5,20260608,164500,21.6,21.6,21.6,21.6,100,0
CIM_A.US,5,20260608,174000,21.6,21.6,21.6,21.6,459,0
CIM_A.US,5,20260608,181000,21.58,21.585,21.58,21.585,200,0
CIM_A.US,5,20260608,202000,21.51,21.51,21.45,21.45,617,0
CIM_A.US,5,20260608,203500,21.41,21.41,21.41,21.41,485,0
CIM_A.US,5,20260609,154000,21.41,21.41,21.41,21.41,345,0
CIM_A.US,5,20260609,180000,21.41,21.41,21.41,21.41,187,0
CIM_A.US,5,20260609,215500,21.46,21.46,21.46,21.46,700,0
CIM_A.US,5,20260610,153500,21.25,21.3104,21.25,21.3104,1218,0
CIM_A.US,5,20260610,155500,21.43,21.43,21.43,21.43,100,0
CIM_A.US,5,20260610,162000,21.3988,21.3988,21.3988,21.3988,125,0
CIM_A.US,5,20260610,170500,21.435,21.435,21.435,21.435,100,0
CIM_A.US,5,20260610,171000,21.4,21.4,21.4,21.4,100,0
CIM_A.US,5,20260610,175000,21.32,21.32,21.3,21.3,599,0
CIM_A.US,5,20260610,181500,21.272,21.272,21.2,21.21,1230,0
CIM_A.US,5,20260610,195500,21.24,21.24,21.24,21.24,500,0
CIM_A.US,5,20260610,201000,21.17,21.1701,21.15,21.15,1919,0
CIM_A.US,5,20260610,204500,21.1706,21.1706,21.1706,21.1706,600,0
CIM_A.US,5,20260610,211000,21.1,21.1,21.1,21.1,100,0
CIM_A.US,5,20260610,212000,21.15,21.15,21.15,21.15,165,0
CIM_A.US,5,20260610,212500,21.1407,21.1407,21.1407,21.1407,300,0
CIM_A.US,5,20260610,213000,21.1481,21.1481,21.1481,21.1481,500,0
CIM_A.US,5,20260611,160500,21.14,21.14,21.11,21.14,1214,0
CIM_A.US,5,20260611,161000,21.1,21.1199,21.1,21.1199,718,0
CIM_A.US,5,20260611,190000,21.1,21.1,21.1,21.1,224,0
CIM_A.US,5,20260611,190500,21.1,21.1,21.1,21.1,132,0
CIM_A.US,5,20260611,205000,21.1,21.1,21.1,21.1,200,0
CIM_A.US,5,20260612,154000,21.02,21.02,20.97,20.97,500,0
CIM_A.US,5,20260612,163000,20.9299,20.9299,20.85,20.85,882,0
CIM_A.US,5,20260612,170000,20.775,20.775,20.775,20.775,100,0
CIM_A.US,5,20260612,175000,20.72,20.79,20.72,20.79,2100,0
CIM_A.US,5,20260612,175500,20.79,20.79,20.79,20.79,100,0
CIM_A.US,5,20260612,181000,20.8,20.86,20.8,20.86,1250,0
CIM_A.US,5,20260612,182000,20.8968,20.8968,20.8968,20.8968,196,0
CIM_A.US,5,20260612,182500,20.87,20.87,20.8167,20.8167,2152,0
CIM_A.US,5,20260612,191000,20.85,20.85,20.85,20.85,400,0
CIM_A.US,5,20260612,193500,20.84,21.01,20.84,21.01,1100,0
CIM_A.US,5,20260612,195000,21.01,21.01,21.01,21.01,450,0
CIM_A.US,5,20260612,203000,20.8436,20.8436,20.8436,20.8436,245,0
CIM_A.US,5,20260612,211000,20.9806,20.9806,20.9806,20.9806,210,0
CIM_A.US,5,20260612,215500,21,21.01,21,21.01,2010,0
CIM_A.US,5,20260615,153000,21.02,21.6,21.02,21.24,7261,0
CIM_A.US,5,20260615,153500,21.6,21.6,21.315,21.315,5129,0
CIM_A.US,5,20260615,162500,21.2,21.2,21.2,21.2,914,0
CIM_A.US,5,20260615,180000,21.1366,21.1366,21.1366,21.1366,100,0
CIM_A.US,5,20260615,192000,21.1001,21.1001,21.1001,21.1001,100,0
CIM_A.US,5,20260615,204000,21.16,21.16,21.15,21.15,894,0
CIM_A.US,5,20260615,213000,21.15,21.15,21.15,21.15,657,0
CIM_A.US,5,20260615,214000,21.1501,21.1501,21.1501,21.1501,1900,0
CIM_A.US,5,20260616,153000,21.1,21.25,21.1,21.25,575,0
CIM_A.US,5,20260616,160000,21.35,21.35,21.15,21.15,625,0
CIM_A.US,5,20260616,170500,21.3341,21.3341,21.3341,21.3341,400,0
CIM_A.US,5,20260616,201500,21.295,21.295,21.161,21.161,1250,0
CIM_A.US,5,20260617,160500,21.24,21.24,21.2,21.2,400,0
CIM_A.US,5,20260617,164500,21.2,21.2,21.2,21.2,145,0
CIM_A.US,5,20260617,182500,21.15,21.15,21.15,21.15,100,0
CIM_A.US,5,20260617,183500,21.15,21.21,21.15,21.21,1600,0
CIM_A.US,5,20260617,192500,21.19,21.6,21.11,21.6,1306,0
CIM_A.US,5,20260617,201000,21.1,21.1,21.1,21.1,500,0
CIM_A.US,5,20260617,215500,21.4385,21.4385,21.375,21.375,1250,0
CIM_A.US,5,20260618,153000,21.37,21.37,21.37,21.37,100,0
CIM_A.US,5,20260618,162000,21.18,21.19,21.17,21.17,400,0
CIM_A.US,5,20260618,165000,21.48,21.48,21.48,21.48,100,0
CIM_A.US,5,20260618,170500,21.385,21.385,21.385,21.385,500,0
CIM_A.US,5,20260618,173500,21.38,21.38,21.38,21.38,100,0
CIM_A.US,5,20260618,182000,21.39,21.46,21.3,21.3,700,0
CIM_A.US,5,20260618,194500,21.35,21.35,21.32,21.32,970,0
CIM_A.US,5,20260618,201000,21.34,21.34,21.34,21.34,428,0
CIM_A.US,5,20260618,213000,21.35,21.35,21.35,21.35,234,0
CIM_A.US,5,20260618,213500,21.34,21.34,21.3,21.3,535,0
CIM_A.US,5,20260618,214500,21.3,21.3,21.29,21.29,776,0
CIM_A.US,5,20260618,215000,21.325,21.325,21.325,21.325,300,0
CIM_A.US,5,20260622,153000,21.36,21.36,21.36,21.36,100,0
CIM_A.US,5,20260622,153500,21.16,21.16,21.15,21.15,1000,0
CIM_A.US,5,20260622,154000,21.265,21.265,21.265,21.265,100,0
CIM_A.US,5,20260622,161000,21.37,21.38,21.37,21.38,417,0
CIM_A.US,5,20260622,180500,21.27,21.27,21.2,21.2,1095,0
CIM_A.US,5,20260622,193500,21.26,21.26,21.26,21.26,123,0
CIM_A.US,5,20260622,212000,21.337,21.337,21.337,21.337,300,0
