<TICKER>,<PER>,<DATE>,<TIME>,<OPEN>,<HIGH>,<LOW>,<CLOSE>,<VOL>,<OPENINT>
DMAX.US,5,20260126,153500,26.7,26.7,26.7,26.7,100,0
DMAX.US,5,20260126,154000,26.725,26.725,26.725,26.725,375,0
DMAX.US,5,20260126,162500,26.73,26.75,26.73,26.75,9330,0
DMAX.US,5,20260126,173500,26.729,26.729,26.729,26.729,160,0
DMAX.US,5,20260126,175000,26.73,26.73,26.73,26.73,565,0
DMAX.US,5,20260126,181000,26.73,26.73,26.73,26.73,514,0
DMAX.US,5,20260126,185000,26.73,26.73,26.73,26.73,374,0
DMAX.US,5,20260126,200500,26.73,26.73,26.73,26.73,124,0
DMAX.US,5,20260126,201000,26.7284,26.7284,26.7284,26.7284,128,0
DMAX.US,5,20260126,210000,26.7316,26.7348,26.7316,26.7348,514,0
DMAX.US,5,20260126,210500,26.7346,26.7346,26.7346,26.7346,710,0
DMAX.US,5,20260126,212500,26.7201,26.73,26.72,26.7216,7904,0
DMAX.US,5,20260126,213000,26.721,26.74,26.721,26.73,1739,0
DMAX.US,5,20260126,214000,26.7505,26.7505,26.7505,26.7505,500,0
DMAX.US,5,20260126,214500,26.72,26.72,26.72,26.72,700,0
DMAX.US,5,20260126,215500,26.74,26.74,26.73,26.73,814,0
DMAX.US,5,20260127,155500,26.759,26.759,26.73,26.73,1500,0
DMAX.US,5,20260127,181500,26.7717,26.7717,26.7717,26.7717,168,0
DMAX.US,5,20260127,190000,26.7504,26.7504,26.7504,26.7504,400,0
DMAX.US,5,20260127,190500,26.77,26.77,26.7411,26.7411,1141,0
DMAX.US,5,20260127,200000,26.76,26.76,26.76,26.76,138,0
DMAX.US,5,20260127,201000,26.77,26.77,26.77,26.77,313,0
DMAX.US,5,20260127,203000,26.77,26.77,26.77,26.77,186,0
DMAX.US,5,20260127,204500,26.7616,26.7616,26.7616,26.7616,224,0
DMAX.US,5,20260127,205500,26.7616,26.7616,26.7616,26.7616,574,0
DMAX.US,5,20260127,210000,26.76,26.76,26.74,26.76,254928,0
DMAX.US,5,20260127,210500,26.76,26.76,26.76,26.76,1838,0
DMAX.US,5,20260127,212000,26.7713,26.7713,26.7713,26.7713,118,0
DMAX.US,5,20260127,212500,26.7616,26.78,26.74,26.76,6021,0
DMAX.US,5,20260127,213500,26.7584,26.7584,26.7584,26.7584,243,0
DMAX.US,5,20260127,214000,26.75,26.78,26.7401,26.7401,3422,0
DMAX.US,5,20260127,215000,26.7475,26.7475,26.7475,26.7475,4305,0
DMAX.US,5,20260127,215500,26.75,26.755,26.75,26.755,400,0
DMAX.US,5,20260128,161000,26.755,26.755,26.755,26.755,4000,0
DMAX.US,5,20260128,161500,26.74,26.74,26.74,26.74,100,0
DMAX.US,5,20260128,164000,26.76,26.76,26.76,26.76,452,0
DMAX.US,5,20260128,173000,26.77,26.77,26.77,26.77,291,0
DMAX.US,5,20260128,174500,26.7516,26.7516,26.73,26.73,607,0
DMAX.US,5,20260128,175000,26.74,26.75,26.74,26.75,940,0
DMAX.US,5,20260128,180500,26.76,26.76,26.76,26.76,100,0
DMAX.US,5,20260128,181500,26.7534,26.7534,26.7534,26.7534,264,0
DMAX.US,5,20260128,185000,26.7687,26.7687,26.7687,26.7687,298,0
DMAX.US,5,20260128,191000,26.721,26.77,26.721,26.77,515,0
DMAX.US,5,20260128,191500,26.7545,26.7545,26.7545,26.7545,324,0
DMAX.US,5,20260128,192000,26.75,26.76,26.75,26.76,325,0
DMAX.US,5,20260128,192500,26.7575,26.7575,26.7575,26.7575,354,0
DMAX.US,5,20260128,202500,26.72,26.72,26.72,26.72,150,0
DMAX.US,5,20260128,210000,26.75,26.76,26.75,26.76,400,0
DMAX.US,5,20260128,210500,26.76,26.76,26.76,26.76,411,0
DMAX.US,5,20260128,211500,26.76,26.76,26.75,26.75,340,0
DMAX.US,5,20260128,212500,26.76,26.76,26.76,26.76,346,0
DMAX.US,5,20260128,214000,26.7516,26.7516,26.7516,26.7516,138,0
DMAX.US,5,20260128,215500,26.75,26.75,26.75,26.75,585,0
DMAX.US,5,20260129,153500,26.73,26.73,26.73,26.73,100,0
DMAX.US,5,20260129,154500,26.745,26.745,26.745,26.745,374,0
DMAX.US,5,20260129,160000,26.71,26.71,26.71,26.71,1200,0
DMAX.US,5,20260129,163500,26.69,26.69,26.69,26.69,100,0
DMAX.US,5,20260129,165000,26.68,26.68,26.68,26.68,1900,0
DMAX.US,5,20260129,170000,26.7,26.7,26.7,26.7,1125,0
DMAX.US,5,20260129,174000,26.705,26.705,26.705,26.705,200,0
DMAX.US,5,20260129,175000,26.7084,26.71,26.7084,26.71,649,0
DMAX.US,5,20260129,180000,26.71,26.71,26.7,26.71,500,0
DMAX.US,5,20260129,181000,26.72,26.72,26.72,26.72,100,0
DMAX.US,5,20260129,183500,26.72,26.755,26.72,26.73,3554,0
DMAX.US,5,20260129,184000,26.74,26.74,26.74,26.74,2500,0
DMAX.US,5,20260129,184500,26.7176,26.72,26.7176,26.72,17820,0
DMAX.US,5,20260129,192000,26.73,26.73,26.73,26.73,4500,0
DMAX.US,5,20260129,194500,26.7399,26.7399,26.7399,26.7399,655,0
DMAX.US,5,20260129,201500,26.73,26.73,26.73,26.73,100,0
DMAX.US,5,20260129,203500,26.7283,26.7283,26.72,26.72,1925,0
DMAX.US,5,20260129,211500,26.7456,26.7456,26.7456,26.7456,299,0
DMAX.US,5,20260129,212000,26.735,26.735,26.735,26.735,328,0
DMAX.US,5,20260129,213000,26.7443,26.7443,26.7443,26.7443,186,0
DMAX.US,5,20260129,215000,26.74,26.74,26.7347,26.7347,820,0
DMAX.US,5,20260129,215500,26.75,26.75,26.75,26.75,130,0
DMAX.US,5,20260130,153500,26.73,26.73,26.73,26.73,100,0
DMAX.US,5,20260130,162000,26.75,26.78,26.74,26.74,9912,0
DMAX.US,5,20260130,162500,26.73,26.73,26.73,26.73,100,0
DMAX.US,5,20260130,163000,26.72,26.73,26.72,26.72,1085,0
DMAX.US,5,20260130,163500,26.74,26.74,26.74,26.74,800,0
DMAX.US,5,20260130,164000,26.74,26.74,26.74,26.74,100,0
DMAX.US,5,20260130,170000,26.75,26.75,26.75,26.75,100,0
DMAX.US,5,20260130,172000,26.74,26.74,26.74,26.74,13000,0
DMAX.US,5,20260130,174500,26.73,26.73,26.73,26.73,100,0
DMAX.US,5,20260130,175500,26.73,26.73,26.73,26.73,100,0
DMAX.US,5,20260130,180500,26.71,26.71,26.71,26.71,100,0
DMAX.US,5,20260130,181500,26.71,26.7499,26.71,26.7499,300,0
DMAX.US,5,20260130,182500,26.72,26.735,26.72,26.735,323,0
DMAX.US,5,20260130,184000,26.72,26.72,26.72,26.72,100,0
DMAX.US,5,20260130,184500,26.72,26.72,26.72,26.72,100,0
DMAX.US,5,20260130,190500,26.74,26.74,26.735,26.74,3600,0
DMAX.US,5,20260130,193000,26.72,26.72,26.72,26.72,100,0
DMAX.US,5,20260130,194000,26.71,26.71,26.71,26.71,100,0
DMAX.US,5,20260130,210500,26.73,26.74,26.73,26.74,435,0
DMAX.US,5,20260130,211500,26.745,26.77,26.745,26.75,18668,0
DMAX.US,5,20260130,212000,26.72,26.72,26.72,26.72,100,0
DMAX.US,5,20260130,212500,26.72,26.72,26.72,26.72,400,0
DMAX.US,5,20260130,213000,26.72,26.73,26.72,26.73,300,0
DMAX.US,5,20260130,213500,26.735,26.735,26.73,26.73,200,0
DMAX.US,5,20260130,214500,26.74,26.74,26.74,26.74,449,0
DMAX.US,5,20260130,215500,26.75,26.75,26.75,26.75,400,0
DMAX.US,5,20260202,154000,26.7537,26.7537,26.7537,26.7537,400,0
DMAX.US,5,20260202,155000,26.742,26.742,26.742,26.742,100,0
DMAX.US,5,20260202,155500,26.74,26.74,26.74,26.74,100,0
DMAX.US,5,20260202,163500,26.76,26.76,26.76,26.76,100,0
DMAX.US,5,20260202,172000,26.77,26.77,26.77,26.77,377,0
DMAX.US,5,20260202,173000,26.7782,26.7782,26.7782,26.7782,106,0
DMAX.US,5,20260202,185000,26.77,26.77,26.77,26.77,3500,0
DMAX.US,5,20260202,190000,26.76,26.76,26.76,26.76,100,0
DMAX.US,5,20260202,190500,26.76,26.76,26.76,26.76,100,0
DMAX.US,5,20260202,191000,26.78,26.78,26.7799,26.7799,889,0
DMAX.US,5,20260202,191500,26.76,26.76,26.76,26.76,100,0
DMAX.US,5,20260202,195500,26.76,26.76,26.76,26.76,100,0
DMAX.US,5,20260202,201500,26.79,26.79,26.78,26.79,1126,0
DMAX.US,5,20260202,203500,26.78,26.78,26.78,26.78,15689,0
DMAX.US,5,20260202,205500,26.765,26.765,26.765,26.765,100,0
DMAX.US,5,20260202,210000,26.77,26.77,26.76,26.765,1450,0
DMAX.US,5,20260202,211000,26.76,26.76,26.76,26.76,100,0
DMAX.US,5,20260202,211500,26.76,26.76,26.76,26.76,100,0
DMAX.US,5,20260202,212000,26.76,26.76,26.76,26.76,100,0
DMAX.US,5,20260202,212500,26.76,26.76,26.76,26.76,100,0
DMAX.US,5,20260202,213000,26.76,26.76,26.76,26.76,100,0
DMAX.US,5,20260202,213500,26.7613,26.7613,26.76,26.76,366,0
DMAX.US,5,20260202,214000,26.76,26.76,26.76,26.76,100,0
DMAX.US,5,20260202,215000,26.765,26.771,26.765,26.771,1206,0
DMAX.US,5,20260202,215500,26.75,26.78,26.75,26.777,45019,0
DMAX.US,5,20260203,160500,26.765,26.7788,26.765,26.7788,5404,0
DMAX.US,5,20260203,161000,26.75,26.75,26.75,26.75,300,0
DMAX.US,5,20260203,162000,26.75,26.75,26.74,26.75,600,0
DMAX.US,5,20260203,162500,26.75,26.75,26.75,26.75,200,0
DMAX.US,5,20260203,163000,26.75,26.75,26.75,26.75,600,0
DMAX.US,5,20260203,164500,26.74,26.742,26.74,26.742,1000,0
DMAX.US,5,20260203,170000,26.77,26.77,26.7699,26.7699,1762,0
DMAX.US,5,20260203,170500,26.77,26.77,26.77,26.77,600,0
DMAX.US,5,20260203,171000,26.74,26.74,26.74,26.74,100,0
DMAX.US,5,20260203,172000,26.74,26.74,26.74,26.74,100,0
DMAX.US,5,20260203,175000,26.75,26.75,26.7499,26.7499,4916,0
DMAX.US,5,20260203,180500,26.74,26.74,26.74,26.74,100,0
DMAX.US,5,20260203,181000,26.73,26.73,26.72,26.72,4399,0
DMAX.US,5,20260203,182500,26.72,26.72,26.72,26.72,100,0
DMAX.US,5,20260203,184000,26.72,26.72,26.72,26.72,100,0
DMAX.US,5,20260203,185000,26.72,26.73,26.71,26.71,1000,0
DMAX.US,5,20260203,191000,26.72,26.72,26.72,26.72,200,0
DMAX.US,5,20260203,193500,26.7231,26.7231,26.7231,26.7231,977,0
DMAX.US,5,20260203,195000,26.7103,26.7103,26.7103,26.7103,200,0
DMAX.US,5,20260203,200000,26.71,26.715,26.71,26.715,500,0
DMAX.US,5,20260203,200500,26.715,26.715,26.7,26.7,1860,0
DMAX.US,5,20260203,201000,26.707,26.71,26.7,26.7099,2207,0
DMAX.US,5,20260203,201500,26.71,26.72,26.71,26.72,321,0
DMAX.US,5,20260203,202500,26.72,26.72,26.72,26.72,375,0
DMAX.US,5,20260203,204000,26.71,26.7101,26.71,26.7101,5193,0
DMAX.US,5,20260203,205000,26.7,26.7,26.7,26.7,100,0
DMAX.US,5,20260203,205500,26.71,26.71,26.7,26.7,424,0
DMAX.US,5,20260203,210000,26.7,26.7,26.7,26.7,100,0
DMAX.US,5,20260203,212500,26.74,26.74,26.74,26.74,610,0
DMAX.US,5,20260203,213000,26.71,26.71,26.71,26.71,100,0
DMAX.US,5,20260203,214000,26.71,26.71,26.71,26.71,100,0
DMAX.US,5,20260203,215500,26.76,26.76,26.76,26.76,100,0
DMAX.US,5,20260204,163000,26.73,26.73,26.73,26.73,468,0
DMAX.US,5,20260204,165000,26.739,26.739,26.7332,26.7332,352,0
DMAX.US,5,20260204,175000,26.705,26.705,26.705,26.705,2800,0
DMAX.US,5,20260204,192500,26.69,26.7,26.69,26.7,3710,0
DMAX.US,5,20260204,201500,26.7,26.7,26.7,26.7,113,0
DMAX.US,5,20260204,210500,26.73,26.73,26.73,26.73,185,0
DMAX.US,5,20260204,211500,26.74,26.74,26.74,26.74,280,0
DMAX.US,5,20260204,215000,26.73,26.73,26.73,26.73,340,0
DMAX.US,5,20260204,215500,26.73,26.73,26.73,26.73,340,0
DMAX.US,5,20260205,155000,26.719,26.719,26.719,26.719,349,0
DMAX.US,5,20260205,160500,26.68,26.68,26.68,26.68,200,0
DMAX.US,5,20260205,161000,26.68,26.68,26.6799,26.6799,380,0
DMAX.US,5,20260205,161500,26.6755,26.68,26.6755,26.68,2488,0
DMAX.US,5,20260205,162500,26.67,26.67,26.65,26.65,7160,0
DMAX.US,5,20260205,163000,26.67,26.67,26.67,26.67,750,0
DMAX.US,5,20260205,163500,26.67,26.67,26.67,26.67,609,0
DMAX.US,5,20260205,165000,26.675,26.68,26.675,26.68,490,0
DMAX.US,5,20260205,171000,26.68,26.68,26.68,26.68,380,0
DMAX.US,5,20260205,171500,26.67,26.67,26.67,26.67,100,0
DMAX.US,5,20260205,172000,26.665,26.67,26.665,26.67,912,0
DMAX.US,5,20260205,174500,26.68,26.68,26.68,26.68,375,0
DMAX.US,5,20260205,182500,26.69,26.69,26.69,26.69,100,0
DMAX.US,5,20260205,185000,26.69,26.69,26.69,26.69,1060,0
DMAX.US,5,20260205,190000,26.698,26.7,26.698,26.7,337,0
DMAX.US,5,20260205,194000,26.66,26.663,26.66,26.663,5024,0
DMAX.US,5,20260205,202000,26.68,26.68,26.68,26.68,729,0
DMAX.US,5,20260205,213000,26.66,26.677,26.66,26.67,4560,0
DMAX.US,5,20260205,213500,26.66,26.66,26.651,26.66,1091,0
DMAX.US,5,20260205,214000,26.655,26.655,26.65,26.65,1601,0
DMAX.US,5,20260205,215000,26.65,26.65,26.64,26.64,3871,0
DMAX.US,5,20260206,153000,26.69,26.69,26.69,26.69,187,0
DMAX.US,5,20260206,155500,26.71,26.71,26.71,26.71,100,0
DMAX.US,5,20260206,161500,26.711,26.711,26.71,26.711,1900,0
DMAX.US,5,20260206,200000,26.7614,26.7614,26.7614,26.7614,3950,0
DMAX.US,5,20260206,205500,26.7659,26.7659,26.7659,26.7659,1000,0
DMAX.US,5,20260206,211000,26.7606,26.7606,26.7606,26.7606,1000,0
DMAX.US,5,20260209,155000,26.775,26.775,26.775,26.775,1200,0
DMAX.US,5,20260209,160000,26.785,26.785,26.785,26.785,2800,0
DMAX.US,5,20260209,160500,26.77,26.77,26.77,26.77,1400,0
DMAX.US,5,20260209,161000,26.77,26.77,26.77,26.77,400,0
DMAX.US,5,20260209,161500,26.77,26.77,26.77,26.77,2800,0
DMAX.US,5,20260209,163500,26.78,26.78,26.78,26.78,600,0
DMAX.US,5,20260209,164000,26.78,26.78,26.78,26.78,400,0
DMAX.US,5,20260209,164500,26.78,26.78,26.78,26.78,1000,0
DMAX.US,5,20260209,165000,26.78,26.78,26.78,26.78,600,0
DMAX.US,5,20260209,165500,26.79,26.79,26.79,26.79,1400,0
DMAX.US,5,20260209,170500,26.79,26.79,26.79,26.79,800,0
DMAX.US,5,20260209,175000,26.79,26.79,26.79,26.79,200,0
DMAX.US,5,20260209,175500,26.79,26.79,26.79,26.79,200,0
DMAX.US,5,20260209,183000,26.79,26.79,26.79,26.79,1232,0
DMAX.US,5,20260209,194000,26.79,26.79,26.79,26.79,200,0
DMAX.US,5,20260209,201500,26.7999,26.7999,26.7999,26.7999,725,0
DMAX.US,5,20260209,213000,26.798,26.81,26.78,26.81,2798,0
DMAX.US,5,20260210,155000,26.8,26.8,26.8,26.8,364,0
DMAX.US,5,20260210,163500,26.8,26.8,26.8,26.8,2180,0
DMAX.US,5,20260210,173000,26.8,26.8,26.8,26.8,185,0
DMAX.US,5,20260210,175500,26.8,26.8,26.8,26.8,3731,0
DMAX.US,5,20260210,180000,26.79,26.79,26.79,26.79,1300,0
DMAX.US,5,20260210,181000,26.79,26.79,26.79,26.79,200,0
DMAX.US,5,20260210,181500,26.8041,26.8041,26.8041,26.8041,1200,0
DMAX.US,5,20260210,194000,26.8,26.8,26.8,26.8,575,0
DMAX.US,5,20260210,194500,26.8,26.8,26.8,26.8,1285,0
DMAX.US,5,20260210,201000,26.8,26.8,26.8,26.8,200,0
DMAX.US,5,20260210,210500,26.805,26.805,26.8,26.8,364,0
DMAX.US,5,20260210,215000,26.8,26.8,26.8,26.8,594,0
DMAX.US,5,20260210,215500,26.8,26.805,26.76,26.76,3972,0
DMAX.US,5,20260211,153500,26.771,26.771,26.771,26.771,100,0
DMAX.US,5,20260211,160000,26.78,26.78,26.7601,26.7601,2851,0
DMAX.US,5,20260211,160500,26.77,26.77,26.77,26.77,147,0
DMAX.US,5,20260211,165000,26.77,26.77,26.77,26.77,100,0
DMAX.US,5,20260211,173500,26.76,26.76,26.76,26.76,105,0
DMAX.US,5,20260211,174000,26.752,26.752,26.75,26.75,425,0
DMAX.US,5,20260211,181500,26.76,26.76,26.76,26.76,100,0
DMAX.US,5,20260211,182500,26.76,26.76,26.76,26.76,236,0
DMAX.US,5,20260211,195500,26.7695,26.7695,26.7695,26.7695,900,0
DMAX.US,5,20260211,201000,26.78,26.78,26.78,26.78,100,0
DMAX.US,5,20260212,153000,26.79,26.79,26.79,26.79,139,0
DMAX.US,5,20260212,154500,26.8,26.8,26.8,26.8,100,0
DMAX.US,5,20260212,161000,26.78,26.78,26.78,26.78,100,0
DMAX.US,5,20260212,171000,26.75,26.75,26.75,26.75,560,0
DMAX.US,5,20260212,172500,26.73,26.74,26.73,26.73,1329,0
DMAX.US,5,20260212,173000,26.73,26.73,26.72,26.72,474,0
DMAX.US,5,20260212,182000,26.73,26.73,26.73,26.73,100,0
DMAX.US,5,20260212,182500,26.711,26.711,26.711,26.711,100,0
DMAX.US,5,20260212,184000,26.721,26.721,26.721,26.721,112,0
DMAX.US,5,20260212,185000,26.73,26.73,26.73,26.73,100,0
DMAX.US,5,20260212,193500,26.73,26.73,26.73,26.73,100,0
DMAX.US,5,20260212,195000,26.75,26.75,26.75,26.75,200,0
DMAX.US,5,20260212,195500,26.73,26.73,26.73,26.73,150,0
DMAX.US,5,20260212,200000,26.74,26.74,26.7332,26.7332,410,0
DMAX.US,5,20260212,201000,26.74,26.74,26.74,26.74,187,0
DMAX.US,5,20260212,210000,26.7382,26.7382,26.7382,26.7382,310,0
DMAX.US,5,20260212,215000,26.725,26.725,26.69,26.715,8722,0
DMAX.US,5,20260213,153500,26.725,26.725,26.725,26.725,149,0
DMAX.US,5,20260213,160000,26.73,26.74,26.73,26.74,934,0
DMAX.US,5,20260213,161500,26.71,26.71,26.71,26.71,1003,0
DMAX.US,5,20260213,171500,26.73,26.73,26.73,26.73,337,0
DMAX.US,5,20260213,173500,26.75,26.75,26.7464,26.75,2685,0
DMAX.US,5,20260213,182000,26.75,26.75,26.75,26.75,500,0
DMAX.US,5,20260213,184500,26.75,26.75,26.75,26.75,139,0
DMAX.US,5,20260213,205000,26.73,26.73,26.73,26.73,535,0
DMAX.US,5,20260213,205500,26.74,26.74,26.74,26.74,2286,0
DMAX.US,5,20260213,213000,26.715,26.715,26.715,26.715,935,0
DMAX.US,5,20260217,153000,26.73,26.73,26.73,26.73,200,0
DMAX.US,5,20260217,154500,26.74,26.74,26.73,26.73,2091,0
DMAX.US,5,20260217,160500,26.73,26.73,26.73,26.73,100,0
DMAX.US,5,20260217,162500,26.6866,26.6866,26.6866,26.6866,400,0
DMAX.US,5,20260217,164000,26.7,26.7,26.7,26.7,100,0
DMAX.US,5,20260217,165000,26.692,26.6938,26.692,26.6938,3751,0
DMAX.US,5,20260217,170000,26.697,26.7,26.6955,26.7,2295,0
DMAX.US,5,20260217,170500,26.7,26.7,26.7,26.7,1769,0
DMAX.US,5,20260217,172000,26.74,26.74,26.74,26.74,100,0
DMAX.US,5,20260217,172500,26.73,26.73,26.73,26.73,296,0
DMAX.US,5,20260217,174500,26.74,26.74,26.74,26.74,100,0
DMAX.US,5,20260217,175500,26.71,26.71,26.71,26.71,681,0
DMAX.US,5,20260217,180500,26.74,26.74,26.74,26.74,100,0
DMAX.US,5,20260217,185000,26.72,26.72,26.72,26.72,5900,0
DMAX.US,5,20260217,195000,26.76,26.76,26.76,26.76,100,0
DMAX.US,5,20260217,200500,26.745,26.745,26.71,26.71,9538,0
DMAX.US,5,20260217,202500,26.76,26.76,26.76,26.76,100,0
DMAX.US,5,20260217,210500,26.745,26.745,26.745,26.745,100,0
DMAX.US,5,20260217,212000,26.75,26.75,26.75,26.75,100,0
DMAX.US,5,20260217,215500,26.76,26.77,26.76,26.77,800,0
DMAX.US,5,20260218,155000,26.77,26.77,26.77,26.77,100,0
DMAX.US,5,20260218,164500,26.775,26.775,26.775,26.775,120,0
DMAX.US,5,20260218,170000,26.8,26.8,26.8,26.8,100,0
DMAX.US,5,20260218,184500,26.77,26.77,26.77,26.77,5590,0
DMAX.US,5,20260218,194000,26.79,26.79,26.79,26.79,100,0
DMAX.US,5,20260218,202500,26.7686,26.7686,26.7686,26.7686,650,0
DMAX.US,5,20260218,203000,26.77,26.77,26.765,26.765,5000,0
DMAX.US,5,20260218,204500,26.78,26.78,26.78,26.78,100,0
DMAX.US,5,20260218,205500,26.76,26.76,26.76,26.76,300,0
DMAX.US,5,20260218,211000,26.77,26.77,26.77,26.77,100,0
DMAX.US,5,20260218,213000,26.7501,26.7501,26.7501,26.7501,222,0
DMAX.US,5,20260218,213500,26.77,26.77,26.7699,26.7699,1120,0
DMAX.US,5,20260218,214500,26.77,26.78,26.77,26.78,210,0
DMAX.US,5,20260218,215500,26.79,26.79,26.79,26.79,800,0
DMAX.US,5,20260219,153000,26.79,26.8,26.78,26.78,645,0
DMAX.US,5,20260219,153500,26.765,26.765,26.765,26.765,228,0
DMAX.US,5,20260219,154000,26.76,26.76,26.76,26.76,473,0
DMAX.US,5,20260219,154500,26.77,26.77,26.76,26.76,3961,0
DMAX.US,5,20260219,155000,26.765,26.79,26.765,26.78,17092,0
DMAX.US,5,20260219,160500,26.78,26.78,26.78,26.78,1564,0
DMAX.US,5,20260219,161500,26.78,26.7899,26.765,26.7891,3923,0
DMAX.US,5,20260219,162500,26.77,26.77,26.77,26.77,1500,0
DMAX.US,5,20260219,163000,26.77,26.77,26.77,26.77,100,0
DMAX.US,5,20260219,190500,26.77,26.77,26.77,26.77,200,0
DMAX.US,5,20260219,191000,26.77,26.77,26.77,26.77,141,0
DMAX.US,5,20260219,191500,26.78,26.78,26.76,26.76,200,0
DMAX.US,5,20260219,192000,26.76,26.76,26.76,26.76,200,0
DMAX.US,5,20260219,195000,26.78,26.78,26.78,26.78,1200,0
DMAX.US,5,20260219,195500,26.77,26.77,26.77,26.77,321,0
DMAX.US,5,20260219,204000,26.77,26.78,26.77,26.78,332,0
DMAX.US,5,20260219,210000,26.77,26.77,26.7601,26.7601,500,0
DMAX.US,5,20260219,210500,26.77,26.77,26.77,26.77,535,0
DMAX.US,5,20260219,214000,26.77,26.77,26.77,26.77,104,0
DMAX.US,5,20260219,215500,26.77,26.77,26.77,26.77,1361,0
DMAX.US,5,20260220,153000,26.77,26.77,26.77,26.77,140,0
DMAX.US,5,20260220,154500,26.79,26.79,26.79,26.79,100,0
DMAX.US,5,20260220,160500,26.76,26.76,26.76,26.76,1000,0
DMAX.US,5,20260220,165500,26.78,26.78,26.78,26.78,700,0
DMAX.US,5,20260220,170000,26.7981,26.7981,26.7981,26.7981,2350,0
DMAX.US,5,20260220,170500,26.8,26.8,26.7999,26.7999,780,0
DMAX.US,5,20260220,171000,26.8,26.8,26.7999,26.8,1700,0
DMAX.US,5,20260220,172000,26.789,26.79,26.789,26.7899,2044,0
DMAX.US,5,20260220,172500,26.79,26.79,26.79,26.79,100,0
DMAX.US,5,20260220,174500,26.7819,26.7819,26.78,26.78,450,0
DMAX.US,5,20260220,175000,26.77,26.77,26.77,26.77,845,0
DMAX.US,5,20260220,181000,26.77,26.77,26.77,26.77,600,0
DMAX.US,5,20260220,190500,26.7799,26.79,26.7799,26.79,2050,0
DMAX.US,5,20260220,192000,26.79,26.79,26.79,26.79,100,0
DMAX.US,5,20260220,200500,26.7772,26.7772,26.7772,26.7772,360,0
DMAX.US,5,20260220,201500,26.81,26.81,26.8099,26.8099,3036,0
DMAX.US,5,20260220,203000,26.81,26.81,26.81,26.81,100,0
DMAX.US,5,20260220,205500,26.799,26.8,26.799,26.7999,900,0
DMAX.US,5,20260220,210500,26.8,26.8,26.8,26.8,100,0
DMAX.US,5,20260220,215500,26.8,26.81,26.799,26.81,3641,0
DMAX.US,5,20260223,153500,26.82,26.82,26.81,26.81,1000,0
DMAX.US,5,20260223,154000,26.8,26.8,26.8,26.8,2773,0
DMAX.US,5,20260223,160000,26.775,26.78,26.77,26.77,2315,0
DMAX.US,5,20260223,160500,26.77,26.77,26.77,26.77,100,0
DMAX.US,5,20260223,164000,26.7696,26.7696,26.7696,26.7696,1260,0
DMAX.US,5,20260223,164500,26.77,26.77,26.7604,26.7604,453,0
DMAX.US,5,20260223,165000,26.755,26.769,26.755,26.769,2685,0
DMAX.US,5,20260223,170000,26.75,26.75,26.75,26.75,100,0
DMAX.US,5,20260223,171000,26.76,26.76,26.76,26.76,100,0
DMAX.US,5,20260223,172500,26.75,26.75,26.73,26.73,15000,0
DMAX.US,5,20260223,174000,26.7599,26.7599,26.7599,26.7599,440,0
DMAX.US,5,20260223,174500,26.7393,26.7393,26.7393,26.7393,3746,0
DMAX.US,5,20260223,180500,26.76,26.76,26.74,26.74,201,0
DMAX.US,5,20260223,185000,26.74,26.74,26.74,26.74,243,0
DMAX.US,5,20260223,204000,26.74,26.74,26.74,26.74,810,0
DMAX.US,5,20260223,205000,26.7583,26.7583,26.7476,26.7476,1949,0
DMAX.US,5,20260223,205500,26.76,26.76,26.76,26.76,265,0
DMAX.US,5,20260223,210000,26.759,26.76,26.755,26.755,3219,0
DMAX.US,5,20260223,210500,26.76,26.76,26.76,26.76,100,0
DMAX.US,5,20260223,211500,26.7574,26.759,26.7574,26.7582,2149,0
DMAX.US,5,20260223,212500,26.7599,26.76,26.7599,26.76,763,0
DMAX.US,5,20260223,213000,26.76,26.76,26.76,26.76,1292,0
DMAX.US,5,20260223,214000,26.77,26.77,26.77,26.77,100,0
DMAX.US,5,20260223,215500,26.76,26.77,26.76,26.77,2126,0
DMAX.US,5,20260224,160000,26.77,26.77,26.77,26.77,100,0
DMAX.US,5,20260224,163000,26.7782,26.7782,26.7782,26.7782,327,0
DMAX.US,5,20260224,171000,26.78,26.79,26.7698,26.7698,934,0
DMAX.US,5,20260224,173000,26.79,26.79,26.79,26.79,100,0
DMAX.US,5,20260224,195000,26.8,26.8,26.8,26.8,100,0
DMAX.US,5,20260224,204500,26.78,26.78,26.78,26.78,180,0
DMAX.US,5,20260224,205500,26.8,26.8,26.77,26.77,2146,0
DMAX.US,5,20260224,210000,26.79,26.8,26.79,26.79,1414,0
DMAX.US,5,20260224,210500,26.8,26.8,26.79,26.7999,939,0
DMAX.US,5,20260224,211500,26.78,26.78,26.78,26.78,143,0
DMAX.US,5,20260224,213000,26.78,26.78,26.78,26.78,514,0
DMAX.US,5,20260224,214000,26.8,26.8,26.8,26.8,560,0
DMAX.US,5,20260224,215500,26.75,26.76,26.75,26.76,362,0
DMAX.US,5,20260225,160000,26.82,26.82,26.82,26.82,100,0
DMAX.US,5,20260225,184000,26.81,26.81,26.81,26.81,120,0
DMAX.US,5,20260225,191500,26.8201,26.8201,26.8201,26.8201,100,0
DMAX.US,5,20260225,192500,26.84,26.84,26.83,26.83,488,0
DMAX.US,5,20260225,202000,26.83,26.83,26.83,26.83,100,0
DMAX.US,5,20260225,205500,26.83,26.83,26.83,26.83,178,0
DMAX.US,5,20260225,211500,26.83,26.83,26.83,26.83,447,0
DMAX.US,5,20260225,215500,26.83,26.83,26.83,26.83,800,0
DMAX.US,5,20260226,155500,26.81,26.81,26.81,26.81,247,0
DMAX.US,5,20260226,180000,26.79,26.79,26.79,26.79,373,0
DMAX.US,5,20260226,185000,26.765,26.765,26.765,26.765,234,0
DMAX.US,5,20260226,190500,26.78,26.78,26.78,26.78,100,0
DMAX.US,5,20260226,193500,26.77,26.79,26.75,26.75,3174,0
DMAX.US,5,20260226,201000,26.8,26.8,26.8,26.8,190,0
DMAX.US,5,20260226,202000,26.81,26.81,26.81,26.81,100,0
DMAX.US,5,20260226,214000,26.81,26.81,26.81,26.81,100,0
DMAX.US,5,20260227,160000,26.8,26.8,26.8,26.8,100,0
DMAX.US,5,20260227,173500,26.78,26.78,26.78,26.78,1899,0
DMAX.US,5,20260227,174500,26.785,26.785,26.785,26.785,115,0
DMAX.US,5,20260227,181000,26.8099,26.8099,26.8099,26.8099,133,0
DMAX.US,5,20260227,181500,26.7611,26.7611,26.7611,26.7611,2660,0
DMAX.US,5,20260227,182000,26.8,26.8,26.8,26.8,100,0
DMAX.US,5,20260227,182500,26.78,26.78,26.78,26.78,156,0
DMAX.US,5,20260227,194500,26.8,26.8,26.799,26.8,1562,0
DMAX.US,5,20260227,200000,26.8,26.8,26.8,26.8,100,0
DMAX.US,5,20260227,204000,26.799,26.799,26.799,26.799,100,0
DMAX.US,5,20260227,204500,26.78,26.78,26.78,26.78,2000,0
DMAX.US,5,20260227,210500,26.8,26.8,26.8,26.8,100,0
DMAX.US,5,20260227,215000,26.795,26.795,26.795,26.795,792,0
DMAX.US,5,20260302,155000,26.79,26.79,26.79,26.79,100,0
DMAX.US,5,20260302,160000,26.79,26.79,26.79,26.79,102,0
DMAX.US,5,20260302,160500,26.775,26.8,26.775,26.8,1000,0
DMAX.US,5,20260302,170000,26.7701,26.79,26.7701,26.79,947,0
DMAX.US,5,20260302,171500,26.775,26.775,26.775,26.775,298,0
DMAX.US,5,20260302,183500,26.7854,26.7854,26.7854,26.7854,141,0
DMAX.US,5,20260302,185000,26.81,26.81,26.81,26.81,100,0
DMAX.US,5,20260302,185500,26.81,26.81,26.81,26.81,100,0
DMAX.US,5,20260302,191500,26.8,26.8,26.8,26.8,100,0
DMAX.US,5,20260302,202000,26.8,26.8,26.8,26.8,151,0
DMAX.US,5,20260302,212500,26.79,26.79,26.79,26.79,25774,0
DMAX.US,5,20260302,214500,26.8099,26.81,26.78,26.795,4139,0
DMAX.US,5,20260302,215000,26.81,26.81,26.81,26.81,100,0
DMAX.US,5,20260303,155500,26.7,26.7,26.7,26.7,100,0
DMAX.US,5,20260303,160000,26.7,26.7,26.6999,26.7,2308,0
DMAX.US,5,20260303,163000,26.7,26.7,26.7,26.7,100,0
DMAX.US,5,20260303,164500,26.695,26.695,26.695,26.695,562,0
DMAX.US,5,20260303,170500,26.6801,26.6801,26.6801,26.6801,223,0
DMAX.US,5,20260303,173500,26.73,26.73,26.73,26.73,840,0
DMAX.US,5,20260303,174000,26.74,26.74,26.74,26.74,400,0
DMAX.US,5,20260303,180000,26.75,26.75,26.75,26.75,100,0
DMAX.US,5,20260303,183000,26.74,26.74,26.74,26.74,100,0
DMAX.US,5,20260303,190000,26.7122,26.7122,26.7122,26.7122,935,0
DMAX.US,5,20260303,195000,26.77,26.77,26.77,26.77,100,0
DMAX.US,5,20260303,203500,26.76,26.76,26.76,26.76,100,0
DMAX.US,5,20260303,204500,26.78,26.78,26.78,26.78,100,0
DMAX.US,5,20260304,153500,26.74,26.7536,26.74,26.7536,1000,0
DMAX.US,5,20260304,160000,26.77,26.77,26.77,26.77,100,0
DMAX.US,5,20260304,160500,26.74,26.75,26.74,26.74,2100,0
DMAX.US,5,20260304,161000,26.79,26.79,26.79,26.79,559,0
DMAX.US,5,20260304,161500,26.766,26.79,26.766,26.79,2079,0
DMAX.US,5,20260304,162500,26.8,26.8,26.8,26.8,300,0
DMAX.US,5,20260304,163000,26.8,26.8,26.8,26.8,1400,0
DMAX.US,5,20260304,200500,26.7976,26.7976,26.7976,26.7976,183,0
DMAX.US,5,20260304,201500,26.8,26.8,26.8,26.8,450,0
DMAX.US,5,20260304,203000,26.79,26.79,26.79,26.79,130,0
DMAX.US,5,20260304,204000,26.7801,26.7801,26.7801,26.7801,250,0
DMAX.US,5,20260304,205500,26.8,26.8,26.8,26.8,290,0
DMAX.US,5,20260304,210000,26.805,26.805,26.805,26.805,587,0
DMAX.US,5,20260304,211000,26.8013,26.8013,26.8013,26.8013,966,0
DMAX.US,5,20260304,212000,26.8,26.8,26.8,26.8,482,0
DMAX.US,5,20260304,212500,26.781,26.8,26.781,26.8,534,0
DMAX.US,5,20260304,213500,26.82,26.82,26.82,26.82,100,0
DMAX.US,5,20260304,215000,26.81,26.81,26.81,26.81,985,0
DMAX.US,5,20260305,162000,26.765,26.765,26.765,26.765,1200,0
DMAX.US,5,20260305,171000,26.73,26.73,26.73,26.73,100,0
DMAX.US,5,20260305,191000,26.725,26.725,26.725,26.725,1859,0
DMAX.US,5,20260305,201500,26.725,26.725,26.725,26.725,543,0
DMAX.US,5,20260305,202500,26.7287,26.7287,26.7287,26.7287,519,0
DMAX.US,5,20260305,212000,26.73,26.73,26.73,26.73,170,0
DMAX.US,5,20260305,213500,26.745,26.745,26.745,26.745,523,0
DMAX.US,5,20260306,154500,26.705,26.705,26.68,26.68,2480,0
DMAX.US,5,20260306,165500,26.72,26.7201,26.72,26.7201,1000,0
DMAX.US,5,20260306,170000,26.722,26.722,26.72,26.72,650,0
DMAX.US,5,20260306,170500,26.72,26.72,26.72,26.72,200,0
DMAX.US,5,20260306,181500,26.7306,26.7306,26.71,26.71,27075,0
DMAX.US,5,20260306,190000,26.74,26.74,26.74,26.74,100,0
DMAX.US,5,20260306,192000,26.75,26.75,26.75,26.75,961,0
DMAX.US,5,20260306,192500,26.73,26.73,26.73,26.73,170,0
DMAX.US,5,20260306,202000,26.7212,26.7212,26.7212,26.7212,300,0
DMAX.US,5,20260306,215000,26.735,26.735,26.7,26.72,4000,0
DMAX.US,5,20260309,143500,26.65,26.6501,26.65,26.65,1800,0
DMAX.US,5,20260309,151500,26.6501,26.6501,26.6501,26.6501,239,0
DMAX.US,5,20260309,164500,26.69,26.69,26.69,26.69,297,0
DMAX.US,5,20260309,203000,26.77,26.77,26.77,26.77,300,0
DMAX.US,5,20260309,205000,26.73,26.73,26.73,26.73,1000,0
DMAX.US,5,20260310,150500,26.76,26.76,26.76,26.76,748,0
DMAX.US,5,20260310,154000,26.765,26.765,26.765,26.765,812,0
DMAX.US,5,20260310,163500,26.76,26.76,26.76,26.76,202,0
DMAX.US,5,20260310,184500,26.7765,26.7765,26.7765,26.7765,188,0
DMAX.US,5,20260310,192500,26.76,26.76,26.76,26.76,1011,0
DMAX.US,5,20260310,204000,26.745,26.76,26.745,26.76,997,0
DMAX.US,5,20260311,143500,26.74,26.75,26.74,26.75,3123,0
DMAX.US,5,20260311,150000,26.75,26.75,26.75,26.75,310,0
DMAX.US,5,20260311,150500,26.74,26.74,26.74,26.74,100,0
DMAX.US,5,20260311,155000,26.7463,26.7463,26.7463,26.7463,100,0
DMAX.US,5,20260311,165500,26.72,26.72,26.72,26.72,500,0
DMAX.US,5,20260311,170000,26.74,26.74,26.724,26.724,1000,0
DMAX.US,5,20260311,171500,26.72,26.72,26.7015,26.7015,566,0
DMAX.US,5,20260311,174000,26.7201,26.735,26.7201,26.735,669,0
DMAX.US,5,20260311,192000,26.7283,26.7283,26.7283,26.7283,750,0
DMAX.US,5,20260311,193000,26.74,26.74,26.74,26.74,1420,0
DMAX.US,5,20260311,203000,26.72,26.72,26.72,26.72,2699,0
DMAX.US,5,20260311,205500,26.725,26.725,26.725,26.725,580,0
DMAX.US,5,20260312,144000,26.68,26.68,26.68,26.68,50765,0
DMAX.US,5,20260312,162500,26.6899,26.6899,26.6899,26.6899,100,0
DMAX.US,5,20260312,163000,26.675,26.675,26.675,26.675,1873,0
DMAX.US,5,20260312,164000,26.675,26.68,26.675,26.68,2073,0
DMAX.US,5,20260312,165000,26.7,26.7,26.7,26.7,718,0
DMAX.US,5,20260312,193000,26.67,26.67,26.67,26.67,652,0
DMAX.US,5,20260312,203000,26.66,26.66,26.66,26.66,225,0
DMAX.US,5,20260312,204500,26.67,26.67,26.67,26.67,183,0
DMAX.US,5,20260312,205000,26.67,26.67,26.67,26.67,102,0
DMAX.US,5,20260313,143500,26.69,26.69,26.69,26.69,10621,0
DMAX.US,5,20260313,150500,26.695,26.695,26.695,26.695,170,0
DMAX.US,5,20260313,152000,26.6801,26.6801,26.6801,26.6801,600,0
DMAX.US,5,20260313,172500,26.65,26.65,26.65,26.65,200,0
DMAX.US,5,20260313,181000,26.6302,26.6302,26.6302,26.6302,187,0
DMAX.US,5,20260313,184500,26.65,26.65,26.65,26.65,100,0
DMAX.US,5,20260313,195000,26.64,26.64,26.64,26.64,23575,0
DMAX.US,5,20260313,204000,26.635,26.635,26.635,26.635,100,0
DMAX.US,5,20260316,150500,26.7092,26.7092,26.7092,26.7092,375,0
DMAX.US,5,20260316,151000,26.7092,26.7092,26.7092,26.7092,935,0
DMAX.US,5,20260316,151500,26.71,26.71,26.71,26.71,10222,0
DMAX.US,5,20260316,152000,26.695,26.695,26.695,26.695,400,0
DMAX.US,5,20260316,154500,26.69,26.69,26.69,26.69,100,0
DMAX.US,5,20260316,160500,26.7,26.7,26.7,26.7,10170,0
DMAX.US,5,20260316,165500,26.69,26.69,26.69,26.69,261,0
DMAX.US,5,20260316,175500,26.6798,26.6798,26.6798,26.6798,100,0
DMAX.US,5,20260316,180000,26.7,26.7,26.7,26.7,100,0
DMAX.US,5,20260317,151000,26.72,26.72,26.72,26.72,100,0
DMAX.US,5,20260317,154000,26.72,26.72,26.72,26.72,200,0
DMAX.US,5,20260317,160000,26.72,26.72,26.72,26.72,100,0
DMAX.US,5,20260317,161500,26.71,26.71,26.71,26.71,1858,0
DMAX.US,5,20260317,162000,26.72,26.72,26.72,26.72,400,0
DMAX.US,5,20260317,162500,26.71,26.71,26.71,26.71,100,0
DMAX.US,5,20260317,171000,26.7,26.7,26.7,26.7,45097,0
DMAX.US,5,20260317,180000,26.712,26.712,26.71,26.71,761,0
DMAX.US,5,20260317,181500,26.72,26.72,26.72,26.72,474,0
DMAX.US,5,20260317,185500,26.71,26.71,26.71,26.71,3713,0
DMAX.US,5,20260317,190000,26.71,26.72,26.71,26.72,400,0
DMAX.US,5,20260317,192000,26.705,26.705,26.705,26.705,695,0
DMAX.US,5,20260317,200000,26.695,26.7,26.695,26.7,1504,0
DMAX.US,5,20260317,201500,26.705,26.705,26.705,26.705,588,0
DMAX.US,5,20260317,202000,26.71,26.71,26.7,26.7,887,0
DMAX.US,5,20260317,204500,26.71,26.71,26.71,26.71,200,0
DMAX.US,5,20260318,152500,26.67,26.67,26.65,26.65,3942,0
DMAX.US,5,20260318,160000,26.675,26.675,26.675,26.675,488,0
DMAX.US,5,20260318,161500,26.675,26.675,26.675,26.675,276,0
DMAX.US,5,20260318,162500,26.675,26.675,26.675,26.675,221,0
DMAX.US,5,20260318,170000,26.6701,26.6701,26.6701,26.6701,419,0
DMAX.US,5,20260318,172000,26.6863,26.6863,26.6863,26.6863,172,0
DMAX.US,5,20260318,173500,26.684,26.684,26.684,26.684,674,0
DMAX.US,5,20260318,180000,26.69,26.69,26.68,26.68,300,0
DMAX.US,5,20260318,183000,26.68,26.68,26.68,26.68,588,0
DMAX.US,5,20260318,185500,26.68,26.684,26.68,26.68,1958,0
DMAX.US,5,20260318,194000,26.66,26.661,26.66,26.66,1948,0
DMAX.US,5,20260318,195000,26.66,26.66,26.66,26.66,400,0
DMAX.US,5,20260318,200500,26.6707,26.6707,26.6707,26.6707,500,0
DMAX.US,5,20260318,202000,26.65,26.65,26.65,26.65,100,0
DMAX.US,5,20260318,202500,26.65,26.66,26.65,26.65,790,0
DMAX.US,5,20260318,203000,26.63,26.63,26.63,26.63,300,0
DMAX.US,5,20260318,203500,26.63,26.63,26.63,26.63,400,0
DMAX.US,5,20260318,204000,26.63,26.63,26.62,26.62,400,0
DMAX.US,5,20260318,204500,26.62,26.62,26.62,26.62,600,0
DMAX.US,5,20260318,205000,26.62,26.62,26.62,26.62,800,0
DMAX.US,5,20260318,205500,26.6521,26.6521,26.61,26.61,2863,0
DMAX.US,5,20260319,152500,26.6202,26.6202,26.6,26.6,2603,0
DMAX.US,5,20260319,153000,26.59,26.59,26.59,26.59,1000,0
DMAX.US,5,20260319,153500,26.59,26.59,26.59,26.59,3000,0
DMAX.US,5,20260319,154500,26.592,26.592,26.592,26.592,432,0
DMAX.US,5,20260319,171000,26.62,26.62,26.62,26.62,100,0
DMAX.US,5,20260319,180000,26.599,26.599,26.599,26.599,100,0
DMAX.US,5,20260319,200000,26.62,26.62,26.62,26.62,111,0
DMAX.US,5,20260319,200500,26.63,26.63,26.63,26.63,100,0
DMAX.US,5,20260319,203500,26.62,26.62,26.62,26.62,1052,0
DMAX.US,5,20260319,204500,26.611,26.611,26.6101,26.611,2570,0
DMAX.US,5,20260320,144000,26.6014,26.6014,26.6013,26.6013,401,0
DMAX.US,5,20260320,150000,26.56,26.56,26.56,26.56,2000,0
DMAX.US,5,20260320,151000,26.56,26.56,26.56,26.56,100,0
DMAX.US,5,20260320,152500,26.55,26.55,26.55,26.55,2000,0
DMAX.US,5,20260320,153500,26.575,26.575,26.575,26.575,100,0
DMAX.US,5,20260320,154500,26.5501,26.5501,26.5501,26.5501,200,0
DMAX.US,5,20260320,161500,26.58,26.58,26.58,26.58,200,0
DMAX.US,5,20260320,172500,26.58,26.58,26.58,26.58,100,0
DMAX.US,5,20260320,183500,26.555,26.555,26.555,26.555,267,0
DMAX.US,5,20260320,184000,26.555,26.555,26.555,26.555,261,0
DMAX.US,5,20260320,193500,26.52,26.5201,26.52,26.5201,541,0
DMAX.US,5,20260320,205000,26.5,26.5,26.5,26.5,375,0
DMAX.US,5,20260323,150500,26.61,26.61,26.61,26.61,100,0
DMAX.US,5,20260323,151500,26.6,26.6045,26.6,26.6045,1394,0
DMAX.US,5,20260323,165000,26.61,26.61,26.61,26.61,100,0
DMAX.US,5,20260323,171500,26.5932,26.5932,26.5932,26.5932,115,0
DMAX.US,5,20260323,183000,26.57,26.5701,26.57,26.5701,950,0
DMAX.US,5,20260323,192500,26.5901,26.5901,26.59,26.59,200,0
DMAX.US,5,20260323,194000,26.6,26.6,26.59,26.593,10781,0
DMAX.US,5,20260323,201500,26.62,26.63,26.61,26.63,51862,0
DMAX.US,5,20260323,202000,26.63,26.63,26.59,26.59,1743,0
DMAX.US,5,20260323,205500,26.6,26.63,26.6,26.62,732,0
DMAX.US,5,20260324,151500,26.5601,26.5601,26.5601,26.5601,1000,0
DMAX.US,5,20260324,152500,26.58,26.58,26.57,26.57,1240,0
DMAX.US,5,20260324,153000,26.58,26.5898,26.58,26.5898,1880,0
DMAX.US,5,20260324,153500,26.5601,26.5601,26.5601,26.5601,100,0
DMAX.US,5,20260324,161000,26.59,26.6,26.5899,26.6,2040,0
DMAX.US,5,20260324,162000,26.6,26.6,26.6,26.6,550,0
DMAX.US,5,20260324,170000,26.595,26.595,26.595,26.595,100,0
DMAX.US,5,20260324,191000,26.58,26.58,26.58,26.58,3978,0
DMAX.US,5,20260324,191500,26.58,26.58,26.58,26.58,100,0
DMAX.US,5,20260324,194500,26.6,26.6,26.6,26.6,10304,0
DMAX.US,5,20260324,203500,26.59,26.59,26.5899,26.5899,400,0
DMAX.US,5,20260324,205500,26.59,26.59,26.59,26.59,169,0
DMAX.US,5,20260325,161500,26.61,26.61,26.61,26.61,200,0
DMAX.US,5,20260325,204000,26.61,26.62,26.61,26.62,1422,0
DMAX.US,5,20260325,205000,26.62,26.62,26.62,26.62,100,0
DMAX.US,5,20260326,155000,26.58,26.58,26.58,26.58,200,0
DMAX.US,5,20260326,173500,26.554,26.554,26.554,26.554,100,0
DMAX.US,5,20260326,175500,26.57,26.57,26.57,26.57,291,0
DMAX.US,5,20260326,185000,26.55,26.55,26.55,26.55,200,0
DMAX.US,5,20260326,202000,26.535,26.535,26.535,26.535,341,0
DMAX.US,5,20260326,205000,26.54,26.54,26.54,26.54,100,0
DMAX.US,5,20260326,205500,26.53,26.53,26.53,26.53,338,0
DMAX.US,5,20260327,143000,26.5,26.5,26.5,26.5,3500,0
DMAX.US,5,20260327,150000,26.48,26.485,26.48,26.48,2113,0
DMAX.US,5,20260327,150500,26.5,26.5099,26.5,26.5,3900,0
DMAX.US,5,20260327,152500,26.5,26.5,26.5,26.5,995,0
DMAX.US,5,20260327,162500,26.4912,26.4912,26.4912,26.4912,460,0
DMAX.US,5,20260327,164500,26.52,26.52,26.52,26.52,300,0
DMAX.US,5,20260327,185500,26.47,26.47,26.45,26.4601,6894,0
DMAX.US,5,20260327,200000,26.46,26.46,26.46,26.46,1600,0
DMAX.US,5,20260327,205500,26.451,26.451,26.451,26.451,300,0
DMAX.US,5,20260330,171000,26.48,26.48,26.48,26.48,4000,0
DMAX.US,5,20260330,192000,26.455,26.455,26.455,26.455,122,0
DMAX.US,5,20260330,200500,26.45,26.45,26.45,26.45,1383,0
DMAX.US,5,20260330,204500,26.45,26.45,26.45,26.45,100,0
DMAX.US,5,20260330,212000,26.43,26.45,26.41,26.41,76075,0
DMAX.US,5,20260330,214000,26.43,26.43,26.42,26.42,1641,0
DMAX.US,5,20260331,155500,26.51,26.51,26.51,26.51,100,0
DMAX.US,5,20260331,162000,26.495,26.495,26.495,26.495,100,0
DMAX.US,5,20260331,164500,26.49,26.49,26.49,26.49,100,0
DMAX.US,5,20260331,175500,26.5,26.5,26.5,26.5,100,0
DMAX.US,5,20260331,181000,26.5,26.5,26.5,26.5,100,0
DMAX.US,5,20260331,185000,26.53,26.53,26.52,26.52,792,0
DMAX.US,5,20260331,185500,26.53,26.53,26.53,26.53,300,0
DMAX.US,5,20260331,190000,26.53,26.53,26.53,26.53,120,0
DMAX.US,5,20260331,190500,26.53,26.53,26.53,26.53,100,0
DMAX.US,5,20260331,191500,26.53,26.53,26.53,26.53,120,0
DMAX.US,5,20260331,193500,26.55,26.55,26.55,26.55,100,0
DMAX.US,5,20260331,203500,26.55,26.56,26.55,26.56,398,0
DMAX.US,5,20260331,210000,26.56,26.56,26.56,26.56,1747,0
DMAX.US,5,20260331,210500,26.56,26.56,26.56,26.56,129,0
DMAX.US,5,20260331,213500,26.56,26.56,26.56,26.56,2086,0
DMAX.US,5,20260401,153000,26.65,26.65,26.65,26.65,221,0
DMAX.US,5,20260401,160000,26.6,26.6,26.6,26.6,100,0
DMAX.US,5,20260401,160500,26.6,26.6,26.6,26.6,263,0
DMAX.US,5,20260401,162500,26.6,26.6084,26.6,26.6084,1894,0
DMAX.US,5,20260401,163500,26.605,26.605,26.605,26.605,1000,0
DMAX.US,5,20260401,164000,26.605,26.605,26.6,26.6034,3000,0
DMAX.US,5,20260401,171000,26.6299,26.6299,26.6299,26.6299,227,0
DMAX.US,5,20260401,172000,26.63,26.63,26.63,26.63,240,0
DMAX.US,5,20260401,172500,26.62,26.62,26.62,26.62,560,0
DMAX.US,5,20260401,175500,26.62,26.62,26.62,26.62,1363,0
DMAX.US,5,20260401,183500,26.6395,26.6395,26.6395,26.6395,324,0
DMAX.US,5,20260401,185500,26.62,26.62,26.62,26.62,100,0
DMAX.US,5,20260401,201000,26.61,26.61,26.61,26.61,100,0
DMAX.US,5,20260401,202000,26.62,26.62,26.62,26.62,2535,0
DMAX.US,5,20260401,203000,26.63,26.64,26.63,26.64,2779,0
DMAX.US,5,20260401,205500,26.6,26.6,26.6,26.6,100,0
DMAX.US,5,20260401,214500,26.61,26.6101,26.6,26.6101,6928,0
DMAX.US,5,20260401,215000,26.61,26.625,26.6,26.625,9212,0
DMAX.US,5,20260401,215500,26.62,26.63,26.6,26.6,794,0
DMAX.US,5,20260402,155000,26.56,26.56,26.56,26.56,100,0
DMAX.US,5,20260402,160000,26.57,26.57,26.57,26.57,1128,0
DMAX.US,5,20260402,173000,26.6199,26.6199,26.6199,26.6199,423,0
DMAX.US,5,20260402,174500,26.61,26.61,26.61,26.61,200,0
DMAX.US,5,20260402,191500,26.615,26.615,26.615,26.615,292,0
DMAX.US,5,20260402,192000,26.62,26.62,26.6101,26.62,1438,0
DMAX.US,5,20260402,192500,26.615,26.615,26.615,26.615,241,0
DMAX.US,5,20260402,195000,26.61,26.61,26.59,26.6,7278,0
DMAX.US,5,20260402,195500,26.6,26.61,26.59,26.59,22854,0
DMAX.US,5,20260402,204000,26.59,26.59,26.59,26.59,100,0
DMAX.US,5,20260402,205500,26.5956,26.5956,26.5956,26.5956,205,0
DMAX.US,5,20260402,210500,26.59,26.59,26.59,26.59,706,0
DMAX.US,5,20260402,211500,26.6,26.6,26.6,26.6,100,0
DMAX.US,5,20260402,215000,26.61,26.61,26.61,26.61,100,0
DMAX.US,5,20260402,215500,26.62,26.62,26.61,26.61,288,0
DMAX.US,5,20260406,155500,26.6,26.6,26.595,26.6,1719,0
DMAX.US,5,20260406,160000,26.6,26.62,26.6,26.62,1000,0
DMAX.US,5,20260406,164000,26.61,26.61,26.61,26.61,131,0
DMAX.US,5,20260406,164500,26.61,26.61,26.61,26.61,1139,0
DMAX.US,5,20260406,165000,26.615,26.615,26.615,26.615,534,0
DMAX.US,5,20260406,170000,26.61,26.61,26.61,26.61,300,0
DMAX.US,5,20260406,173500,26.61,26.61,26.61,26.61,400,0
DMAX.US,5,20260406,174000,26.61,26.61,26.6,26.6,300,0
DMAX.US,5,20260406,180000,26.61,26.61,26.61,26.61,421,0
DMAX.US,5,20260406,183000,26.625,26.625,26.625,26.625,100,0
DMAX.US,5,20260406,200000,26.63,26.63,26.62,26.625,4446,0
DMAX.US,5,20260406,203000,26.635,26.635,26.63,26.63,850,0
DMAX.US,5,20260406,215500,26.635,26.635,26.635,26.635,200,0
DMAX.US,5,20260407,155000,26.6,26.6,26.6,26.6,100,0
DMAX.US,5,20260407,161500,26.6,26.6,26.6,26.6,1992,0
DMAX.US,5,20260407,172000,26.6,26.6,26.6,26.6,1123,0
DMAX.US,5,20260407,172500,26.59,26.6,26.59,26.5965,2128,0
DMAX.US,5,20260407,173500,26.59,26.59,26.58,26.58,524,0
DMAX.US,5,20260407,180000,26.595,26.61,26.595,26.61,2095,0
DMAX.US,5,20260407,180500,26.6,26.6,26.6,26.6,2433,0
DMAX.US,5,20260407,182000,26.61,26.61,26.61,26.61,100,0
DMAX.US,5,20260407,183000,26.615,26.615,26.615,26.615,1195,0
DMAX.US,5,20260407,183500,26.61,26.61,26.61,26.61,500,0
DMAX.US,5,20260407,184000,26.61,26.61,26.61,26.61,200,0
DMAX.US,5,20260407,190000,26.62,26.62,26.6199,26.62,1682,0
DMAX.US,5,20260407,194500,26.62,26.62,26.62,26.62,100,0
DMAX.US,5,20260407,202500,26.6234,26.6234,26.62,26.62,1040,0
DMAX.US,5,20260407,203500,26.62,26.62,26.62,26.62,100,0
DMAX.US,5,20260407,212000,26.62,26.62,26.62,26.62,100,0
DMAX.US,5,20260407,213000,26.62,26.62,26.62,26.62,296,0
DMAX.US,5,20260407,214000,26.6198,26.64,26.615,26.64,7307,0
DMAX.US,5,20260408,153000,26.75,26.75,26.75,26.75,1002,0
DMAX.US,5,20260408,192000,26.76,26.76,26.76,26.76,788,0
DMAX.US,5,20260408,193000,26.755,26.755,26.755,26.755,3605,0
DMAX.US,5,20260408,194000,26.76,26.763,26.76,26.763,880,0
DMAX.US,5,20260408,201000,26.76,26.76,26.76,26.76,304,0
DMAX.US,5,20260408,204500,26.74,26.74,26.74,26.74,3500,0
DMAX.US,5,20260408,213000,26.75,26.75,26.75,26.75,485,0
DMAX.US,5,20260409,153500,26.74,26.74,26.74,26.74,321,0
DMAX.US,5,20260409,174500,26.79,26.79,26.79,26.79,810,0
DMAX.US,5,20260409,193500,26.79,26.79,26.79,26.79,420,0
DMAX.US,5,20260409,194000,26.8131,26.8131,26.8131,26.8131,331,0
DMAX.US,5,20260409,211000,26.79,26.79,26.79,26.79,519,0
DMAX.US,5,20260410,170500,26.81,26.81,26.81,26.81,370,0
DMAX.US,5,20260410,183000,26.79,26.79,26.79,26.79,69699,0
DMAX.US,5,20260410,195000,26.78,26.78,26.78,26.78,1750,0
DMAX.US,5,20260410,202500,26.78,26.78,26.78,26.78,100,0
DMAX.US,5,20260410,212000,26.7816,26.7816,26.7816,26.7816,126,0
DMAX.US,5,20260413,160000,26.8,26.8,26.8,26.8,130,0
DMAX.US,5,20260413,184000,26.805,26.83,26.805,26.8066,1800,0
DMAX.US,5,20260413,191000,26.8,26.8,26.8,26.8,100,0
DMAX.US,5,20260413,201500,26.8,26.8,26.8,26.8,2000,0
DMAX.US,5,20260413,203000,26.84,26.84,26.84,26.84,1000,0
DMAX.US,5,20260413,211000,26.8175,26.8175,26.8175,26.8175,124,0
DMAX.US,5,20260413,211500,26.8101,26.82,26.8101,26.82,1067,0
DMAX.US,5,20260413,214500,26.8135,26.83,26.8135,26.83,299,0
DMAX.US,5,20260414,170000,26.86,26.86,26.86,26.86,100,0
DMAX.US,5,20260414,194500,26.8801,26.8801,26.8801,26.8801,294,0
DMAX.US,5,20260415,162500,26.915,26.915,26.915,26.915,2000,0
DMAX.US,5,20260415,163000,26.9001,26.9001,26.9001,26.9001,283,0
DMAX.US,5,20260415,165500,26.9,26.9,26.9,26.9,100,0
DMAX.US,5,20260415,171500,26.91,26.91,26.91,26.91,2008,0
DMAX.US,5,20260415,191000,26.9,26.9,26.9,26.9,200,0
DMAX.US,5,20260415,213000,26.92,26.92,26.92,26.92,225,0
DMAX.US,5,20260415,215000,26.91,26.91,26.91,26.91,865,0
DMAX.US,5,20260416,153000,26.92,26.92,26.92,26.92,300,0
DMAX.US,5,20260416,165000,26.92,26.92,26.92,26.92,100,0
DMAX.US,5,20260416,172000,26.93,26.93,26.93,26.93,3397,0
DMAX.US,5,20260416,174000,26.93,26.93,26.93,26.93,18702,0
DMAX.US,5,20260416,194500,26.93,26.93,26.93,26.93,100,0
DMAX.US,5,20260416,210500,26.92,26.92,26.92,26.92,1500,0
DMAX.US,5,20260416,214000,26.9299,26.93,26.9299,26.93,1075,0
DMAX.US,5,20260416,215500,26.93,26.94,26.9266,26.9266,2640,0
DMAX.US,5,20260417,155500,27.009,27.01,26.99,26.99,3210,0
DMAX.US,5,20260417,164000,27.01,27.01,27.01,27.01,815,0
DMAX.US,5,20260417,165500,27.01,27.01,26.995,27.01,900,0
DMAX.US,5,20260417,173000,27.0103,27.0103,27.0103,27.0103,837,0
DMAX.US,5,20260417,175500,27.0101,27.02,26.99,26.9901,16127,0
DMAX.US,5,20260417,180000,27.005,27.005,27.005,27.005,185,0
DMAX.US,5,20260417,185000,26.9904,26.9904,26.9904,26.9904,410,0
DMAX.US,5,20260417,200500,26.995,27.01,26.995,27.01,404,0
DMAX.US,5,20260417,210000,26.98,26.9801,26.98,26.9801,1260,0
DMAX.US,5,20260417,215000,27,27,27,27,1153,0
DMAX.US,5,20260420,163000,26.995,26.995,26.995,26.995,101,0
DMAX.US,5,20260420,164000,26.98,26.98,26.98,26.98,100,0
DMAX.US,5,20260420,165500,26.97,26.97,26.97,26.97,2400,0
DMAX.US,5,20260420,170000,26.97,26.97,26.96,26.96,1433,0
DMAX.US,5,20260420,171500,26.975,26.9899,26.96,26.96,1563,0
DMAX.US,5,20260420,174500,26.98,26.98,26.98,26.98,2500,0
DMAX.US,5,20260420,175000,26.97,26.99,26.97,26.9898,4117,0
DMAX.US,5,20260420,175500,26.97,26.97,26.97,26.97,197,0
DMAX.US,5,20260420,183500,26.97,26.97,26.97,26.97,1200,0
DMAX.US,5,20260420,200000,26.97,26.97,26.97,26.97,1600,0
DMAX.US,5,20260420,215500,26.97,26.97,26.97,26.97,125,0
DMAX.US,5,20260421,161000,26.99,26.99,26.99,26.99,1400,0
DMAX.US,5,20260421,164500,26.98,26.98,26.98,26.98,100,0
DMAX.US,5,20260421,173500,26.962,26.962,26.962,26.962,100,0
DMAX.US,5,20260421,180000,26.98,26.98,26.98,26.98,408,0
DMAX.US,5,20260421,190500,26.96,26.96,26.96,26.96,200,0
DMAX.US,5,20260421,191500,26.965,26.965,26.965,26.965,297,0
DMAX.US,5,20260421,193000,26.96,26.97,26.96,26.96,400,0
DMAX.US,5,20260421,194000,26.97,26.97,26.97,26.97,200,0
DMAX.US,5,20260421,210000,26.97,26.97,26.97,26.97,1350,0
DMAX.US,5,20260422,161500,26.99,26.99,26.99,26.99,500,0
DMAX.US,5,20260422,190500,27,27,27,27,100,0
DMAX.US,5,20260422,192000,27.0088,27.0088,27.0088,27.0088,176,0
DMAX.US,5,20260422,211500,27,27,26.99,26.99,1100,0
DMAX.US,5,20260422,213000,27,27,27,27,824,0
DMAX.US,5,20260422,214500,26.991,26.991,26.99,26.99,7755,0
DMAX.US,5,20260423,172000,27.03,27.03,27.03,27.03,600,0
DMAX.US,5,20260423,184000,27.0345,27.039,27.03,27.03,5850,0
DMAX.US,5,20260423,185500,27.03,27.03,27.03,27.03,1152,0
DMAX.US,5,20260423,190000,27.03,27.03,27.03,27.03,1000,0
DMAX.US,5,20260423,190500,27.03,27.03,27.03,27.03,17607,0
DMAX.US,5,20260423,191000,27,27,26.98,26.98,2001,0
DMAX.US,5,20260423,195000,27.01,27.01,27.01,27.01,652,0
DMAX.US,5,20260423,195500,27,27,27,27,100,0
DMAX.US,5,20260423,212000,26.99,26.99,26.99,26.99,4886,0
DMAX.US,5,20260423,213000,26.98,26.98,26.98,26.98,310,0
DMAX.US,5,20260423,215500,26.9999,27.03,26.99,27.03,2929,0
DMAX.US,5,20260424,155000,27.02,27.02,27.02,27.02,147,0
DMAX.US,5,20260424,160000,27.015,27.015,27.015,27.015,1295,0
DMAX.US,5,20260424,161500,27.02,27.04,27,27.04,12116,0
DMAX.US,5,20260424,182500,27.02,27.0201,27.02,27.0201,200,0
DMAX.US,5,20260424,201500,27.02,27.05,27.01,27.03,5898,0
DMAX.US,5,20260424,205500,27.02,27.02,27.02,27.02,120,0
DMAX.US,5,20260424,212500,27.03,27.03,27.03,27.03,48458,0
DMAX.US,5,20260427,155500,27.06,27.06,27.04,27.04,200,0
DMAX.US,5,20260427,163500,27.03,27.03,27.03,27.03,100,0
DMAX.US,5,20260427,201500,27.025,27.025,27.025,27.025,439,0
DMAX.US,5,20260427,202000,27.03,27.04,27.03,27.04,755,0
DMAX.US,5,20260427,211000,27.04,27.04,27.04,27.04,1444,0
DMAX.US,5,20260427,213000,27.04,27.05,27.03,27.03,3084,0
DMAX.US,5,20260428,153000,27.03,27.03,27.03,27.03,110,0
DMAX.US,5,20260428,162000,27.03,27.03,27.03,27.03,239,0
DMAX.US,5,20260428,170000,27.011,27.011,27.01,27.0101,600,0
DMAX.US,5,20260428,172500,27,27.0001,27,27.0001,700,0
DMAX.US,5,20260428,173500,27,27.0001,27,27.0001,5564,0
DMAX.US,5,20260428,191000,27,27,27,27,730,0
DMAX.US,5,20260428,193500,27.01,27.01,27.01,27.01,100,0
DMAX.US,5,20260428,204000,27.02,27.02,27.02,27.02,10422,0
DMAX.US,5,20260428,205500,27.025,27.05,27.025,27.05,14214,0
DMAX.US,5,20260428,214000,27.03,27.03,27.03,27.03,594,0
DMAX.US,5,20260428,215500,27.01,27.0101,27.01,27.0101,1400,0
DMAX.US,5,20260429,164000,27.035,27.035,27.035,27.035,259,0
DMAX.US,5,20260429,200000,27.03,27.03,27.03,27.03,103,0
DMAX.US,5,20260429,205000,27.0399,27.0399,27.0399,27.0399,277,0
DMAX.US,5,20260429,210500,27.011,27.011,27.01,27.0101,1237,0
DMAX.US,5,20260429,211000,27.03,27.03,27.03,27.03,116,0
DMAX.US,5,20260429,211500,27.04,27.04,27.04,27.04,100,0
DMAX.US,5,20260429,213500,27.02,27.02,27.02,27.02,932,0
DMAX.US,5,20260430,190500,27.06,27.06,27.06,27.06,100,0
DMAX.US,5,20260430,195500,27.0501,27.0501,27.0501,27.0501,505,0
DMAX.US,5,20260430,201000,27.07,27.07,27.07,27.07,496,0
DMAX.US,5,20260430,203000,27.08,27.09,27.06,27.06,5624,0
DMAX.US,5,20260430,211000,27.06,27.06,27.06,27.06,50505,0
DMAX.US,5,20260430,213000,27.065,27.065,27.06,27.065,700,0
DMAX.US,5,20260430,213500,27.06,27.065,27.06,27.0601,2199,0
DMAX.US,5,20260430,214000,27.0612,27.0612,27.06,27.06,472,0
DMAX.US,5,20260501,165000,27.105,27.105,27.105,27.105,1292,0
DMAX.US,5,20260501,191000,27.1,27.1,27.1,27.1,162,0
DMAX.US,5,20260501,211500,27.081,27.081,27.08,27.081,1228,0
DMAX.US,5,20260501,214000,27.1,27.12,27.07,27.095,19508,0
DMAX.US,5,20260504,153000,27.07,27.07,27.07,27.07,461,0
DMAX.US,5,20260504,182000,27.045,27.05,27.045,27.05,200,0
DMAX.US,5,20260504,183500,27.05,27.05,27.05,27.05,815,0
DMAX.US,5,20260504,190500,27.041,27.041,27.041,27.041,200,0
DMAX.US,5,20260504,204000,27.06,27.06,27.06,27.06,115,0
DMAX.US,5,20260504,205000,27.05,27.05,27.05,27.05,300,0
DMAX.US,5,20260504,211000,27.08,27.08,27.08,27.08,210,0
DMAX.US,5,20260504,211500,27.065,27.065,27.065,27.065,554,0
DMAX.US,5,20260505,171500,27.095,27.095,27.095,27.095,288,0
DMAX.US,5,20260505,174500,27.11,27.11,27.11,27.11,100,0
DMAX.US,5,20260505,184000,27.1099,27.1099,27.1099,27.1099,958,0
DMAX.US,5,20260505,194000,27.1099,27.1099,27.1099,27.1099,795,0
DMAX.US,5,20260505,213500,27.1,27.1,27.1,27.1,148,0
DMAX.US,5,20260505,215000,27.11,27.11,27.09,27.095,1100,0
DMAX.US,5,20260506,162000,27.12,27.12,27.12,27.12,682,0
DMAX.US,5,20260506,173000,27.14,27.14,27.14,27.14,332,0
DMAX.US,5,20260506,180000,27.15,27.15,27.15,27.15,199,0
DMAX.US,5,20260506,182000,27.14,27.14,27.14,27.14,1000,0
DMAX.US,5,20260506,195000,27.1301,27.1301,27.1301,27.1301,173,0
DMAX.US,5,20260506,205000,27.14,27.14,27.14,27.14,184,0
DMAX.US,5,20260506,210000,27.1599,27.1599,27.1599,27.1599,384,0
DMAX.US,5,20260506,214000,27.15,27.15,27.15,27.15,185,0
DMAX.US,5,20260507,163000,27.16,27.16,27.16,27.16,100,0
DMAX.US,5,20260507,182000,27.13,27.13,27.13,27.13,1475,0
DMAX.US,5,20260507,182500,27.14,27.14,27.14,27.14,200,0
DMAX.US,5,20260507,183500,27.15,27.15,27.15,27.15,453,0
DMAX.US,5,20260507,185000,27.15,27.15,27.15,27.15,9920,0
DMAX.US,5,20260507,185500,27.1499,27.1499,27.1499,27.1499,146,0
DMAX.US,5,20260507,201500,27.1484,27.1484,27.1484,27.1484,155,0
DMAX.US,5,20260507,202500,27.1301,27.1301,27.1301,27.1301,169,0
DMAX.US,5,20260507,210500,27.14,27.14,27.14,27.14,2266,0
DMAX.US,5,20260507,211000,27.13,27.13,27.13,27.13,100,0
DMAX.US,5,20260508,171500,27.18,27.18,27.18,27.18,153,0
DMAX.US,5,20260508,183500,27.17,27.17,27.17,27.17,396,0
DMAX.US,5,20260508,185500,27.16,27.17,27.16,27.17,322,0
DMAX.US,5,20260508,191000,27.1799,27.1799,27.1799,27.1799,1104,0
DMAX.US,5,20260508,193000,27.1799,27.1799,27.1799,27.1799,184,0
DMAX.US,5,20260508,201000,27.17,27.17,27.17,27.17,950,0
DMAX.US,5,20260508,203500,27.17,27.18,27.16,27.18,4916,0
DMAX.US,5,20260508,212000,27.175,27.175,27.175,27.175,1290,0
DMAX.US,5,20260508,215000,27.16,27.16,27.16,27.16,121,0
DMAX.US,5,20260511,160000,27.16,27.16,27.16,27.16,100,0
DMAX.US,5,20260511,165500,27.1701,27.1701,27.1701,27.1701,350,0
DMAX.US,5,20260511,170000,27.18,27.18,27.18,27.18,600,0
DMAX.US,5,20260511,184000,27.17,27.17,27.17,27.17,242,0
DMAX.US,5,20260511,185000,27.17,27.17,27.17,27.17,100,0
DMAX.US,5,20260511,192500,27.19,27.19,27.18,27.18,1800,0
DMAX.US,5,20260511,193500,27.18,27.18,27.18,27.18,100,0
DMAX.US,5,20260511,200500,27.18,27.18,27.18,27.18,100,0
DMAX.US,5,20260511,211000,27.18,27.18,27.18,27.18,2923,0
DMAX.US,5,20260511,211500,27.18,27.18,27.18,27.18,100,0
DMAX.US,5,20260511,214000,27.1601,27.1601,27.1601,27.1601,128,0
DMAX.US,5,20260512,184000,27.14,27.14,27.14,27.14,100,0
DMAX.US,5,20260512,191500,27.14,27.14,27.14,27.14,1195,0
DMAX.US,5,20260512,200500,27.165,27.165,27.165,27.165,1605,0
DMAX.US,5,20260512,203000,27.17,27.17,27.17,27.17,2700,0
DMAX.US,5,20260512,212000,27.16,27.16,27.16,27.16,300,0
DMAX.US,5,20260512,213000,27.165,27.165,27.165,27.165,553,0
DMAX.US,5,20260512,213500,27.16,27.16,27.16,27.16,209,0
DMAX.US,5,20260513,154500,27.1534,27.1534,27.1534,27.1534,251,0
DMAX.US,5,20260513,155000,27.17,27.17,27.17,27.17,552,0
DMAX.US,5,20260513,161000,27.175,27.175,27.175,27.175,347,0
DMAX.US,5,20260513,173000,27.1717,27.1717,27.1717,27.1717,100,0
DMAX.US,5,20260513,173500,27.171,27.19,27.17,27.19,1294,0
DMAX.US,5,20260513,175000,27.17,27.17,27.17,27.17,803,0
DMAX.US,5,20260513,211000,27.195,27.195,27.195,27.195,313,0
DMAX.US,5,20260513,215000,27.18,27.18,27.18,27.18,1000,0
DMAX.US,5,20260514,153000,27.21,27.21,27.21,27.21,1295,0
DMAX.US,5,20260514,153500,27.21,27.21,27.21,27.21,20064,0
DMAX.US,5,20260514,163500,27.2173,27.2173,27.2173,27.2173,164,0
DMAX.US,5,20260514,173500,27.21,27.21,27.21,27.21,220,0
DMAX.US,5,20260514,180500,27.215,27.215,27.215,27.215,9853,0
DMAX.US,5,20260514,182500,27.2,27.2,27.2,27.2,100,0
DMAX.US,5,20260514,184000,27.2,27.2001,27.2,27.2001,314,0
DMAX.US,5,20260514,190500,27.21,27.21,27.21,27.21,2572,0
DMAX.US,5,20260514,193000,27.21,27.21,27.21,27.21,300,0
DMAX.US,5,20260514,200000,27.2,27.2,27.2,27.2,1000,0
DMAX.US,5,20260514,200500,27.2,27.2,27.2,27.2,13439,0
DMAX.US,5,20260514,204500,27.21,27.21,27.21,27.21,112,0
DMAX.US,5,20260514,205000,27.2199,27.2199,27.2199,27.2199,322,0
DMAX.US,5,20260514,212000,27.2,27.215,27.2,27.215,809,0
DMAX.US,5,20260515,155000,27.205,27.205,27.205,27.205,103,0
DMAX.US,5,20260515,160500,27.18,27.205,27.18,27.205,1132,0
DMAX.US,5,20260515,173000,27.2,27.2,27.2,27.2,1239,0
DMAX.US,5,20260515,174000,27.19,27.19,27.19,27.19,100,0
DMAX.US,5,20260515,181500,27.1999,27.1999,27.1999,27.1999,2346,0
DMAX.US,5,20260515,192000,27.19,27.19,27.19,27.19,100,0
DMAX.US,5,20260518,153000,27.28,27.28,27.28,27.28,976,0
DMAX.US,5,20260518,171000,27.17,27.17,27.17,27.17,100,0
DMAX.US,5,20260518,182000,27.18,27.18,27.18,27.18,397,0
DMAX.US,5,20260518,203500,27.175,27.175,27.175,27.175,272,0
DMAX.US,5,20260518,213500,27.18,27.19,27.18,27.19,919,0
DMAX.US,5,20260518,215000,27.2199,27.2199,27.17,27.2099,4435,0
DMAX.US,5,20260519,200000,27.185,27.185,27.185,27.185,600,0
DMAX.US,5,20260519,202000,27.185,27.185,27.185,27.185,129,0
DMAX.US,5,20260519,205000,27.185,27.185,27.185,27.185,232,0
DMAX.US,5,20260519,212500,27.16,27.16,27.16,27.16,7612,0
DMAX.US,5,20260519,213000,27.175,27.175,27.175,27.175,374,0
DMAX.US,5,20260519,215000,27.175,27.175,27.175,27.175,102,0
DMAX.US,5,20260520,155000,27.17,27.17,27.17,27.17,100,0
DMAX.US,5,20260520,172500,27.1901,27.1901,27.1901,27.1901,251,0
DMAX.US,5,20260520,175000,27.21,27.21,27.21,27.21,765,0
DMAX.US,5,20260520,182000,27.18,27.18,27.18,27.18,217,0
DMAX.US,5,20260520,183500,27.2184,27.22,27.2,27.2,1300,0
DMAX.US,5,20260520,184500,27.21,27.21,27.21,27.21,1433,0
DMAX.US,5,20260520,195000,27.18,27.1801,27.18,27.18,8422,0
DMAX.US,5,20260520,195500,27.2,27.2,27.2,27.2,883,0
DMAX.US,5,20260520,203500,27.205,27.205,27.205,27.205,155,0
DMAX.US,5,20260521,162500,27.2299,27.2299,27.2299,27.2299,110,0
DMAX.US,5,20260521,191000,27.22,27.22,27.22,27.22,2617,0
DMAX.US,5,20260521,204000,27.235,27.235,27.235,27.235,553,0
DMAX.US,5,20260521,205000,27.2499,27.25,27.2499,27.25,247,0
DMAX.US,5,20260521,205500,27.225,27.225,27.225,27.225,242,0
DMAX.US,5,20260522,154000,27.25,27.25,27.25,27.25,1740,0
DMAX.US,5,20260522,160500,27.24,27.26,27.24,27.26,807,0
DMAX.US,5,20260522,162500,27.235,27.235,27.235,27.235,2091,0
DMAX.US,5,20260522,164500,27.24,27.24,27.24,27.24,3203,0
DMAX.US,5,20260522,165000,27.235,27.235,27.235,27.235,200,0
DMAX.US,5,20260522,165500,27.2201,27.2349,27.22,27.2349,2410,0
DMAX.US,5,20260522,171000,27.235,27.26,27.235,27.26,2475,0
DMAX.US,5,20260522,172000,27.25,27.27,27.2499,27.27,3240,0
DMAX.US,5,20260522,172500,27.245,27.245,27.245,27.245,110,0
DMAX.US,5,20260522,175500,27.245,27.245,27.245,27.245,427,0
DMAX.US,5,20260522,181500,27.25,27.25,27.25,27.25,115,0
DMAX.US,5,20260522,182000,27.235,27.235,27.235,27.235,367,0
DMAX.US,5,20260522,192500,27.2201,27.2201,27.22,27.2201,2469,0
DMAX.US,5,20260522,212000,27.24,27.24,27.24,27.24,400,0
DMAX.US,5,20260522,213000,27.24,27.24,27.24,27.24,400,0
DMAX.US,5,20260522,214500,27.23,27.23,27.23,27.23,4408,0
DMAX.US,5,20260526,153000,27.27,27.27,27.27,27.27,148,0
DMAX.US,5,20260526,153500,27.24,27.24,27.24,27.24,561,0
DMAX.US,5,20260526,162000,27.27,27.27,27.2699,27.27,3300,0
DMAX.US,5,20260526,162500,27.2699,27.27,27.255,27.27,4720,0
DMAX.US,5,20260526,175000,27.29,27.29,27.29,27.29,100,0
DMAX.US,5,20260526,184500,27.26,27.26,27.26,27.26,146,0
DMAX.US,5,20260526,194500,27.2419,27.2419,27.2419,27.2419,131,0
DMAX.US,5,20260526,195500,27.2411,27.2495,27.24,27.2401,600,0
DMAX.US,5,20260526,202000,27.25,27.25,27.25,27.25,700,0
DMAX.US,5,20260526,214000,27.24,27.2549,27.24,27.2549,2348,0
DMAX.US,5,20260526,214500,27.2689,27.27,27.2689,27.27,3436,0
DMAX.US,5,20260526,215000,27.26,27.26,27.26,27.26,455,0
DMAX.US,5,20260527,155000,27.27,27.29,27.27,27.29,4300,0
DMAX.US,5,20260527,165500,27.26,27.26,27.26,27.26,367,0
DMAX.US,5,20260527,173000,27.2458,27.2458,27.2458,27.2458,325,0
DMAX.US,5,20260527,175500,27.255,27.255,27.24,27.24,1086,0
DMAX.US,5,20260527,212000,27.26,27.26,27.26,27.26,200,0
DMAX.US,5,20260528,153000,27.27,27.27,27.24,27.24,515,0
DMAX.US,5,20260528,163500,27.28,27.28,27.28,27.28,734,0
DMAX.US,5,20260528,165500,27.29,27.29,27.29,27.29,100,0
DMAX.US,5,20260528,173500,27.29,27.29,27.26,27.26,527,0
DMAX.US,5,20260528,183000,27.2611,27.29,27.26,27.26,751,0
DMAX.US,5,20260528,190000,27.287,27.287,27.287,27.287,200,0
DMAX.US,5,20260528,210500,27.26,27.29,27.26,27.29,330,0
DMAX.US,5,20260528,211000,27.29,27.29,27.29,27.29,220,0
DMAX.US,5,20260528,211500,27.29,27.29,27.29,27.29,1210,0
DMAX.US,5,20260528,212500,27.29,27.29,27.29,27.29,366,0
DMAX.US,5,20260529,153000,27.27,27.2701,27.27,27.2701,458,0
DMAX.US,5,20260529,154000,27.305,27.305,27.28,27.305,2551,0
DMAX.US,5,20260529,154500,27.3,27.3,27.3,27.3,1445,0
DMAX.US,5,20260529,162000,27.305,27.305,27.305,27.305,100,0
DMAX.US,5,20260529,171000,27.33,27.33,27.33,27.33,100,0
DMAX.US,5,20260529,211000,27.29,27.29,27.29,27.29,400,0
DMAX.US,5,20260601,160500,27.32,27.32,27.32,27.32,366,0
DMAX.US,5,20260601,171500,27.32,27.32,27.32,27.32,100,0
DMAX.US,5,20260602,154000,27.315,27.315,27.315,27.315,366,0
DMAX.US,5,20260602,163500,27.32,27.32,27.32,27.32,100,0
DMAX.US,5,20260602,164000,27.32,27.32,27.32,27.32,900,0
DMAX.US,5,20260602,171500,27.305,27.305,27.305,27.305,650,0
DMAX.US,5,20260602,174000,27.305,27.32,27.305,27.3089,1247,0
DMAX.US,5,20260602,180500,27.3028,27.3028,27.3028,27.3028,422,0
DMAX.US,5,20260602,195000,27.3011,27.33,27.3,27.33,418,0
DMAX.US,5,20260602,215500,27.315,27.315,27.315,27.315,121,0
DMAX.US,5,20260603,153000,27.35,27.35,27.35,27.35,316,0
DMAX.US,5,20260603,161000,27.281,27.281,27.281,27.281,229,0
DMAX.US,5,20260603,163000,27.305,27.305,27.305,27.305,263,0
DMAX.US,5,20260603,170000,27.29,27.2901,27.29,27.29,650,0
DMAX.US,5,20260603,172500,27.33,27.33,27.33,27.33,100,0
DMAX.US,5,20260604,162000,27.282,27.282,27.28,27.28,2093,0
DMAX.US,5,20260604,183000,27.305,27.305,27.305,27.305,354,0
DMAX.US,5,20260604,184000,27.305,27.305,27.305,27.305,131,0
DMAX.US,5,20260604,214500,27.34,27.34,27.34,27.34,100,0
DMAX.US,5,20260605,154500,27.2615,27.2615,27.2615,27.2615,125,0
DMAX.US,5,20260605,181500,27.28,27.28,27.28,27.28,100,0
DMAX.US,5,20260605,210500,27.25,27.25,27.22,27.22,1885,0
DMAX.US,5,20260608,171500,27.26,27.26,27.26,27.26,605,0
DMAX.US,5,20260608,172000,27.241,27.2411,27.24,27.2401,400,0
DMAX.US,5,20260608,172500,27.24,27.26,27.24,27.26,715,0
DMAX.US,5,20260608,174000,27.2401,27.2401,27.2401,27.2401,992,0
DMAX.US,5,20260608,180000,27.28,27.28,27.28,27.28,247,0
DMAX.US,5,20260608,185500,27.255,27.255,27.255,27.255,109,0
DMAX.US,5,20260608,202000,27.2575,27.2575,27.2575,27.2575,939,0
DMAX.US,5,20260608,215000,27.23,27.23,27.23,27.23,1541,0
DMAX.US,5,20260608,215500,27.25,27.25,27.25,27.25,130,0
DMAX.US,5,20260609,154000,27.28,27.28,27.28,27.28,514,0
DMAX.US,5,20260609,155500,27.265,27.265,27.265,27.265,353,0
DMAX.US,5,20260609,162000,27.25,27.25,27.25,27.25,100,0
DMAX.US,5,20260609,165500,27.23,27.2499,27.23,27.2499,1600,0
DMAX.US,5,20260609,170500,27.225,27.225,27.225,27.225,137,0
DMAX.US,5,20260609,172500,27.2,27.2,27.19,27.19,388,0
DMAX.US,5,20260609,174500,27.2,27.2,27.2,27.2,131,0
DMAX.US,5,20260609,181500,27.19,27.19,27.19,27.19,138,0
DMAX.US,5,20260609,182500,27.175,27.19,27.175,27.1899,1046,0
DMAX.US,5,20260609,183000,27.185,27.185,27.185,27.185,128,0
DMAX.US,5,20260609,184500,27.17,27.18,27.16,27.18,830,0
DMAX.US,5,20260609,191500,27.18,27.18,27.18,27.18,148,0
DMAX.US,5,20260609,192000,27.19,27.19,27.19,27.19,100,0
DMAX.US,5,20260609,193500,27.2,27.2,27.2,27.2,100,0
DMAX.US,5,20260609,201500,27.21,27.21,27.21,27.21,1871,0
DMAX.US,5,20260609,203500,27.205,27.21,27.205,27.21,1200,0
DMAX.US,5,20260609,204000,27.224,27.2299,27.22,27.22,2376,0
DMAX.US,5,20260609,204500,27.2299,27.2299,27.2299,27.2299,1322,0
DMAX.US,5,20260609,212500,27.21,27.21,27.21,27.21,269,0
DMAX.US,5,20260609,215500,27.215,27.215,27.215,27.215,123,0
DMAX.US,5,20260610,161500,27.2158,27.2158,27.2158,27.2158,158,0
DMAX.US,5,20260610,174000,27.21,27.21,27.195,27.21,2167,0
DMAX.US,5,20260610,175000,27.19,27.19,27.19,27.19,176,0
DMAX.US,5,20260610,180000,27.21,27.21,27.195,27.2047,3324,0
DMAX.US,5,20260610,180500,27.2,27.2,27.2,27.2,203,0
DMAX.US,5,20260610,183500,27.195,27.195,27.195,27.195,134,0
DMAX.US,5,20260610,185500,27.19,27.19,27.1882,27.1882,2108,0
DMAX.US,5,20260610,191000,27.19,27.21,27.19,27.19,3784,0
DMAX.US,5,20260610,193500,27.1999,27.1999,27.19,27.19,300,0
DMAX.US,5,20260610,194000,27.18,27.18,27.18,27.18,410,0
DMAX.US,5,20260610,194500,27.19,27.19,27.19,27.19,100,0
DMAX.US,5,20260610,195000,27.205,27.205,27.205,27.205,100,0
DMAX.US,5,20260610,195500,27.2,27.2,27.2,27.2,343,0
DMAX.US,5,20260610,202500,27.2,27.2,27.19,27.19,1800,0
DMAX.US,5,20260610,204000,27.2,27.2,27.2,27.2,166,0
DMAX.US,5,20260610,215000,27.18,27.18,27.1791,27.1791,258,0
DMAX.US,5,20260611,171500,27.18,27.18,27.18,27.18,100,0
DMAX.US,5,20260611,172000,27.18,27.18,27.18,27.18,455,0
DMAX.US,5,20260611,172500,27.198,27.198,27.198,27.198,100,0
DMAX.US,5,20260611,183000,27.19,27.19,27.19,27.19,100,0
DMAX.US,5,20260611,201500,27.23,27.25,27.23,27.24,500,0
DMAX.US,5,20260611,210000,27.235,27.25,27.23,27.23,1489,0
DMAX.US,5,20260611,213000,27.23,27.24,27.23,27.24,1100,0
DMAX.US,5,20260611,215500,27.22,27.22,27.22,27.22,283,0
DMAX.US,5,20260612,184000,27.26,27.279,27.25,27.25,1100,0
DMAX.US,5,20260612,190000,27.28,27.28,27.2799,27.2799,400,0
DMAX.US,5,20260612,192000,27.28,27.28,27.2799,27.2799,600,0
DMAX.US,5,20260612,205500,27.27,27.27,27.2699,27.2699,902,0
DMAX.US,5,20260612,213000,27.26,27.26,27.26,27.26,132,0
DMAX.US,5,20260612,215500,27.265,27.265,27.265,27.265,200,0
DMAX.US,5,20260615,174500,27.3109,27.3109,27.3109,27.3109,138,0
DMAX.US,5,20260615,175500,27.3185,27.3185,27.3185,27.3185,288,0
DMAX.US,5,20260615,180000,27.35,27.36,27.335,27.335,1640,0
DMAX.US,5,20260615,203000,27.36,27.36,27.335,27.335,2100,0
DMAX.US,5,20260615,203500,27.36,27.36,27.36,27.36,100,0
DMAX.US,5,20260615,204000,27.36,27.36,27.36,27.36,100,0
DMAX.US,5,20260615,204500,27.36,27.36,27.36,27.36,200,0
DMAX.US,5,20260615,205000,27.36,27.36,27.36,27.36,200,0
DMAX.US,5,20260615,205500,27.36,27.36,27.36,27.36,100,0
DMAX.US,5,20260615,214500,27.31,27.31,27.31,27.31,185,0
DMAX.US,5,20260615,215500,27.36,27.36,27.36,27.36,2000,0
DMAX.US,5,20260616,153000,27.34,27.34,27.34,27.34,875,0
DMAX.US,5,20260616,172000,27.3599,27.3599,27.3599,27.3599,1187,0
DMAX.US,5,20260616,180500,27.335,27.335,27.335,27.335,1382,0
DMAX.US,5,20260616,182000,27.36,27.36,27.36,27.36,5737,0
DMAX.US,5,20260616,182500,27.34,27.34,27.34,27.34,6162,0
DMAX.US,5,20260616,192500,27.34,27.34,27.34,27.34,100,0
DMAX.US,5,20260616,200000,27.33,27.34,27.33,27.34,800,0
DMAX.US,5,20260616,203500,27.325,27.325,27.325,27.325,219,0
DMAX.US,5,20260616,204000,27.34,27.3499,27.325,27.325,356,0
DMAX.US,5,20260616,204500,27.325,27.325,27.325,27.325,293,0
DMAX.US,5,20260616,205500,27.325,27.325,27.32,27.32,4007,0
DMAX.US,5,20260616,210000,27.34,27.34,27.34,27.34,319,0
DMAX.US,5,20260616,210500,27.32,27.32,27.32,27.32,249,0
DMAX.US,5,20260616,211000,27.339,27.339,27.339,27.339,531,0
DMAX.US,5,20260616,212000,27.339,27.34,27.3,27.3,2088,0
DMAX.US,5,20260616,212500,27.32,27.34,27.32,27.34,872,0
DMAX.US,5,20260616,213000,27.32,27.32,27.32,27.32,476,0
DMAX.US,5,20260616,214000,27.32,27.32,27.32,27.32,1176,0
DMAX.US,5,20260616,214500,27.32,27.32,27.3,27.3,735,0
DMAX.US,5,20260616,215000,27.3,27.32,27.3,27.32,1044,0
DMAX.US,5,20260617,163500,27.325,27.325,27.325,27.325,139,0
DMAX.US,5,20260617,165500,27.31,27.31,27.31,27.31,238,0
DMAX.US,5,20260617,173500,27.29,27.29,27.29,27.29,154,0
DMAX.US,5,20260617,175000,27.315,27.339,27.3,27.32,3703,0
DMAX.US,5,20260617,182500,27.316,27.316,27.316,27.316,213,0
DMAX.US,5,20260617,184500,27.339,27.339,27.339,27.339,264,0
DMAX.US,5,20260617,200000,27.339,27.339,27.2701,27.2701,579,0
DMAX.US,5,20260617,202000,27.29,27.29,27.29,27.29,723,0
DMAX.US,5,20260617,213000,27.25,27.2501,27.25,27.2501,312,0
DMAX.US,5,20260618,155000,27.28,27.28,27.28,27.28,100,0
DMAX.US,5,20260618,161500,27.28,27.28,27.28,27.28,1459,0
DMAX.US,5,20260618,163000,27.28,27.2801,27.28,27.28,1496,0
DMAX.US,5,20260618,164500,27.32,27.32,27.32,27.32,500,0
DMAX.US,5,20260618,171000,27.305,27.305,27.305,27.305,353,0
DMAX.US,5,20260618,172500,27.3,27.3,27.28,27.3,1863,0
DMAX.US,5,20260618,174500,27.28,27.28,27.28,27.28,184,0
DMAX.US,5,20260618,175000,27.28,27.3,27.28,27.3,2248,0
DMAX.US,5,20260618,183500,27.32,27.32,27.32,27.32,1000,0
DMAX.US,5,20260618,192000,27.305,27.305,27.305,27.305,9926,0
DMAX.US,5,20260618,193500,27.305,27.305,27.305,27.305,329,0
DMAX.US,5,20260618,195000,27.32,27.32,27.32,27.32,100,0
DMAX.US,5,20260618,202500,27.3,27.3,27.3,27.3,187,0
DMAX.US,5,20260618,210000,27.28,27.28,27.28,27.28,147,0
DMAX.US,5,20260618,213500,27.31,27.31,27.31,27.31,8939,0
DMAX.US,5,20260622,170500,27.295,27.295,27.295,27.295,103,0
DMAX.US,5,20260622,182500,27.271,27.271,27.27,27.2701,430,0
DMAX.US,5,20260622,183500,27.295,27.295,27.295,27.295,1000,0
DMAX.US,5,20260622,184000,27.295,27.295,27.295,27.295,1799,0
DMAX.US,5,20260622,194500,27.295,27.295,27.295,27.295,112,0
DMAX.US,5,20260622,205500,27.295,27.295,27.295,27.295,129,0
DMAX.US,5,20260622,210500,27.295,27.295,27.295,27.295,669,0
DMAX.US,5,20260622,215500,27.295,27.295,27.295,27.295,1000,0
