<TICKER>,<PER>,<DATE>,<TIME>,<OPEN>,<HIGH>,<LOW>,<CLOSE>,<VOL>,<OPENINT>
EDGX.US,5,20260219,154000,25.075,25.075,25.075,25.075,125,0
EDGX.US,5,20260219,161000,25.1399,25.1399,25.1399,25.1399,177,0
EDGX.US,5,20260219,214000,25.1087,25.1087,25.1087,25.1087,122,0
EDGX.US,5,20260220,172000,25.2358,25.2358,25.2358,25.2358,138,0
EDGX.US,5,20260220,175000,25.3,25.3,25.3,25.3,100,0
EDGX.US,5,20260220,191000,25.24,25.24,25.24,25.24,278,0
EDGX.US,5,20260220,205000,25.27,25.27,25.27,25.27,100,0
EDGX.US,5,20260220,214000,25.3084,25.3084,25.3084,25.3084,832,0
EDGX.US,5,20260220,214500,25.31,25.31,25.31,25.31,250,0
EDGX.US,5,20260223,153500,25.2723,25.2723,25.2723,25.2723,395,0
EDGX.US,5,20260223,155500,25.19,25.19,25.19,25.19,105,0
EDGX.US,5,20260223,160000,25.15,25.15,25.15,25.15,100,0
EDGX.US,5,20260223,163000,25.12,25.12,25.12,25.12,100,0
EDGX.US,5,20260223,165500,25.03,25.04,25.03,25.04,300,0
EDGX.US,5,20260223,170000,24.99,24.99,24.99,24.99,752,0
EDGX.US,5,20260223,170500,24.97,24.97,24.97,24.97,278,0
EDGX.US,5,20260223,183500,24.98,24.98,24.98,24.98,100,0
EDGX.US,5,20260223,203000,25.01,25.01,24.9993,24.9993,200,0
EDGX.US,5,20260224,155500,25.08,25.08,25.08,25.08,100,0
EDGX.US,5,20260224,162500,25.1782,25.1782,25.1782,25.1782,100,0
EDGX.US,5,20260224,164000,25.1693,25.1693,25.1693,25.1693,100,0
EDGX.US,5,20260224,164500,25.1595,25.1595,25.1595,25.1595,400,0
EDGX.US,5,20260224,165500,25.15,25.15,25.15,25.15,100,0
EDGX.US,5,20260224,170000,25.18,25.18,25.155,25.155,500,0
EDGX.US,5,20260224,170500,25.155,25.17,25.155,25.155,700,0
EDGX.US,5,20260224,172000,25.17,25.17,25.17,25.17,170,0
EDGX.US,5,20260224,172500,25.1742,25.1742,25.1742,25.1742,700,0
EDGX.US,5,20260224,175500,25.18,25.18,25.18,25.18,100,0
EDGX.US,5,20260224,193500,25.22,25.22,25.22,25.22,100,0
EDGX.US,5,20260224,194000,25.219,25.219,25.219,25.219,100,0
EDGX.US,5,20260224,202000,25.21,25.21,25.21,25.21,100,0
EDGX.US,5,20260224,202500,25.195,25.195,25.195,25.195,100,0
EDGX.US,5,20260224,203000,25.19,25.19,25.19,25.19,1706,0
EDGX.US,5,20260224,203500,25.21,25.21,25.21,25.21,100,0
EDGX.US,5,20260224,204500,25.23,25.23,25.23,25.23,200,0
EDGX.US,5,20260224,205000,25.23,25.23,25.23,25.23,100,0
EDGX.US,5,20260224,205500,25.23,25.23,25.23,25.23,100,0
EDGX.US,5,20260224,210000,25.23,25.23,25.23,25.23,100,0
EDGX.US,5,20260224,212000,25.2,25.2,25.2,25.2,100,0
EDGX.US,5,20260224,214500,25.23,25.23,25.23,25.23,100,0
EDGX.US,5,20260225,160000,25.36,25.36,25.36,25.36,100,0
EDGX.US,5,20260225,163000,25.37,25.37,25.3699,25.3699,200,0
EDGX.US,5,20260225,163500,25.34,25.34,25.34,25.34,400,0
EDGX.US,5,20260225,164000,25.3252,25.3252,25.3252,25.3252,200,0
EDGX.US,5,20260225,165500,25.34,25.34,25.34,25.34,100,0
EDGX.US,5,20260225,172500,25.36,25.36,25.36,25.36,100,0
EDGX.US,5,20260225,180500,25.39,25.39,25.39,25.39,100,0
EDGX.US,5,20260225,183000,25.38,25.38,25.38,25.38,200,0
EDGX.US,5,20260225,205500,25.42,25.42,25.4096,25.4096,1400,0
EDGX.US,5,20260225,215500,25.42,25.42,25.42,25.42,100,0
EDGX.US,5,20260226,160000,25.32,25.32,25.32,25.32,100,0
EDGX.US,5,20260226,161500,25.29,25.29,25.2199,25.22,2100,0
EDGX.US,5,20260226,162000,25.21,25.21,25.2099,25.2099,200,0
EDGX.US,5,20260226,172500,25.3,25.3,25.3,25.3,100,0
EDGX.US,5,20260226,190000,25.18,25.18,25.18,25.18,178,0
EDGX.US,5,20260226,192500,25.19,25.19,25.1899,25.1899,250,0
EDGX.US,5,20260226,214500,25.31,25.31,25.31,25.31,100,0
EDGX.US,5,20260227,160000,25.11,25.11,25.11,25.11,100,0
EDGX.US,5,20260227,160500,25.1387,25.16,25.1387,25.1599,600,0
EDGX.US,5,20260227,161500,25.11,25.11,25.11,25.11,200,0
EDGX.US,5,20260227,190000,25.12,25.12,25.12,25.12,217,0
EDGX.US,5,20260302,153500,25.03,25.03,25.03,25.03,100,0
EDGX.US,5,20260302,162000,25.075,25.075,25.075,25.075,100,0
EDGX.US,5,20260302,163000,25.07,25.07,25.07,25.07,100,0
EDGX.US,5,20260302,190000,25.2,25.2,25.2,25.2,216,0
EDGX.US,5,20260302,204000,25.23,25.23,25.23,25.23,100,0
EDGX.US,5,20260302,205500,25.24,25.24,25.24,25.24,100,0
EDGX.US,5,20260302,212000,25.188,25.188,25.185,25.185,211,0
EDGX.US,5,20260302,213500,25.18,25.18,25.18,25.18,100,0
EDGX.US,5,20260303,155500,24.7084,24.7084,24.68,24.68,200,0
EDGX.US,5,20260303,161000,24.68,24.68,24.68,24.68,100,0
EDGX.US,5,20260303,162000,24.67,24.67,24.61,24.61,202,0
EDGX.US,5,20260303,183000,24.85,24.85,24.85,24.85,100,0
EDGX.US,5,20260303,212000,25,25,24.995,24.995,1100,0
EDGX.US,5,20260303,214000,24.99,24.99,24.99,24.99,180,0
EDGX.US,5,20260303,215000,24.995,24.995,24.995,24.995,100,0
EDGX.US,5,20260304,162500,25.18,25.18,25.18,25.18,599,0
EDGX.US,5,20260304,182500,25.16,25.16,25.16,25.16,400,0
EDGX.US,5,20260304,211000,25.16,25.1749,25.13,25.1301,1370,0
EDGX.US,5,20260305,154000,25.0715,25.109,25.0715,25.109,691,0
EDGX.US,5,20260305,163000,25.05,25.05,25.05,25.05,100,0
EDGX.US,5,20260305,171000,24.97,24.97,24.97,24.97,100,0
EDGX.US,5,20260305,190000,24.85,24.85,24.85,24.85,103,0
EDGX.US,5,20260306,154000,24.67,24.67,24.6699,24.6699,1272,0
EDGX.US,5,20260306,165000,24.77,24.77,24.77,24.77,100,0
EDGX.US,5,20260306,183500,24.77,24.77,24.77,24.77,100,0
EDGX.US,5,20260306,185500,24.73,24.74,24.73,24.7399,900,0
EDGX.US,5,20260306,190000,24.77,24.77,24.77,24.77,221,0
EDGX.US,5,20260306,191500,24.82,24.82,24.82,24.82,400,0
EDGX.US,5,20260306,201500,24.78,24.78,24.78,24.78,100,0
EDGX.US,5,20260306,212500,24.77,24.77,24.77,24.77,100,0
EDGX.US,5,20260309,184000,24.62,24.62,24.62,24.62,100,0
EDGX.US,5,20260310,180500,24.98,24.98,24.98,24.98,100,0
EDGX.US,5,20260310,191500,24.94,24.94,24.94,24.94,100,0
EDGX.US,5,20260310,194000,24.91,24.91,24.91,24.91,100,0
EDGX.US,5,20260310,195000,24.92,24.92,24.92,24.92,100,0
EDGX.US,5,20260310,203000,24.9,24.9,24.9,24.9,500,0
EDGX.US,5,20260311,143000,25.62,27.52,25.62,27.52,567,0
EDGX.US,5,20260311,143500,24.8302,24.8312,24.8302,24.8312,414,0
EDGX.US,5,20260311,161500,24.84,24.84,24.84,24.84,100,0
EDGX.US,5,20260311,180000,24.84,24.84,24.84,24.84,900,0
EDGX.US,5,20260311,183500,24.79,24.79,24.74,24.74,200,0
EDGX.US,5,20260311,204500,24.82,24.82,24.82,24.82,210,0
EDGX.US,5,20260312,152500,24.62,24.62,24.62,24.62,100,0
EDGX.US,5,20260312,161000,24.59,24.59,24.59,24.59,100,0
EDGX.US,5,20260312,174500,24.5826,24.5826,24.5826,24.5826,100,0
EDGX.US,5,20260312,180000,24.6,24.6,24.6,24.6,182,0
EDGX.US,5,20260312,204500,24.56,24.56,24.52,24.52,270,0
EDGX.US,5,20260313,153000,24.62,24.62,24.62,24.62,100,0
EDGX.US,5,20260313,154000,24.58,24.58,24.58,24.58,100,0
EDGX.US,5,20260313,164000,24.48,24.48,24.48,24.48,100,0
EDGX.US,5,20260313,165000,24.4,24.4,24.4,24.4,533,0
EDGX.US,5,20260313,172000,24.4193,24.4193,24.4193,24.4193,245,0
EDGX.US,5,20260313,172500,24.4281,24.4281,24.4281,24.4281,122,0
EDGX.US,5,20260313,173000,24.43,24.43,24.43,24.43,100,0
EDGX.US,5,20260313,180000,24.41,24.41,24.41,24.41,522,0
EDGX.US,5,20260313,183000,24.415,24.415,24.415,24.415,100,0
EDGX.US,5,20260313,184500,24.4,24.41,24.4,24.41,1000,0
EDGX.US,5,20260313,190000,24.405,24.405,24.4,24.4,200,0
EDGX.US,5,20260313,202500,24.385,24.385,24.385,24.385,100,0
EDGX.US,5,20260313,205500,24.38,24.38,24.38,24.38,200,0
EDGX.US,5,20260316,144500,24.54,24.54,24.54,24.54,1000,0
EDGX.US,5,20260316,151000,24.64,24.65,24.64,24.65,233,0
EDGX.US,5,20260316,152000,24.64,24.64,24.6399,24.6399,1800,0
EDGX.US,5,20260316,171000,24.64,24.64,24.64,24.64,475,0
EDGX.US,5,20260316,172500,24.645,24.645,24.645,24.645,300,0
EDGX.US,5,20260316,174500,24.64,24.64,24.64,24.64,100,0
EDGX.US,5,20260316,175000,24.64,24.645,24.64,24.645,1100,0
EDGX.US,5,20260316,180000,24.64,24.64,24.64,24.64,100,0
EDGX.US,5,20260316,182000,24.64,24.64,24.64,24.64,150,0
EDGX.US,5,20260316,184000,24.64,24.64,24.64,24.64,100,0
EDGX.US,5,20260316,193500,24.65,24.65,24.65,24.65,100,0
EDGX.US,5,20260316,200500,24.64,24.64,24.64,24.64,100,0
EDGX.US,5,20260316,205500,24.64,24.65,24.64,24.64,1410,0
EDGX.US,5,20260317,154500,24.72,24.72,24.72,24.72,200,0
EDGX.US,5,20260317,162000,24.73,24.73,24.73,24.73,1213,0
EDGX.US,5,20260317,163000,24.73,24.73,24.7,24.7,921,0
EDGX.US,5,20260317,165000,24.678,24.678,24.678,24.678,607,0
EDGX.US,5,20260317,174000,24.66,24.66,24.66,24.66,100,0
EDGX.US,5,20260317,183500,24.69,24.69,24.69,24.69,200,0
EDGX.US,5,20260317,185000,24.69,24.69,24.69,24.69,100,0
EDGX.US,5,20260317,193000,24.7,24.7,24.6982,24.6982,800,0
EDGX.US,5,20260317,200000,24.7,24.7,24.7,24.7,100,0
EDGX.US,5,20260317,204500,24.7,24.7,24.7,24.7,100,0
EDGX.US,5,20260318,143000,24.63,24.63,24.63,24.63,100,0
EDGX.US,5,20260318,143500,24.595,24.595,24.595,24.595,100,0
EDGX.US,5,20260318,151000,24.55,24.55,24.55,24.55,500,0
EDGX.US,5,20260318,152000,24.5342,24.5342,24.5342,24.5342,176,0
EDGX.US,5,20260318,163500,24.58,24.58,24.58,24.58,100,0
EDGX.US,5,20260318,164000,24.5195,24.5195,24.5195,24.5195,122,0
EDGX.US,5,20260318,170000,24.56,24.56,24.56,24.56,100,0
EDGX.US,5,20260318,172000,24.53,24.53,24.53,24.53,100,0
EDGX.US,5,20260318,172500,24.58,24.58,24.58,24.58,100,0
EDGX.US,5,20260318,191500,24.5,24.5,24.5,24.5,205,0
EDGX.US,5,20260318,193000,24.5,24.5,24.5,24.5,100,0
EDGX.US,5,20260318,203500,24.42,24.42,24.42,24.42,100,0
EDGX.US,5,20260318,204000,24.4,24.4,24.39,24.39,325,0
EDGX.US,5,20260318,205000,24.3935,24.3935,24.39,24.39,995,0
EDGX.US,5,20260318,205500,24.38,24.38,24.38,24.38,100,0
EDGX.US,5,20260319,143500,24.16,24.16,24.1599,24.1599,900,0
EDGX.US,5,20260319,151000,24.22,24.22,24.22,24.22,100,0
EDGX.US,5,20260319,152000,24.22,24.22,24.2192,24.2192,300,0
EDGX.US,5,20260319,152500,24.2,24.2,24.2,24.2,200,0
EDGX.US,5,20260319,160500,24.27,24.27,24.27,24.27,100,0
EDGX.US,5,20260319,161000,24.245,24.245,24.245,24.245,100,0
EDGX.US,5,20260319,162500,24.25,24.25,24.2499,24.2499,200,0
EDGX.US,5,20260319,165500,24.2,24.22,24.2,24.22,600,0
EDGX.US,5,20260319,170000,24.24,24.24,24.24,24.24,100,0
EDGX.US,5,20260319,200000,24.285,24.285,24.285,24.285,375,0
EDGX.US,5,20260319,201500,24.36,24.36,24.36,24.36,205,0
EDGX.US,5,20260319,203500,24.31,24.31,24.31,24.31,100,0
EDGX.US,5,20260319,204000,24.306,24.306,24.306,24.306,176,0
EDGX.US,5,20260319,205000,24.33,24.33,24.33,24.33,100,0
EDGX.US,5,20260320,150000,24.14,24.14,24.14,24.14,100,0
EDGX.US,5,20260320,155000,24.095,24.095,24.095,24.095,490,0
EDGX.US,5,20260320,164500,24.09,24.09,24.09,24.09,200,0
EDGX.US,5,20260320,183500,24.06,24.06,24.05,24.05,700,0
EDGX.US,5,20260320,191500,24.02,24.02,24.02,24.02,300,0
EDGX.US,5,20260323,163500,24.32,24.32,24.32,24.32,100,0
EDGX.US,5,20260323,164500,24.295,24.295,24.295,24.295,100,0
EDGX.US,5,20260323,165000,24.27,24.27,24.27,24.27,100,0
EDGX.US,5,20260323,165500,24.23,24.23,24.21,24.21,200,0
EDGX.US,5,20260323,173500,24.17,24.17,24.17,24.17,111,0
EDGX.US,5,20260323,192500,24.3,24.3,24.3,24.3,198,0
EDGX.US,5,20260323,204000,24.29,24.29,24.29,24.29,100,0
EDGX.US,5,20260323,205500,24.23,24.23,24.23,24.23,300,0
EDGX.US,5,20260324,171500,24.1,24.1,24.1,24.1,340,0
EDGX.US,5,20260324,173000,24.1,24.18,24.0801,24.0801,1090,0
EDGX.US,5,20260324,173500,24.0809,24.0809,24.0809,24.0809,400,0
EDGX.US,5,20260324,182000,24.01,24.0101,24,24.0101,508,0
EDGX.US,5,20260324,185000,24.08,24.08,24.08,24.08,100,0
EDGX.US,5,20260324,191000,24.115,24.115,24.115,24.115,100,0
EDGX.US,5,20260324,201500,24.145,24.145,24.145,24.145,100,0
EDGX.US,5,20260325,164000,24.22,24.22,24.22,24.22,100,0
EDGX.US,5,20260325,164500,24.22,24.22,24.22,24.22,200,0
EDGX.US,5,20260325,183000,24.25,24.25,24.25,24.25,500,0
EDGX.US,5,20260325,185500,24.25,24.25,24.25,24.25,200,0
EDGX.US,5,20260326,143000,24.08,24.08,24.08,24.08,301,0
EDGX.US,5,20260326,150500,24.14,24.14,24.14,24.14,180,0
EDGX.US,5,20260326,155000,24.06,24.06,24.06,24.06,100,0
EDGX.US,5,20260326,172000,24.01,24.01,24.01,24.01,100,0
EDGX.US,5,20260326,181500,23.945,23.945,23.945,23.945,100,0
EDGX.US,5,20260326,185000,23.91,23.91,23.91,23.91,100,0
EDGX.US,5,20260326,205000,23.81,23.81,23.81,23.81,100,0
EDGX.US,5,20260327,145500,23.5999,23.5999,23.5999,23.5999,200,0
EDGX.US,5,20260327,154500,23.56,23.56,23.56,23.56,100,0
EDGX.US,5,20260327,170000,23.6399,23.6399,23.6399,23.6399,100,0
EDGX.US,5,20260327,182500,23.54,23.54,23.54,23.54,200,0
EDGX.US,5,20260327,183000,23.48,23.48,23.48,23.48,100,0
EDGX.US,5,20260327,195500,23.46,23.46,23.46,23.46,800,0
EDGX.US,5,20260327,201500,23.47,23.47,23.47,23.47,100,0
EDGX.US,5,20260327,202500,23.46,23.46,23.46,23.46,100,0
EDGX.US,5,20260330,155500,23.45,23.45,23.39,23.39,1000,0
EDGX.US,5,20260330,181000,23.47,23.47,23.47,23.47,300,0
EDGX.US,5,20260330,192000,23.41,23.41,23.41,23.41,100,0
EDGX.US,5,20260330,193000,23.335,23.335,23.335,23.335,125,0
EDGX.US,5,20260330,194500,23.355,23.355,23.355,23.355,462,0
EDGX.US,5,20260330,213000,23.26,23.26,23.26,23.26,100,0
EDGX.US,5,20260331,153000,23.54,23.6,23.54,23.6,500,0
EDGX.US,5,20260331,162000,23.7,23.7,23.7,23.7,100,0
EDGX.US,5,20260331,164500,23.6,23.6,23.6,23.6,100,0
EDGX.US,5,20260331,165000,23.5856,23.5856,23.5856,23.5856,188,0
EDGX.US,5,20260331,165500,23.55,23.59,23.54,23.54,690,0
EDGX.US,5,20260331,184500,23.8,23.8,23.77,23.77,400,0
EDGX.US,5,20260401,155000,23.98,23.98,23.98,23.98,100,0
EDGX.US,5,20260401,181500,24.07,24.07,24.07,24.07,200,0
EDGX.US,5,20260401,191500,24.06,24.06,24.06,24.06,100,0
EDGX.US,5,20260401,194000,24.06,24.06,24.06,24.06,215,0
EDGX.US,5,20260401,201000,24.03,24.03,24.0299,24.0299,1500,0
EDGX.US,5,20260401,203500,23.97,23.97,23.97,23.97,100,0
EDGX.US,5,20260401,204000,24.01,24.01,24.01,24.01,100,0
EDGX.US,5,20260401,204500,23.99,23.99,23.99,23.99,100,0
EDGX.US,5,20260401,205000,23.99,23.99,23.99,23.99,100,0
EDGX.US,5,20260401,205500,23.99,23.99,23.98,23.98,517,0
EDGX.US,5,20260401,215000,24.02,24.02,24.02,24.02,100,0
EDGX.US,5,20260401,215500,24.01,24.01,24.01,24.01,100,0
EDGX.US,5,20260402,153000,23.76,23.76,23.76,23.76,200,0
EDGX.US,5,20260402,161000,23.925,23.925,23.925,23.925,116,0
EDGX.US,5,20260402,162000,23.9,23.9001,23.9,23.9001,200,0
EDGX.US,5,20260402,163000,24.01,24.01,24.01,24.01,122,0
EDGX.US,5,20260402,165000,24.06,24.06,24.06,24.06,100,0
EDGX.US,5,20260402,194500,24.05,24.05,24.05,24.05,100,0
EDGX.US,5,20260406,153000,24.12,24.12,24.12,24.12,195,0
EDGX.US,5,20260406,191000,24.1,24.1,24.1,24.1,300,0
EDGX.US,5,20260406,203000,24.19,24.19,24.1764,24.1764,380,0
EDGX.US,5,20260406,204500,24.19,24.19,24.19,24.19,114,0
EDGX.US,5,20260406,211500,24.19,24.19,24.1899,24.1899,300,0
EDGX.US,5,20260406,212500,24.11,24.11,24.11,24.11,115,0
EDGX.US,5,20260407,153000,24.14,24.14,24.14,24.14,100,0
EDGX.US,5,20260407,211500,24.04,24.04,24.02,24.02,636,0
EDGX.US,5,20260407,212000,24.09,24.09,24.09,24.09,100,0
EDGX.US,5,20260408,155000,24.705,24.705,24.705,24.705,202,0
EDGX.US,5,20260408,195500,24.7,24.7,24.7,24.7,122,0
EDGX.US,5,20260408,201000,24.71,24.71,24.71,24.71,606,0
EDGX.US,5,20260408,204000,24.72,24.72,24.72,24.72,100,0
EDGX.US,5,20260408,205500,24.69,24.69,24.69,24.69,100,0
EDGX.US,5,20260409,153000,24.76,24.76,24.76,24.76,202,0
EDGX.US,5,20260409,213500,24.91,24.91,24.91,24.91,483,0
EDGX.US,5,20260409,214000,24.85,24.85,24.85,24.85,100,0
EDGX.US,5,20260409,215500,24.9,24.9,24.9,24.9,100,0
EDGX.US,5,20260410,153000,24.92,24.92,24.92,24.92,285,0
EDGX.US,5,20260410,162000,24.94,24.94,24.94,24.94,100,0
EDGX.US,5,20260410,164000,24.93,24.93,24.915,24.915,660,0
EDGX.US,5,20260410,165500,24.92,24.92,24.9199,24.9199,300,0
EDGX.US,5,20260410,173500,24.91,24.91,24.91,24.91,100,0
EDGX.US,5,20260410,212500,24.8799,24.8799,24.8799,24.8799,200,0
EDGX.US,5,20260410,214000,24.77,24.77,24.77,24.77,160,0
EDGX.US,5,20260413,153500,24.69,24.69,24.63,24.6301,811,0
EDGX.US,5,20260413,161500,24.76,24.76,24.76,24.76,100,0
EDGX.US,5,20260413,172500,24.8595,24.8595,24.8595,24.8595,280,0
EDGX.US,5,20260413,182500,24.88,24.9,24.88,24.9,568,0
EDGX.US,5,20260413,211000,24.99,25,24.99,25,2010,0
EDGX.US,5,20260413,215000,25.02,25.02,25.02,25.02,100,0
EDGX.US,5,20260414,155000,25.2,25.21,25.2,25.21,237,0
EDGX.US,5,20260414,162500,25.24,25.24,25.24,25.24,100,0
EDGX.US,5,20260414,172000,25.205,25.205,25.205,25.205,150,0
EDGX.US,5,20260414,174000,25.25,25.25,25.2499,25.2499,320,0
EDGX.US,5,20260414,180500,25.3,25.3,25.3,25.3,100,0
EDGX.US,5,20260414,184500,25.26,25.26,25.2599,25.2599,240,0
EDGX.US,5,20260414,190500,25.231,25.231,25.231,25.231,128,0
EDGX.US,5,20260414,200000,25.2401,25.29,25.2401,25.29,401,0
EDGX.US,5,20260414,203500,25.27,25.27,25.27,25.27,200,0
EDGX.US,5,20260415,154000,25.28,25.28,25.28,25.28,414,0
EDGX.US,5,20260415,154500,25.22,25.27,25.22,25.27,1300,0
EDGX.US,5,20260415,171500,25.43,25.43,25.4299,25.4299,200,0
EDGX.US,5,20260415,181500,25.4,25.4,25.4,25.4,100,0
EDGX.US,5,20260416,155500,25.5,25.5,25.5,25.5,120,0
EDGX.US,5,20260416,191500,25.5,25.5,25.5,25.5,450,0
EDGX.US,5,20260416,193000,25.45,25.45,25.42,25.42,250,0
EDGX.US,5,20260416,200000,25.4999,25.4999,25.4999,25.4999,100,0
EDGX.US,5,20260416,204500,25.455,25.455,25.455,25.455,200,0
EDGX.US,5,20260417,153000,25.57,25.58,25.57,25.58,398,0
EDGX.US,5,20260417,165500,25.71,25.7101,25.7,25.7001,3124,0
EDGX.US,5,20260417,172000,25.75,25.75,25.75,25.75,199,0
EDGX.US,5,20260417,181500,25.72,25.72,25.72,25.72,155,0
EDGX.US,5,20260417,192000,25.74,25.74,25.74,25.74,100,0
EDGX.US,5,20260420,153000,25.72,25.72,25.72,25.72,141,0
EDGX.US,5,20260420,155000,25.61,25.61,25.61,25.61,100,0
EDGX.US,5,20260420,180500,25.64,25.65,25.64,25.65,1351,0
EDGX.US,5,20260421,165500,25.69,25.69,25.69,25.69,100,0
EDGX.US,5,20260421,180500,25.63,25.63,25.63,25.63,202,0
EDGX.US,5,20260421,184000,25.58,25.58,25.58,25.58,100,0
EDGX.US,5,20260421,191500,25.57,25.57,25.57,25.57,100,0
EDGX.US,5,20260421,195000,25.57,25.57,25.57,25.57,395,0
EDGX.US,5,20260421,202000,25.555,25.555,25.555,25.555,735,0
EDGX.US,5,20260421,214000,25.57,25.57,25.57,25.57,100,0
EDGX.US,5,20260421,215500,25.483,25.483,25.483,25.483,900,0
EDGX.US,5,20260422,154000,25.68,25.68,25.68,25.68,212,0
EDGX.US,5,20260422,211000,25.67,25.67,25.67,25.67,100,0
EDGX.US,5,20260422,214500,25.73,25.73,25.73,25.73,150,0
EDGX.US,5,20260423,185500,25.745,25.745,25.745,25.745,232,0
EDGX.US,5,20260423,194500,25.49,25.49,25.49,25.49,200,0
EDGX.US,5,20260423,210000,25.64,25.64,25.64,25.64,100,0
EDGX.US,5,20260424,153000,25.66,25.66,25.66,25.66,100,0
EDGX.US,5,20260427,153500,25.86,25.86,25.8598,25.8598,850,0
EDGX.US,5,20260427,182500,25.81,25.81,25.81,25.81,966,0
EDGX.US,5,20260427,190500,25.815,25.815,25.815,25.815,135,0
EDGX.US,5,20260427,205500,25.87,25.9,25.87,25.9,698,0
EDGX.US,5,20260427,210000,25.9,25.9,25.9,25.9,116,0
EDGX.US,5,20260428,153000,25.76,25.76,25.76,25.76,100,0
EDGX.US,5,20260428,153500,25.76,25.76,25.76,25.76,113,0
EDGX.US,5,20260428,181000,25.74,25.74,25.7399,25.7399,388,0
EDGX.US,5,20260428,195500,25.715,25.715,25.715,25.715,150,0
EDGX.US,5,20260428,201500,25.705,25.705,25.705,25.705,100,0
EDGX.US,5,20260428,214500,25.76,25.77,25.76,25.77,500,0
EDGX.US,5,20260429,153000,25.75,25.75,25.75,25.75,100,0
EDGX.US,5,20260429,155000,25.735,25.735,25.735,25.735,100,0
EDGX.US,5,20260429,170000,25.74,25.74,25.74,25.74,128,0
EDGX.US,5,20260429,190500,25.685,25.685,25.685,25.685,182,0
EDGX.US,5,20260429,191500,25.65,25.65,25.65,25.65,165,0
EDGX.US,5,20260429,194000,25.62,25.7,25.62,25.7,200,0
EDGX.US,5,20260429,194500,25.675,25.675,25.675,25.675,180,0
EDGX.US,5,20260430,153000,25.9,25.9,25.88,25.88,732,0
EDGX.US,5,20260430,182000,25.865,25.865,25.865,25.865,159,0
EDGX.US,5,20260430,182500,25.865,25.865,25.865,25.865,300,0
EDGX.US,5,20260430,193000,25.96,25.96,25.9595,25.9595,276,0
EDGX.US,5,20260430,201000,26.01,26.01,26.01,26.01,250,0
EDGX.US,5,20260430,204500,26.04,26.04,26.0399,26.0399,1800,0
EDGX.US,5,20260430,212000,26.035,26.035,26.035,26.035,100,0
EDGX.US,5,20260430,213000,26.05,26.05,26.03,26.03,1426,0
EDGX.US,5,20260501,154000,26.159,26.16,26.159,26.16,1129,0
EDGX.US,5,20260501,164500,26.1891,26.1891,26.1891,26.1891,100,0
EDGX.US,5,20260501,165500,26.18,26.18,26.1777,26.1777,310,0
EDGX.US,5,20260501,171500,26.12,26.12,26.09,26.0901,600,0
EDGX.US,5,20260501,173000,26.09,26.09,26.09,26.09,500,0
EDGX.US,5,20260501,191000,26.0515,26.0515,26.0515,26.0515,500,0
EDGX.US,5,20260501,200000,26.15,26.15,26.15,26.15,190,0
EDGX.US,5,20260501,201000,26.07,26.07,26.07,26.07,200,0
EDGX.US,5,20260501,202000,26.07,26.07,26.0699,26.0699,244,0
EDGX.US,5,20260501,202500,26.07,26.07,26.0699,26.0699,364,0
EDGX.US,5,20260501,205500,26.0507,26.0507,26.0507,26.0507,130,0
EDGX.US,5,20260501,210000,26.07,26.105,26.0666,26.0701,1400,0
EDGX.US,5,20260501,212500,26.13,26.13,26.13,26.13,200,0
EDGX.US,5,20260501,214500,26.13,26.13,26.13,26.13,200,0
EDGX.US,5,20260501,215000,26.14,26.15,26.1003,26.1003,3200,0
EDGX.US,5,20260501,215500,26.095,26.095,26.095,26.095,380,0
EDGX.US,5,20260504,153000,26.07,26.07,25.9403,25.9403,1085,0
EDGX.US,5,20260504,153500,26.06,26.06,26.06,26.06,500,0
EDGX.US,5,20260504,154500,26.08,26.08,26.08,26.08,100,0
EDGX.US,5,20260504,161000,26.1,26.1,26.0999,26.1,4300,0
EDGX.US,5,20260504,161500,26.11,26.11,26.11,26.11,898,0
EDGX.US,5,20260504,164000,26.14,26.14,26.1399,26.1399,1000,0
EDGX.US,5,20260504,165500,26.12,26.12,26.0692,26.0692,5964,0
EDGX.US,5,20260504,172000,25.99,25.99,25.99,25.99,100,0
EDGX.US,5,20260504,172500,25.99,25.99,25.99,25.99,200,0
EDGX.US,5,20260504,181000,25.95,25.95,25.95,25.95,150,0
EDGX.US,5,20260504,181500,25.97,25.97,25.96,25.96,500,0
EDGX.US,5,20260504,184000,25.95,25.95,25.95,25.95,200,0
EDGX.US,5,20260504,193500,25.99,25.99,25.89,25.935,1294,0
EDGX.US,5,20260504,200000,25.99,25.99,25.99,25.99,500,0
EDGX.US,5,20260504,202500,25.985,25.985,25.985,25.985,100,0
EDGX.US,5,20260504,204000,25.975,25.975,25.975,25.975,500,0
EDGX.US,5,20260504,205500,25.97,26,25.97,26,400,0
EDGX.US,5,20260504,210500,25.97,25.97,25.97,25.97,100,0
EDGX.US,5,20260504,213500,25.97,25.97,25.97,25.97,600,0
EDGX.US,5,20260505,153000,26.16,26.16,26.16,26.16,945,0
EDGX.US,5,20260505,153500,26.16,26.16,26.16,26.16,1000,0
EDGX.US,5,20260505,154000,26.17,26.17,26.142,26.142,300,0
EDGX.US,5,20260505,160500,26.18,26.18,26.18,26.18,100,0
EDGX.US,5,20260505,162500,26.165,26.165,26.165,26.165,100,0
EDGX.US,5,20260505,170000,26.13,26.13,26.13,26.13,100,0
EDGX.US,5,20260505,171000,26.21,26.21,26.21,26.21,100,0
EDGX.US,5,20260505,182000,26.185,26.185,26.185,26.185,1070,0
EDGX.US,5,20260505,184500,26.175,26.175,26.175,26.175,100,0
EDGX.US,5,20260505,191000,26.175,26.175,26.175,26.175,200,0
EDGX.US,5,20260505,193500,26.185,26.185,26.18,26.18,300,0
EDGX.US,5,20260505,201000,26.205,26.205,26.2,26.205,600,0
EDGX.US,5,20260505,203500,26.185,26.185,26.185,26.185,100,0
EDGX.US,5,20260505,204000,26.19,26.2,26.19,26.19,900,0
EDGX.US,5,20260505,205000,26.15,26.1501,26.15,26.1501,300,0
EDGX.US,5,20260506,153500,26.3786,26.3786,26.3786,26.3786,132,0
EDGX.US,5,20260506,183000,26.375,26.375,26.375,26.375,100,0
EDGX.US,5,20260506,184000,26.4,26.41,26.4,26.41,200,0
EDGX.US,5,20260506,190000,26.37,26.375,26.37,26.375,434,0
EDGX.US,5,20260506,202500,26.37,26.37,26.37,26.37,100,0
EDGX.US,5,20260506,213500,26.435,26.435,26.435,26.435,100,0
EDGX.US,5,20260507,153000,26.455,26.455,26.455,26.455,151,0
EDGX.US,5,20260507,154500,26.43,26.43,26.43,26.43,1000,0
EDGX.US,5,20260507,155500,26.38,26.38,26.38,26.38,100,0
EDGX.US,5,20260507,163500,26.46,26.46,26.46,26.46,100,0
EDGX.US,5,20260507,180500,26.42,26.42,26.42,26.42,415,0
EDGX.US,5,20260507,190000,26.38,26.38,26.38,26.38,850,0
EDGX.US,5,20260507,193000,26.37,26.399,26.37,26.399,1366,0
EDGX.US,5,20260507,200000,26.32,26.32,26.32,26.32,900,0
EDGX.US,5,20260507,203000,26.39,26.4,26.39,26.4,400,0
EDGX.US,5,20260507,210500,26.37,26.37,26.37,26.37,500,0
EDGX.US,5,20260508,153000,26.465,26.465,26.465,26.465,334,0
EDGX.US,5,20260508,154500,26.54,26.54,26.54,26.54,237,0
EDGX.US,5,20260508,160000,26.5,26.5,26.5,26.5,100,0
EDGX.US,5,20260508,160500,26.57,26.57,26.57,26.57,139,0
EDGX.US,5,20260508,164000,26.53,26.53,26.53,26.53,175,0
EDGX.US,5,20260508,173000,26.525,26.53,26.525,26.53,1000,0
EDGX.US,5,20260508,183000,26.52,26.52,26.52,26.52,500,0
EDGX.US,5,20260508,183500,26.52,26.52,26.485,26.485,500,0
EDGX.US,5,20260508,192000,26.485,26.485,26.485,26.485,100,0
EDGX.US,5,20260508,194500,26.49,26.49,26.49,26.49,206,0
EDGX.US,5,20260508,201000,26.52,26.52,26.52,26.52,100,0
EDGX.US,5,20260508,203500,26.49,26.49,26.49,26.49,500,0
EDGX.US,5,20260508,205500,26.53,26.53,26.51,26.51,2200,0
EDGX.US,5,20260511,154000,26.44,26.44,26.44,26.44,1100,0
EDGX.US,5,20260511,155000,26.4501,26.525,26.4501,26.525,200,0
EDGX.US,5,20260511,155500,26.52,26.52,26.52,26.52,2173,0
EDGX.US,5,20260511,160000,26.59,26.59,26.59,26.59,100,0
EDGX.US,5,20260511,162500,26.59,26.59,26.59,26.59,100,0
EDGX.US,5,20260511,165000,26.56,26.56,26.56,26.56,100,0
EDGX.US,5,20260511,171000,26.525,26.525,26.525,26.525,238,0
EDGX.US,5,20260511,195000,26.57,26.57,26.57,26.57,1000,0
EDGX.US,5,20260511,195500,26.57,26.57,26.52,26.5201,1700,0
EDGX.US,5,20260511,205000,26.585,26.585,26.585,26.585,100,0
EDGX.US,5,20260511,205500,26.585,26.585,26.585,26.585,100,0
EDGX.US,5,20260511,210000,26.56,26.56,26.56,26.56,100,0
EDGX.US,5,20260511,210500,26.56,26.56,26.56,26.56,100,0
EDGX.US,5,20260511,211500,26.59,26.59,26.59,26.59,182,0
EDGX.US,5,20260512,153000,26.54,26.54,26.54,26.54,217,0
EDGX.US,5,20260512,155500,26.47,26.47,26.47,26.47,100,0
EDGX.US,5,20260512,160000,26.45,26.45,26.45,26.45,100,0
EDGX.US,5,20260512,163500,26.415,26.415,26.415,26.415,100,0
EDGX.US,5,20260512,172000,26.32,26.32,26.32,26.32,162,0
EDGX.US,5,20260512,172500,26.37,26.37,26.37,26.37,113,0
EDGX.US,5,20260512,183000,26.32,26.32,26.32,26.32,200,0
EDGX.US,5,20260512,191500,26.325,26.325,26.325,26.325,100,0
EDGX.US,5,20260512,195500,26.4,26.4,26.4,26.4,320,0
EDGX.US,5,20260512,210000,26.44,26.44,26.44,26.44,100,0
EDGX.US,5,20260512,215500,26.44,26.44,26.44,26.44,100,0
EDGX.US,5,20260513,153000,26.6,26.6,26.515,26.515,316,0
EDGX.US,5,20260513,154500,26.51,26.51,26.41,26.41,200,0
EDGX.US,5,20260513,155000,26.4,26.4,26.4,26.4,238,0
EDGX.US,5,20260513,190000,26.633,26.6375,26.633,26.633,360,0
EDGX.US,5,20260513,213500,26.665,26.665,26.665,26.665,400,0
EDGX.US,5,20260514,153000,26.77,26.77,26.77,26.77,190,0
EDGX.US,5,20260514,155500,26.725,26.725,26.725,26.725,111,0
EDGX.US,5,20260514,162500,26.77,26.77,26.77,26.77,100,0
EDGX.US,5,20260514,172000,26.79,26.79,26.76,26.7727,400,0
EDGX.US,5,20260514,175500,26.825,26.83,26.825,26.83,211,0
EDGX.US,5,20260514,184000,26.805,26.805,26.805,26.805,100,0
EDGX.US,5,20260514,192500,26.7,26.7,26.7,26.7,375,0
EDGX.US,5,20260514,193500,26.72,26.72,26.72,26.72,400,0
EDGX.US,5,20260514,204000,26.79,26.79,26.79,26.79,100,0
EDGX.US,5,20260514,211500,26.795,26.795,26.795,26.795,186,0
EDGX.US,5,20260515,153500,26.555,26.555,26.555,26.555,200,0
EDGX.US,5,20260515,161000,26.67,26.67,26.67,26.67,100,0
EDGX.US,5,20260515,163500,26.71,26.71,26.71,26.71,100,0
EDGX.US,5,20260515,164500,26.64,26.64,26.64,26.64,200,0
EDGX.US,5,20260515,175000,26.63,26.63,26.63,26.63,199,0
EDGX.US,5,20260515,180500,26.62,26.62,26.62,26.62,100,0
EDGX.US,5,20260515,193000,26.63,26.63,26.63,26.63,141,0
EDGX.US,5,20260515,212500,26.6,26.6,26.6,26.6,200,0
EDGX.US,5,20260515,213000,26.6,26.6,26.6,26.6,112,0
EDGX.US,5,20260518,153000,26.58,26.64,26.06,26.62,606,0
EDGX.US,5,20260518,160000,26.6,26.6,26.6,26.6,200,0
EDGX.US,5,20260518,160500,26.58,26.58,26.58,26.58,500,0
EDGX.US,5,20260518,161000,26.58,26.6,26.58,26.6,374,0
EDGX.US,5,20260518,164000,26.52,26.52,26.52,26.52,200,0
EDGX.US,5,20260518,170000,26.47,26.47,26.47,26.47,102,0
EDGX.US,5,20260518,171500,26.48,26.48,26.48,26.48,150,0
EDGX.US,5,20260518,174000,26.42,26.42,26.42,26.42,100,0
EDGX.US,5,20260518,181000,26.47,26.47,26.47,26.47,500,0
EDGX.US,5,20260518,184000,26.41,26.41,26.41,26.41,500,0
EDGX.US,5,20260518,184500,26.415,26.415,26.415,26.415,300,0
EDGX.US,5,20260518,214500,26.44,26.44,26.44,26.44,111,0
EDGX.US,5,20260518,215500,26.4747,26.4747,26.4747,26.4747,100,0
EDGX.US,5,20260519,153000,26.34,26.34,26.34,26.34,507,0
EDGX.US,5,20260519,153500,26.42,26.42,26.42,26.42,160,0
EDGX.US,5,20260519,155000,26.41,26.41,26.41,26.41,100,0
EDGX.US,5,20260519,155500,26.43,26.43,26.42,26.42,700,0
EDGX.US,5,20260519,162000,26.34,26.36,26.33,26.33,400,0
EDGX.US,5,20260519,164000,26.34,26.34,26.34,26.34,114,0
EDGX.US,5,20260519,172000,26.28,26.28,26.28,26.28,100,0
EDGX.US,5,20260519,184500,26.39,26.4,26.39,26.4,300,0
EDGX.US,5,20260519,190000,26.51,26.51,26.51,26.51,150,0
EDGX.US,5,20260519,201500,26.47,26.47,26.47,26.47,380,0
EDGX.US,5,20260519,202000,26.465,26.465,26.465,26.465,141,0
EDGX.US,5,20260519,202500,26.5199,26.5199,26.5199,26.5199,100,0
EDGX.US,5,20260519,205500,26.45,26.45,26.45,26.45,100,0
EDGX.US,5,20260519,212500,26.45,26.45,26.45,26.45,100,0
EDGX.US,5,20260520,153000,26.5,26.5,26.45,26.45,272,0
EDGX.US,5,20260520,153500,26.46,26.46,26.46,26.46,100,0
EDGX.US,5,20260520,154000,26.45,26.45,26.45,26.45,100,0
EDGX.US,5,20260520,160000,26.48,26.48,26.48,26.48,1000,0
EDGX.US,5,20260520,160500,26.44,26.44,26.44,26.44,144,0
EDGX.US,5,20260520,161500,26.47,26.47,26.47,26.47,100,0
EDGX.US,5,20260520,165500,26.6,26.6,26.6,26.6,140,0
EDGX.US,5,20260520,171000,26.56,26.6099,26.56,26.6099,1900,0
EDGX.US,5,20260520,172000,26.62,26.62,26.62,26.62,101,0
EDGX.US,5,20260520,180500,26.62,26.62,26.62,26.62,500,0
EDGX.US,5,20260520,193500,26.61,26.61,26.61,26.61,200,0
EDGX.US,5,20260520,203500,26.54,26.54,26.54,26.54,338,0
EDGX.US,5,20260520,211000,26.5601,26.5601,26.5601,26.5601,150,0
EDGX.US,5,20260521,153000,26.61,26.61,26.49,26.49,711,0
EDGX.US,5,20260521,154500,26.58,26.58,26.58,26.58,200,0
EDGX.US,5,20260521,160000,26.67,26.67,26.67,26.67,100,0
EDGX.US,5,20260521,160500,26.61,26.61,26.61,26.61,100,0
EDGX.US,5,20260521,161000,26.67,26.67,26.67,26.67,100,0
EDGX.US,5,20260521,161500,26.58,26.58,26.58,26.58,100,0
EDGX.US,5,20260521,165000,26.57,26.57,26.57,26.57,500,0
EDGX.US,5,20260521,171500,26.62,26.62,26.62,26.62,100,0
EDGX.US,5,20260521,195500,26.7,26.7,26.7,26.7,101,0
EDGX.US,5,20260521,201000,26.74,26.74,26.74,26.74,500,0
EDGX.US,5,20260521,205000,26.7,26.7,26.7,26.7,100,0
EDGX.US,5,20260521,205500,26.64,26.64,26.64,26.64,100,0
EDGX.US,5,20260521,211500,26.75,26.75,26.75,26.75,196,0
EDGX.US,5,20260521,212000,26.64,26.64,26.64,26.64,298,0
EDGX.US,5,20260521,213500,26.73,26.73,26.6785,26.715,300,0
EDGX.US,5,20260522,153000,26.88,26.9,26.88,26.9,516,0
EDGX.US,5,20260522,154500,26.89,26.89,26.89,26.89,100,0
EDGX.US,5,20260522,155000,26.87,26.87,26.87,26.87,100,0
EDGX.US,5,20260522,161500,26.8,26.8,26.8,26.8,500,0
EDGX.US,5,20260522,162000,26.8,26.8,26.8,26.8,100,0
EDGX.US,5,20260522,164500,26.8,26.8,26.8,26.8,100,0
EDGX.US,5,20260522,170000,26.7701,26.7701,26.77,26.77,1894,0
EDGX.US,5,20260522,170500,26.83,26.83,26.83,26.83,100,0
EDGX.US,5,20260522,180000,26.86,26.86,26.86,26.86,1000,0
EDGX.US,5,20260522,180500,26.88,26.88,26.88,26.88,100,0
EDGX.US,5,20260522,194500,26.83,26.83,26.83,26.83,100,0
EDGX.US,5,20260522,210000,26.84,26.84,26.84,26.84,100,0
EDGX.US,5,20260522,211000,26.83,26.83,26.83,26.83,111,0
EDGX.US,5,20260526,153500,26.94,26.94,26.94,26.94,100,0
EDGX.US,5,20260526,155500,26.915,26.915,26.915,26.915,150,0
EDGX.US,5,20260526,160500,26.9888,26.9888,26.9888,26.9888,1000,0
EDGX.US,5,20260526,162000,26.99,26.99,26.99,26.99,1100,0
EDGX.US,5,20260526,170000,26.95,26.95,26.95,26.95,185,0
EDGX.US,5,20260526,195500,26.93,26.93,26.93,26.93,118,0
EDGX.US,5,20260527,153500,26.91,26.91,26.91,26.91,150,0
EDGX.US,5,20260527,170000,26.95,26.95,26.95,26.95,300,0
EDGX.US,5,20260527,170500,26.94,26.94,26.94,26.94,570,0
EDGX.US,5,20260527,181000,26.89,26.89,26.89,26.89,267,0
EDGX.US,5,20260527,184000,26.93,26.93,26.93,26.93,200,0
EDGX.US,5,20260527,204000,26.93,26.93,26.93,26.93,100,0
EDGX.US,5,20260527,211000,26.93,26.93,26.93,26.93,300,0
EDGX.US,5,20260527,213000,26.92,26.92,26.92,26.92,244,0
EDGX.US,5,20260527,213500,26.925,26.925,26.925,26.925,122,0
EDGX.US,5,20260528,163500,26.96,26.96,26.95,26.95,600,0
EDGX.US,5,20260528,172000,27.0799,27.0799,27.0799,27.0799,100,0
EDGX.US,5,20260528,183000,27.045,27.045,27.045,27.045,500,0
EDGX.US,5,20260528,184000,27.04,27.04,27.04,27.04,500,0
EDGX.US,5,20260528,185500,27.0999,27.0999,27.0999,27.0999,100,0
EDGX.US,5,20260528,190000,27.1,27.11,27.1,27.1,700,0
EDGX.US,5,20260528,204000,26.98,26.9801,26.98,26.9801,926,0
EDGX.US,5,20260528,214000,27.055,27.055,27.055,27.055,500,0
EDGX.US,5,20260529,155000,27.19,27.19,27.19,27.19,500,0
EDGX.US,5,20260529,160000,27.14,27.14,27.14,27.14,500,0
EDGX.US,5,20260529,161000,27.14,27.18,27.14,27.18,1000,0
EDGX.US,5,20260529,205500,27.1,27.1,27.1,27.1,100,0
EDGX.US,5,20260601,153000,27.09,27.09,26.98,26.98,248,0
EDGX.US,5,20260601,160000,27,27.0001,27,27,1000,0
EDGX.US,5,20260601,162000,27.045,27.045,27.045,27.045,200,0
EDGX.US,5,20260601,164000,27.02,27.02,27.02,27.02,100,0
EDGX.US,5,20260601,165500,27.08,27.08,27.08,27.08,100,0
EDGX.US,5,20260601,171500,27.09,27.09,27.09,27.09,100,0
EDGX.US,5,20260601,172000,27.09,27.09,27.09,27.09,500,0
EDGX.US,5,20260601,172500,27.055,27.055,27.055,27.055,100,0
EDGX.US,5,20260601,173500,27.1,27.1,27.1,27.1,100,0
EDGX.US,5,20260601,175500,27.07,27.07,27.07,27.07,500,0
EDGX.US,5,20260601,191500,27.09,27.09,27.09,27.09,369,0
EDGX.US,5,20260601,215000,27.13,27.13,27.13,27.13,200,0
EDGX.US,5,20260602,155500,27.16,27.16,27.16,27.16,115,0
EDGX.US,5,20260602,160000,27.15,27.16,27.1,27.1,770,0
EDGX.US,5,20260602,162000,27.18,27.18,27.18,27.18,368,0
EDGX.US,5,20260602,162500,27.12,27.125,27.12,27.125,202,0
EDGX.US,5,20260602,163500,27.17,27.17,27.17,27.17,400,0
EDGX.US,5,20260602,170000,27.16,27.16,27.16,27.16,300,0
EDGX.US,5,20260602,172500,27.16,27.16,27.16,27.16,185,0
EDGX.US,5,20260602,174500,27.16,27.16,27.16,27.16,100,0
EDGX.US,5,20260602,180000,27.14,27.14,27.14,27.14,186,0
EDGX.US,5,20260602,191500,27.14,27.14,27.11,27.11,305,0
EDGX.US,5,20260602,194500,27.15,27.15,27.15,27.15,145,0
EDGX.US,5,20260602,210000,27.17,27.17,27.17,27.17,350,0
EDGX.US,5,20260602,211000,27.1799,27.1799,27.1799,27.1799,200,0
EDGX.US,5,20260602,211500,27.1799,27.1799,27.1799,27.1799,200,0
EDGX.US,5,20260602,213000,27.16,27.16,27.16,27.16,200,0
EDGX.US,5,20260603,154500,27.08,27.08,27.08,27.08,200,0
EDGX.US,5,20260603,162500,27.13,27.14,27.13,27.14,775,0
EDGX.US,5,20260603,163000,27.1,27.1,27.1,27.1,190,0
EDGX.US,5,20260603,174500,27.055,27.055,27.055,27.055,295,0
EDGX.US,5,20260603,191500,27.06,27.06,27.06,27.06,100,0
EDGX.US,5,20260603,192000,27.0685,27.0685,27.0685,27.0685,100,0
EDGX.US,5,20260603,204000,27.11,27.11,27.11,27.11,100,0
EDGX.US,5,20260604,153500,26.99,26.99,26.99,26.99,100,0
EDGX.US,5,20260604,160000,26.975,26.975,26.975,26.975,185,0
EDGX.US,5,20260604,161000,27.03,27.03,27.03,27.03,100,0
EDGX.US,5,20260604,164500,27.0482,27.0482,27.0482,27.0482,200,0
EDGX.US,5,20260604,165000,27.005,27.005,27.005,27.005,443,0
EDGX.US,5,20260604,193500,27.15,27.15,27.15,27.15,210,0
EDGX.US,5,20260604,203000,27.146,27.146,27.135,27.135,1500,0
EDGX.US,5,20260604,203500,27.135,27.135,27.135,27.135,500,0
EDGX.US,5,20260604,213500,27.14,27.1401,27.14,27.1401,522,0
EDGX.US,5,20260604,214500,27.16,27.16,27.16,27.16,101,0
EDGX.US,5,20260604,215000,27.16,27.16,27.16,27.16,300,0
EDGX.US,5,20260604,215500,27.14,27.14,27.13,27.1301,1712,0
EDGX.US,5,20260605,153000,26.9,26.9,26.9,26.9,1121,0
EDGX.US,5,20260605,154000,26.9,26.9,26.9,26.9,400,0
EDGX.US,5,20260605,154500,26.92,26.92,26.92,26.92,100,0
EDGX.US,5,20260605,162000,26.919,26.919,26.919,26.919,371,0
EDGX.US,5,20260605,171500,26.82,26.82,26.76,26.76,490,0
EDGX.US,5,20260605,183000,26.7,26.7,26.7,26.7,100,0
EDGX.US,5,20260605,183500,26.58,26.58,26.58,26.58,100,0
EDGX.US,5,20260605,195500,26.625,26.625,26.625,26.625,339,0
EDGX.US,5,20260605,201500,26.501,26.501,26.501,26.501,100,0
EDGX.US,5,20260605,215000,26.51,26.51,26.51,26.51,500,0
EDGX.US,5,20260605,215500,26.48,26.48,26.48,26.48,190,0
EDGX.US,5,20260608,153000,26.5,26.58,26.5,26.58,451,0
EDGX.US,5,20260608,153500,26.535,26.54,26.535,26.54,237,0
EDGX.US,5,20260608,155500,26.56,26.56,26.56,26.56,3766,0
EDGX.US,5,20260608,164000,26.58,26.58,26.58,26.58,100,0
EDGX.US,5,20260608,172500,26.63,26.63,26.63,26.63,238,0
EDGX.US,5,20260608,181500,26.59,26.59,26.59,26.59,131,0
EDGX.US,5,20260608,183000,26.58,26.58,26.58,26.58,169,0
EDGX.US,5,20260608,184500,26.57,26.57,26.57,26.57,300,0
EDGX.US,5,20260608,185500,26.535,26.535,26.535,26.535,500,0
EDGX.US,5,20260608,190000,26.5,26.5,26.5,26.5,2252,0
EDGX.US,5,20260608,193000,26.52,26.52,26.52,26.52,377,0
EDGX.US,5,20260608,194500,26.52,26.52,26.52,26.52,100,0
EDGX.US,5,20260608,203500,26.4683,26.4683,26.4683,26.4683,150,0
EDGX.US,5,20260609,153000,26.52,26.52,26.52,26.52,397,0
EDGX.US,5,20260609,154000,26.67,26.67,26.67,26.67,100,0
EDGX.US,5,20260609,165500,26.26,26.37,26.26,26.37,361,0
EDGX.US,5,20260609,172000,26.3,26.3,26.3,26.3,200,0
EDGX.US,5,20260609,183000,26.09,26.09,26.0556,26.0556,918,0
EDGX.US,5,20260609,185000,25.94,25.94,25.85,25.8944,2945,0
EDGX.US,5,20260609,185500,25.85,25.85,25.85,25.85,186,0
EDGX.US,5,20260609,190000,25.95,25.95,25.95,25.95,2500,0
EDGX.US,5,20260609,213500,26.27,26.27,26.27,26.27,120,0
EDGX.US,5,20260609,214000,26.27,26.27,26.1801,26.1801,303,0
EDGX.US,5,20260610,153000,26.16,26.16,26,26,200,0
EDGX.US,5,20260610,165000,26.295,26.295,26.295,26.295,250,0
EDGX.US,5,20260610,171000,26.2,26.2,26.2,26.2,125,0
EDGX.US,5,20260610,171500,26.12,26.12,26.12,26.12,175,0
EDGX.US,5,20260610,172000,26.15,26.15,26.15,26.15,100,0
EDGX.US,5,20260610,172500,26.23,26.24,26.23,26.24,365,0
EDGX.US,5,20260610,184500,26.14,26.14,26.14,26.14,100,0
EDGX.US,5,20260610,190000,26.2,26.2,26.2,26.2,763,0
EDGX.US,5,20260610,191000,26.15,26.15,26.15,26.15,583,0
EDGX.US,5,20260610,194000,26.1,26.1,26.1,26.1,600,0
EDGX.US,5,20260610,194500,26.14,26.14,26.1256,26.1256,384,0
EDGX.US,5,20260610,201500,26.1899,26.1899,26.1899,26.1899,125,0
EDGX.US,5,20260610,202500,26.145,26.145,26.145,26.145,500,0
EDGX.US,5,20260610,205500,26.06,26.08,26.03,26.03,929,0
EDGX.US,5,20260610,213000,26.005,26.005,26.005,26.005,201,0
EDGX.US,5,20260610,213500,26,26,26,26,165,0
EDGX.US,5,20260610,214000,26.05,26.05,26.035,26.035,600,0
EDGX.US,5,20260611,155500,26.14,26.14,26.14,26.14,100,0
EDGX.US,5,20260611,171000,26.035,26.035,26.035,26.035,1000,0
EDGX.US,5,20260611,175000,26.1,26.1,26.1,26.1,100,0
EDGX.US,5,20260611,181500,26.08,26.08,26.08,26.08,100,0
EDGX.US,5,20260611,193500,26.3189,26.32,26.3189,26.32,250,0
EDGX.US,5,20260611,194000,26.41,26.41,26.3693,26.3693,1136,0
EDGX.US,5,20260611,200000,26.3888,26.3888,26.3888,26.3888,200,0
EDGX.US,5,20260611,201000,26.22,26.34,26.22,26.34,422,0
EDGX.US,5,20260611,204500,26.33,26.33,26.33,26.33,300,0
EDGX.US,5,20260611,210000,26.36,26.36,26.36,26.36,311,0
EDGX.US,5,20260611,213000,26.4,26.4444,26.39,26.4444,998,0
EDGX.US,5,20260612,153000,26.57,26.57,26.57,26.57,589,0
EDGX.US,5,20260612,154000,26.4,26.4,26.4,26.4,279,0
EDGX.US,5,20260612,163000,26.44,26.4899,26.44,26.4899,347,0
EDGX.US,5,20260612,175000,26.515,26.515,26.515,26.515,100,0
EDGX.US,5,20260612,193500,26.565,26.565,26.565,26.565,533,0
EDGX.US,5,20260612,215500,26.48,26.5405,26.48,26.5405,900,0
EDGX.US,5,20260615,153500,26.88,26.88,26.88,26.88,834,0
EDGX.US,5,20260615,154000,26.9283,26.93,26.86,26.86,1020,0
EDGX.US,5,20260615,154500,26.95,26.95,26.95,26.95,3000,0
EDGX.US,5,20260615,155000,26.8,26.95,26.8,26.95,500,0
EDGX.US,5,20260615,155500,26.95,26.95,26.89,26.89,511,0
EDGX.US,5,20260615,160000,26.885,26.885,26.885,26.885,175,0
EDGX.US,5,20260615,161000,26.9,26.9,26.9,26.9,200,0
EDGX.US,5,20260615,163000,26.91,26.91,26.91,26.91,300,0
EDGX.US,5,20260615,165000,26.93,26.95,26.93,26.95,1300,0
EDGX.US,5,20260615,170000,26.935,26.935,26.86,26.86,4371,0
EDGX.US,5,20260616,153000,26.98,26.98,26.98,26.98,176,0
EDGX.US,5,20260616,154000,26.9799,26.9799,26.9799,26.9799,260,0
EDGX.US,5,20260616,155000,26.99,26.99,26.99,26.99,264,0
EDGX.US,5,20260616,160000,26.9799,26.9799,26.9799,26.9799,114,0
EDGX.US,5,20260616,162500,26.91,26.91,26.91,26.91,100,0
EDGX.US,5,20260616,181000,26.9,26.9,26.9,26.9,100,0
EDGX.US,5,20260616,182500,26.9,26.9,26.9,26.9,100,0
EDGX.US,5,20260616,183500,26.88,26.88,26.88,26.88,100,0
EDGX.US,5,20260616,185000,26.88,26.88,26.88,26.88,150,0
EDGX.US,5,20260616,191500,26.88,26.88,26.88,26.88,250,0
EDGX.US,5,20260616,211000,26.85,26.85,26.85,26.85,100,0
EDGX.US,5,20260616,212500,26.85,26.85,26.85,26.85,100,0
EDGX.US,5,20260617,165000,26.73,26.73,26.73,26.73,100,0
EDGX.US,5,20260617,171500,26.8,26.8,26.8,26.8,120,0
EDGX.US,5,20260617,183000,26.83,26.83,26.83,26.83,100,0
EDGX.US,5,20260617,185500,26.8,26.8,26.8,26.8,100,0
EDGX.US,5,20260617,201500,26.73,26.73,26.73,26.73,100,0
EDGX.US,5,20260617,204500,26.7224,26.7224,26.7224,26.7224,102,0
EDGX.US,5,20260617,205500,26.77,26.77,26.7,26.7,200,0
EDGX.US,5,20260618,153500,26.66,26.75,26.66,26.75,588,0
EDGX.US,5,20260618,154500,26.72,26.74,26.72,26.74,400,0
EDGX.US,5,20260618,175500,26.79,26.81,26.79,26.8,3900,0
EDGX.US,5,20260618,180000,26.8,26.8,26.8,26.8,100,0
EDGX.US,5,20260618,180500,26.8,26.8,26.8,26.8,200,0
EDGX.US,5,20260618,181000,26.81,26.81,26.81,26.81,100,0
EDGX.US,5,20260618,181500,26.8,26.8,26.8,26.8,200,0
EDGX.US,5,20260618,182000,26.82,26.82,26.81,26.81,200,0
EDGX.US,5,20260618,182500,26.81,26.81,26.81,26.81,100,0
EDGX.US,5,20260618,183000,26.81,26.81,26.81,26.81,200,0
EDGX.US,5,20260618,183500,26.82,26.82,26.82,26.82,100,0
EDGX.US,5,20260618,184000,26.83,26.83,26.82,26.82,200,0
EDGX.US,5,20260618,185000,26.81,26.81,26.8,26.81,300,0
EDGX.US,5,20260618,185500,26.8,26.8,26.8,26.8,500,0
EDGX.US,5,20260618,190000,26.82,26.84,26.82,26.84,300,0
EDGX.US,5,20260618,190500,26.84,26.85,26.84,26.85,200,0
EDGX.US,5,20260618,191000,26.84,26.84,26.84,26.84,200,0
EDGX.US,5,20260618,191500,26.85,26.85,26.85,26.85,200,0
EDGX.US,5,20260618,192000,26.85,26.85,26.85,26.85,200,0
EDGX.US,5,20260618,192500,26.85,26.85,26.84,26.84,300,0
EDGX.US,5,20260618,193000,26.85,26.85,26.85,26.85,200,0
EDGX.US,5,20260618,193500,26.84,26.84,26.84,26.84,200,0
EDGX.US,5,20260618,194000,26.84,26.84,26.83,26.83,200,0
EDGX.US,5,20260618,194500,26.84,26.84,26.83,26.84,300,0
EDGX.US,5,20260618,195000,26.84,26.84,26.84,26.84,200,0
EDGX.US,5,20260618,195500,26.83,26.83,26.83,26.83,200,0
EDGX.US,5,20260618,200000,26.83,26.83,26.82,26.82,200,0
EDGX.US,5,20260618,200500,26.82,26.82,26.81,26.82,300,0
EDGX.US,5,20260618,201000,26.82,26.82,26.82,26.82,200,0
EDGX.US,5,20260618,201500,26.82,26.82,26.82,26.82,200,0
EDGX.US,5,20260618,202000,26.81,26.82,26.81,26.81,672,0
EDGX.US,5,20260618,202500,26.82,26.82,26.81,26.81,200,0
EDGX.US,5,20260618,203000,26.81,26.81,26.81,26.81,200,0
EDGX.US,5,20260618,203500,26.81,26.81,26.8,26.8,600,0
EDGX.US,5,20260618,204000,26.81,26.81,26.81,26.81,112,0
EDGX.US,5,20260618,204500,26.82,27.78,26.82,27.33,300,0
EDGX.US,5,20260618,205000,27.1,27.1,27.1,27.1,200,0
EDGX.US,5,20260618,205500,27.01,27.01,27.01,27.01,200,0
EDGX.US,5,20260618,210000,26.92,27,26.92,27,300,0
EDGX.US,5,20260618,210500,27,27,26.91,26.91,300,0
EDGX.US,5,20260618,211000,26.91,27,26.91,27,300,0
EDGX.US,5,20260618,211500,27,27,26.91,26.91,300,0
EDGX.US,5,20260618,212000,26.91,27,26.91,27,300,0
EDGX.US,5,20260618,212500,26.91,27,26.91,27,200,0
EDGX.US,5,20260618,213000,26.91,27,26.91,27,400,0
EDGX.US,5,20260618,213500,27,27,26.81,26.81,400,0
EDGX.US,5,20260618,214000,26.83,26.84,26.82,26.84,502,0
EDGX.US,5,20260618,214500,26.84,26.85,26.83,26.83,500,0
EDGX.US,5,20260618,215000,26.83,26.85,26.83,26.84,1011,0
EDGX.US,5,20260618,215500,26.85,27.29,26.84,26.85,2050,0
EDGX.US,5,20260622,153000,26.81,26.81,26.81,26.81,291,0
EDGX.US,5,20260622,155500,26.81,26.87,26.81,26.87,300,0
EDGX.US,5,20260622,160000,26.84,26.84,26.84,26.84,1050,0
EDGX.US,5,20260622,161500,26.84,26.84,26.78,26.78,1210,0
EDGX.US,5,20260622,163000,26.645,26.645,26.645,26.645,100,0
EDGX.US,5,20260622,180000,26.63,26.63,26.6299,26.6299,338,0
EDGX.US,5,20260622,182000,26.615,26.6325,26.6103,26.6103,326,0
EDGX.US,5,20260622,190500,26.645,26.645,26.645,26.645,170,0
EDGX.US,5,20260622,192500,26.7,26.7,26.7,26.7,100,0
EDGX.US,5,20260622,193000,26.62,26.62,26.62,26.62,300,0
EDGX.US,5,20260622,200000,26.65,26.65,26.65,26.65,200,0
EDGX.US,5,20260622,210500,26.625,26.625,26.625,26.625,220,0
