<TICKER>,<PER>,<DATE>,<TIME>,<OPEN>,<HIGH>,<LOW>,<CLOSE>,<VOL>,<OPENINT>
EFC_B.US,5,20260126,153000,24.06,24.09,23.85,24.08,800,0
EFC_B.US,5,20260126,154000,24.08,24.08,24.08,24.08,400,0
EFC_B.US,5,20260126,154500,23.97,23.97,23.97,23.97,100,0
EFC_B.US,5,20260126,155500,23.845,23.845,23.845,23.845,200,0
EFC_B.US,5,20260126,171500,23.775,23.775,23.775,23.775,500,0
EFC_B.US,5,20260126,172500,23.76,23.9094,23.73,23.76,700,0
EFC_B.US,5,20260126,173500,23.83,23.83,23.83,23.83,200,0
EFC_B.US,5,20260126,175500,23.786,23.83,23.786,23.83,414,0
EFC_B.US,5,20260126,181000,23.955,23.955,23.955,23.955,500,0
EFC_B.US,5,20260126,181500,23.955,23.955,23.85,23.85,1700,0
EFC_B.US,5,20260126,185000,23.9,23.95,23.9,23.93,304,0
EFC_B.US,5,20260126,185500,23.95,24.02,23.95,24.02,700,0
EFC_B.US,5,20260126,193500,23.85,23.85,23.85,23.85,100,0
EFC_B.US,5,20260126,201000,24,24,24,24,500,0
EFC_B.US,5,20260126,214000,23.86,23.86,23.86,23.86,100,0
EFC_B.US,5,20260126,215500,23.98,23.98,23.98,23.98,100,0
EFC_B.US,5,20260127,162000,24.1,24.105,24.06,24.1,1594,0
EFC_B.US,5,20260127,163000,23.94,23.94,23.94,23.94,100,0
EFC_B.US,5,20260127,181500,24.006,24.006,24.006,24.006,522,0
EFC_B.US,5,20260127,184500,24.05,24.05,24.05,24.05,300,0
EFC_B.US,5,20260127,185000,24.05,24.05,24.0499,24.0499,545,0
EFC_B.US,5,20260127,185500,24.1,24.1,24.1,24.1,100,0
EFC_B.US,5,20260127,190000,24.05,24.15,24.05,24.15,500,0
EFC_B.US,5,20260127,190500,24.25,24.25,24.07,24.09,850,0
EFC_B.US,5,20260127,191000,24.1,24.1,24.1,24.1,100,0
EFC_B.US,5,20260127,192500,24.17,24.17,24.07,24.0703,405,0
EFC_B.US,5,20260127,193000,24.1378,24.1378,24.09,24.09,800,0
EFC_B.US,5,20260127,194500,24.0775,24.0775,24.0775,24.0775,200,0
EFC_B.US,5,20260127,195000,24.05,24.0612,24.04,24.05,620,0
EFC_B.US,5,20260127,203000,24.1,24.1,24.1,24.1,486,0
EFC_B.US,5,20260127,205500,24.075,24.077,24.075,24.077,350,0
EFC_B.US,5,20260127,210500,24.05,24.05,24.05,24.05,200,0
EFC_B.US,5,20260127,215000,24.08,24.17,24.08,24.17,1000,0
EFC_B.US,5,20260127,215500,24.08,24.08,24.08,24.08,100,0
EFC_B.US,5,20260128,153500,24.265,24.265,24.265,24.265,500,0
EFC_B.US,5,20260128,154000,24.15,24.15,24.15,24.15,200,0
EFC_B.US,5,20260128,163500,24.136,24.136,24.13,24.13,200,0
EFC_B.US,5,20260128,165000,24.15,24.15,24.15,24.15,100,0
EFC_B.US,5,20260128,171000,24.1348,24.15,24.1348,24.149,1130,0
EFC_B.US,5,20260128,173500,24.15,24.15,24.15,24.15,800,0
EFC_B.US,5,20260128,174500,24.23,24.2396,24.23,24.2396,700,0
EFC_B.US,5,20260128,175000,24.17,24.17,24.17,24.17,100,0
EFC_B.US,5,20260128,181500,24.1894,24.1894,24.1894,24.1894,200,0
EFC_B.US,5,20260128,185000,24.15,24.15,24.15,24.15,200,0
EFC_B.US,5,20260128,185500,24.15,24.15,24.15,24.15,286,0
EFC_B.US,5,20260128,190500,24.15,24.15,24.15,24.15,300,0
EFC_B.US,5,20260129,153500,24.15,24.175,24.15,24.175,500,0
EFC_B.US,5,20260129,155000,24.125,24.14,24.125,24.14,620,0
EFC_B.US,5,20260129,155500,24.1994,24.2,24.1994,24.2,539,0
EFC_B.US,5,20260129,160500,24.2,24.2,24.2,24.2,559,0
EFC_B.US,5,20260129,163500,24.255,24.255,24.2001,24.255,600,0
EFC_B.US,5,20260129,164000,24.233,24.233,24.2,24.2,491,0
EFC_B.US,5,20260129,164500,24.1,24.1,24.1,24.1,100,0
EFC_B.US,5,20260129,181500,24.1825,24.1825,24.1825,24.1825,207,0
EFC_B.US,5,20260129,195500,24.15,24.15,24.15,24.15,600,0
EFC_B.US,5,20260129,210500,24.2,24.2,24.2,24.2,300,0
EFC_B.US,5,20260129,214500,24.14,24.2,24.1,24.1,937,0
EFC_B.US,5,20260129,215500,24.1,24.1,24.1,24.1,496,0
EFC_B.US,5,20260130,153000,24.2,24.336,24.2,24.336,2010,0
EFC_B.US,5,20260130,153500,24.2,24.264,24.2,24.2,1476,0
EFC_B.US,5,20260130,155500,24.34,24.405,24.3,24.3,1004,0
EFC_B.US,5,20260130,160000,24.4,24.4,24.3207,24.365,1933,0
EFC_B.US,5,20260130,160500,24.37,24.38,24.37,24.38,200,0
EFC_B.US,5,20260130,161000,24.4,24.4,24.4,24.4,146,0
EFC_B.US,5,20260130,161500,24.25,24.25,24.25,24.25,100,0
EFC_B.US,5,20260130,163000,24.39,24.42,24.35,24.35,300,0
EFC_B.US,5,20260130,163500,24.2601,24.42,24.2601,24.3,1499,0
EFC_B.US,5,20260130,164000,24.28,24.3801,24.26,24.26,4411,0
EFC_B.US,5,20260130,164500,24.38,24.4,24.26,24.3,1284,0
EFC_B.US,5,20260130,165000,24.26,24.2601,24.2545,24.26,1800,0
EFC_B.US,5,20260130,165500,24.25,24.25,24.25,24.25,427,0
EFC_B.US,5,20260130,170000,24.2497,24.25,24.2497,24.25,612,0
EFC_B.US,5,20260130,170500,24.25,24.25,24.25,24.25,100,0
EFC_B.US,5,20260130,171000,24.2185,24.2185,24.2185,24.2185,100,0
EFC_B.US,5,20260130,172000,24.25,24.3,24.2499,24.3,3658,0
EFC_B.US,5,20260130,172500,24.3,24.35,24.285,24.35,1830,0
EFC_B.US,5,20260130,173000,24.315,24.315,24.315,24.315,800,0
EFC_B.US,5,20260130,174000,24.35,24.35,24.28,24.315,854,0
EFC_B.US,5,20260130,180000,24.315,24.315,24.315,24.315,164,0
EFC_B.US,5,20260130,181500,24.35,24.44,24.35,24.44,1393,0
EFC_B.US,5,20260130,182500,24.4,24.43,24.4,24.4,6185,0
EFC_B.US,5,20260130,185500,24.325,24.325,24.325,24.325,300,0
EFC_B.US,5,20260130,190000,24.325,24.325,24.325,24.325,400,0
EFC_B.US,5,20260130,190500,24.35,24.4399,24.35,24.4399,1512,0
EFC_B.US,5,20260130,192500,24.43,24.43,24.43,24.43,500,0
EFC_B.US,5,20260130,193000,24.37,24.37,24.3549,24.365,8304,0
EFC_B.US,5,20260130,194000,24.3799,24.3799,24.3799,24.3799,1340,0
EFC_B.US,5,20260130,202000,24.3,24.3,24.3,24.3,1100,0
EFC_B.US,5,20260130,202500,24.2501,24.3,24.2501,24.3,835,0
EFC_B.US,5,20260130,203000,24.3,24.3,24.3,24.3,200,0
EFC_B.US,5,20260130,204500,24.25,24.25,24.25,24.25,2300,0
EFC_B.US,5,20260130,205000,24.25,24.25,24.25,24.25,411,0
EFC_B.US,5,20260130,205500,24.31,24.31,24.305,24.305,900,0
EFC_B.US,5,20260130,215000,24.21,24.21,24.21,24.21,1677,0
EFC_B.US,5,20260130,215500,24.2001,24.2001,24.2001,24.2001,300,0
EFC_B.US,5,20260202,153500,24.25,24.25,24.25,24.25,1000,0
EFC_B.US,5,20260202,154000,24.2066,24.25,24.2,24.2,1200,0
EFC_B.US,5,20260202,160000,24.2646,24.2646,24.2646,24.2646,400,0
EFC_B.US,5,20260202,161000,24.18,24.18,24.18,24.18,700,0
EFC_B.US,5,20260202,161500,24.18,24.18,24.18,24.18,100,0
EFC_B.US,5,20260202,170500,24.22,24.22,24.2199,24.2199,612,0
EFC_B.US,5,20260202,171000,24.21,24.21,24.18,24.18,820,0
EFC_B.US,5,20260202,183000,24.18,24.18,24.1799,24.1799,788,0
EFC_B.US,5,20260202,183500,24.215,24.215,24.215,24.215,100,0
EFC_B.US,5,20260202,191000,24.22,24.22,24.22,24.22,109,0
EFC_B.US,5,20260202,191500,24.25,24.25,24.2499,24.2499,800,0
EFC_B.US,5,20260202,194500,24.222,24.222,24.222,24.222,262,0
EFC_B.US,5,20260202,200500,24.2,24.2,24.2,24.2,100,0
EFC_B.US,5,20260202,205500,24.2,24.2,24.2,24.2,200,0
EFC_B.US,5,20260202,210500,24.2,24.2,24.2,24.2,300,0
EFC_B.US,5,20260202,211000,24.18,24.18,24.18,24.18,100,0
EFC_B.US,5,20260202,211500,24.236,24.236,24.236,24.236,100,0
EFC_B.US,5,20260202,212000,24.2144,24.2144,24.18,24.18,200,0
EFC_B.US,5,20260203,160000,24.3,24.3,24.3,24.3,100,0
EFC_B.US,5,20260203,161500,24.22,24.22,24.19,24.19,1170,0
EFC_B.US,5,20260203,213500,24.34,24.34,24.2836,24.29,1600,0
EFC_B.US,5,20260203,215500,24.33,24.33,24.3,24.3,378,0
EFC_B.US,5,20260204,153500,24.282,24.282,24.282,24.282,500,0
EFC_B.US,5,20260204,161500,24.233,24.25,24.225,24.225,542,0
EFC_B.US,5,20260204,165000,24.2,24.2,24.2,24.2,200,0
EFC_B.US,5,20260204,183000,24.2,24.2,24.2,24.2,100,0
EFC_B.US,5,20260204,183500,24.2,24.2,24.16,24.16,771,0
EFC_B.US,5,20260204,184000,24.14,24.14,24.14,24.14,164,0
EFC_B.US,5,20260204,185000,24.15,24.15,24.15,24.15,300,0
EFC_B.US,5,20260204,190000,24.155,24.155,24.155,24.155,100,0
EFC_B.US,5,20260204,191500,24.18,24.18,24.18,24.18,164,0
EFC_B.US,5,20260204,192000,24.16,24.16,24.16,24.16,100,0
EFC_B.US,5,20260204,194000,24.18,24.18,24.17,24.17,300,0
EFC_B.US,5,20260204,201000,24.16,24.16,24.16,24.16,100,0
EFC_B.US,5,20260204,203000,24.16,24.16,24.16,24.16,200,0
EFC_B.US,5,20260204,204000,24.18,24.18,24.18,24.18,699,0
EFC_B.US,5,20260204,205000,24.17,24.18,24.17,24.18,400,0
EFC_B.US,5,20260204,210000,24.18,24.18,24.18,24.18,200,0
EFC_B.US,5,20260204,212000,24.18,24.24,24.18,24.24,988,0
EFC_B.US,5,20260204,213000,24.25,24.25,24.25,24.25,100,0
EFC_B.US,5,20260205,154500,24.27,24.27,24.27,24.27,300,0
EFC_B.US,5,20260205,160000,24.2433,24.2433,24.2433,24.2433,400,0
EFC_B.US,5,20260205,160500,24.24,24.24,24.16,24.16,1900,0
EFC_B.US,5,20260205,164000,24.17,24.17,24.17,24.17,100,0
EFC_B.US,5,20260205,174500,24.2,24.2,24.2,24.2,120,0
EFC_B.US,5,20260205,175000,24.23,24.23,24.2,24.2,600,0
EFC_B.US,5,20260205,214500,24.23,24.23,24.23,24.23,300,0
EFC_B.US,5,20260205,215500,24.23,24.24,24.23,24.24,799,0
EFC_B.US,5,20260206,161000,24.2722,24.2722,24.2626,24.2626,200,0
EFC_B.US,5,20260206,162000,24.23,24.23,24.23,24.23,578,0
EFC_B.US,5,20260206,171000,24.23,24.2499,24.21,24.2499,800,0
EFC_B.US,5,20260206,184500,24.29,24.29,24.25,24.25,200,0
EFC_B.US,5,20260206,210500,24.36,24.36,24.36,24.36,500,0
EFC_B.US,5,20260206,213000,24.32,24.33,24.3,24.3,1065,0
EFC_B.US,5,20260209,155500,24.31,24.3499,24.3,24.3,500,0
EFC_B.US,5,20260209,162000,24.3,24.3,24.3,24.3,500,0
EFC_B.US,5,20260209,163500,24.305,24.305,24.305,24.305,400,0
EFC_B.US,5,20260209,164000,24.305,24.305,24.305,24.305,2000,0
EFC_B.US,5,20260209,165500,24.3,24.3,24.3,24.3,500,0
EFC_B.US,5,20260209,182500,24.3492,24.3492,24.3492,24.3492,250,0
EFC_B.US,5,20260209,211500,24.26,24.2825,24.21,24.2326,2794,0
EFC_B.US,5,20260209,212500,24.21,24.21,24.2,24.2,1000,0
EFC_B.US,5,20260209,214000,24.2,24.2,24.2,24.2,100,0
EFC_B.US,5,20260209,215000,24.21,24.21,24.21,24.21,200,0
EFC_B.US,5,20260209,215500,24.22,24.22,24.22,24.22,100,0
EFC_B.US,5,20260210,155500,24.3,24.3,24.3,24.3,100,0
EFC_B.US,5,20260210,163500,24.3,24.3,24.28,24.28,331,0
EFC_B.US,5,20260210,170500,24.26,24.26,24.26,24.26,100,0
EFC_B.US,5,20260210,171000,24.2689,24.2736,24.2689,24.2736,300,0
EFC_B.US,5,20260210,191000,24.2601,24.265,24.26,24.265,1136,0
EFC_B.US,5,20260210,193000,24.25,24.28,24.24,24.28,100500,0
EFC_B.US,5,20260210,194000,24.25,24.26,24.25,24.26,2500,0
EFC_B.US,5,20260210,215500,24.26,24.28,24.26,24.28,300,0
EFC_B.US,5,20260211,153000,24.28,24.28,24.28,24.28,200,0
EFC_B.US,5,20260211,153500,24.2,24.28,24.2,24.28,1049,0
EFC_B.US,5,20260211,162000,24.24,24.24,24.24,24.24,100,0
EFC_B.US,5,20260211,185000,24.28,24.28,24.28,24.28,1100,0
EFC_B.US,5,20260211,191500,24.285,24.285,24.285,24.285,700,0
EFC_B.US,5,20260211,192000,24.2865,24.291,24.285,24.291,2240,0
EFC_B.US,5,20260211,192500,24.285,24.285,24.285,24.285,700,0
EFC_B.US,5,20260211,194500,24.271,24.271,24.271,24.271,200,0
EFC_B.US,5,20260211,195500,24.28,24.28,24.27,24.28,1500,0
EFC_B.US,5,20260211,200000,24.28,24.2961,24.28,24.28,2041,0
EFC_B.US,5,20260211,201500,24.27,24.27,24.27,24.27,100,0
EFC_B.US,5,20260211,202000,24.2997,24.2997,24.28,24.285,1914,0
EFC_B.US,5,20260211,202500,24.28,24.28,24.28,24.28,1000,0
EFC_B.US,5,20260211,211500,24.28,24.28,24.28,24.28,600,0
EFC_B.US,5,20260211,215500,24.29,24.29,24.28,24.28,516,0
EFC_B.US,5,20260212,153000,24.28,24.28,24.28,24.28,400,0
EFC_B.US,5,20260212,160500,24.28,24.28,24.28,24.28,500,0
EFC_B.US,5,20260212,171000,24.285,24.285,24.285,24.285,250,0
EFC_B.US,5,20260212,173000,24.285,24.285,24.285,24.285,400,0
EFC_B.US,5,20260212,173500,24.285,24.285,24.285,24.285,468,0
EFC_B.US,5,20260212,175500,24.285,24.285,24.285,24.285,400,0
EFC_B.US,5,20260212,182000,24.27,24.27,24.27,24.27,1600,0
EFC_B.US,5,20260212,192000,24.265,24.265,24.265,24.265,100,0
EFC_B.US,5,20260212,193500,24.27,24.27,24.27,24.27,200,0
EFC_B.US,5,20260212,202500,24.265,24.265,24.265,24.265,100,0
EFC_B.US,5,20260212,203000,24.27,24.27,24.2699,24.2699,200,0
EFC_B.US,5,20260212,214500,24.27,24.27,24.27,24.27,100,0
EFC_B.US,5,20260212,215500,24.27,24.27,24.27,24.27,657,0
EFC_B.US,5,20260213,153000,24.28,24.28,24.28,24.28,400,0
EFC_B.US,5,20260213,155000,24.28,24.28,24.28,24.28,500,0
EFC_B.US,5,20260213,172000,24.27,24.27,24.27,24.27,200,0
EFC_B.US,5,20260213,175500,24.27,24.27,24.27,24.27,1200,0
EFC_B.US,5,20260213,182500,24.27,24.27,24.27,24.27,500,0
EFC_B.US,5,20260213,193000,24.27,24.27,24.27,24.27,1000,0
EFC_B.US,5,20260213,212000,24.2669,24.2669,24.26,24.2669,1633,0
EFC_B.US,5,20260213,213000,24.25,24.2668,24.25,24.2668,4442,0
EFC_B.US,5,20260213,214000,24.25,24.25,24.2,24.2,1814,0
EFC_B.US,5,20260213,214500,24.2104,24.22,24.19,24.19,4028,0
EFC_B.US,5,20260213,215000,24.19,24.2,24.19,24.2,2000,0
EFC_B.US,5,20260213,215500,24.18,24.1908,24.18,24.19,422,0
EFC_B.US,5,20260217,153500,24.21,24.21,24.21,24.21,100,0
EFC_B.US,5,20260217,155500,24.21,24.23,24.21,24.23,710,0
EFC_B.US,5,20260217,160000,24.21,24.21,24.2,24.2,616,0
EFC_B.US,5,20260217,160500,24.2,24.2114,24.2,24.2114,840,0
EFC_B.US,5,20260217,162500,24.21,24.21,24.21,24.21,200,0
EFC_B.US,5,20260217,164000,24.2001,24.2001,24.2001,24.2001,150,0
EFC_B.US,5,20260217,171000,24.2072,24.2072,24.2072,24.2072,100,0
EFC_B.US,5,20260217,182000,24.2001,24.21,24.2001,24.21,1500,0
EFC_B.US,5,20260217,190000,24.2169,24.2169,24.2169,24.2169,200,0
EFC_B.US,5,20260217,190500,24.211,24.211,24.211,24.211,200,0
EFC_B.US,5,20260217,191000,24.23,24.23,24.23,24.23,100,0
EFC_B.US,5,20260217,191500,24.21,24.21,24.21,24.21,100,0
EFC_B.US,5,20260217,194000,24.21,24.22,24.21,24.22,1113,0
EFC_B.US,5,20260217,200500,24.228,24.23,24.228,24.23,600,0
EFC_B.US,5,20260217,202500,24.23,24.23,24.23,24.23,100,0
EFC_B.US,5,20260217,214500,24.25,24.25,24.235,24.25,1504,0
EFC_B.US,5,20260217,215000,24.25,24.25,24.25,24.25,189,0
EFC_B.US,5,20260218,153500,24.22,24.22,24.22,24.22,2000,0
EFC_B.US,5,20260218,154000,24.2393,24.2393,24.2393,24.2393,200,0
EFC_B.US,5,20260218,154500,24.23,24.23,24.23,24.23,500,0
EFC_B.US,5,20260218,155000,24.25,24.25,24.25,24.25,125,0
EFC_B.US,5,20260218,155500,24.2234,24.2234,24.2234,24.2234,300,0
EFC_B.US,5,20260218,160500,24.243,24.243,24.243,24.243,200,0
EFC_B.US,5,20260218,161500,24.24,24.24,24.24,24.24,125,0
EFC_B.US,5,20260218,165000,24.25,24.25,24.25,24.25,415,0
EFC_B.US,5,20260218,170000,24.25,24.25,24.25,24.25,600,0
EFC_B.US,5,20260218,173000,24.245,24.245,24.245,24.245,400,0
EFC_B.US,5,20260218,175500,24.245,24.245,24.24,24.24,280,0
EFC_B.US,5,20260218,184000,24.25,24.25,24.2499,24.2499,320,0
EFC_B.US,5,20260218,200500,24.25,24.25,24.24,24.24,627,0
EFC_B.US,5,20260218,204000,24.25,24.25,24.25,24.25,155,0
EFC_B.US,5,20260218,205000,24.23,24.24,24.2,24.2,1911,0
EFC_B.US,5,20260218,211500,24.22,24.22,24.22,24.22,252,0
EFC_B.US,5,20260218,214000,24.22,24.22,24.22,24.22,300,0
EFC_B.US,5,20260218,215500,24.2202,24.225,24.22,24.225,704,0
EFC_B.US,5,20260219,153000,24.2,24.2,24.16,24.16,674,0
EFC_B.US,5,20260219,153500,24.16,24.22,24.16,24.22,540,0
EFC_B.US,5,20260219,161000,24.22,24.22,24.22,24.22,531,0
EFC_B.US,5,20260219,165000,24.215,24.215,24.18,24.18,1300,0
EFC_B.US,5,20260219,183500,24.22,24.22,24.19,24.19,901,0
EFC_B.US,5,20260219,184000,24.19,24.2087,24.19,24.1909,2538,0
EFC_B.US,5,20260219,200000,24.1801,24.1801,24.1801,24.1801,692,0
EFC_B.US,5,20260220,161000,24.22,24.22,24.22,24.22,100,0
EFC_B.US,5,20260220,161500,24.25,24.25,24.25,24.25,1500,0
EFC_B.US,5,20260220,162500,24.226,24.226,24.226,24.226,500,0
EFC_B.US,5,20260220,163500,24.225,24.225,24.225,24.225,150,0
EFC_B.US,5,20260220,165500,24.2499,24.2499,24.2,24.2,900,0
EFC_B.US,5,20260220,182000,24.242,24.242,24.242,24.242,200,0
EFC_B.US,5,20260220,182500,24.21,24.21,24.21,24.21,800,0
EFC_B.US,5,20260220,183000,24.23,24.23,24.23,24.23,500,0
EFC_B.US,5,20260220,185500,24.21,24.21,24.21,24.21,100,0
EFC_B.US,5,20260220,205500,24.23,24.25,24.23,24.25,1377,0
EFC_B.US,5,20260220,215500,24.235,24.26,24.21,24.2346,1600,0
EFC_B.US,5,20260223,155500,24.21,24.21,24.21,24.21,197,0
EFC_B.US,5,20260223,162500,24.235,24.235,24.235,24.235,300,0
EFC_B.US,5,20260223,163500,24.2225,24.235,24.2225,24.235,500,0
EFC_B.US,5,20260223,164000,24.21,24.21,24.21,24.21,359,0
EFC_B.US,5,20260223,165000,24.2101,24.2101,24.2101,24.2101,100,0
EFC_B.US,5,20260223,171000,24.22,24.22,24.22,24.22,300,0
EFC_B.US,5,20260223,191000,24.23,24.23,24.2299,24.2299,1300,0
EFC_B.US,5,20260223,200000,24.231,24.245,24.231,24.245,1000,0
EFC_B.US,5,20260223,202000,24.21,24.2101,24.21,24.2101,1499,0
EFC_B.US,5,20260223,204000,24.24,24.24,24.235,24.235,400,0
EFC_B.US,5,20260224,153500,24.22,24.2201,24.22,24.2201,599,0
EFC_B.US,5,20260224,155000,24.215,24.215,24.215,24.215,391,0
EFC_B.US,5,20260224,160500,24.18,24.18,24.18,24.18,100,0
EFC_B.US,5,20260224,170000,24.19,24.19,24.19,24.19,100,0
EFC_B.US,5,20260224,174500,24.1965,24.1965,24.1965,24.1965,150,0
EFC_B.US,5,20260224,190000,24.2499,24.2499,24.2499,24.2499,400,0
EFC_B.US,5,20260224,192500,24.26,24.27,24.26,24.26,680,0
EFC_B.US,5,20260224,194000,24.27,24.27,24.27,24.27,500,0
EFC_B.US,5,20260224,195500,24.2602,24.2602,24.2602,24.2602,100,0
EFC_B.US,5,20260224,201500,24.27,24.27,24.2699,24.2699,968,0
EFC_B.US,5,20260224,202000,24.28,24.29,24.2799,24.29,616,0
EFC_B.US,5,20260224,213000,24.3,24.3,24.3,24.3,101,0
EFC_B.US,5,20260224,215000,24.2566,24.2566,24.2566,24.2566,350,0
EFC_B.US,5,20260225,155000,24.2685,24.2685,24.2685,24.2685,500,0
EFC_B.US,5,20260225,160500,24.2999,24.2999,24.27,24.27,750,0
EFC_B.US,5,20260225,161000,24.28,24.28,24.28,24.28,1000,0
EFC_B.US,5,20260225,161500,24.28,24.28,24.28,24.28,700,0
EFC_B.US,5,20260225,162500,24.28,24.28,24.28,24.28,1000,0
EFC_B.US,5,20260225,164500,24.26,24.26,24.26,24.26,1500,0
EFC_B.US,5,20260225,170500,24.28,24.28,24.28,24.28,800,0
EFC_B.US,5,20260225,172000,24.28,24.28,24.28,24.28,600,0
EFC_B.US,5,20260225,173000,24.3,24.3,24.2999,24.2999,1122,0
EFC_B.US,5,20260225,173500,24.28,24.28,24.28,24.28,700,0
EFC_B.US,5,20260225,175000,24.28,24.28,24.2797,24.2797,1400,0
EFC_B.US,5,20260225,180500,24.255,24.28,24.255,24.28,2230,0
EFC_B.US,5,20260225,184000,24.23,24.23,24.23,24.23,1200,0
EFC_B.US,5,20260225,192500,24.255,24.255,24.255,24.255,698,0
EFC_B.US,5,20260225,213500,24.28,24.28,24.2798,24.2798,1400,0
EFC_B.US,5,20260226,161000,24.28,24.28,24.28,24.28,100,0
EFC_B.US,5,20260226,193500,24.29,24.29,24.29,24.29,100,0
EFC_B.US,5,20260226,201000,24.2992,24.2992,24.2992,24.2992,1000,0
EFC_B.US,5,20260226,201500,24.32,24.32,24.3198,24.32,700,0
EFC_B.US,5,20260226,203000,24.3499,24.3499,24.3,24.3,500,0
EFC_B.US,5,20260226,204000,24.3,24.3,24.3,24.3,100,0
EFC_B.US,5,20260226,210000,24.35,24.35,24.35,24.35,1240,0
EFC_B.US,5,20260226,210500,24.31,24.31,24.31,24.31,100,0
EFC_B.US,5,20260227,154500,24.335,24.335,24.335,24.335,500,0
EFC_B.US,5,20260227,161500,24.35,24.38,24.34,24.35,500,0
EFC_B.US,5,20260227,162000,24.31,24.3121,24.31,24.3121,275,0
EFC_B.US,5,20260227,163000,24.31,24.31,24.31,24.31,2000,0
EFC_B.US,5,20260227,163500,24.28,24.28,24.28,24.28,100,0
EFC_B.US,5,20260227,164000,24.27,24.28,24.27,24.27,391,0
EFC_B.US,5,20260227,165000,24.31,24.31,24.31,24.31,500,0
EFC_B.US,5,20260227,170000,24.27,24.27,24.27,24.27,100,0
EFC_B.US,5,20260227,173000,24.3,24.3,24.3,24.3,890,0
EFC_B.US,5,20260227,174000,24.27,24.27,24.27,24.27,100,0
EFC_B.US,5,20260227,184500,24.28,24.28,24.28,24.28,100,0
EFC_B.US,5,20260227,185000,24.28,24.28,24.23,24.23,1111,0
EFC_B.US,5,20260227,190500,24.25,24.26,24.25,24.26,658,0
EFC_B.US,5,20260227,192500,24.23,24.24,24.23,24.23,300,0
EFC_B.US,5,20260227,202500,24.241,24.25,24.241,24.25,700,0
EFC_B.US,5,20260227,203000,24.27,24.27,24.27,24.27,100,0
EFC_B.US,5,20260227,204500,24.27,24.27,24.27,24.27,1000,0
EFC_B.US,5,20260227,210000,24.34,24.34,24.34,24.34,100,0
EFC_B.US,5,20260227,210500,24.3,24.3,24.3,24.3,399,0
EFC_B.US,5,20260227,211000,24.28,24.34,24.28,24.34,300,0
EFC_B.US,5,20260227,213000,24.3,24.3,24.3,24.3,100,0
EFC_B.US,5,20260227,214000,24.28,24.3,24.28,24.3,474,0
EFC_B.US,5,20260227,215000,24.3,24.3,24.3,24.3,300,0
EFC_B.US,5,20260227,215500,24.28,24.34,24.28,24.34,2465,0
EFC_B.US,5,20260302,162500,24.335,24.335,24.3,24.3,286,0
EFC_B.US,5,20260302,163000,24.31,24.31,24.3,24.3,214,0
EFC_B.US,5,20260302,164000,24.31,24.3999,24.3,24.3999,1100,0
EFC_B.US,5,20260302,170000,24.3718,24.3718,24.3718,24.3718,400,0
EFC_B.US,5,20260302,175500,24.32,24.32,24.32,24.32,200,0
EFC_B.US,5,20260302,183000,24.3,24.3,24.3,24.3,300,0
EFC_B.US,5,20260302,190000,24.35,24.35,24.34,24.34,400,0
EFC_B.US,5,20260302,192500,24.3,24.3,24.28,24.28,2500,0
EFC_B.US,5,20260302,193000,24.3,24.3,24.29,24.29,600,0
EFC_B.US,5,20260302,202000,24.32,24.32,24.32,24.32,300,0
EFC_B.US,5,20260302,204500,24.29,24.3452,24.29,24.3452,1900,0
EFC_B.US,5,20260302,210000,24.3,24.3,24.29,24.29,600,0
EFC_B.US,5,20260302,210500,24.32,24.32,24.32,24.32,200,0
EFC_B.US,5,20260302,211500,24.28,24.28,24.28,24.28,100,0
EFC_B.US,5,20260302,212500,24.32,24.32,24.32,24.32,300,0
EFC_B.US,5,20260302,213500,24.32,24.32,24.2601,24.2601,400,0
EFC_B.US,5,20260302,214000,24.37,24.37,24.27,24.32,1300,0
EFC_B.US,5,20260302,214500,24.3,24.3,24.3,24.3,1600,0
EFC_B.US,5,20260303,153000,24.29,24.29,24.29,24.29,100,0
EFC_B.US,5,20260303,153500,24.28,24.28,24.26,24.26,1000,0
EFC_B.US,5,20260303,154000,24.2684,24.28,24.2684,24.28,367,0
EFC_B.US,5,20260303,154500,24.28,24.28,24.26,24.26,619,0
EFC_B.US,5,20260303,163000,24.27,24.27,24.27,24.27,600,0
EFC_B.US,5,20260303,170000,24.3,24.3,24.3,24.3,800,0
EFC_B.US,5,20260303,172500,24.31,24.31,24.31,24.31,200,0
EFC_B.US,5,20260303,175500,24.28,24.28,24.28,24.28,100,0
EFC_B.US,5,20260303,180500,24.27,24.27,24.27,24.27,900,0
EFC_B.US,5,20260303,184000,24.2615,24.2615,24.2615,24.2615,500,0
EFC_B.US,5,20260303,184500,24.27,24.27,24.27,24.27,100,0
EFC_B.US,5,20260303,191000,24.27,24.27,24.27,24.27,100,0
EFC_B.US,5,20260303,192500,24.28,24.28,24.28,24.28,700,0
EFC_B.US,5,20260303,193000,24.28,24.28,24.28,24.28,600,0
EFC_B.US,5,20260303,193500,24.305,24.305,24.305,24.305,100,0
EFC_B.US,5,20260303,194500,24.28,24.28,24.28,24.28,813,0
EFC_B.US,5,20260303,202000,24.2743,24.2743,24.2743,24.2743,500,0
EFC_B.US,5,20260303,205500,24.27,24.27,24.27,24.27,600,0
EFC_B.US,5,20260303,210000,24.3,24.3,24.3,24.3,1000,0
EFC_B.US,5,20260303,213500,24.26,24.26,24.26,24.26,100,0
EFC_B.US,5,20260303,214500,24.2744,24.2744,24.2744,24.2744,1100,0
EFC_B.US,5,20260303,215500,24.26,24.26,24.26,24.26,100,0
EFC_B.US,5,20260304,153000,24.3,24.3,24.28,24.3,3100,0
EFC_B.US,5,20260304,153500,24.4,24.4,24.4,24.4,144,0
EFC_B.US,5,20260304,154000,24.33,24.33,24.28,24.3,1001,0
EFC_B.US,5,20260304,154500,24.28,24.2997,24.28,24.28,1310,0
EFC_B.US,5,20260304,155000,24.28,24.28,24.27,24.27,605,0
EFC_B.US,5,20260304,155500,24.28,24.4,24.2602,24.28,1652,0
EFC_B.US,5,20260304,160000,24.33,24.33,24.33,24.33,200,0
EFC_B.US,5,20260304,160500,24.3,24.3,24.3,24.3,430,0
EFC_B.US,5,20260304,161000,24.28,24.3,24.28,24.3,1000,0
EFC_B.US,5,20260304,162000,24.3,24.305,24.3,24.3,2270,0
EFC_B.US,5,20260304,162500,24.28,24.28,24.28,24.28,200,0
EFC_B.US,5,20260304,163500,24.32,24.32,24.32,24.32,600,0
EFC_B.US,5,20260304,164000,24.32,24.32,24.32,24.32,500,0
EFC_B.US,5,20260304,170000,24.32,24.33,24.31,24.31,900,0
EFC_B.US,5,20260304,170500,24.3499,24.3499,24.315,24.315,500,0
EFC_B.US,5,20260304,171000,24.3445,24.3445,24.3445,24.3445,400,0
EFC_B.US,5,20260304,173000,24.35,24.35,24.35,24.35,100,0
EFC_B.US,5,20260304,174000,24.32,24.32,24.3,24.3,520,0
EFC_B.US,5,20260304,175500,24.32,24.32,24.32,24.32,100,0
EFC_B.US,5,20260304,180000,24.32,24.3202,24.32,24.3202,1225,0
EFC_B.US,5,20260304,181000,24.32,24.32,24.32,24.32,200,0
EFC_B.US,5,20260304,183000,24.35,24.35,24.35,24.35,100,0
EFC_B.US,5,20260304,183500,24.3,24.3,24.3,24.3,400,0
EFC_B.US,5,20260304,184000,24.29,24.29,24.29,24.29,400,0
EFC_B.US,5,20260304,184500,24.32,24.32,24.32,24.32,3200,0
EFC_B.US,5,20260304,185000,24.3144,24.35,24.3144,24.32,988,0
EFC_B.US,5,20260304,185500,24.32,24.32,24.3,24.3,700,0
EFC_B.US,5,20260304,191000,24.3,24.31,24.3,24.31,500,0
EFC_B.US,5,20260304,191500,24.32,24.32,24.29,24.29,832,0
EFC_B.US,5,20260304,192000,24.3,24.3,24.3,24.3,600,0
EFC_B.US,5,20260304,194000,24.29,24.29,24.29,24.29,200,0
EFC_B.US,5,20260304,194500,24.305,24.305,24.305,24.305,620,0
EFC_B.US,5,20260304,200000,24.305,24.35,24.27,24.27,23372,0
EFC_B.US,5,20260304,211500,24.38,24.38,24.38,24.38,100,0
EFC_B.US,5,20260304,215500,24.38,24.39,24.38,24.39,800,0
EFC_B.US,5,20260305,154000,24.3664,24.3664,24.36,24.36,1000,0
EFC_B.US,5,20260305,161000,24.4,24.4,24.38,24.4,1181,0
EFC_B.US,5,20260305,162000,24.4,24.4,24.4,24.4,100,0
EFC_B.US,5,20260305,171000,24.435,24.435,24.435,24.435,200,0
EFC_B.US,5,20260305,172500,24.44,24.44,24.44,24.44,100,0
EFC_B.US,5,20260305,184000,24.41,24.41,24.3807,24.3807,600,0
EFC_B.US,5,20260305,184500,24.41,24.41,24.3801,24.3807,900,0
EFC_B.US,5,20260305,205500,24.448,24.448,24.448,24.448,260,0
EFC_B.US,5,20260305,211000,24.425,24.425,24.425,24.425,191,0
EFC_B.US,5,20260305,212500,24.4006,24.4006,24.4006,24.4006,300,0
EFC_B.US,5,20260305,213000,24.4064,24.425,24.4,24.4001,1900,0
EFC_B.US,5,20260306,153000,24.4,24.417,24.4,24.417,1796,0
EFC_B.US,5,20260306,154000,24.385,24.4,24.385,24.4,2147,0
EFC_B.US,5,20260306,154500,24.385,24.385,24.385,24.385,203,0
EFC_B.US,5,20260306,161500,24.41,24.41,24.41,24.41,245,0
EFC_B.US,5,20260306,164000,24.41,24.41,24.41,24.41,286,0
EFC_B.US,5,20260306,170500,24.4272,24.4272,24.4272,24.4272,409,0
EFC_B.US,5,20260306,174000,24.45,24.45,24.45,24.45,600,0
EFC_B.US,5,20260306,175500,24.45,24.45,24.45,24.45,400,0
EFC_B.US,5,20260306,180500,24.45,24.45,24.45,24.45,100,0
EFC_B.US,5,20260306,181000,24.425,24.48,24.4085,24.48,1217,0
EFC_B.US,5,20260306,181500,24.48,24.48,24.4001,24.44,1900,0
EFC_B.US,5,20260306,182000,24.44,24.44,24.44,24.44,200,0
EFC_B.US,5,20260306,185500,24.44,24.44,24.44,24.44,123,0
EFC_B.US,5,20260306,190000,24.44,24.44,24.44,24.44,100,0
EFC_B.US,5,20260306,212000,24.47,24.47,24.46,24.463,700,0
EFC_B.US,5,20260306,213500,24.475,24.475,24.475,24.475,100,0
EFC_B.US,5,20260306,214000,24.4737,24.4737,24.4737,24.4737,200,0
EFC_B.US,5,20260306,214500,24.4701,24.4701,24.47,24.47,210,0
EFC_B.US,5,20260309,143500,24.4305,24.4305,24.4305,24.4305,500,0
EFC_B.US,5,20260309,144500,24.4,24.4,24.4,24.4,100,0
EFC_B.US,5,20260309,150000,24.435,24.435,24.435,24.435,300,0
EFC_B.US,5,20260309,151000,24.4,24.4,24.4,24.4,100,0
EFC_B.US,5,20260309,152000,24.44,24.44,24.44,24.44,160,0
EFC_B.US,5,20260309,155500,24.4,24.4,24.4,24.4,100,0
EFC_B.US,5,20260309,162000,24.42,24.42,24.42,24.42,135,0
EFC_B.US,5,20260309,172000,24.44,24.44,24.44,24.44,100,0
EFC_B.US,5,20260309,175000,24.4398,24.4398,24.4398,24.4398,223,0
EFC_B.US,5,20260309,181500,24.4396,24.4396,24.4396,24.4396,200,0
EFC_B.US,5,20260309,183500,24.45,24.45,24.45,24.45,425,0
EFC_B.US,5,20260309,184000,24.4302,24.45,24.4302,24.45,2180,0
EFC_B.US,5,20260309,190000,24.45,24.45,24.4496,24.4496,300,0
EFC_B.US,5,20260309,195500,24.449,24.449,24.449,24.449,205,0
EFC_B.US,5,20260309,202500,24.45,24.45,24.45,24.45,500,0
EFC_B.US,5,20260310,144000,24.45,24.45,24.4,24.4,292,0
EFC_B.US,5,20260310,144500,24.4,24.4,24.4,24.4,100,0
EFC_B.US,5,20260310,150500,24.425,24.425,24.425,24.425,400,0
EFC_B.US,5,20260310,161000,24.45,24.45,24.45,24.45,200,0
EFC_B.US,5,20260310,164500,24.4659,24.47,24.4659,24.47,400,0
EFC_B.US,5,20260310,165000,24.4732,24.5,24.4732,24.5,1773,0
EFC_B.US,5,20260310,173000,24.7499,24.7499,24.7499,24.7499,400,0
EFC_B.US,5,20260310,174000,24.62,24.62,24.62,24.62,400,0
EFC_B.US,5,20260310,182500,24.59,24.61,24.59,24.6059,2400,0
EFC_B.US,5,20260310,192000,24.63,24.63,24.63,24.63,100,0
EFC_B.US,5,20260310,203000,24.59,24.59,24.59,24.59,268,0
EFC_B.US,5,20260310,205500,24.59,24.6,24.59,24.6,335,0
EFC_B.US,5,20260311,172500,24.6,24.6,24.5997,24.5997,1399,0
EFC_B.US,5,20260311,180000,24.6,24.6,24.6,24.6,200,0
EFC_B.US,5,20260311,180500,24.55,24.59,24.55,24.59,600,0
EFC_B.US,5,20260311,200000,24.6499,24.6499,24.6499,24.6499,400,0
EFC_B.US,5,20260311,201500,24.64,24.64,24.64,24.64,100,0
EFC_B.US,5,20260311,204500,24.631,24.631,24.631,24.631,400,0
EFC_B.US,5,20260311,205500,24.64,24.64,24.64,24.64,210,0
EFC_B.US,5,20260312,153500,24.5695,24.5695,24.5695,24.5695,400,0
EFC_B.US,5,20260312,154000,24.55,24.55,24.55,24.55,400,0
EFC_B.US,5,20260312,163000,24.46,24.46,24.46,24.46,146,0
EFC_B.US,5,20260312,170500,24.55,24.55,24.55,24.55,189,0
EFC_B.US,5,20260312,174000,24.48,24.48,24.48,24.48,400,0
EFC_B.US,5,20260312,175500,24.55,24.55,24.55,24.55,176,0
EFC_B.US,5,20260312,181500,24.47,24.47,24.47,24.47,100,0
EFC_B.US,5,20260312,182000,24.47,24.47,24.47,24.47,100,0
EFC_B.US,5,20260312,182500,24.53,24.53,24.53,24.53,175,0
EFC_B.US,5,20260313,152000,24.579,24.579,24.579,24.579,130,0
EFC_B.US,5,20260313,153500,24.51,24.51,24.51,24.51,400,0
EFC_B.US,5,20260313,161500,24.5138,24.5138,24.5138,24.5138,500,0
EFC_B.US,5,20260313,164000,24.5,24.5,24.5,24.5,1501,0
EFC_B.US,5,20260313,180500,24.58,24.6,24.58,24.6,211,0
EFC_B.US,5,20260313,181000,24.5493,24.5493,24.5493,24.5493,325,0
EFC_B.US,5,20260313,184000,24.535,24.6,24.535,24.6,900,0
EFC_B.US,5,20260313,190500,24.55,24.55,24.55,24.55,1469,0
EFC_B.US,5,20260313,201000,24.5,24.5,24.5,24.5,100,0
EFC_B.US,5,20260316,145500,24.4106,24.4106,24.4106,24.4106,372,0
EFC_B.US,5,20260316,151500,24.46,24.46,24.46,24.46,200,0
EFC_B.US,5,20260316,152000,24.46,24.46,24.46,24.46,804,0
EFC_B.US,5,20260316,163000,24.4859,24.5,24.4859,24.5,547,0
EFC_B.US,5,20260316,163500,24.5,24.5,24.5,24.5,100,0
EFC_B.US,5,20260316,165000,24.5,24.5,24.5,24.5,100,0
EFC_B.US,5,20260316,184500,24.47,24.59,24.47,24.59,311,0
EFC_B.US,5,20260316,191500,24.48,24.48,24.48,24.48,100,0
EFC_B.US,5,20260316,192000,24.48,24.48,24.48,24.48,100,0
EFC_B.US,5,20260316,195000,24.48,24.48,24.48,24.48,763,0
EFC_B.US,5,20260316,203000,24.48,24.48,24.48,24.48,100,0
EFC_B.US,5,20260317,173000,24.555,24.555,24.555,24.555,400,0
EFC_B.US,5,20260317,184000,24.59,24.59,24.59,24.59,400,0
EFC_B.US,5,20260317,192000,24.555,24.555,24.555,24.555,200,0
EFC_B.US,5,20260318,145000,24.49,24.49,24.4801,24.4801,400,0
EFC_B.US,5,20260318,145500,24.48,24.48,24.48,24.48,400,0
EFC_B.US,5,20260318,195000,24.43,24.43,24.43,24.43,197,0
EFC_B.US,5,20260318,195500,24.44,24.44,24.43,24.43,200,0
EFC_B.US,5,20260318,200500,24.43,24.43,24.43,24.43,103,0
EFC_B.US,5,20260318,204000,24.4301,24.4312,24.43,24.43,600,0
EFC_B.US,5,20260318,204500,24.44,24.54,24.3001,24.3001,1075,0
EFC_B.US,5,20260318,205500,24.35,24.35,24.35,24.35,167,0
EFC_B.US,5,20260319,145000,24.6,24.6,24.6,24.6,500,0
EFC_B.US,5,20260319,150000,24.4127,24.4127,24.4127,24.4127,100,0
EFC_B.US,5,20260319,200000,24.43,24.43,24.38,24.38,200,0
EFC_B.US,5,20260320,151500,24.4,24.4,24.4,24.4,400,0
EFC_B.US,5,20260320,152500,24.38,24.38,24.2,24.2,1649,0
EFC_B.US,5,20260320,154000,24.2,24.2298,24.2,24.2298,702,0
EFC_B.US,5,20260320,154500,24.2299,24.23,24.2299,24.23,1388,0
EFC_B.US,5,20260320,160500,24.23,24.23,24.23,24.23,603,0
EFC_B.US,5,20260320,162500,24.2,24.2,24.16,24.16,688,0
EFC_B.US,5,20260320,163500,24.16,24.16,24.16,24.16,300,0
EFC_B.US,5,20260320,171500,24.21,24.2499,24.21,24.21,600,0
EFC_B.US,5,20260320,173000,24.1766,24.1766,24.1766,24.1766,600,0
EFC_B.US,5,20260320,185000,24.225,24.225,24.225,24.225,316,0
EFC_B.US,5,20260320,192000,24.2,24.2,24.1,24.1,3598,0
EFC_B.US,5,20260320,192500,24.06,24.06,24.06,24.06,300,0
EFC_B.US,5,20260320,201500,24.18,24.18,24.18,24.18,100,0
EFC_B.US,5,20260320,202000,24.17,24.18,24.17,24.18,1180,0
EFC_B.US,5,20260320,205500,24.13,24.13,24.13,24.13,107,0
EFC_B.US,5,20260323,143000,24.18,24.3799,24.18,24.36,1819,0
EFC_B.US,5,20260323,143500,24.18,24.18,24.16,24.16,900,0
EFC_B.US,5,20260323,195500,24.35,24.41,24.35,24.41,200,0
EFC_B.US,5,20260323,201000,24.35,24.35,24.35,24.35,100,0
EFC_B.US,5,20260323,203000,24.3539,24.38,24.35,24.38,600,0
EFC_B.US,5,20260323,203500,24.35,24.35,24.35,24.35,100,0
EFC_B.US,5,20260324,160500,24.27,24.27,24.27,24.27,240,0
EFC_B.US,5,20260324,182500,24.31,24.3101,24.31,24.3101,1710,0
EFC_B.US,5,20260324,191000,24.38,24.38,24.38,24.38,100,0
EFC_B.US,5,20260324,204500,24.3,24.3,24.3,24.3,100,0
EFC_B.US,5,20260325,155000,24.5,24.5,24.5,24.5,500,0
EFC_B.US,5,20260325,205500,24.4,24.4,24.4,24.4,100,0
EFC_B.US,5,20260326,180000,24.33,24.33,24.33,24.33,150,0
EFC_B.US,5,20260326,201500,24.355,24.355,24.355,24.355,500,0
EFC_B.US,5,20260326,205000,24.33,24.33,24.33,24.33,100,0
EFC_B.US,5,20260327,145500,24.33,24.33,24.33,24.33,1000,0
EFC_B.US,5,20260327,155000,24.44,24.44,24.44,24.44,200,0
EFC_B.US,5,20260327,160500,24.38,24.38,24.38,24.38,100,0
EFC_B.US,5,20260327,162000,24.39,24.39,24.26,24.29,1950,0
EFC_B.US,5,20260327,164500,24.305,24.305,24.305,24.305,200,0
EFC_B.US,5,20260327,170000,24.305,24.305,24.305,24.305,200,0
EFC_B.US,5,20260327,175500,24.34,24.34,24.34,24.34,100,0
EFC_B.US,5,20260327,191000,24.27,24.27,24.19,24.19,1100,0
EFC_B.US,5,20260327,194000,24.2,24.2,24.2,24.2,200,0
EFC_B.US,5,20260327,202000,24.2,24.2,24.2,24.2,200,0
EFC_B.US,5,20260327,205000,24.17,24.21,24.17,24.21,400,0
EFC_B.US,5,20260327,205500,24.17,24.1801,24.17,24.17,1579,0
EFC_B.US,5,20260330,171000,24.38,24.38,24.37,24.37,1000,0
EFC_B.US,5,20260330,183500,24.33,24.33,24.3,24.3,200,0
EFC_B.US,5,20260330,202000,24.41,24.41,24.41,24.41,600,0
EFC_B.US,5,20260330,204500,24.35,24.35,24.35,24.35,100,0
EFC_B.US,5,20260330,210500,24.37,24.37,24.37,24.37,100,0
EFC_B.US,5,20260330,211000,24.37,24.37,24.37,24.37,100,0
EFC_B.US,5,20260330,212500,24.33,24.33,24.33,24.33,100,0
EFC_B.US,5,20260330,214000,24.33,24.33,24.33,24.33,100,0
EFC_B.US,5,20260330,215000,24.34,24.34,24.34,24.34,100,0
EFC_B.US,5,20260330,215500,24.33,24.3899,24.33,24.3899,600,0
EFC_B.US,5,20260331,153000,24.25,24.25,24.25,24.25,440,0
EFC_B.US,5,20260331,162500,24.1668,24.1668,24.1668,24.1668,500,0
EFC_B.US,5,20260331,164000,23.91,23.91,23.91,23.91,100,0
EFC_B.US,5,20260331,165500,23.91,23.91,23.91,23.91,114,0
EFC_B.US,5,20260331,174000,23.94,23.95,23.94,23.94,400,0
EFC_B.US,5,20260331,182000,24.01,24.01,24.01,24.01,100,0
EFC_B.US,5,20260331,185000,24.02,24.02,24.01,24.01,944,0
EFC_B.US,5,20260331,190500,24.0533,24.0533,24.03,24.03,522,0
EFC_B.US,5,20260331,191500,24.03,24.03,24.02,24.02,447,0
EFC_B.US,5,20260331,192500,24.055,24.055,24.055,24.055,200,0
EFC_B.US,5,20260331,193500,24.0393,24.0393,24.0393,24.0393,360,0
EFC_B.US,5,20260331,194000,24.01,24.01,24.01,24.01,703,0
EFC_B.US,5,20260331,195000,23.95,23.95,23.95,23.95,100,0
EFC_B.US,5,20260331,195500,23.95,23.95,23.93,23.93,372,0
EFC_B.US,5,20260331,200500,23.93,23.93,23.93,23.93,100,0
EFC_B.US,5,20260331,201000,23.91,23.91,23.89,23.89,300,0
EFC_B.US,5,20260331,202000,23.89,23.89,23.88,23.88,500,0
EFC_B.US,5,20260331,202500,23.88,23.98,23.88,23.98,500,0
EFC_B.US,5,20260331,203500,24.0999,24.0999,23.88,23.88,450,0
EFC_B.US,5,20260331,204000,23.87,23.87,23.81,23.81,1610,0
EFC_B.US,5,20260331,205500,23.71,23.71,23.68,23.68,399,0
EFC_B.US,5,20260331,210500,23.7,23.7,23.7,23.7,460,0
EFC_B.US,5,20260331,212000,23.9,23.9,23.9,23.9,300,0
EFC_B.US,5,20260331,213000,23.86,23.86,23.86,23.86,463,0
EFC_B.US,5,20260331,213500,23.85,23.86,23.85,23.85,558,0
EFC_B.US,5,20260331,214500,23.81,23.81,23.81,23.81,700,0
EFC_B.US,5,20260331,215000,23.81,23.81,23.64,23.68,4377,0
EFC_B.US,5,20260331,215500,23.68,23.71,23.65,23.65,2078,0
EFC_B.US,5,20260401,154500,24.02,24.02,24.02,24.02,400,0
EFC_B.US,5,20260401,155000,24.1675,24.1675,24.1675,24.1675,500,0
EFC_B.US,5,20260401,160000,24.0443,24.0443,24.0443,24.0443,500,0
EFC_B.US,5,20260401,173000,23.9999,23.9999,23.9999,23.9999,400,0
EFC_B.US,5,20260401,175500,23.85,23.85,23.85,23.85,100,0
EFC_B.US,5,20260401,180000,23.85,23.86,23.83,23.83,1476,0
EFC_B.US,5,20260401,180500,23.83,23.83,23.83,23.83,361,0
EFC_B.US,5,20260401,184000,23.865,23.865,23.865,23.865,200,0
EFC_B.US,5,20260401,201000,23.93,23.93,23.93,23.93,500,0
EFC_B.US,5,20260401,203000,23.9128,23.918,23.91,23.918,447,0
EFC_B.US,5,20260401,211500,23.91,23.91,23.91,23.91,190,0
EFC_B.US,5,20260402,155000,23.85,23.97,23.85,23.97,2601,0
EFC_B.US,5,20260402,173000,23.87,23.87,23.87,23.87,300,0
EFC_B.US,5,20260402,183000,23.93,23.93,23.93,23.93,750,0
EFC_B.US,5,20260402,210000,24,24,24,24,100,0
EFC_B.US,5,20260402,211000,23.96,23.9601,23.9,23.9601,1082,0
EFC_B.US,5,20260406,153000,24,24,24,24,1000,0
EFC_B.US,5,20260406,155000,23.95,23.95,23.95,23.95,100,0
EFC_B.US,5,20260406,160500,23.95,23.95,23.95,23.95,100,0
EFC_B.US,5,20260406,161000,23.91,23.91,23.89,23.89,1178,0
EFC_B.US,5,20260406,162000,23.93,23.93,23.93,23.93,500,0
EFC_B.US,5,20260406,170000,23.93,23.93,23.88,23.88,700,0
EFC_B.US,5,20260406,170500,23.93,23.93,23.93,23.93,300,0
EFC_B.US,5,20260406,171000,23.91,23.91,23.91,23.91,700,0
EFC_B.US,5,20260406,171500,23.98,23.98,23.93,23.93,1000,0
EFC_B.US,5,20260406,180000,23.9799,23.9799,23.9799,23.9799,208,0
EFC_B.US,5,20260406,181000,23.962,23.962,23.962,23.962,500,0
EFC_B.US,5,20260406,184000,23.975,23.975,23.975,23.975,200,0
EFC_B.US,5,20260406,190000,23.975,23.975,23.975,23.975,300,0
EFC_B.US,5,20260406,191500,23.9932,23.9932,23.98,23.98,600,0
EFC_B.US,5,20260406,214500,24,24,24,24,402,0
EFC_B.US,5,20260407,153000,24,24,24,24,999,0
EFC_B.US,5,20260407,164500,24.15,24.15,24.15,24.15,514,0
EFC_B.US,5,20260407,170500,24.125,24.125,24.125,24.125,300,0
EFC_B.US,5,20260407,172000,24.125,24.125,24.125,24.125,200,0
EFC_B.US,5,20260407,172500,24.125,24.125,24.125,24.125,200,0
EFC_B.US,5,20260407,181500,24.1,24.1,24.0998,24.0998,260,0
EFC_B.US,5,20260407,185500,24.1,24.1,24.1,24.1,100,0
EFC_B.US,5,20260407,201000,24.1,24.1,24.1,24.1,130,0
EFC_B.US,5,20260407,214500,24,24,24,24,100,0
EFC_B.US,5,20260407,215500,24,24,24,24,145,0
EFC_B.US,5,20260408,154000,24.195,24.195,24.195,24.195,100,0
EFC_B.US,5,20260408,165000,24.24,24.24,24.2398,24.2398,750,0
EFC_B.US,5,20260408,171000,24.21,24.21,24.21,24.21,300,0
EFC_B.US,5,20260408,175000,24.201,24.201,24.201,24.201,399,0
EFC_B.US,5,20260408,184000,24.22,24.22,24.22,24.22,823,0
EFC_B.US,5,20260408,184500,24.24,24.24,24.24,24.24,245,0
EFC_B.US,5,20260408,194000,24.33,24.34,24.33,24.34,506,0
EFC_B.US,5,20260408,205500,24.4,24.4,24.4,24.4,120,0
EFC_B.US,5,20260409,161000,24.35,24.35,24.35,24.35,100,0
EFC_B.US,5,20260409,161500,24.4,24.4,24.4,24.4,300,0
EFC_B.US,5,20260409,162000,24.4,24.4,24.4,24.4,1749,0
EFC_B.US,5,20260409,162500,24.4199,24.4199,24.4199,24.4199,500,0
EFC_B.US,5,20260409,174000,24.42,24.42,24.4197,24.4197,500,0
EFC_B.US,5,20260409,192000,24.43,24.43,24.38,24.3835,636,0
EFC_B.US,5,20260409,214500,24.37,24.37,24.37,24.37,275,0
EFC_B.US,5,20260410,153000,24.49,24.49,24.49,24.49,200,0
EFC_B.US,5,20260410,154500,24.45,24.45,24.45,24.45,100,0
EFC_B.US,5,20260410,163500,24.5399,24.5399,24.5399,24.5399,290,0
EFC_B.US,5,20260410,175000,24.51,24.51,24.51,24.51,200,0
EFC_B.US,5,20260410,181000,24.54,24.6,24.54,24.6,1868,0
EFC_B.US,5,20260410,182000,24.55,24.55,24.55,24.55,100,0
EFC_B.US,5,20260410,192000,24.56,24.565,24.56,24.565,200,0
EFC_B.US,5,20260410,193500,24.56,24.56,24.56,24.56,100,0
EFC_B.US,5,20260410,195000,24.6,24.6,24.5601,24.5671,550,0
EFC_B.US,5,20260410,195500,24.6,24.6,24.56,24.56,1000,0
EFC_B.US,5,20260410,201500,24.6,24.6,24.6,24.6,117,0
EFC_B.US,5,20260410,203500,24.64,24.64,24.64,24.64,345,0
EFC_B.US,5,20260410,204500,24.64,24.64,24.64,24.64,142,0
EFC_B.US,5,20260410,205000,24.6326,24.6326,24.6326,24.6326,446,0
EFC_B.US,5,20260410,210000,24.56,24.56,24.56,24.56,250,0
EFC_B.US,5,20260410,210500,24.56,24.56,24.56,24.56,100,0
EFC_B.US,5,20260410,215000,24.5279,24.5279,24.5279,24.5279,152,0
EFC_B.US,5,20260413,160000,24.56,24.56,24.56,24.56,200,0
EFC_B.US,5,20260413,160500,24.53,24.5449,24.53,24.5301,3800,0
EFC_B.US,5,20260413,161000,24.548,24.548,24.548,24.548,600,0
EFC_B.US,5,20260413,163000,24.535,24.535,24.53,24.53,264,0
EFC_B.US,5,20260413,163500,24.45,24.45,24.45,24.45,300,0
EFC_B.US,5,20260413,164000,24.475,24.475,24.45,24.45,1002,0
EFC_B.US,5,20260413,170500,24.41,24.41,24.41,24.41,400,0
EFC_B.US,5,20260413,171000,24.41,24.41,24.41,24.41,901,0
EFC_B.US,5,20260413,174500,24.37,24.37,24.37,24.37,329,0
EFC_B.US,5,20260413,175000,24.4,24.4,24.4,24.4,300,0
EFC_B.US,5,20260413,180000,24.385,24.385,24.385,24.385,300,0
EFC_B.US,5,20260413,193000,24.4,24.4,24.4,24.4,200,0
EFC_B.US,5,20260413,215000,24.45,24.4848,24.45,24.4848,430,0
EFC_B.US,5,20260414,153500,24.53,24.61,24.53,24.61,450,0
EFC_B.US,5,20260414,154000,24.5,24.5,24.5,24.5,500,0
EFC_B.US,5,20260414,154500,24.59,24.59,24.59,24.59,700,0
EFC_B.US,5,20260414,155000,24.5,24.5,24.5,24.5,700,0
EFC_B.US,5,20260414,160500,24.5,24.5,24.5,24.5,300,0
EFC_B.US,5,20260414,161000,24.52,24.59,24.52,24.59,1820,0
EFC_B.US,5,20260414,162000,24.51,24.525,24.51,24.525,1000,0
EFC_B.US,5,20260414,163000,24.54,24.55,24.54,24.55,1672,0
EFC_B.US,5,20260414,164500,24.59,24.59,24.59,24.59,194,0
EFC_B.US,5,20260414,165500,24.54,24.54,24.54,24.54,200,0
EFC_B.US,5,20260414,175000,24.56,24.565,24.56,24.565,348,0
EFC_B.US,5,20260414,175500,24.545,24.545,24.545,24.545,500,0
EFC_B.US,5,20260414,180000,24.55,24.55,24.55,24.55,395,0
EFC_B.US,5,20260414,182500,24.54,24.55,24.54,24.5401,2183,0
EFC_B.US,5,20260414,184500,24.53,24.53,24.53,24.53,480,0
EFC_B.US,5,20260414,194500,24.45,24.45,24.44,24.44,600,0
EFC_B.US,5,20260414,195500,24.4999,24.4999,24.43,24.43,1000,0
EFC_B.US,5,20260414,200500,24.465,24.465,24.465,24.465,1000,0
EFC_B.US,5,20260414,204000,24.5,24.5,24.5,24.5,200,0
EFC_B.US,5,20260415,161500,24.5,24.5,24.5,24.5,100,0
EFC_B.US,5,20260415,182000,24.6,24.64,24.6,24.64,475,0
EFC_B.US,5,20260415,193000,24.6018,24.665,24.6018,24.62,1395,0
EFC_B.US,5,20260415,201500,24.65,24.65,24.65,24.65,655,0
EFC_B.US,5,20260415,202500,24.7,24.7,24.69,24.7,2100,0
EFC_B.US,5,20260415,204000,24.7899,24.7899,24.7899,24.7899,209,0
EFC_B.US,5,20260415,211000,24.7,24.7,24.65,24.65,514,0
EFC_B.US,5,20260415,211500,24.625,24.625,24.6005,24.6005,400,0
EFC_B.US,5,20260415,212000,24.6001,24.6001,24.6,24.6,700,0
EFC_B.US,5,20260415,212500,24.555,24.555,24.555,24.555,210,0
EFC_B.US,5,20260415,213500,24.51,24.6,24.51,24.6,900,0
EFC_B.US,5,20260416,153500,24.5604,24.6,24.5604,24.6,1056,0
EFC_B.US,5,20260416,161000,24.6,24.6,24.6,24.6,300,0
EFC_B.US,5,20260416,171500,24.625,24.625,24.625,24.625,250,0
EFC_B.US,5,20260416,185500,24.625,24.625,24.625,24.625,382,0
EFC_B.US,5,20260416,192000,24.65,24.65,24.65,24.65,100,0
EFC_B.US,5,20260416,192500,24.6001,24.6001,24.6,24.6,1077,0
EFC_B.US,5,20260416,201500,24.59,24.59,24.59,24.59,400,0
EFC_B.US,5,20260416,205000,24.59,24.59,24.59,24.59,400,0
EFC_B.US,5,20260417,181000,24.7,24.7,24.7,24.7,1200,0
EFC_B.US,5,20260417,181500,24.7,24.7001,24.7,24.7,1580,0
EFC_B.US,5,20260417,182000,24.65,24.65,24.65,24.65,100,0
EFC_B.US,5,20260417,194000,24.625,24.625,24.61,24.6202,300,0
EFC_B.US,5,20260417,194500,24.625,24.625,24.61,24.61,300,0
EFC_B.US,5,20260417,215500,24.61,24.61,24.61,24.61,1039,0
EFC_B.US,5,20260420,160500,24.6383,24.6383,24.6383,24.6383,330,0
EFC_B.US,5,20260420,161000,24.61,24.61,24.61,24.61,450,0
EFC_B.US,5,20260420,161500,24.61,24.61,24.61,24.61,200,0
EFC_B.US,5,20260420,163500,24.63,24.64,24.63,24.64,994,0
EFC_B.US,5,20260420,170000,24.74,24.74,24.74,24.74,376,0
EFC_B.US,5,20260420,173500,24.722,24.722,24.722,24.722,363,0
EFC_B.US,5,20260420,174000,24.74,24.74,24.7001,24.72,1521,0
EFC_B.US,5,20260420,175500,24.7083,24.7083,24.7083,24.7083,121,0
EFC_B.US,5,20260420,180000,24.7328,24.74,24.7328,24.74,600,0
EFC_B.US,5,20260420,185500,24.75,24.78,24.75,24.75,600,0
EFC_B.US,5,20260420,191500,24.68,24.68,24.68,24.68,100,0
EFC_B.US,5,20260420,200500,24.71,24.71,24.6801,24.6801,900,0
EFC_B.US,5,20260420,201000,24.71,24.71,24.61,24.61,4300,0
EFC_B.US,5,20260420,215500,24.57,24.57,24.57,24.57,100,0
EFC_B.US,5,20260421,155000,24.6,24.66,24.6,24.66,508,0
EFC_B.US,5,20260421,171000,24.615,24.615,24.615,24.615,1000,0
EFC_B.US,5,20260421,171500,24.61,24.645,24.61,24.645,271,0
EFC_B.US,5,20260421,172000,24.63,24.63,24.63,24.63,492,0
EFC_B.US,5,20260421,173500,24.66,24.7,24.65,24.7,1600,0
EFC_B.US,5,20260421,192000,24.5,24.5,24.5,24.5,300,0
EFC_B.US,5,20260421,194500,24.5,24.5,24.5,24.5,158,0
EFC_B.US,5,20260421,195500,24.42,24.46,24.42,24.46,488,0
EFC_B.US,5,20260421,204000,24.5,24.55,24.5,24.55,300,0
EFC_B.US,5,20260421,214500,24.545,24.545,24.545,24.545,100,0
EFC_B.US,5,20260422,153500,24.48,24.48,24.43,24.46,900,0
EFC_B.US,5,20260422,164000,24.48,24.48,24.48,24.48,200,0
EFC_B.US,5,20260422,164500,24.43,24.43,24.43,24.43,403,0
EFC_B.US,5,20260422,204500,24.6164,24.6164,24.6001,24.6001,309,0
EFC_B.US,5,20260422,211000,24.64,24.64,24.6265,24.6265,700,0
EFC_B.US,5,20260424,161500,24.565,24.565,24.565,24.565,100,0
EFC_B.US,5,20260424,201000,24.52,24.52,24.52,24.52,100,0
EFC_B.US,5,20260424,213500,24.66,24.66,24.66,24.66,100,0
EFC_B.US,5,20260427,161500,24.66,24.66,24.66,24.66,354,0
EFC_B.US,5,20260427,165500,24.66,24.66,24.66,24.66,100,0
EFC_B.US,5,20260427,170500,24.6599,24.66,24.6599,24.66,650,0
EFC_B.US,5,20260427,175000,24.655,24.66,24.65,24.65,695,0
EFC_B.US,5,20260427,180000,24.655,24.655,24.655,24.655,100,0
EFC_B.US,5,20260427,192000,24.65,24.6501,24.65,24.6501,1528,0
EFC_B.US,5,20260427,213500,24.59,24.59,24.59,24.59,100,0
EFC_B.US,5,20260427,214000,24.64,24.675,24.64,24.675,1918,0
EFC_B.US,5,20260428,155000,24.72,24.72,24.645,24.645,478,0
EFC_B.US,5,20260428,161000,24.69,24.69,24.69,24.69,200,0
EFC_B.US,5,20260428,164000,24.64,24.64,24.64,24.64,100,0
EFC_B.US,5,20260428,172000,24.6,24.6,24.6,24.6,400,0
EFC_B.US,5,20260428,215000,24.6,24.6,24.6,24.6,100,0
EFC_B.US,5,20260429,155000,24.66,24.66,24.66,24.66,400,0
EFC_B.US,5,20260429,161000,24.64,24.64,24.64,24.64,487,0
EFC_B.US,5,20260429,180000,24.7,24.75,24.7,24.75,800,0
EFC_B.US,5,20260429,181500,24.7641,24.7641,24.75,24.75,2000,0
EFC_B.US,5,20260429,195500,24.775,24.775,24.775,24.775,200,0
EFC_B.US,5,20260429,200500,24.75,24.75,24.75,24.75,2000,0
EFC_B.US,5,20260429,202500,24.71,24.71,24.71,24.71,100,0
EFC_B.US,5,20260429,214500,24.57,24.57,24.57,24.57,300,0
EFC_B.US,5,20260429,215000,24.57,24.6,24.5,24.505,4385,0
EFC_B.US,5,20260429,215500,24.5,24.57,24.25,24.33,7511,0
EFC_B.US,5,20260430,164000,24.67,24.67,24.4501,24.4501,200,0
EFC_B.US,5,20260430,165000,24.5,24.5,24.5,24.5,200,0
EFC_B.US,5,20260430,165500,24.48,24.48,24.48,24.48,200,0
EFC_B.US,5,20260430,171500,24.53,24.54,24.53,24.54,500,0
EFC_B.US,5,20260430,175500,24.38,24.38,24.38,24.38,177,0
EFC_B.US,5,20260430,180000,24.4999,24.4999,24.4999,24.4999,400,0
EFC_B.US,5,20260430,184000,24.4792,24.4792,24.4792,24.4792,162,0
EFC_B.US,5,20260430,190500,24.44,24.4999,24.44,24.4999,1700,0
EFC_B.US,5,20260430,202500,24.45,24.45,24.4,24.4039,2790,0
EFC_B.US,5,20260430,204000,24.41,24.41,24.41,24.41,425,0
EFC_B.US,5,20260430,204500,24.405,24.405,24.4,24.4,359,0
EFC_B.US,5,20260430,205000,24.4,24.41,24.4,24.41,700,0
EFC_B.US,5,20260430,205500,24.41,24.41,24.41,24.41,100,0
EFC_B.US,5,20260430,212500,24.48,24.48,24.48,24.48,485,0
EFC_B.US,5,20260430,215500,24.47,24.47,24.47,24.47,218,0
EFC_B.US,5,20260501,154000,24.5,24.5,24.5,24.5,200,0
EFC_B.US,5,20260501,162000,24.43,24.4648,24.43,24.4648,395,0
EFC_B.US,5,20260501,164000,24.465,24.465,24.465,24.465,204,0
EFC_B.US,5,20260501,183000,24.49,24.61,24.48,24.48,600,0
EFC_B.US,5,20260501,190500,24.4585,24.4585,24.4585,24.4585,2325,0
EFC_B.US,5,20260501,200500,24.48,24.48,24.469,24.469,1327,0
EFC_B.US,5,20260501,204000,24.455,24.455,24.455,24.455,101,0
EFC_B.US,5,20260501,204500,24.47,24.47,24.47,24.47,100,0
EFC_B.US,5,20260501,205000,24.45,24.45,24.45,24.45,3000,0
EFC_B.US,5,20260501,210000,24.47,24.47,24.47,24.47,100,0
EFC_B.US,5,20260504,153500,24.5391,24.65,24.41,24.41,1768,0
EFC_B.US,5,20260504,155000,24.59,24.59,24.59,24.59,100,0
EFC_B.US,5,20260504,161500,24.54,24.54,24.54,24.54,100,0
EFC_B.US,5,20260504,170000,24.495,24.495,24.495,24.495,600,0
EFC_B.US,5,20260504,175000,24.5599,24.5599,24.5599,24.5599,200,0
EFC_B.US,5,20260504,184000,24.5599,24.5599,24.5599,24.5599,200,0
EFC_B.US,5,20260504,190500,24.4718,24.4718,24.4718,24.4718,200,0
EFC_B.US,5,20260504,193500,24.5372,24.5372,24.5372,24.5372,203,0
EFC_B.US,5,20260504,195000,24.495,24.495,24.495,24.495,200,0
EFC_B.US,5,20260504,195500,24.495,24.495,24.43,24.43,500,0
EFC_B.US,5,20260504,201500,24.52,24.52,24.52,24.52,400,0
EFC_B.US,5,20260504,210000,24.495,24.495,24.495,24.495,100,0
EFC_B.US,5,20260504,214500,24.53,24.53,24.53,24.53,244,0
EFC_B.US,5,20260505,153000,24.46,24.46,24.46,24.46,402,0
EFC_B.US,5,20260505,155500,24.55,24.55,24.55,24.55,200,0
EFC_B.US,5,20260505,170500,24.7,24.7,24.7,24.7,403,0
EFC_B.US,5,20260505,172000,24.59,24.6,24.59,24.6,300,0
EFC_B.US,5,20260505,174000,24.68,24.68,24.55,24.55,300,0
EFC_B.US,5,20260505,195500,24.6,24.6,24.6,24.6,244,0
EFC_B.US,5,20260505,201000,24.5999,24.5999,24.5999,24.5999,200,0
EFC_B.US,5,20260505,203000,24.58,24.58,24.58,24.58,100,0
EFC_B.US,5,20260506,162500,24.58,24.58,24.58,24.58,193,0
EFC_B.US,5,20260506,163000,24.58,24.6,24.58,24.6,1028,0
EFC_B.US,5,20260506,215500,24.66,24.66,24.66,24.66,100,0
EFC_B.US,5,20260507,160000,24.7693,24.7693,24.7693,24.7693,100,0
EFC_B.US,5,20260507,162000,24.76,24.76,24.75,24.75,498,0
EFC_B.US,5,20260507,194500,24.7,24.7,24.7,24.7,339,0
EFC_B.US,5,20260507,195500,24.7,24.7,24.7,24.7,100,0
EFC_B.US,5,20260507,215500,24.7,24.7,24.7,24.7,124,0
EFC_B.US,5,20260508,153000,24.75,24.75,24.75,24.75,200,0
EFC_B.US,5,20260508,174000,24.75,24.75,24.75,24.75,400,0
EFC_B.US,5,20260508,203000,24.7,24.7,24.7,24.7,395,0
EFC_B.US,5,20260508,211500,24.7,24.7,24.7,24.7,100,0
EFC_B.US,5,20260508,215500,24.69,24.69,24.69,24.69,100,0
EFC_B.US,5,20260511,153000,24.7,24.7,24.7,24.7,200,0
EFC_B.US,5,20260511,175000,24.65,24.65,24.65,24.65,200,0
EFC_B.US,5,20260511,175500,24.61,24.61,24.6,24.6,631,0
EFC_B.US,5,20260511,180000,24.6,24.61,24.6,24.61,200,0
EFC_B.US,5,20260511,183500,24.6,24.6,24.6,24.6,810,0
EFC_B.US,5,20260511,185500,24.6,24.6,24.6,24.6,400,0
EFC_B.US,5,20260511,190000,24.6,24.6,24.6,24.6,103,0
EFC_B.US,5,20260511,190500,24.6,24.6,24.6,24.6,105,0
EFC_B.US,5,20260511,194500,24.65,24.65,24.65,24.65,243,0
EFC_B.US,5,20260511,195000,24.65,24.65,24.65,24.65,199,0
EFC_B.US,5,20260511,202000,24.675,24.675,24.675,24.675,400,0
EFC_B.US,5,20260512,165500,24.7,24.7,24.7,24.7,405,0
EFC_B.US,5,20260512,171500,24.68,24.68,24.65,24.65,300,0
EFC_B.US,5,20260512,192000,24.6924,24.6924,24.6924,24.6924,1000,0
EFC_B.US,5,20260512,214000,24.69,24.76,24.69,24.76,300,0
EFC_B.US,5,20260512,215000,24.72,24.72,24.72,24.72,100,0
EFC_B.US,5,20260512,215500,24.71,24.71,24.71,24.71,100,0
EFC_B.US,5,20260513,181500,24.74,24.74,24.74,24.74,400,0
EFC_B.US,5,20260513,215000,24.7,24.7,24.7,24.7,200,0
EFC_B.US,5,20260514,155500,24.67,24.67,24.67,24.67,163,0
EFC_B.US,5,20260514,195000,24.65,24.65,24.65,24.65,200,0
EFC_B.US,5,20260514,204500,24.68,24.68,24.68,24.68,100,0
EFC_B.US,5,20260514,205500,24.6501,24.6501,24.6501,24.6501,150,0
EFC_B.US,5,20260514,215500,24.69,24.69,24.69,24.69,154,0
EFC_B.US,5,20260515,155500,24.7,24.7,24.7,24.7,250,0
EFC_B.US,5,20260515,164000,24.71,24.71,24.71,24.71,100,0
EFC_B.US,5,20260515,164500,24.73,24.73,24.73,24.73,100,0
EFC_B.US,5,20260515,180500,24.73,24.73,24.73,24.73,250,0
EFC_B.US,5,20260515,183000,24.73,24.73,24.73,24.73,160,0
EFC_B.US,5,20260515,203000,24.75,24.75,24.75,24.75,250,0
EFC_B.US,5,20260515,211500,24.75,24.75,24.75,24.75,254,0
EFC_B.US,5,20260515,215000,24.76,24.76,24.76,24.76,100,0
EFC_B.US,5,20260518,155000,24.9,24.9,24.9,24.9,384,0
EFC_B.US,5,20260518,155500,24.845,24.845,24.845,24.845,100,0
EFC_B.US,5,20260518,163500,24.84,24.84,24.84,24.84,100,0
EFC_B.US,5,20260518,185000,24.91,24.91,24.89,24.91,410,0
EFC_B.US,5,20260518,193000,24.89,24.89,24.89,24.89,295,0
EFC_B.US,5,20260519,153500,24.86,24.86,24.86,24.86,220,0
EFC_B.US,5,20260519,173000,24.886,24.886,24.886,24.886,100,0
EFC_B.US,5,20260519,181500,24.9,24.9,24.9,24.9,170,0
EFC_B.US,5,20260520,153000,24.835,24.835,24.835,24.835,200,0
EFC_B.US,5,20260520,155000,24.8901,24.8901,24.82,24.82,214,0
EFC_B.US,5,20260520,160500,24.82,24.82,24.82,24.82,100,0
EFC_B.US,5,20260520,171000,24.8499,24.85,24.8499,24.85,613,0
EFC_B.US,5,20260521,203500,24.81,24.81,24.81,24.81,783,0
EFC_B.US,5,20260522,153000,24.85,24.85,24.85,24.85,200,0
EFC_B.US,5,20260522,164000,24.9099,24.9099,24.9099,24.9099,300,0
EFC_B.US,5,20260522,164500,24.78,24.78,24.78,24.78,650,0
EFC_B.US,5,20260522,212500,24.8,24.8,24.8,24.8,100,0
EFC_B.US,5,20260522,213500,24.8344,24.8344,24.8344,24.8344,190,0
EFC_B.US,5,20260526,153000,24.91,24.91,24.91,24.91,1000,0
EFC_B.US,5,20260526,170500,24.83,24.83,24.83,24.83,200,0
EFC_B.US,5,20260526,183500,24.81,24.81,24.79,24.799,1470,0
EFC_B.US,5,20260526,184000,24.72,24.72,24.72,24.72,117,0
EFC_B.US,5,20260526,191500,24.7418,24.7418,24.7301,24.7301,205,0
EFC_B.US,5,20260526,193500,24.79,24.79,24.7899,24.7899,460,0
EFC_B.US,5,20260526,194000,24.75,24.75,24.75,24.75,100,0
EFC_B.US,5,20260526,195000,24.6734,24.6734,24.6734,24.6734,635,0
EFC_B.US,5,20260526,204000,24.715,24.74,24.715,24.74,200,0
EFC_B.US,5,20260526,214000,24.77,24.77,24.77,24.77,105,0
EFC_B.US,5,20260527,153000,24.72,24.72,24.72,24.72,348,0
EFC_B.US,5,20260527,165000,24.73,24.73,24.73,24.73,100,0
EFC_B.US,5,20260527,193500,24.88,24.9,24.8419,24.9,579,0
EFC_B.US,5,20260528,210000,24.86,24.86,24.85,24.85,200,0
EFC_B.US,5,20260529,214500,24.76,24.76,24.76,24.76,100,0
EFC_B.US,5,20260601,154000,24.86,24.86,24.86,24.86,503,0
EFC_B.US,5,20260601,161500,24.73,24.73,24.73,24.73,100,0
EFC_B.US,5,20260601,165500,24.76,24.76,24.76,24.76,100,0
EFC_B.US,5,20260601,182000,24.76,24.77,24.76,24.77,200,0
EFC_B.US,5,20260601,184000,24.75,24.75,24.75,24.75,200,0
EFC_B.US,5,20260602,154500,24.73,24.73,24.73,24.73,100,0
EFC_B.US,5,20260602,164000,24.88,24.88,24.88,24.88,124,0
EFC_B.US,5,20260602,165500,24.76,24.76,24.75,24.7501,620,0
EFC_B.US,5,20260602,172500,24.77,24.77,24.77,24.77,180,0
EFC_B.US,5,20260602,174000,24.83,24.83,24.83,24.83,540,0
EFC_B.US,5,20260602,181500,24.79,24.79,24.76,24.76,200,0
EFC_B.US,5,20260602,203500,24.75,24.75,24.75,24.75,127,0
EFC_B.US,5,20260602,212500,24.75,24.76,24.75,24.75,454,0
EFC_B.US,5,20260603,153000,24.69,24.69,24.69,24.69,1050,0
EFC_B.US,5,20260603,212000,24.75,24.75,24.75,24.75,300,0
EFC_B.US,5,20260603,212500,24.75,24.75,24.75,24.75,224,0
EFC_B.US,5,20260604,181000,24.88,24.89,24.84,24.89,1708,0
EFC_B.US,5,20260605,174000,24.65,24.72,24.65,24.68,1247,0
EFC_B.US,5,20260605,193500,24.67,24.67,24.65,24.6501,1300,0
EFC_B.US,5,20260605,202500,24.75,24.75,24.75,24.75,293,0
EFC_B.US,5,20260609,154500,24.75,24.7501,24.75,24.7501,788,0
EFC_B.US,5,20260609,164500,24.71,24.71,24.71,24.71,100,0
EFC_B.US,5,20260609,165000,24.7499,24.75,24.7499,24.75,400,0
EFC_B.US,5,20260609,165500,24.71,24.75,24.705,24.75,1500,0
EFC_B.US,5,20260609,170000,24.75,24.75,24.75,24.75,678,0
EFC_B.US,5,20260610,185500,24.8,24.8,24.8,24.8,100,0
EFC_B.US,5,20260610,215500,24.66,24.66,24.65,24.65,336,0
EFC_B.US,5,20260611,153000,24.76,24.76,24.76,24.76,202,0
EFC_B.US,5,20260611,154000,24.76,24.77,24.68,24.68,856,0
EFC_B.US,5,20260611,155000,24.65,24.65,24.65,24.65,200,0
EFC_B.US,5,20260611,161500,24.65,24.65,24.65,24.65,100,0
EFC_B.US,5,20260611,162000,24.65,24.65,24.65,24.65,935,0
EFC_B.US,5,20260611,163500,24.62,24.62,24.62,24.62,135,0
EFC_B.US,5,20260611,164500,24.6,24.6,24.6,24.6,1000,0
EFC_B.US,5,20260611,165000,24.61,24.62,24.6,24.6177,3296,0
EFC_B.US,5,20260611,165500,24.6,24.6,24.6,24.6,1000,0
EFC_B.US,5,20260611,172500,24.6,24.6,24.6,24.6,300,0
EFC_B.US,5,20260611,173000,24.55,24.55,24.55,24.55,100,0
EFC_B.US,5,20260611,175000,24.55,24.55,24.55,24.55,200,0
EFC_B.US,5,20260611,180500,24.565,24.565,24.565,24.565,100,0
EFC_B.US,5,20260611,181000,24.57,24.57,24.57,24.57,392,0
EFC_B.US,5,20260611,182000,24.57,24.57,24.57,24.57,300,0
EFC_B.US,5,20260611,182500,24.57,24.57,24.57,24.57,226,0
EFC_B.US,5,20260611,185000,24.56,24.56,24.55,24.56,551,0
EFC_B.US,5,20260611,190000,24.56,24.56,24.56,24.56,482,0
EFC_B.US,5,20260611,190500,24.555,24.56,24.555,24.5599,1000,0
EFC_B.US,5,20260611,191500,24.56,24.56,24.56,24.56,100,0
EFC_B.US,5,20260611,192500,24.5531,24.57,24.5531,24.57,678,0
EFC_B.US,5,20260611,202500,24.6429,24.6429,24.6429,24.6429,201,0
EFC_B.US,5,20260611,215500,24.595,24.595,24.5649,24.5649,238,0
EFC_B.US,5,20260612,153000,25,25,25,25,1000,0
EFC_B.US,5,20260612,181500,24.62,24.62,24.58,24.61,1208,0
EFC_B.US,5,20260612,183500,24.51,24.54,24.51,24.54,500,0
EFC_B.US,5,20260612,184000,24.55,24.56,24.543,24.543,700,0
EFC_B.US,5,20260612,184500,24.5499,24.56,24.5499,24.56,400,0
EFC_B.US,5,20260612,193500,24.55,24.55,24.55,24.55,492,0
EFC_B.US,5,20260612,194000,24.55,24.56,24.55,24.55,600,0
EFC_B.US,5,20260612,201500,24.55,24.55,24.54,24.5499,2100,0
EFC_B.US,5,20260612,203000,24.54,24.55,24.54,24.55,300,0
EFC_B.US,5,20260612,203500,24.55,24.55,24.55,24.55,422,0
EFC_B.US,5,20260615,200500,24.7,24.7,24.7,24.7,298,0
EFC_B.US,5,20260615,203000,24.71,24.71,24.71,24.71,100,0
EFC_B.US,5,20260615,214500,24.71,24.71,24.71,24.71,200,0
EFC_B.US,5,20260616,153000,24.63,24.63,24.63,24.63,547,0
EFC_B.US,5,20260616,171500,24.7,24.7,24.7,24.7,1200,0
EFC_B.US,5,20260616,191500,24.75,24.75,24.75,24.75,473,0
EFC_B.US,5,20260617,175000,24.79,24.7901,24.79,24.7901,1000,0
EFC_B.US,5,20260617,184500,24.71,24.71,24.71,24.71,100,0
EFC_B.US,5,20260617,201500,24.75,24.75,24.75,24.75,152,0
EFC_B.US,5,20260618,162000,24.845,24.875,24.845,24.875,200,0
EFC_B.US,5,20260618,165000,24.77,24.77,24.77,24.77,100,0
EFC_B.US,5,20260618,170500,24.765,24.765,24.765,24.765,100,0
EFC_B.US,5,20260618,184500,24.71,24.71,24.71,24.71,300,0
EFC_B.US,5,20260618,203500,24.755,24.755,24.755,24.755,255,0
EFC_B.US,5,20260618,212000,24.77,24.77,24.77,24.77,400,0
EFC_B.US,5,20260618,212500,24.7799,24.7799,24.7799,24.7799,403,0
EFC_B.US,5,20260622,182000,24.78,24.78,24.78,24.78,100,0
EFC_B.US,5,20260622,184000,24.9,24.9,24.9,24.9,394,0
