<TICKER>,<PER>,<DATE>,<TIME>,<OPEN>,<HIGH>,<LOW>,<CLOSE>,<VOL>,<OPENINT>
EMPB.US,5,20260126,155500,27.68,27.68,27.68,27.68,1300,0
EMPB.US,5,20260126,160000,27.7,27.7,27.7,27.7,861,0
EMPB.US,5,20260126,161000,27.74,27.74,27.74,27.74,150,0
EMPB.US,5,20260126,162000,27.75,27.75,27.75,27.75,100,0
EMPB.US,5,20260126,162500,27.76,27.76,27.76,27.76,500,0
EMPB.US,5,20260126,165000,27.82,27.82,27.82,27.82,120,0
EMPB.US,5,20260126,191500,27.8802,27.8802,27.8802,27.8802,222,0
EMPB.US,5,20260126,200000,27.97,27.97,27.97,27.97,100,0
EMPB.US,5,20260126,202500,28.015,28.015,28.015,28.015,100,0
EMPB.US,5,20260126,210500,28.05,28.05,28.05,28.05,100,0
EMPB.US,5,20260127,180000,28.09,28.0901,28.09,28.0901,305,0
EMPB.US,5,20260127,215000,28.0861,28.0861,28.0861,28.0861,352,0
EMPB.US,5,20260128,155000,28.27,28.28,28.27,28.28,2259,0
EMPB.US,5,20260128,160000,28.31,28.31,28.31,28.31,468,0
EMPB.US,5,20260128,161500,28.29,28.29,28.29,28.29,1200,0
EMPB.US,5,20260128,184500,28.27,28.27,28.27,28.27,2000,0
EMPB.US,5,20260128,200500,28.3099,28.36,28.3,28.32,2095,0
EMPB.US,5,20260128,201000,28.28,28.28,28.28,28.28,976,0
EMPB.US,5,20260129,165500,28.45,28.45,28.45,28.45,300,0
EMPB.US,5,20260129,211000,28.42,28.42,28.42,28.42,400,0
EMPB.US,5,20260129,214500,28.43,28.43,28.4232,28.4232,900,0
EMPB.US,5,20260129,215500,28.13,28.13,28.13,28.13,121,0
EMPB.US,5,20260130,153000,28.81,28.81,28.8099,28.8099,200,0
EMPB.US,5,20260130,172500,28.87,28.87,28.87,28.87,100,0
EMPB.US,5,20260130,180500,28.9,28.9,28.9,28.9,708,0
EMPB.US,5,20260130,202000,28.88,28.88,28.88,28.88,640,0
EMPB.US,5,20260130,215000,28.9648,28.9648,28.9648,28.9648,100,0
EMPB.US,5,20260130,215500,28.93,28.93,28.93,28.93,207,0
EMPB.US,5,20260202,164000,29.15,29.15,29.1499,29.1499,200,0
EMPB.US,5,20260202,180500,29.24,29.24,29.24,29.24,233,0
EMPB.US,5,20260202,200500,29.24,29.24,29.24,29.24,245,0
EMPB.US,5,20260202,203000,29.22,29.22,29.22,29.22,100,0
EMPB.US,5,20260202,203500,29.22,29.22,29.22,29.22,100,0
EMPB.US,5,20260202,204000,29.22,29.22,29.22,29.22,100,0
EMPB.US,5,20260202,204500,29.22,29.22,29.2,29.2,200,0
EMPB.US,5,20260202,205000,29.2,29.2,29.2,29.2,200,0
EMPB.US,5,20260202,205500,29.18,29.18,29.18,29.18,100,0
EMPB.US,5,20260203,153000,29.37,29.3701,29.37,29.3701,200,0
EMPB.US,5,20260203,193000,29.14,29.14,29.14,29.14,374,0
EMPB.US,5,20260204,153000,29.36,29.36,29.36,29.36,100,0
EMPB.US,5,20260204,160000,29.14,29.14,29.14,29.14,3500,0
EMPB.US,5,20260204,171000,28.98,28.98,28.9698,28.9698,200,0
EMPB.US,5,20260204,185000,28.78,28.78,28.78,28.78,100,0
EMPB.US,5,20260204,215500,28.97,28.97,28.97,28.97,298,0
EMPB.US,5,20260205,180000,28.77,28.77,28.77,28.77,365,0
EMPB.US,5,20260205,214500,28.67,28.67,28.67,28.67,100,0
EMPB.US,5,20260206,155000,29.06,29.06,29.06,29.06,100,0
EMPB.US,5,20260206,203000,29.06,29.06,29.0566,29.0566,200,0
EMPB.US,5,20260206,210000,29.05,29.05,29.05,29.05,100,0
EMPB.US,5,20260206,214500,29.08,29.08,29.08,29.08,100,0
EMPB.US,5,20260206,215000,29.12,29.12,29.12,29.12,100,0
EMPB.US,5,20260206,215500,29.1,29.1,29.1,29.1,350,0
EMPB.US,5,20260209,160000,29.33,29.33,29.33,29.33,100,0
EMPB.US,5,20260209,161500,29.3999,29.3999,29.3999,29.3999,100,0
EMPB.US,5,20260209,165000,29.42,29.42,29.42,29.42,100,0
EMPB.US,5,20260209,165500,29.43,29.43,29.43,29.43,100,0
EMPB.US,5,20260209,170500,29.445,29.445,29.445,29.445,100,0
EMPB.US,5,20260209,181000,29.5,29.5,29.5,29.5,200,0
EMPB.US,5,20260209,193000,29.446,29.446,29.44,29.44,600,0
EMPB.US,5,20260209,205500,29.53,29.53,29.53,29.53,500,0
EMPB.US,5,20260209,213500,29.5,29.5,29.5,29.5,458,0
EMPB.US,5,20260210,160500,29.5,29.5,29.5,29.5,500,0
EMPB.US,5,20260210,163500,29.52,29.525,29.52,29.525,700,0
EMPB.US,5,20260210,164500,29.54,29.54,29.54,29.54,500,0
EMPB.US,5,20260210,173500,29.599,29.599,29.599,29.599,100,0
EMPB.US,5,20260210,185000,29.65,29.65,29.65,29.65,100,0
EMPB.US,5,20260210,205500,29.68,29.68,29.665,29.665,200,0
EMPB.US,5,20260210,215000,29.62,29.62,29.62,29.62,330,0
EMPB.US,5,20260211,154500,29.75,29.75,29.7499,29.7499,200,0
EMPB.US,5,20260211,181500,29.525,29.525,29.525,29.525,150,0
EMPB.US,5,20260211,185000,29.555,29.555,29.555,29.555,100,0
EMPB.US,5,20260211,201000,29.65,29.65,29.65,29.65,784,0
EMPB.US,5,20260211,202000,29.68,29.68,29.6662,29.6662,9600,0
EMPB.US,5,20260211,202500,29.654,29.66,29.654,29.66,500,0
EMPB.US,5,20260211,213000,29.64,29.64,29.64,29.64,100,0
EMPB.US,5,20260211,215000,29.69,29.69,29.69,29.69,118,0
EMPB.US,5,20260213,163500,29.61,29.61,29.6066,29.6066,200,0
EMPB.US,5,20260213,215500,29.59,29.59,29.59,29.59,100,0
EMPB.US,5,20260217,171000,29.68,29.68,29.68,29.68,100,0
EMPB.US,5,20260217,192000,29.7,29.7,29.7,29.7,100,0
EMPB.US,5,20260217,200000,29.735,29.735,29.735,29.735,100,0
EMPB.US,5,20260217,214500,29.66,29.66,29.66,29.66,1675,0
EMPB.US,5,20260218,161000,29.8593,29.8593,29.8593,29.8593,100,0
EMPB.US,5,20260218,162500,29.8698,29.88,29.8698,29.88,200,0
EMPB.US,5,20260218,190500,29.89,29.89,29.8899,29.8899,200,0
EMPB.US,5,20260218,201500,29.8,29.8,29.7896,29.7999,9906,0
EMPB.US,5,20260218,205500,29.72,29.72,29.705,29.7098,6900,0
EMPB.US,5,20260218,213500,29.74,29.74,29.74,29.74,127,0
EMPB.US,5,20260219,181500,29.72,29.74,29.72,29.73,6321,0
EMPB.US,5,20260219,213000,29.7,29.7,29.7,29.7,100,0
EMPB.US,5,20260219,215500,29.74,29.74,29.74,29.74,200,0
EMPB.US,5,20260220,154000,29.82,29.87,29.8199,29.8699,500,0
EMPB.US,5,20260220,160000,29.99,29.99,29.9696,29.9696,300,0
EMPB.US,5,20260220,163500,29.99,29.99,29.99,29.99,100,0
EMPB.US,5,20260220,164500,30,30,29.9999,29.9999,200,0
EMPB.US,5,20260220,165000,30.0299,30.0299,30.0299,30.0299,100,0
EMPB.US,5,20260220,171000,30.04,30.04,30.04,30.04,249,0
EMPB.US,5,20260220,173500,29.99,29.99,29.99,29.99,100,0
EMPB.US,5,20260220,193500,29.9,29.9,29.9,29.9,284,0
EMPB.US,5,20260220,203000,29.89,29.89,29.8899,29.8899,200,0
EMPB.US,5,20260220,212000,29.855,29.87,29.855,29.86,9900,0
EMPB.US,5,20260223,155500,29.9,29.9,29.9,29.9,100,0
EMPB.US,5,20260223,161500,29.91,29.91,29.91,29.91,200,0
EMPB.US,5,20260223,165000,29.85,29.85,29.85,29.85,300,0
EMPB.US,5,20260223,174000,29.7999,29.8,29.7999,29.8,200,0
EMPB.US,5,20260223,174500,29.8,29.8,29.8,29.8,100,0
EMPB.US,5,20260223,202500,29.75,29.75,29.75,29.75,487,0
EMPB.US,5,20260223,211000,29.77,29.77,29.7564,29.7564,1000,0
EMPB.US,5,20260223,214000,29.78,29.78,29.78,29.78,100,0
EMPB.US,5,20260223,215000,29.8,29.8,29.8,29.8,200,0
EMPB.US,5,20260223,215500,29.82,29.82,29.82,29.82,100,0
EMPB.US,5,20260224,161000,29.93,29.93,29.93,29.93,133,0
EMPB.US,5,20260224,162000,29.92,29.92,29.915,29.915,1557,0
EMPB.US,5,20260224,163500,29.985,30,29.985,29.9999,300,0
EMPB.US,5,20260224,165500,29.94,29.94,29.94,29.94,228,0
EMPB.US,5,20260224,173500,29.9525,29.9525,29.9525,29.9525,1354,0
EMPB.US,5,20260224,175000,29.96,29.96,29.96,29.96,100,0
EMPB.US,5,20260224,204500,30.05,30.05,30.0499,30.0499,200,0
EMPB.US,5,20260224,205000,30.08,30.08,30.08,30.08,100,0
EMPB.US,5,20260224,210000,30.08,30.08,30.065,30.0698,1628,0
EMPB.US,5,20260224,215500,30.07,30.07,30.0594,30.0594,200,0
EMPB.US,5,20260225,155500,30.16,30.16,30.16,30.16,100,0
EMPB.US,5,20260225,160000,30.17,30.17,30.17,30.17,100,0
EMPB.US,5,20260225,171500,30.11,30.11,30.11,30.11,726,0
EMPB.US,5,20260225,172500,30.1,30.1,30.1,30.1,100,0
EMPB.US,5,20260225,182500,30.13,30.13,30.13,30.13,100,0
EMPB.US,5,20260225,185500,30.11,30.11,30.1099,30.1099,2052,0
EMPB.US,5,20260225,191000,30.1216,30.1216,30.1216,30.1216,857,0
EMPB.US,5,20260225,192500,30.12,30.12,30.12,30.12,100,0
EMPB.US,5,20260225,193000,30.12,30.12,30.12,30.12,5216,0
EMPB.US,5,20260225,193500,30.13,30.13,30.11,30.12,6076,0
EMPB.US,5,20260225,200500,30.14,30.14,30.14,30.14,100,0
EMPB.US,5,20260225,202500,30.13,30.13,30.1299,30.1299,200,0
EMPB.US,5,20260225,203000,30.14,30.14,30.13,30.13,225,0
EMPB.US,5,20260225,205000,30.15,30.15,30.15,30.15,200,0
EMPB.US,5,20260225,211000,30.1398,30.1398,30.1398,30.1398,220,0
EMPB.US,5,20260225,215000,30.13,30.13,30.13,30.13,2221,0
EMPB.US,5,20260225,215500,30.11,30.11,30.11,30.11,218,0
EMPB.US,5,20260226,160000,29.78,29.78,29.75,29.75,4450,0
EMPB.US,5,20260226,161000,29.75,29.75,29.7499,29.7499,1430,0
EMPB.US,5,20260226,163000,29.59,29.59,29.58,29.58,2742,0
EMPB.US,5,20260226,163500,29.63,29.63,29.6299,29.6299,1688,0
EMPB.US,5,20260226,172500,29.79,29.79,29.79,29.79,100,0
EMPB.US,5,20260226,184000,29.7,29.7,29.7,29.7,102,0
EMPB.US,5,20260226,191500,29.66,29.66,29.66,29.66,100,0
EMPB.US,5,20260226,192000,29.68,29.68,29.68,29.68,102,0
EMPB.US,5,20260226,210000,29.73,29.73,29.73,29.73,100,0
EMPB.US,5,20260226,213000,29.73,29.73,29.73,29.73,100,0
EMPB.US,5,20260227,171500,29.65,29.65,29.65,29.65,248,0
EMPB.US,5,20260227,190000,29.61,29.61,29.61,29.61,181,0
EMPB.US,5,20260227,203000,29.58,29.58,29.58,29.58,100,0
EMPB.US,5,20260227,215000,29.605,29.605,29.605,29.605,330,0
EMPB.US,5,20260302,191000,29.825,29.825,29.825,29.825,169,0
EMPB.US,5,20260303,153500,29.3316,29.3316,29.32,29.32,995,0
EMPB.US,5,20260303,154000,29.3,29.3,29.3,29.3,100,0
EMPB.US,5,20260303,172500,29.3914,29.3914,29.3914,29.3914,200,0
EMPB.US,5,20260303,173000,29.355,29.355,29.32,29.32,440,0
EMPB.US,5,20260303,174000,29.3,29.3,29.3,29.3,100,0
EMPB.US,5,20260303,175000,29.39,29.39,29.39,29.39,100,0
EMPB.US,5,20260303,181000,29.33,29.33,29.33,29.33,100,0
EMPB.US,5,20260303,182500,29.41,29.41,29.41,29.41,100,0
EMPB.US,5,20260303,183500,29.3799,29.3799,29.355,29.355,500,0
EMPB.US,5,20260303,184500,29.37,29.37,29.37,29.37,100,0
EMPB.US,5,20260303,192000,29.49,29.49,29.49,29.49,100,0
EMPB.US,5,20260304,153000,29.56,29.56,29.56,29.56,100,0
EMPB.US,5,20260304,163000,29.86,29.86,29.8599,29.8599,200,0
EMPB.US,5,20260304,173000,29.84,29.84,29.8399,29.8399,400,0
EMPB.US,5,20260304,184000,29.8609,29.8609,29.8609,29.8609,500,0
EMPB.US,5,20260304,185500,29.9,29.9,29.9,29.9,100,0
EMPB.US,5,20260305,175000,29.835,29.835,29.835,29.835,170,0
EMPB.US,5,20260305,180000,29.895,29.895,29.895,29.895,351,0
EMPB.US,5,20260305,215000,29.8165,29.82,29.8165,29.82,517,0
EMPB.US,5,20260306,160500,29.6356,29.6356,29.6,29.63,12897,0
EMPB.US,5,20260306,162000,29.705,29.705,29.705,29.705,100,0
EMPB.US,5,20260306,170500,29.65,29.65,29.65,29.65,100,0
EMPB.US,5,20260306,174500,29.72,29.745,29.72,29.7402,14300,0
EMPB.US,5,20260306,180500,29.69,29.69,29.69,29.69,100,0
EMPB.US,5,20260306,181000,29.68,29.68,29.68,29.68,100,0
EMPB.US,5,20260306,193500,29.63,29.63,29.63,29.63,100,0
EMPB.US,5,20260306,214000,29.44,29.44,29.44,29.44,100,0
EMPB.US,5,20260306,215500,29.4383,29.4383,29.4383,29.4383,117,0
EMPB.US,5,20260309,155500,29.41,29.41,29.41,29.41,100,0
EMPB.US,5,20260309,162500,29.45,29.45,29.45,29.45,100,0
EMPB.US,5,20260309,201000,29.48,29.48,29.48,29.48,100,0
EMPB.US,5,20260309,201500,29.5,29.5,29.5,29.5,100,0
EMPB.US,5,20260309,202500,29.72,29.72,29.72,29.72,100,0
EMPB.US,5,20260309,205000,29.745,29.745,29.745,29.745,100,0
EMPB.US,5,20260309,205500,29.76,29.7601,29.76,29.76,400,0
EMPB.US,5,20260310,143500,29.87,29.87,29.87,29.87,128,0
EMPB.US,5,20260310,145000,29.91,29.91,29.91,29.91,100,0
EMPB.US,5,20260310,154000,29.95,29.95,29.95,29.95,100,0
EMPB.US,5,20260310,160000,30,30.03,30,30.03,200,0
EMPB.US,5,20260310,161500,29.97,29.97,29.97,29.97,100,0
EMPB.US,5,20260310,205000,29.7901,29.7901,29.79,29.79,517,0
EMPB.US,5,20260311,144000,30.06,30.06,30.04,30.0502,400,0
EMPB.US,5,20260311,165000,29.8599,29.8599,29.8599,29.8599,118,0
EMPB.US,5,20260311,170000,29.855,29.855,29.855,29.855,350,0
EMPB.US,5,20260311,200500,29.815,29.815,29.815,29.815,1000,0
EMPB.US,5,20260312,143000,29.68,29.68,29.68,29.68,100,0
EMPB.US,5,20260312,152000,29.56,29.5601,29.56,29.5601,600,0
EMPB.US,5,20260312,161000,29.43,29.43,29.43,29.43,100,0
EMPB.US,5,20260312,173500,29.52,29.5201,29.52,29.5201,200,0
EMPB.US,5,20260312,203000,29.52,29.52,29.52,29.52,663,0
EMPB.US,5,20260312,203500,29.51,29.5243,29.51,29.5243,3806,0
EMPB.US,5,20260312,205500,29.485,29.4851,29.47,29.4701,2772,0
EMPB.US,5,20260313,144500,29.85,29.85,29.83,29.83,300,0
EMPB.US,5,20260313,153000,29.72,29.72,29.72,29.72,10000,0
EMPB.US,5,20260313,180000,29.45,29.45,29.45,29.45,4993,0
EMPB.US,5,20260313,191000,29.42,29.42,29.42,29.42,100,0
EMPB.US,5,20260313,204000,29.42,29.42,29.42,29.42,112,0
EMPB.US,5,20260313,204500,29.42,29.42,29.42,29.42,100,0
EMPB.US,5,20260316,143000,29.8,29.8,29.8,29.8,10000,0
EMPB.US,5,20260316,144500,29.81,29.8101,29.81,29.81,20094,0
EMPB.US,5,20260316,145500,29.82,29.82,29.82,29.82,600,0
EMPB.US,5,20260316,150000,29.82,29.82,29.82,29.82,2400,0
EMPB.US,5,20260316,151000,29.82,29.82,29.82,29.82,100,0
EMPB.US,5,20260316,153000,29.8,29.81,29.8,29.81,3400,0
EMPB.US,5,20260316,153500,29.75,29.75,29.75,29.75,1824,0
EMPB.US,5,20260316,160000,29.78,29.78,29.78,29.78,100,0
EMPB.US,5,20260316,182500,29.77,29.77,29.77,29.77,865,0
EMPB.US,5,20260316,200500,29.85,29.85,29.85,29.85,1200,0
EMPB.US,5,20260316,205000,29.76,29.76,29.76,29.76,100,0
EMPB.US,5,20260317,144000,30,30,30,30,100,0
EMPB.US,5,20260317,150000,30.01,30.01,30.01,30.01,100,0
EMPB.US,5,20260317,153500,30.07,30.07,30.0699,30.0699,200,0
EMPB.US,5,20260317,170000,29.96,29.96,29.96,29.96,986,0
EMPB.US,5,20260317,170500,29.95,29.95,29.95,29.95,100,0
EMPB.US,5,20260317,173000,29.99,29.99,29.99,29.99,100,0
EMPB.US,5,20260317,190500,30.095,30.095,30.095,30.095,100,0
EMPB.US,5,20260317,202500,30.05,30.05,30.05,30.05,100,0
EMPB.US,5,20260318,150000,30.14,30.14,30.14,30.14,100,0
EMPB.US,5,20260318,164500,30.02,30.06,30.02,30.06,650,0
EMPB.US,5,20260318,184000,30,30,30,30,100,0
EMPB.US,5,20260318,190000,30.08,30.08,30.08,30.08,100,0
EMPB.US,5,20260319,145500,29.62,29.62,29.62,29.62,100,0
EMPB.US,5,20260319,180500,29.65,29.65,29.65,29.65,200,0
EMPB.US,5,20260319,193500,29.7,29.7001,29.7,29.7001,3000,0
EMPB.US,5,20260320,151500,29.67,29.67,29.67,29.67,1625,0
EMPB.US,5,20260324,145000,29.64,29.64,29.64,29.64,100,0
EMPB.US,5,20260324,201000,29.765,29.765,29.765,29.765,100,0
EMPB.US,5,20260325,143000,30.07,30.07,30.0699,30.0699,200,0
EMPB.US,5,20260325,145000,30.04,30.04,30.04,30.04,100,0
EMPB.US,5,20260325,145500,30.04,30.04,30.04,30.04,100,0
EMPB.US,5,20260325,151500,30.1399,30.14,30.1399,30.14,200,0
EMPB.US,5,20260325,152000,30.15,30.15,30.15,30.15,200,0
EMPB.US,5,20260325,152500,30.18,30.18,30.18,30.18,100,0
EMPB.US,5,20260325,160000,30.12,30.12,30.12,30.12,100,0
EMPB.US,5,20260325,185500,29.995,29.995,29.995,29.995,160,0
EMPB.US,5,20260326,145500,29.755,29.755,29.755,29.755,100,0
EMPB.US,5,20260326,151000,29.68,29.68,29.67,29.67,260,0
EMPB.US,5,20260327,144000,28.99,28.99,28.99,28.99,100,0
EMPB.US,5,20260327,145000,28.99,28.99,28.99,28.99,400,0
EMPB.US,5,20260327,160000,28.85,28.85,28.85,28.85,100,0
EMPB.US,5,20260327,180500,28.81,28.81,28.81,28.81,100,0
EMPB.US,5,20260327,190000,28.72,28.72,28.72,28.72,100,0
EMPB.US,5,20260330,154500,28.66,28.66,28.66,28.66,100,0
EMPB.US,5,20260330,155500,28.69,28.69,28.69,28.69,489,0
EMPB.US,5,20260330,182500,28.58,28.58,28.58,28.58,489,0
EMPB.US,5,20260330,212500,28.35,28.35,28.35,28.35,100,0
EMPB.US,5,20260331,154000,28.7002,28.7002,28.695,28.695,200,0
EMPB.US,5,20260331,155000,28.75,28.75,28.75,28.75,100,0
EMPB.US,5,20260331,160000,28.8,28.8,28.8,28.8,100,0
EMPB.US,5,20260331,162500,28.8,28.8,28.8,28.8,103,0
EMPB.US,5,20260331,174000,28.735,28.735,28.72,28.72,602,0
EMPB.US,5,20260331,184500,29,29,29,29,187,0
EMPB.US,5,20260331,190000,29.06,29.06,29.06,29.06,187,0
EMPB.US,5,20260331,194500,29.11,29.11,29.1099,29.1099,400,0
EMPB.US,5,20260331,203500,29.15,29.15,29.15,29.15,300,0
EMPB.US,5,20260331,211000,29.185,29.185,29.185,29.185,100,0
EMPB.US,5,20260331,215000,29.23,29.23,29.2299,29.2299,200,0
EMPB.US,5,20260401,153000,29.4,29.4,29.4,29.4,486,0
EMPB.US,5,20260401,154000,29.515,29.5265,29.515,29.5265,237,0
EMPB.US,5,20260401,161000,29.47,29.4802,29.47,29.4802,983,0
EMPB.US,5,20260401,162000,29.55,29.55,29.55,29.55,100,0
EMPB.US,5,20260401,200500,29.445,29.445,29.44,29.44,396,0
EMPB.US,5,20260402,204000,29.362,29.362,29.362,29.362,100,0
EMPB.US,5,20260402,213500,29.365,29.365,29.365,29.365,180,0
EMPB.US,5,20260406,153500,29.42,29.42,29.42,29.42,100,0
EMPB.US,5,20260406,155000,29.515,29.515,29.515,29.515,100,0
EMPB.US,5,20260406,193500,29.41,29.4142,29.41,29.4142,219,0
EMPB.US,5,20260406,200500,29.41,29.41,29.41,29.41,100,0
EMPB.US,5,20260408,153000,29.69,29.69,29.69,29.69,150,0
EMPB.US,5,20260408,161000,29.765,29.765,29.765,29.765,100,0
EMPB.US,5,20260408,170500,29.7101,29.7101,29.71,29.71,250,0
EMPB.US,5,20260408,175500,29.74,29.74,29.74,29.74,1818,0
EMPB.US,5,20260408,215500,29.7899,29.7899,29.7899,29.7899,100,0
EMPB.US,5,20260410,153000,29.75,29.75,29.75,29.75,1109,0
EMPB.US,5,20260410,164000,29.7699,29.77,29.7699,29.7699,400,0
EMPB.US,5,20260410,165500,29.77,29.77,29.77,29.77,100,0
EMPB.US,5,20260410,215500,29.775,29.79,29.775,29.7899,335,0
EMPB.US,5,20260413,161000,29.81,29.81,29.8099,29.8099,200,0
EMPB.US,5,20260413,183000,29.815,29.815,29.815,29.815,100,0
EMPB.US,5,20260413,215000,29.845,29.845,29.845,29.845,100,0
EMPB.US,5,20260414,163500,29.95,29.95,29.95,29.95,100,0
EMPB.US,5,20260414,170000,29.96,29.96,29.96,29.96,100,0
EMPB.US,5,20260414,181000,29.985,29.985,29.985,29.985,100,0
EMPB.US,5,20260414,182500,30,30,29.9999,29.9999,1900,0
EMPB.US,5,20260414,190000,30,30,30,30,100,0
EMPB.US,5,20260415,153000,30.09,30.09,30.0899,30.0899,200,0
EMPB.US,5,20260415,153500,30.02,30.02,30.02,30.02,3325,0
EMPB.US,5,20260415,202000,29.91,29.91,29.91,29.91,100,0
EMPB.US,5,20260416,172500,30.04,30.04,30.0399,30.0399,200,0
EMPB.US,5,20260416,194000,30.03,30.03,30.03,30.03,100,0
EMPB.US,5,20260416,214500,30.04,30.08,30.04,30.0799,4722,0
EMPB.US,5,20260416,215000,30.065,30.065,30.065,30.065,117,0
EMPB.US,5,20260417,153500,30.23,30.23,30.2299,30.2299,200,0
EMPB.US,5,20260417,162000,30.22,30.22,30.22,30.22,100,0
EMPB.US,5,20260417,170500,30.2899,30.29,30.2899,30.29,582,0
EMPB.US,5,20260417,185000,30.27,30.27,30.27,30.27,366,0
EMPB.US,5,20260417,185500,30.27,30.27,30.27,30.27,654,0
EMPB.US,5,20260417,193000,30.27,30.27,30.27,30.27,187,0
EMPB.US,5,20260417,215000,30.2995,30.2995,30.285,30.285,283,0
EMPB.US,5,20260417,215500,30.3,30.3,30.3,30.3,100,0
EMPB.US,5,20260420,153000,30.44,30.44,30.44,30.44,100,0
EMPB.US,5,20260420,165500,30.33,30.33,30.33,30.33,252,0
EMPB.US,5,20260421,153000,30.48,30.48,30.4799,30.4799,200,0
EMPB.US,5,20260421,161000,30.5,30.5,30.4999,30.4999,200,0
EMPB.US,5,20260421,191000,30.435,30.435,30.435,30.435,550,0
EMPB.US,5,20260421,210000,30.4,30.4,30.4,30.4,500,0
EMPB.US,5,20260421,215000,30.3836,30.3836,30.3836,30.3836,100,0
EMPB.US,5,20260422,163500,30.5,30.5,30.5,30.5,500,0
EMPB.US,5,20260422,172500,30.5199,30.52,30.5199,30.52,200,0
EMPB.US,5,20260422,215000,30.4362,30.4362,30.4362,30.4362,100,0
EMPB.US,5,20260423,161000,30.55,30.55,30.5499,30.5499,200,0
EMPB.US,5,20260423,170500,30.57,30.57,30.57,30.57,100,0
EMPB.US,5,20260423,172500,30.595,30.595,30.595,30.595,100,0
EMPB.US,5,20260423,175000,30.62,30.62,30.62,30.62,100,0
EMPB.US,5,20260423,184500,30.65,30.65,30.65,30.65,100,0
EMPB.US,5,20260423,215000,30.665,30.665,30.665,30.665,107,0
EMPB.US,5,20260424,153000,30.805,30.805,30.805,30.805,100,0
EMPB.US,5,20260424,161000,30.74,30.74,30.72,30.72,4000,0
EMPB.US,5,20260424,195500,30.83,30.83,30.83,30.83,100,0
EMPB.US,5,20260424,212000,30.79,30.79,30.76,30.76,1100,0
EMPB.US,5,20260424,215000,30.7503,30.7503,30.7503,30.7503,107,0
EMPB.US,5,20260427,161000,30.67,30.67,30.67,30.67,107,0
EMPB.US,5,20260427,215000,30.67,30.67,30.63,30.63,1133,0
EMPB.US,5,20260428,155500,30.59,30.5901,30.59,30.5901,902,0
EMPB.US,5,20260428,162000,30.645,30.645,30.645,30.645,100,0
EMPB.US,5,20260428,195500,30.62,30.62,30.605,30.62,2265,0
EMPB.US,5,20260428,200000,30.62,30.62,30.6,30.6,6108,0
EMPB.US,5,20260428,215000,30.63,30.64,30.62,30.62,6740,0
EMPB.US,5,20260429,170500,30.63,30.63,30.63,30.63,343,0
EMPB.US,5,20260429,211000,30.62,30.62,30.62,30.62,390,0
EMPB.US,5,20260429,215500,30.66,30.71,30.66,30.71,1853,0
EMPB.US,5,20260430,165000,30.75,30.75,30.75,30.75,100,0
EMPB.US,5,20260430,215000,30.81,30.81,30.81,30.81,12200,0
EMPB.US,5,20260501,153000,30.935,30.935,30.935,30.935,100,0
EMPB.US,5,20260501,153500,30.995,30.995,30.995,30.995,100,0
EMPB.US,5,20260501,165000,31,31,31,31,100,0
EMPB.US,5,20260501,215000,30.96,30.9601,30.96,30.96,600,0
EMPB.US,5,20260504,155000,31.015,31.015,31.015,31.015,226,0
EMPB.US,5,20260504,163000,30.98,30.9801,30.98,30.98,900,0
EMPB.US,5,20260504,165500,31.03,31.03,31.03,31.03,100,0
EMPB.US,5,20260504,215000,31.1,31.1,31.06,31.06,4336,0
EMPB.US,5,20260505,153000,31.2,31.2,31.2,31.2,8694,0
EMPB.US,5,20260505,170500,31.0601,31.08,31.0601,31.08,600,0
EMPB.US,5,20260505,191500,31.065,31.08,31.065,31.08,400,0
EMPB.US,5,20260505,211500,31.05,31.0501,31.05,31.05,1900,0
EMPB.US,5,20260505,213500,31.03,31.0301,31.03,31.0301,346,0
EMPB.US,5,20260505,215000,31.04,31.0401,31.04,31.04,2178,0
EMPB.US,5,20260506,161000,31.02,31.02,31.02,31.02,1044,0
EMPB.US,5,20260506,181500,31.145,31.145,31.145,31.145,469,0
EMPB.US,5,20260506,214000,31.31,31.31,31.31,31.31,100,0
EMPB.US,5,20260507,162500,31.38,31.38,31.38,31.38,1274,0
EMPB.US,5,20260507,163500,31.39,31.39,31.39,31.39,100,0
EMPB.US,5,20260508,153000,31.32,31.38,31.32,31.38,3102,0
EMPB.US,5,20260508,203500,31.49,31.49,31.47,31.47,2562,0
EMPB.US,5,20260508,204000,31.5,31.5,31.5,31.5,2627,0
EMPB.US,5,20260508,214000,31.47,31.4701,31.47,31.4701,6400,0
EMPB.US,5,20260508,215000,31.5,31.5,31.5,31.5,4023,0
EMPB.US,5,20260511,153000,31.7,31.7,31.7,31.7,102,0
EMPB.US,5,20260511,155000,31.69,31.69,31.69,31.69,100,0
EMPB.US,5,20260511,160000,31.7294,31.7294,31.7294,31.7294,100,0
EMPB.US,5,20260511,160500,31.73,31.73,31.73,31.73,100,0
EMPB.US,5,20260511,165500,31.78,31.78,31.78,31.78,100,0
EMPB.US,5,20260511,170000,31.8,31.8,31.8,31.8,100,0
EMPB.US,5,20260511,215000,31.84,31.84,31.84,31.84,323,0
EMPB.US,5,20260511,215500,31.865,31.865,31.85,31.8602,900,0
EMPB.US,5,20260512,154500,31.74,31.74,31.74,31.74,100,0
EMPB.US,5,20260512,171000,31.47,31.47,31.47,31.47,323,0
EMPB.US,5,20260512,215000,31.59,31.61,31.59,31.6099,1500,0
EMPB.US,5,20260513,154500,31.61,31.61,31.61,31.61,100,0
EMPB.US,5,20260513,162000,31.74,31.74,31.74,31.74,9342,0
EMPB.US,5,20260513,205500,31.92,31.92,31.9199,31.9199,3000,0
EMPB.US,5,20260513,215000,31.83,31.8301,31.83,31.83,1400,0
EMPB.US,5,20260514,155000,31.84,31.84,31.84,31.84,100,0
EMPB.US,5,20260514,161000,31.84,31.84,31.8399,31.8399,6000,0
EMPB.US,5,20260514,164500,31.945,31.945,31.945,31.945,100,0
EMPB.US,5,20260514,190500,32.02,32.02,32.02,32.02,696,0
EMPB.US,5,20260514,192000,31.99,31.99,31.9899,31.9899,200,0
EMPB.US,5,20260515,153000,31.77,31.77,31.7699,31.7699,2600,0
EMPB.US,5,20260515,154000,31.77,31.77,31.77,31.77,100,0
EMPB.US,5,20260515,175000,31.95,31.95,31.95,31.95,100,0
EMPB.US,5,20260515,211500,32.03,32.03,32.03,32.03,715,0
EMPB.US,5,20260515,215000,32,32,31.9999,31.9999,1400,0
EMPB.US,5,20260518,154000,31.82,31.82,31.82,31.82,100,0
EMPB.US,5,20260518,210000,31.67,31.67,31.67,31.67,100,0
EMPB.US,5,20260519,153000,31.6,31.6,31.6,31.6,1700,0
EMPB.US,5,20260519,153500,31.88,31.88,31.88,31.88,100,0
EMPB.US,5,20260519,202000,31.75,31.75,31.75,31.75,3149,0
EMPB.US,5,20260519,213500,31.72,31.72,31.72,31.72,100,0
EMPB.US,5,20260519,215500,31.65,31.65,31.65,31.65,2789,0
EMPB.US,5,20260520,154000,31.8,31.8,31.8,31.8,100,0
EMPB.US,5,20260521,180500,32,32,32,32,100,0
EMPB.US,5,20260521,200000,32.1,32.1,32.0999,32.0999,200,0
EMPB.US,5,20260522,153000,32.11,32.12,32.11,32.12,8761,0
EMPB.US,5,20260522,163000,32.2099,32.21,32.2099,32.21,200,0
EMPB.US,5,20260522,164000,32.25,32.25,32.25,32.25,100,0
EMPB.US,5,20260522,172500,32.27,32.27,32.2699,32.2699,200,0
EMPB.US,5,20260526,153500,32.33,32.33,32.33,32.33,100,0
EMPB.US,5,20260526,164500,32.41,32.41,32.41,32.41,100,0
EMPB.US,5,20260526,165000,32.4399,32.44,32.4399,32.44,200,0
EMPB.US,5,20260526,172500,32.45,32.45,32.45,32.45,100,0
EMPB.US,5,20260526,191500,32.4,32.42,32.4,32.42,2866,0
EMPB.US,5,20260526,211000,32.39,32.39,32.39,32.39,771,0
EMPB.US,5,20260526,214500,32.4,32.4,32.4,32.4,300,0
EMPB.US,5,20260526,215000,32.3701,32.3708,32.3701,32.3708,683,0
EMPB.US,5,20260527,153000,32.4599,32.46,32.4599,32.46,200,0
EMPB.US,5,20260527,162000,32.31,32.31,32.31,32.31,3000,0
EMPB.US,5,20260527,215000,32.39,32.39,32.3887,32.39,2192,0
EMPB.US,5,20260528,154000,32.4,32.4,32.4,32.4,100,0
EMPB.US,5,20260528,154500,32.38,32.38,32.38,32.38,2314,0
EMPB.US,5,20260528,160500,32.42,32.42,32.42,32.42,100,0
EMPB.US,5,20260528,171000,32.475,32.475,32.475,32.475,100,0
EMPB.US,5,20260528,172500,32.53,32.53,32.53,32.53,100,0
EMPB.US,5,20260528,175000,32.5,32.5,32.5,32.5,616,0
EMPB.US,5,20260528,182000,32.53,32.53,32.53,32.53,100,0
EMPB.US,5,20260528,212000,32.536,32.536,32.536,32.536,100,0
EMPB.US,5,20260528,215000,32.545,32.55,32.545,32.55,941,0
EMPB.US,5,20260529,155500,32.8,32.82,32.8,32.82,200,0
EMPB.US,5,20260529,161000,32.755,32.755,32.71,32.71,4752,0
EMPB.US,5,20260529,161500,32.68,32.7,32.66,32.66,1678,0
EMPB.US,5,20260529,162000,32.65,32.65,32.65,32.65,400,0
EMPB.US,5,20260529,194000,32.74,32.74,32.74,32.74,2457,0
EMPB.US,5,20260529,215000,32.8,32.8,32.798,32.798,1226,0
EMPB.US,5,20260601,155500,32.42,32.42,32.42,32.42,100,0
EMPB.US,5,20260601,165500,32.6001,32.6001,32.6001,32.6001,100,0
EMPB.US,5,20260601,184000,32.585,32.585,32.585,32.585,100,0
EMPB.US,5,20260601,203000,32.64,32.64,32.64,32.64,500,0
EMPB.US,5,20260601,215000,32.595,32.595,32.595,32.595,2100,0
EMPB.US,5,20260602,184500,32.55,32.55,32.55,32.55,809,0
EMPB.US,5,20260603,153000,32.7,32.7,32.7,32.7,100,0
EMPB.US,5,20260603,155000,32.72,32.72,32.72,32.72,100,0
EMPB.US,5,20260603,161500,32.69,32.69,32.68,32.69,800,0
EMPB.US,5,20260603,164000,32.69,32.69,32.69,32.69,100,0
EMPB.US,5,20260603,174000,32.67,32.6701,32.67,32.6701,518,0
EMPB.US,5,20260603,200000,32.72,32.72,32.72,32.72,6723,0
EMPB.US,5,20260603,215000,32.695,32.72,32.695,32.7199,494,0
EMPB.US,5,20260603,215500,32.72,32.72,32.72,32.72,1000,0
EMPB.US,5,20260604,154000,32.61,32.61,32.61,32.61,100,0
EMPB.US,5,20260604,161000,32.6,32.6,32.6,32.6,200,0
EMPB.US,5,20260604,181000,32.64,32.64,32.64,32.64,100,0
EMPB.US,5,20260604,183000,32.65,32.65,32.65,32.65,153,0
EMPB.US,5,20260604,190000,32.67,32.67,32.67,32.67,100,0
EMPB.US,5,20260604,205000,32.73,32.75,32.726,32.73,7050,0
EMPB.US,5,20260604,210000,32.75,32.75,32.7499,32.75,3917,0
EMPB.US,5,20260604,215000,32.7224,32.75,32.7224,32.75,2180,0
EMPB.US,5,20260605,153000,32.84,32.84,32.84,32.84,608,0
EMPB.US,5,20260605,160000,32.74,32.74,32.74,32.74,100,0
EMPB.US,5,20260605,170000,32.77,32.77,32.7699,32.7699,600,0
EMPB.US,5,20260605,173500,32.7,32.7,32.7,32.7,300,0
EMPB.US,5,20260605,183500,32.695,32.695,32.695,32.695,291,0
EMPB.US,5,20260605,185000,32.69,32.69,32.69,32.69,764,0
EMPB.US,5,20260605,215000,32.7,32.7,32.6825,32.6825,1115,0
EMPB.US,5,20260608,153500,32.68,32.68,32.68,32.68,100,0
EMPB.US,5,20260608,154500,32.73,32.73,32.73,32.73,100,0
EMPB.US,5,20260608,161000,32.76,32.76,32.76,32.76,738,0
EMPB.US,5,20260608,163500,32.79,32.79,32.7899,32.7899,200,0
EMPB.US,5,20260608,171000,32.86,32.86,32.86,32.86,100,0
EMPB.US,5,20260608,173000,32.7999,32.8,32.78,32.8,5500,0
EMPB.US,5,20260608,173500,32.78,32.81,32.78,32.81,1500,0
EMPB.US,5,20260608,174000,32.82,32.82,32.8199,32.8199,1200,0
EMPB.US,5,20260608,175500,32.82,32.82,32.8199,32.8199,1000,0
EMPB.US,5,20260608,182000,32.82,32.82,32.82,32.82,100,0
EMPB.US,5,20260608,184500,32.8,32.8,32.8,32.8,1441,0
EMPB.US,5,20260608,190000,32.78,32.78,32.78,32.78,108,0
EMPB.US,5,20260608,191000,32.78,32.78,32.78,32.78,105,0
EMPB.US,5,20260608,192000,32.77,32.77,32.75,32.75,1000,0
EMPB.US,5,20260608,192500,32.8,32.8,32.8,32.8,105,0
EMPB.US,5,20260608,193500,32.78,32.78,32.78,32.78,108,0
EMPB.US,5,20260608,195500,32.78,32.78,32.78,32.78,105,0
EMPB.US,5,20260608,203000,32.79,32.79,32.79,32.79,105,0
EMPB.US,5,20260608,210000,32.78,32.78,32.78,32.78,105,0
EMPB.US,5,20260608,211000,32.77,32.77,32.77,32.77,108,0
EMPB.US,5,20260608,212500,32.77,32.77,32.77,32.77,105,0
EMPB.US,5,20260608,215500,32.77,32.77,32.74,32.74,1168,0
EMPB.US,5,20260609,154500,32.91,32.91,32.91,32.91,100,0
EMPB.US,5,20260609,182500,32.685,32.685,32.685,32.685,2500,0
EMPB.US,5,20260609,210000,32.81,32.81,32.81,32.81,100,0
EMPB.US,5,20260609,215000,32.72,32.73,32.7,32.7291,2756,0
EMPB.US,5,20260609,215500,32.74,32.74,32.74,32.74,127,0
EMPB.US,5,20260610,153000,32.7008,32.7008,32.7008,32.7008,109,0
EMPB.US,5,20260610,153500,32.72,32.72,32.72,32.72,100,0
EMPB.US,5,20260610,154000,32.675,32.675,32.675,32.675,2500,0
EMPB.US,5,20260610,212500,32.695,32.73,32.695,32.7299,819,0
EMPB.US,5,20260610,214500,32.74,32.74,32.7399,32.74,1200,0
EMPB.US,5,20260610,215000,32.7174,32.74,32.71,32.72,2004,0
EMPB.US,5,20260611,171000,32.71,32.71,32.7099,32.71,3000,0
EMPB.US,5,20260611,183000,32.72,32.72,32.72,32.72,300,0
EMPB.US,5,20260611,215000,32.855,32.879,32.855,32.879,1250,0
EMPB.US,5,20260612,154500,32.82,32.82,32.82,32.82,100,0
EMPB.US,5,20260612,155000,32.8,32.8,32.8,32.8,100,0
EMPB.US,5,20260612,215000,32.93,32.95,32.9102,32.938,3994,0
EMPB.US,5,20260615,160000,32.83,32.83,32.83,32.83,100,0
EMPB.US,5,20260615,161000,32.82,32.82,32.82,32.82,159,0
EMPB.US,5,20260615,165000,32.85,32.85,32.85,32.85,150,0
EMPB.US,5,20260615,192500,32.95,32.95,32.9499,32.9499,200,0
EMPB.US,5,20260615,203000,32.895,32.895,32.895,32.895,1215,0
EMPB.US,5,20260615,205000,32.93,32.93,32.9299,32.9299,3196,0
EMPB.US,5,20260615,215000,32.875,32.875,32.875,32.875,324,0
EMPB.US,5,20260616,154500,32.8,32.8,32.78,32.78,1128,0
EMPB.US,5,20260616,155500,32.79,32.79,32.79,32.79,100,0
EMPB.US,5,20260616,171000,32.7525,32.7525,32.7525,32.7525,600,0
EMPB.US,5,20260616,172000,32.7525,32.7525,32.7525,32.7525,1598,0
EMPB.US,5,20260616,172500,32.75,32.75,32.75,32.75,500,0
EMPB.US,5,20260616,173500,32.68,32.68,32.68,32.68,938,0
EMPB.US,5,20260616,184000,32.7,32.7,32.699,32.6999,480,0
EMPB.US,5,20260616,185500,32.66,32.66,32.66,32.66,163,0
EMPB.US,5,20260616,191000,32.68,32.68,32.68,32.68,610,0
EMPB.US,5,20260616,193500,32.652,32.652,32.652,32.652,100,0
EMPB.US,5,20260616,194000,32.65,32.6537,32.65,32.6537,200,0
EMPB.US,5,20260616,200000,32.65,32.65,32.65,32.65,798,0
EMPB.US,5,20260616,215000,32.6018,32.6018,32.6018,32.6018,324,0
EMPB.US,5,20260617,160000,32.58,32.58,32.58,32.58,100,0
EMPB.US,5,20260617,164500,32.57,32.57,32.5487,32.5487,3460,0
EMPB.US,5,20260617,170500,32.515,32.515,32.515,32.515,542,0
EMPB.US,5,20260617,174500,32.485,32.485,32.485,32.485,1000,0
EMPB.US,5,20260617,182500,32.455,32.455,32.455,32.455,1540,0
EMPB.US,5,20260617,183500,32.49,32.49,32.49,32.49,700,0
EMPB.US,5,20260617,184000,32.4998,32.4999,32.46,32.46,1382,0
EMPB.US,5,20260617,184500,32.48,32.48,32.48,32.48,165,0
EMPB.US,5,20260617,185000,32.47,32.47,32.47,32.47,100,0
EMPB.US,5,20260617,194000,32.4699,32.4699,32.4699,32.4699,886,0
EMPB.US,5,20260617,194500,32.43,32.43,32.43,32.43,1175,0
EMPB.US,5,20260617,195000,32.44,32.44,32.44,32.44,1298,0
EMPB.US,5,20260617,204500,32.41,32.41,32.41,32.41,764,0
EMPB.US,5,20260617,205000,32.3778,32.3778,32.3778,32.3778,1443,0
EMPB.US,5,20260617,205500,32.3457,32.3457,32.3457,32.3457,1000,0
EMPB.US,5,20260617,214000,32.2757,32.2757,32.2757,32.2757,969,0
EMPB.US,5,20260617,215000,32.3007,32.32,32.3007,32.31,748,0
EMPB.US,5,20260618,153000,32.71,32.71,32.71,32.71,205,0
EMPB.US,5,20260618,154500,32.45,32.45,32.45,32.45,601,0
EMPB.US,5,20260618,160000,32.51,32.51,32.51,32.51,100,0
EMPB.US,5,20260618,163000,32.53,32.53,32.53,32.53,200,0
EMPB.US,5,20260618,170000,32.55,32.55,32.52,32.5499,1636,0
EMPB.US,5,20260618,170500,32.535,32.535,32.535,32.535,1073,0
EMPB.US,5,20260618,172500,32.58,32.58,32.5799,32.5799,338,0
EMPB.US,5,20260618,173500,32.5501,32.5501,32.5501,32.5501,102,0
EMPB.US,5,20260618,203500,32.65,32.65,32.65,32.65,100,0
EMPB.US,5,20260618,215000,32.64,32.64,32.64,32.64,100,0
EMPB.US,5,20260618,215500,32.61,32.61,32.61,32.61,100,0
EMPB.US,5,20260622,153000,32.75,32.75,32.7499,32.7499,200,0
EMPB.US,5,20260622,153500,32.75,32.75,32.75,32.75,247,0
EMPB.US,5,20260622,154500,32.76,32.76,32.76,32.76,100,0
EMPB.US,5,20260622,170500,32.74,32.74,32.74,32.74,400,0
EMPB.US,5,20260622,191000,32.72,32.72,32.72,32.72,135,0
EMPB.US,5,20260622,205000,32.66,32.66,32.66,32.66,1225,0
EMPB.US,5,20260622,205500,32.66,32.67,32.66,32.67,452,0
EMPB.US,5,20260622,210000,32.66,32.66,32.66,32.66,367,0
EMPB.US,5,20260622,215000,32.67,32.71,32.67,32.7,5757,0
