<TICKER>,<PER>,<DATE>,<TIME>,<OPEN>,<HIGH>,<LOW>,<CLOSE>,<VOL>,<OPENINT>
FLCC.US,5,20260126,170500,32.79,32.79,32.79,32.79,121,0
FLCC.US,5,20260126,173500,32.8,32.84,32.7601,32.84,4424,0
FLCC.US,5,20260126,194000,32.83,32.83,32.83,32.83,100,0
FLCC.US,5,20260126,201000,32.8,32.8,32.8,32.8,563,0
FLCC.US,5,20260126,214000,32.84,32.84,32.84,32.84,200,0
FLCC.US,5,20260126,215500,32.811,32.811,32.811,32.811,100,0
FLCC.US,5,20260127,154000,32.782,32.782,32.782,32.782,147,0
FLCC.US,5,20260127,171000,32.89,32.89,32.89,32.89,100,0
FLCC.US,5,20260127,175000,32.8268,32.89,32.8268,32.89,370,0
FLCC.US,5,20260127,182500,32.84,32.88,32.84,32.88,66994,0
FLCC.US,5,20260127,192500,32.8492,32.8492,32.8492,32.8492,200,0
FLCC.US,5,20260127,193000,32.83,32.83,32.83,32.83,865,0
FLCC.US,5,20260127,193500,32.87,32.87,32.8,32.8,434,0
FLCC.US,5,20260127,194500,32.88,32.88,32.8796,32.8796,595,0
FLCC.US,5,20260127,195000,32.88,32.88,32.8799,32.8799,1050,0
FLCC.US,5,20260127,203500,32.86,32.86,32.86,32.86,600,0
FLCC.US,5,20260127,204000,32.86,32.86,32.86,32.86,381,0
FLCC.US,5,20260127,205000,32.89,32.89,32.89,32.89,451,0
FLCC.US,5,20260127,214500,32.89,32.89,32.89,32.89,100,0
FLCC.US,5,20260127,215500,32.87,32.87,32.87,32.87,100,0
FLCC.US,5,20260128,160000,32.87,32.87,32.87,32.87,400,0
FLCC.US,5,20260128,161500,32.83,32.83,32.83,32.83,100,0
FLCC.US,5,20260128,163000,32.865,32.865,32.82,32.865,738,0
FLCC.US,5,20260128,201000,32.75,32.75,32.75,32.75,100,0
FLCC.US,5,20260128,204000,32.72,32.73,32.72,32.7299,2194,0
FLCC.US,5,20260128,205000,32.78,32.78,32.78,32.78,100,0
FLCC.US,5,20260128,212000,32.71,32.71,32.69,32.7,6000,0
FLCC.US,5,20260128,214000,32.74,32.74,32.74,32.74,200,0
FLCC.US,5,20260128,215000,32.7466,32.78,32.7466,32.78,618,0
FLCC.US,5,20260128,215500,32.751,32.751,32.751,32.751,145,0
FLCC.US,5,20260129,155500,32.5201,32.5201,32.5201,32.5201,155,0
FLCC.US,5,20260129,160000,32.415,32.415,32.415,32.415,511,0
FLCC.US,5,20260129,161500,32.44,32.44,32.44,32.44,100,0
FLCC.US,5,20260129,191500,32.43,32.43,32.43,32.43,2144,0
FLCC.US,5,20260129,192000,32.47,32.47,32.47,32.47,800,0
FLCC.US,5,20260129,203500,32.465,32.465,32.465,32.465,537,0
FLCC.US,5,20260129,204000,32.475,32.475,32.475,32.475,2000,0
FLCC.US,5,20260129,204500,32.485,32.485,32.485,32.485,400,0
FLCC.US,5,20260129,211500,32.45,32.45,32.44,32.45,606,0
FLCC.US,5,20260129,215500,32.64,32.64,32.64,32.64,100,0
FLCC.US,5,20260130,154500,32.51,32.55,32.21,32.47,100646,0
FLCC.US,5,20260130,164500,32.55,32.55,32.55,32.55,100,0
FLCC.US,5,20260130,174000,32.5,32.52,32.5,32.52,451,0
FLCC.US,5,20260130,175500,32.455,32.455,32.455,32.455,113,0
FLCC.US,5,20260130,180000,32.4,32.4,32.4,32.4,100,0
FLCC.US,5,20260130,183000,32.4,32.4,32.4,32.4,600,0
FLCC.US,5,20260130,185500,32.37,32.37,32.37,32.37,100,0
FLCC.US,5,20260130,191500,32.34,32.34,32.34,32.34,100,0
FLCC.US,5,20260130,192500,32.33,32.33,32.33,32.33,111,0
FLCC.US,5,20260130,195500,32.43,32.43,32.43,32.43,100,0
FLCC.US,5,20260130,202000,32.52,32.52,32.52,32.52,1000,0
FLCC.US,5,20260130,203500,32.49,32.49,32.49,32.49,138,0
FLCC.US,5,20260130,211500,32.4399,32.4399,32.4399,32.4399,131,0
FLCC.US,5,20260130,215500,32.48,32.48,32.48,32.48,200,0
FLCC.US,5,20260202,154500,32.69,32.69,32.64,32.64,500,0
FLCC.US,5,20260202,155500,32.59,32.59,32.59,32.59,140,0
FLCC.US,5,20260202,160500,32.66,32.66,32.66,32.66,500,0
FLCC.US,5,20260202,165000,32.68,32.68,32.68,32.68,100,0
FLCC.US,5,20260202,174000,32.68,32.68,32.68,32.68,750,0
FLCC.US,5,20260202,181500,32.76,32.76,32.76,32.76,100,0
FLCC.US,5,20260202,182000,32.7749,32.7749,32.7749,32.7749,100,0
FLCC.US,5,20260202,195500,32.764,32.764,32.764,32.764,1000,0
FLCC.US,5,20260202,203000,32.7259,32.7259,32.7259,32.7259,129,0
FLCC.US,5,20260202,204500,32.7,32.7,32.7,32.7,287,0
FLCC.US,5,20260202,210500,32.7243,32.7243,32.7243,32.7243,1000,0
FLCC.US,5,20260202,215500,32.69,32.69,32.69,32.69,200,0
FLCC.US,5,20260203,161500,32.48,32.48,32.48,32.48,100,0
FLCC.US,5,20260203,162000,32.48,32.48,32.48,32.48,261,0
FLCC.US,5,20260203,164000,32.39,32.39,32.39,32.39,100,0
FLCC.US,5,20260203,181500,32.26,32.27,32.26,32.27,1607,0
FLCC.US,5,20260203,193000,32.045,32.045,32.045,32.045,467,0
FLCC.US,5,20260203,200500,31.94,31.94,31.94,31.94,100,0
FLCC.US,5,20260203,204000,32.09,32.09,32.0899,32.0899,1136,0
FLCC.US,5,20260203,205500,32.12,32.12,32.12,32.12,581,0
FLCC.US,5,20260203,211000,32.09,32.09,32.09,32.09,1000,0
FLCC.US,5,20260203,213500,32.2199,32.2199,32.2199,32.2199,776,0
FLCC.US,5,20260204,155500,32.09,32.09,32.09,32.09,100,0
FLCC.US,5,20260204,160500,32.11,32.11,32.11,32.11,225,0
FLCC.US,5,20260204,163000,32.22,32.22,32.22,32.22,100,0
FLCC.US,5,20260204,182500,31.98,31.98,31.93,31.93,200,0
FLCC.US,5,20260204,190500,31.945,31.945,31.945,31.945,200,0
FLCC.US,5,20260204,194500,32.04,32.04,32.04,32.04,9472,0
FLCC.US,5,20260204,202000,32.02,32.02,32.02,32.02,100,0
FLCC.US,5,20260204,213000,32.1966,32.1966,32.1966,32.1966,171,0
FLCC.US,5,20260204,215000,32.2497,32.2497,32.2497,32.2497,2224,0
FLCC.US,5,20260205,154500,31.9623,31.9623,31.9623,31.9623,160,0
FLCC.US,5,20260205,161500,31.7769,31.7769,31.7769,31.7769,108,0
FLCC.US,5,20260205,180500,31.825,31.889,31.825,31.8394,2748,0
FLCC.US,5,20260205,181500,31.8401,31.854,31.8037,31.854,844,0
FLCC.US,5,20260205,182000,31.78,31.78,31.78,31.78,100,0
FLCC.US,5,20260205,203500,31.69,31.69,31.69,31.69,100,0
FLCC.US,5,20260206,153000,31.92,31.99,31.9118,31.9118,3900,0
FLCC.US,5,20260206,154500,32.09,32.09,32.09,32.09,135,0
FLCC.US,5,20260206,160000,31.996,31.996,31.996,31.996,107,0
FLCC.US,5,20260206,162000,32.09,32.09,31.9704,31.9704,394,0
FLCC.US,5,20260206,204500,32.1809,32.1809,32.1809,32.1809,430,0
FLCC.US,5,20260209,153000,31.89,31.89,31.89,31.89,557,0
FLCC.US,5,20260209,161000,32.34,32.34,32.34,32.34,100,0
FLCC.US,5,20260209,183500,32.555,32.555,32.555,32.555,1000,0
FLCC.US,5,20260210,155000,32.6,32.6,32.5999,32.5999,5185,0
FLCC.US,5,20260210,155500,32.6,32.6,32.6,32.6,141,0
FLCC.US,5,20260210,195000,32.415,32.415,32.415,32.415,200,0
FLCC.US,5,20260210,204000,32.4724,32.48,32.4528,32.4528,696,0
FLCC.US,5,20260210,212000,32.46,32.46,32.46,32.46,100,0
FLCC.US,5,20260211,153000,32.565,32.565,32.565,32.565,338,0
FLCC.US,5,20260211,163000,32.28,32.28,32.28,32.28,100,0
FLCC.US,5,20260211,210500,32.36,32.36,32.3599,32.3599,228,0
FLCC.US,5,20260211,211500,32.316,32.316,32.316,32.316,185,0
FLCC.US,5,20260211,212000,32.31,32.31,32.31,32.31,1000,0
FLCC.US,5,20260211,212500,32.36,32.3799,32.315,32.3799,1900,0
FLCC.US,5,20260211,215000,32.305,32.305,32.305,32.305,368,0
FLCC.US,5,20260211,215500,32.33,32.33,32.285,32.285,210,0
FLCC.US,5,20260212,164000,32.19,32.19,32.19,32.19,15850,0
FLCC.US,5,20260212,183500,31.805,31.805,31.805,31.805,1000,0
FLCC.US,5,20260213,164000,31.969,31.969,31.969,31.969,790,0
FLCC.US,5,20260213,181000,32.0999,32.0999,32.0999,32.0999,311,0
FLCC.US,5,20260213,190500,32.05,32.05,32.0499,32.0499,312,0
FLCC.US,5,20260213,193500,32.03,32.03,32.03,32.03,1172,0
FLCC.US,5,20260213,195000,32.02,32.03,32.0199,32.0199,3400,0
FLCC.US,5,20260213,204000,31.9514,31.9724,31.9514,31.9724,446,0
FLCC.US,5,20260213,205000,31.999,31.999,31.92,31.92,1054,0
FLCC.US,5,20260213,213500,31.81,31.81,31.81,31.81,1463,0
FLCC.US,5,20260213,214000,31.87,31.87,31.87,31.87,157,0
FLCC.US,5,20260213,215000,31.94,31.96,31.94,31.94,2479,0
FLCC.US,5,20260217,154500,31.9,31.9,31.9,31.9,125,0
FLCC.US,5,20260217,155500,31.745,31.745,31.745,31.745,716,0
FLCC.US,5,20260217,165000,31.705,31.705,31.705,31.705,114,0
FLCC.US,5,20260217,171000,31.95,31.95,31.95,31.95,165,0
FLCC.US,5,20260217,173500,32,32,32,32,100,0
FLCC.US,5,20260217,190000,31.9199,31.9199,31.8885,31.8885,642,0
FLCC.US,5,20260217,204000,32.0875,32.0875,32.0875,32.0875,153,0
FLCC.US,5,20260217,205500,32.07,32.07,32.07,32.07,100,0
FLCC.US,5,20260217,210000,32.03,32.03,32.03,32.03,299,0
FLCC.US,5,20260217,211500,32.05,32.05,32.05,32.05,138,0
FLCC.US,5,20260217,212000,32.0199,32.02,31.98,31.9851,3451,0
FLCC.US,5,20260218,162000,32.18,32.18,32.18,32.18,128,0
FLCC.US,5,20260218,163500,32.28,32.28,32.2775,32.2775,2000,0
FLCC.US,5,20260218,164500,32.281,32.281,32.281,32.281,178,0
FLCC.US,5,20260218,165000,32.28,32.28,32.2799,32.2799,1000,0
FLCC.US,5,20260218,194500,32.215,32.215,32.215,32.215,134,0
FLCC.US,5,20260218,205500,32.12,32.12,32.1,32.1,300,0
FLCC.US,5,20260218,215000,32.23,32.24,32.22,32.22,5609,0
FLCC.US,5,20260219,163000,32.04,32.04,32.0399,32.0399,200,0
FLCC.US,5,20260219,163500,32.08,32.08,32.08,32.08,178,0
FLCC.US,5,20260219,165000,31.9718,31.9718,31.9718,31.9718,858,0
FLCC.US,5,20260219,173000,32.05,32.05,32.05,32.05,100,0
FLCC.US,5,20260219,184500,31.99,31.99,31.99,31.99,100,0
FLCC.US,5,20260219,185000,31.895,31.895,31.895,31.895,500,0
FLCC.US,5,20260219,185500,31.9498,31.9498,31.9498,31.9498,518,0
FLCC.US,5,20260219,192500,31.92,31.92,31.92,31.92,400,0
FLCC.US,5,20260219,193500,31.93,31.93,31.93,31.93,100,0
FLCC.US,5,20260219,195000,31.99,31.99,31.96,31.96,3010,0
FLCC.US,5,20260219,195500,31.97,31.97,31.97,31.97,400,0
FLCC.US,5,20260219,200500,32,32,32,32,100,0
FLCC.US,5,20260219,205500,31.895,31.895,31.895,31.895,150,0
FLCC.US,5,20260219,212000,31.88,31.88,31.88,31.88,805,0
FLCC.US,5,20260219,214000,31.98,31.99,31.98,31.99,3368,0
FLCC.US,5,20260219,214500,31.99,31.99,31.99,31.99,1000,0
FLCC.US,5,20260219,215000,32.01,32.01,32.01,32.01,100,0
FLCC.US,5,20260219,215500,31.9401,31.9401,31.9401,31.9401,231,0
FLCC.US,5,20260220,153000,32.11,32.11,32.11,32.11,100,0
FLCC.US,5,20260220,160000,32.21,32.21,32.21,32.21,300,0
FLCC.US,5,20260220,161500,32.0497,32.0497,32.0497,32.0497,1402,0
FLCC.US,5,20260220,182000,32.02,32.02,32.02,32.02,100,0
FLCC.US,5,20260220,194500,32.22,32.24,32.22,32.24,200,0
FLCC.US,5,20260220,203000,32.2,32.2,32.2,32.2,100,0
FLCC.US,5,20260220,204000,32.145,32.145,32.145,32.145,548,0
FLCC.US,5,20260220,211500,32.2,32.2,32.2,32.2,100,0
FLCC.US,5,20260220,215500,32.21,32.23,32.21,32.23,1649,0
FLCC.US,5,20260223,154000,31.99,31.99,31.99,31.99,147,0
FLCC.US,5,20260223,162000,31.83,31.83,31.83,31.83,7849,0
FLCC.US,5,20260223,163500,31.7999,31.7999,31.7999,31.7999,117,0
FLCC.US,5,20260223,173500,31.72,31.72,31.72,31.72,100,0
FLCC.US,5,20260223,185500,31.6899,31.7,31.655,31.655,1270,0
FLCC.US,5,20260223,191000,31.69,31.69,31.69,31.69,635,0
FLCC.US,5,20260223,191500,31.6925,31.724,31.688,31.724,904,0
FLCC.US,5,20260223,194500,31.735,31.735,31.735,31.735,600,0
FLCC.US,5,20260223,204000,31.665,31.665,31.6475,31.665,963,0
FLCC.US,5,20260223,205000,31.6828,31.71,31.6828,31.6828,2400,0
FLCC.US,5,20260223,212500,31.6201,31.6201,31.6201,31.6201,244,0
FLCC.US,5,20260223,214000,31.73,31.73,31.73,31.73,100,0
FLCC.US,5,20260224,154500,31.98,31.98,31.98,31.98,217,0
FLCC.US,5,20260224,155000,31.98,31.98,31.95,31.95,1329,0
FLCC.US,5,20260224,161500,31.83,31.83,31.83,31.83,100,0
FLCC.US,5,20260224,162000,31.88,31.88,31.88,31.88,274,0
FLCC.US,5,20260224,171500,32.0285,32.0285,32.0285,32.0285,589,0
FLCC.US,5,20260224,180500,31.95,31.95,31.95,31.95,200,0
FLCC.US,5,20260224,195000,32.05,32.05,32.05,32.05,596,0
FLCC.US,5,20260224,204500,32.04,32.04,32.04,32.04,100,0
FLCC.US,5,20260224,211500,31.98,32.02,31.94,31.98,3364,0
FLCC.US,5,20260224,213500,31.9601,31.9601,31.9601,31.9601,207,0
FLCC.US,5,20260224,215500,32.06,32.06,32.06,32.06,1829,0
FLCC.US,5,20260225,154000,32.12,32.12,32.12,32.12,249,0
FLCC.US,5,20260225,174500,32.23,32.23,32.23,32.23,100,0
FLCC.US,5,20260225,183000,32.241,32.241,32.241,32.241,139,0
FLCC.US,5,20260225,185500,32.27,32.27,32.27,32.27,100,0
FLCC.US,5,20260225,190500,32.31,32.31,32.296,32.3099,1529,0
FLCC.US,5,20260225,201000,32.32,32.32,32.31,32.31,228,0
FLCC.US,5,20260225,204500,32.2601,32.2601,32.2601,32.2601,445,0
FLCC.US,5,20260225,210000,32.31,32.34,32.31,32.34,2907,0
FLCC.US,5,20260225,211000,32.3,32.3,32.3,32.3,350,0
FLCC.US,5,20260225,211500,32.31,32.3395,32.31,32.3395,667,0
FLCC.US,5,20260225,212000,32.3286,32.33,32.3286,32.33,300,0
FLCC.US,5,20260226,172500,32.27,32.27,32.27,32.27,2074,0
FLCC.US,5,20260226,174000,32.18,32.18,32.18,32.18,251,0
FLCC.US,5,20260226,180500,32.1899,32.1899,32.15,32.15,1406,0
FLCC.US,5,20260226,205000,32.37,32.37,32.37,32.37,100,0
FLCC.US,5,20260226,210500,32.38,32.3899,32.3799,32.3899,309,0
FLCC.US,5,20260226,212000,32.37,32.37,32.3,32.36,3958,0
FLCC.US,5,20260226,212500,32.325,32.36,32.325,32.36,380,0
FLCC.US,5,20260226,215000,32.36,32.36,32.36,32.36,100,0
FLCC.US,5,20260226,215500,32.36,32.36,32.36,32.36,100,0
FLCC.US,5,20260227,192000,32.11,32.11,32.11,32.11,400,0
FLCC.US,5,20260302,153000,32.01,32.01,32.0099,32.0099,400,0
FLCC.US,5,20260302,153500,32.05,32.05,32.0499,32.0499,400,0
FLCC.US,5,20260302,154000,32.04,32.04,31.985,31.985,415,0
FLCC.US,5,20260302,155500,32.09,32.09,32.09,32.09,100,0
FLCC.US,5,20260302,161000,32.15,32.15,32.15,32.15,545,0
FLCC.US,5,20260302,163500,32.13,32.13,32.13,32.13,100,0
FLCC.US,5,20260302,165500,32.13,32.13,32.13,32.13,175,0
FLCC.US,5,20260302,171000,32.21,32.21,32.21,32.21,590,0
FLCC.US,5,20260302,172500,32.1,32.1,32.1,32.1,107,0
FLCC.US,5,20260302,175000,32.255,32.255,32.255,32.255,125,0
FLCC.US,5,20260302,192000,32.32,32.32,32.3199,32.3199,600,0
FLCC.US,5,20260302,192500,32.28,32.28,32.28,32.28,156,0
FLCC.US,5,20260302,201000,32.2848,32.285,32.2848,32.285,1080,0
FLCC.US,5,20260302,202500,32.38,32.38,32.38,32.38,100,0
FLCC.US,5,20260302,203500,32.37,32.37,32.37,32.37,185,0
FLCC.US,5,20260302,215000,32.275,32.275,32.275,32.275,683,0
FLCC.US,5,20260303,163000,31.5,31.5,31.45,31.45,2500,0
FLCC.US,5,20260303,164000,31.55,31.55,31.55,31.55,100,0
FLCC.US,5,20260303,165000,31.52,31.53,31.485,31.485,800,0
FLCC.US,5,20260303,165500,31.5,31.5,31.5,31.5,164,0
FLCC.US,5,20260303,174500,31.82,31.82,31.82,31.82,200,0
FLCC.US,5,20260303,185500,31.875,31.875,31.875,31.875,319,0
FLCC.US,5,20260303,195000,32.14,32.14,32.07,32.07,366,0
FLCC.US,5,20260303,211500,32.14,32.14,32.04,32.11,4565,0
FLCC.US,5,20260303,212000,32.12,32.13,32.05,32.12,1400,0
FLCC.US,5,20260303,212500,32.12,32.12,32.12,32.12,100,0
FLCC.US,5,20260303,214500,32.1,32.11,32.1,32.1,731,0
FLCC.US,5,20260303,215000,32.05,32.05,32.05,32.05,2894,0
FLCC.US,5,20260304,162500,32.2401,32.338,32.2401,32.338,1912,0
FLCC.US,5,20260304,170500,32.3299,32.33,32.25,32.26,1300,0
FLCC.US,5,20260304,175500,32.27,32.285,32.2501,32.285,4955,0
FLCC.US,5,20260304,181500,32.3299,32.3299,32.3299,32.3299,343,0
FLCC.US,5,20260304,184500,32.32,32.32,32.32,32.32,100,0
FLCC.US,5,20260304,190500,32.3,32.32,32.3,32.32,220179,0
FLCC.US,5,20260304,195000,32.34,32.41,32.3399,32.3399,400,0
FLCC.US,5,20260304,215000,32.25,32.28,32.25,32.28,200,0
FLCC.US,5,20260304,215500,32.25,32.25,32.245,32.245,263,0
FLCC.US,5,20260305,183500,32.05,32.05,32.05,32.05,108,0
FLCC.US,5,20260305,184500,32.01,32.01,32.01,32.01,100,0
FLCC.US,5,20260305,190500,32.02,32.02,32.02,32.02,100,0
FLCC.US,5,20260305,191000,32.04,32.04,32.02,32.02,839,0
FLCC.US,5,20260305,204000,32.029,32.029,31.996,31.996,364,0
FLCC.US,5,20260305,204500,32.03,32.03,32.0299,32.0299,400,0
FLCC.US,5,20260305,205000,31.995,31.995,31.995,31.995,589,0
FLCC.US,5,20260305,211500,32.03,32.1089,32.03,32.1089,2600,0
FLCC.US,5,20260306,153500,31.76,31.76,31.76,31.76,326,0
FLCC.US,5,20260306,165500,31.86,31.86,31.86,31.86,424,0
FLCC.US,5,20260306,175500,31.92,31.92,31.88,31.88,357,0
FLCC.US,5,20260306,184500,31.78,31.83,31.78,31.83,1700,0
FLCC.US,5,20260306,185000,31.8,31.83,31.8,31.83,1115,0
FLCC.US,5,20260306,185500,31.78,31.78,31.78,31.78,165,0
FLCC.US,5,20260306,190000,31.87,31.87,31.87,31.87,235,0
FLCC.US,5,20260306,192000,31.88,31.88,31.88,31.88,364,0
FLCC.US,5,20260306,195500,31.84,31.84,31.84,31.84,140388,0
FLCC.US,5,20260306,200000,31.853,31.853,31.853,31.853,780,0
FLCC.US,5,20260306,200500,31.84,31.84,31.84,31.84,155,0
FLCC.US,5,20260306,213000,31.79,31.79,31.79,31.79,1657,0
FLCC.US,5,20260309,145500,31.26,31.26,31.26,31.26,6977,0
FLCC.US,5,20260309,151000,31.29,31.29,31.21,31.21,200,0
FLCC.US,5,20260309,151500,31.1898,31.1898,31.1898,31.1898,132,0
FLCC.US,5,20260309,152000,31.3,31.35,31.3,31.35,400,0
FLCC.US,5,20260309,155000,31.53,31.53,31.53,31.53,100,0
FLCC.US,5,20260309,164000,31.53,31.53,31.53,31.53,935,0
FLCC.US,5,20260309,164500,31.5001,31.53,31.5001,31.52,3104,0
FLCC.US,5,20260309,193500,31.66,31.66,31.66,31.66,420,0
FLCC.US,5,20260309,200000,31.6699,31.6699,31.6699,31.6699,1495,0
FLCC.US,5,20260309,202500,31.93,31.93,31.93,31.93,455,0
FLCC.US,5,20260309,204500,31.9851,31.9851,31.9851,31.9851,157,0
FLCC.US,5,20260310,150500,31.78,31.78,31.78,31.78,300,0
FLCC.US,5,20260310,151500,31.6601,31.72,31.6601,31.72,464,0
FLCC.US,5,20260310,152000,31.8459,31.8459,31.8459,31.8459,219,0
FLCC.US,5,20260310,154500,31.94,31.94,31.94,31.94,1006,0
FLCC.US,5,20260310,164500,32.0346,32.0346,32.0346,32.0346,1550,0
FLCC.US,5,20260310,172500,32.005,32.005,32.005,32.005,130,0
FLCC.US,5,20260311,144000,31.845,31.845,31.845,31.845,152,0
FLCC.US,5,20260311,150000,31.85,31.85,31.85,31.85,158,0
FLCC.US,5,20260311,152500,31.74,31.74,31.74,31.74,316,0
FLCC.US,5,20260311,153500,31.795,31.795,31.795,31.795,315,0
FLCC.US,5,20260311,160500,31.8614,31.8614,31.8614,31.8614,265,0
FLCC.US,5,20260311,161000,31.7,31.7,31.6801,31.6801,474,0
FLCC.US,5,20260311,161500,31.6615,31.6615,31.6615,31.6615,316,0
FLCC.US,5,20260311,162500,31.73,31.73,31.73,31.73,337,0
FLCC.US,5,20260311,164000,31.67,31.67,31.67,31.67,144,0
FLCC.US,5,20260311,170000,31.62,31.62,31.62,31.62,300,0
FLCC.US,5,20260311,170500,31.645,31.645,31.645,31.645,158,0
FLCC.US,5,20260311,171000,31.6273,31.6273,31.6273,31.6273,317,0
FLCC.US,5,20260311,174000,31.6718,31.7251,31.6718,31.7251,323,0
FLCC.US,5,20260311,174500,31.71,31.71,31.71,31.71,158,0
FLCC.US,5,20260311,184000,31.66,31.66,31.66,31.66,500,0
FLCC.US,5,20260311,193500,31.72,31.72,31.72,31.72,400,0
FLCC.US,5,20260311,194000,31.7112,31.72,31.7112,31.72,315,0
FLCC.US,5,20260311,194500,31.725,31.725,31.725,31.725,158,0
FLCC.US,5,20260311,202500,31.74,31.74,31.74,31.74,221,0
FLCC.US,5,20260312,143500,31.56,31.56,31.56,31.56,400,0
FLCC.US,5,20260312,144500,31.57,31.57,31.57,31.57,100,0
FLCC.US,5,20260312,145500,31.53,31.53,31.53,31.53,296,0
FLCC.US,5,20260312,154000,31.55,31.55,31.525,31.525,200,0
FLCC.US,5,20260312,164000,31.55,31.55,31.55,31.55,800,0
FLCC.US,5,20260312,165500,31.53,31.53,31.53,31.53,318,0
FLCC.US,5,20260312,173000,31.53,31.53,31.53,31.53,318,0
FLCC.US,5,20260312,174000,31.58,31.584,31.58,31.58,1438,0
FLCC.US,5,20260312,185000,31.45,31.45,31.45,31.45,232,0
FLCC.US,5,20260312,193500,31.45,31.45,31.45,31.45,300,0
FLCC.US,5,20260312,200000,31.4114,31.4114,31.4114,31.4114,189,0
FLCC.US,5,20260312,201500,31.39,31.3907,31.39,31.39,435,0
FLCC.US,5,20260312,202500,31.49,31.49,31.49,31.49,100,0
FLCC.US,5,20260312,204000,31.405,31.405,31.405,31.405,280,0
FLCC.US,5,20260312,205000,31.385,31.385,31.385,31.385,244,0
FLCC.US,5,20260312,205500,31.4399,31.4399,31.375,31.39,1467,0
FLCC.US,5,20260313,185500,31.1521,31.1521,31.1521,31.1521,400,0
FLCC.US,5,20260313,191000,31.1999,31.1999,31.1999,31.1999,494,0
FLCC.US,5,20260313,201500,31.22,31.22,31.22,31.22,600,0
FLCC.US,5,20260313,204000,31.11,31.11,31.04,31.04,2440,0
FLCC.US,5,20260313,204500,31.07,31.07,31.07,31.07,448,0
FLCC.US,5,20260316,170500,31.395,31.395,31.395,31.395,620,0
FLCC.US,5,20260316,183000,31.4034,31.4034,31.4034,31.4034,329,0
FLCC.US,5,20260316,195000,31.5111,31.5111,31.5111,31.5111,175,0
FLCC.US,5,20260316,200000,31.5,31.5,31.5,31.5,350,0
FLCC.US,5,20260317,144500,31.81,31.81,31.81,31.81,400,0
FLCC.US,5,20260317,154000,31.74,31.74,31.74,31.74,785,0
FLCC.US,5,20260317,164000,31.67,31.67,31.6699,31.6699,200,0
FLCC.US,5,20260317,180500,31.675,31.675,31.675,31.675,130,0
FLCC.US,5,20260317,191000,31.67,31.67,31.67,31.67,1005,0
FLCC.US,5,20260317,194500,31.605,31.6499,31.605,31.6499,1864,0
FLCC.US,5,20260317,195000,31.6272,31.6272,31.6272,31.6272,1600,0
FLCC.US,5,20260317,200000,31.652,31.652,31.652,31.652,1415,0
FLCC.US,5,20260317,203500,31.6292,31.6292,31.6292,31.6292,126,0
FLCC.US,5,20260317,204500,31.65,31.65,31.65,31.65,100,0
FLCC.US,5,20260317,205500,31.63,31.63,31.63,31.63,866,0
FLCC.US,5,20260318,144000,31.54,31.54,31.54,31.54,537,0
FLCC.US,5,20260318,145500,31.535,31.535,31.535,31.535,312,0
FLCC.US,5,20260318,163000,31.46,31.46,31.46,31.46,100,0
FLCC.US,5,20260318,172500,31.435,31.435,31.435,31.435,188,0
FLCC.US,5,20260318,173000,31.4047,31.4047,31.4047,31.4047,300,0
FLCC.US,5,20260318,183000,31.41,31.419,31.4099,31.4099,1430,0
FLCC.US,5,20260318,190000,31.45,31.45,31.45,31.45,100,0
FLCC.US,5,20260318,193500,31.365,31.365,31.365,31.365,610,0
FLCC.US,5,20260318,194000,31.37,31.37,31.3699,31.3699,1348,0
FLCC.US,5,20260319,145500,31.14,31.14,31.14,31.14,170,0
FLCC.US,5,20260319,171500,31.06,31.06,31.06,31.06,100,0
FLCC.US,5,20260319,172000,31.03,31.04,31,31.04,2767,0
FLCC.US,5,20260319,185000,31.06,31.06,31.06,31.06,100,0
FLCC.US,5,20260319,201000,31.23,31.2521,31.23,31.2521,500,0
FLCC.US,5,20260319,201500,31.27,31.27,31.27,31.27,200,0
FLCC.US,5,20260320,150000,30.93,30.93,30.93,30.93,100,0
FLCC.US,5,20260320,165000,30.9,30.9,30.89,30.9,6115,0
FLCC.US,5,20260320,175000,30.9,30.9,30.9,30.9,100,0
FLCC.US,5,20260320,194000,30.7,30.7,30.7,30.7,100,0
FLCC.US,5,20260320,201000,30.68,30.68,30.68,30.68,100,0
FLCC.US,5,20260323,143500,31.05,31.05,31.05,31.05,100,0
FLCC.US,5,20260323,144500,31.2,31.2,31.2,31.2,100,0
FLCC.US,5,20260323,151500,31.305,31.305,31.305,31.305,199,0
FLCC.US,5,20260323,170500,31.05,31.05,31.05,31.05,900,0
FLCC.US,5,20260323,180500,31.05,31.05,31.05,31.05,100,0
FLCC.US,5,20260323,183000,31.08,31.08,31.08,31.08,100,0
FLCC.US,5,20260323,192000,31.1662,31.19,31.1662,31.19,3230,0
FLCC.US,5,20260323,193500,31.28,31.28,31.28,31.28,100,0
FLCC.US,5,20260323,203000,31.125,31.125,31.125,31.125,159,0
FLCC.US,5,20260323,203500,31.16,31.16,31.16,31.16,100,0
FLCC.US,5,20260324,145000,30.77,30.77,30.77,30.77,100,0
FLCC.US,5,20260324,152500,30.86,30.86,30.86,30.86,100,0
FLCC.US,5,20260324,160500,31.01,31.01,31.01,31.01,700,0
FLCC.US,5,20260324,161500,31.04,31.04,31.04,31.04,264,0
FLCC.US,5,20260324,162500,31.05,31.05,31.05,31.05,100,0
FLCC.US,5,20260324,174000,30.99,30.99,30.99,30.99,201,0
FLCC.US,5,20260324,185000,30.96,30.96,30.96,30.96,100,0
FLCC.US,5,20260324,192500,30.9649,30.9649,30.9301,30.9301,800,0
FLCC.US,5,20260324,193000,30.985,30.985,30.985,30.985,1500,0
FLCC.US,5,20260324,195500,31.0299,31.0299,31.0299,31.0299,150,0
FLCC.US,5,20260324,200000,31.0499,31.0499,31.0499,31.0499,100,0
FLCC.US,5,20260324,203000,31.01,31.01,31.01,31.01,100,0
FLCC.US,5,20260324,203500,30.965,30.965,30.965,30.965,327,0
FLCC.US,5,20260325,152000,31.23,31.23,31.2299,31.2299,1000,0
FLCC.US,5,20260325,152500,31.24,31.24,31.24,31.24,100,0
FLCC.US,5,20260325,163000,31.0801,31.0801,31.0801,31.0801,250,0
FLCC.US,5,20260325,200000,31.065,31.1,31.065,31.0999,450,0
FLCC.US,5,20260325,201000,31.12,31.12,31.12,31.12,100,0
FLCC.US,5,20260325,202000,31.15,31.15,31.15,31.15,200,0
FLCC.US,5,20260325,203000,31.08,31.08,31.08,31.08,790,0
FLCC.US,5,20260326,150500,31.04,31.04,31.04,31.04,597,0
FLCC.US,5,20260326,153500,31.0698,31.0698,31.0698,31.0698,350,0
FLCC.US,5,20260326,160500,30.95,30.95,30.95,30.95,500,0
FLCC.US,5,20260326,161000,31,31,31,31,500,0
FLCC.US,5,20260326,175500,30.775,30.775,30.775,30.775,200,0
FLCC.US,5,20260326,180500,30.81,30.81,30.7908,30.7908,260,0
FLCC.US,5,20260326,181000,30.76,30.76,30.7501,30.7501,400,0
FLCC.US,5,20260326,183000,30.7559,30.7559,30.7559,30.7559,100,0
FLCC.US,5,20260326,185000,30.7,30.7,30.7,30.7,100,0
FLCC.US,5,20260326,192000,30.63,30.63,30.63,30.63,100,0
FLCC.US,5,20260326,193000,30.64,30.7,30.64,30.7,3853,0
FLCC.US,5,20260326,193500,30.69,30.69,30.69,30.69,5000,0
FLCC.US,5,20260326,203500,30.615,30.615,30.615,30.615,853,0
FLCC.US,5,20260326,205500,30.64,30.64,30.64,30.64,500,0
FLCC.US,5,20260327,151000,30.1823,30.225,30.1823,30.225,676,0
FLCC.US,5,20260327,170000,30.275,30.275,30.275,30.275,554,0
FLCC.US,5,20260327,170500,30.235,30.235,30.235,30.235,500,0
FLCC.US,5,20260327,171500,30.19,30.19,30.19,30.19,300,0
FLCC.US,5,20260327,194000,30.09,30.09,30.0899,30.0899,200,0
FLCC.US,5,20260327,202500,30.0072,30.0072,30.0072,30.0072,301,0
FLCC.US,5,20260327,204500,30,30,30,30,2940,0
FLCC.US,5,20260327,205000,29.99,29.99,29.9899,29.9899,333,0
FLCC.US,5,20260330,160500,30.12,30.12,30.12,30.12,100,0
FLCC.US,5,20260330,165500,30.09,30.09,30.09,30.09,230,0
FLCC.US,5,20260330,174500,30.2402,30.2402,30.2402,30.2402,761,0
FLCC.US,5,20260330,190500,30.125,30.125,30.125,30.125,200,0
FLCC.US,5,20260330,202000,29.995,29.995,29.995,29.995,318,0
FLCC.US,5,20260330,213000,29.88,29.88,29.88,29.88,391,0
FLCC.US,5,20260331,153500,30.32,30.35,30.31,30.35,2039,0
FLCC.US,5,20260331,160500,30.5,30.5,30.5,30.5,100,0
FLCC.US,5,20260331,162000,30.445,30.445,30.445,30.445,1379,0
FLCC.US,5,20260331,174500,30.4131,30.4131,30.4131,30.4131,459,0
FLCC.US,5,20260331,175000,30.48,30.48,30.48,30.48,448,0
FLCC.US,5,20260331,180000,30.47,30.47,30.47,30.47,200,0
FLCC.US,5,20260331,182500,30.495,30.53,30.495,30.5062,1400,0
FLCC.US,5,20260331,184500,30.58,30.58,30.58,30.58,101,0
FLCC.US,5,20260331,185500,30.7081,30.7081,30.7081,30.7081,105,0
FLCC.US,5,20260331,193000,30.78,30.78,30.7799,30.7799,1000,0
FLCC.US,5,20260331,193500,30.75,30.75,30.75,30.75,100,0
FLCC.US,5,20260401,153000,31.14,31.14,31.14,31.14,799,0
FLCC.US,5,20260401,153500,31.2,31.2,31.2,31.2,200,0
FLCC.US,5,20260401,154500,30.99,30.99,30.99,30.99,101,0
FLCC.US,5,20260401,170500,31.22,31.22,31.22,31.22,149,0
FLCC.US,5,20260401,171500,31.22,31.22,31.22,31.22,196230,0
FLCC.US,5,20260401,172500,31.21,31.21,31.21,31.21,71710,0
FLCC.US,5,20260401,173500,31.21,31.21,31.21,31.21,207708,0
FLCC.US,5,20260401,175000,31.22,31.22,31.22,31.22,100,0
FLCC.US,5,20260401,180000,31.27,31.27,31.27,31.27,201673,0
FLCC.US,5,20260401,180500,31.26,31.26,31.24,31.24,59156,0
FLCC.US,5,20260401,194500,31.26,31.26,31.26,31.26,600,0
FLCC.US,5,20260401,195500,31.22,31.22,31.22,31.22,7000,0
FLCC.US,5,20260401,200500,31.19,31.19,31.16,31.16,983,0
FLCC.US,5,20260401,201000,31.2,31.2,31.16,31.16,3770,0
FLCC.US,5,20260401,203500,31.07,31.07,31.07,31.07,289,0
FLCC.US,5,20260401,205000,31.075,31.075,31.075,31.075,126,0
FLCC.US,5,20260401,211000,31.09,31.09,31.09,31.09,541,0
FLCC.US,5,20260401,212500,31.19,31.19,31.19,31.19,400,0
FLCC.US,5,20260401,213000,31.18,31.18,31.18,31.18,4881,0
FLCC.US,5,20260401,215500,31.15,31.15,31.15,31.15,100,0
FLCC.US,5,20260402,154500,30.72,30.72,30.72,30.72,100,0
FLCC.US,5,20260402,160000,30.78,30.78,30.78,30.78,198,0
FLCC.US,5,20260402,171000,31.105,31.17,31.105,31.1699,7091,0
FLCC.US,5,20260402,194000,31.07,31.089,31.0699,31.089,7100,0
FLCC.US,5,20260402,202000,31.07,31.07,31.06,31.07,2030,0
FLCC.US,5,20260402,202500,31.005,31.05,31.005,31.05,6795,0
FLCC.US,5,20260402,203000,31.06,31.07,31.059,31.07,9194,0
FLCC.US,5,20260402,203500,31.06,31.069,31.015,31.0577,5125,0
FLCC.US,5,20260402,204000,31.09,31.09,31.09,31.09,2384,0
FLCC.US,5,20260402,212500,31.08,31.08,31.08,31.08,100,0
FLCC.US,5,20260402,214500,31.12,31.12,31.12,31.12,197,0
FLCC.US,5,20260406,165500,31.215,31.26,31.215,31.2599,1446,0
FLCC.US,5,20260406,175500,31.26,31.27,31.2599,31.2599,2520,0
FLCC.US,5,20260406,184000,31.25,31.25,31.25,31.25,799,0
FLCC.US,5,20260406,190000,31.205,31.205,31.205,31.205,1000,0
FLCC.US,5,20260406,201000,31.22,31.22,31.22,31.22,1000,0
FLCC.US,5,20260406,201500,31.26,31.26,31.26,31.26,1000,0
FLCC.US,5,20260406,204000,31.2,31.21,31.2,31.21,405,0
FLCC.US,5,20260406,210000,31.28,31.28,31.28,31.28,500,0
FLCC.US,5,20260406,211500,31.27,31.27,31.2699,31.2699,900,0
FLCC.US,5,20260406,212000,31.2699,31.27,31.2699,31.27,900,0
FLCC.US,5,20260406,213000,31.27,31.27,31.225,31.225,218,0
FLCC.US,5,20260406,215000,31.28,31.28,31.28,31.28,31088,0
FLCC.US,5,20260406,215500,31.27,31.27,31.2699,31.2699,922,0
FLCC.US,5,20260407,155000,31.17,31.17,31.17,31.17,100,0
FLCC.US,5,20260407,180000,31.135,31.135,31.135,31.135,173,0
FLCC.US,5,20260407,182500,31.24,31.24,31.2,31.2,792,0
FLCC.US,5,20260407,195000,31.29,31.29,31.29,31.29,400,0
FLCC.US,5,20260407,200000,31.28,31.28,31.2799,31.2799,1492,0
FLCC.US,5,20260407,214000,31.185,31.185,31.185,31.185,329,0
FLCC.US,5,20260407,214500,31.2401,31.2401,31.2401,31.2401,1019,0
FLCC.US,5,20260407,215500,31.32,31.32,31.32,31.32,500,0
FLCC.US,5,20260408,153500,32.15,32.15,32.15,32.15,104,0
FLCC.US,5,20260408,154000,32.0501,32.0501,32.0501,32.0501,165,0
FLCC.US,5,20260408,154500,32.1,32.1,32.1,32.1,293,0
FLCC.US,5,20260408,171000,31.95,31.9993,31.95,31.9993,1150,0
FLCC.US,5,20260408,194000,32.06,32.06,32.06,32.06,100,0
FLCC.US,5,20260408,203000,32.0599,32.0599,32.0599,32.0599,103,0
FLCC.US,5,20260408,211500,31.959,31.959,31.959,31.959,156,0
FLCC.US,5,20260408,212000,31.9444,31.9444,31.9444,31.9444,703,0
FLCC.US,5,20260408,213000,32,32.02,31.9757,32.0075,3111,0
FLCC.US,5,20260408,215000,32.0385,32.0497,32.005,32.0497,946,0
FLCC.US,5,20260409,153000,32.07,32.07,32.07,32.07,937,0
FLCC.US,5,20260409,161500,31.92,31.92,31.92,31.92,200,0
FLCC.US,5,20260409,171000,31.9199,31.92,31.9042,31.92,300,0
FLCC.US,5,20260409,175000,32.03,32.03,32.03,32.03,200,0
FLCC.US,5,20260409,200000,32.169,32.169,32.169,32.169,164,0
FLCC.US,5,20260409,204000,32.0416,32.0416,32.0416,32.0416,156,0
FLCC.US,5,20260409,204500,32.075,32.075,32.075,32.075,159,0
FLCC.US,5,20260409,205000,32.11,32.11,32.11,32.11,1000,0
FLCC.US,5,20260409,205500,32.11,32.13,32.08,32.13,473,0
FLCC.US,5,20260409,213500,32.19,32.19,32.176,32.176,776,0
FLCC.US,5,20260410,154000,32.16,32.16,32.16,32.16,187,0
FLCC.US,5,20260410,174500,32.12,32.12,32.12,32.12,100,0
FLCC.US,5,20260410,175000,32.12,32.12,32.1199,32.1199,1176,0
FLCC.US,5,20260410,175500,32.0793,32.0793,32.0793,32.0793,298,0
FLCC.US,5,20260410,181000,32.09,32.09,32.0899,32.0899,1456,0
FLCC.US,5,20260410,183500,32.09,32.09,32.0885,32.0885,946,0
FLCC.US,5,20260410,184000,32.06,32.06,32.06,32.06,130015,0
FLCC.US,5,20260410,185000,32.08,32.08,32.06,32.07,68540,0
FLCC.US,5,20260410,190000,32.07,32.07,32.04,32.06,19088,0
FLCC.US,5,20260410,191000,32.05,32.07,32.05,32.07,9994,0
FLCC.US,5,20260410,192000,32.03,32.03,32.03,32.03,112983,0
FLCC.US,5,20260410,192500,32.05,32.08,32.05,32.08,4996,0
FLCC.US,5,20260410,194500,32.07,32.08,32.07,32.07,2643,0
FLCC.US,5,20260410,195000,32.06,32.06,32.06,32.06,203,0
FLCC.US,5,20260410,195500,32.08,32.1,32.08,32.1,8783,0
FLCC.US,5,20260410,200500,32.01,32.01,32.01,32.01,311,0
FLCC.US,5,20260410,203500,32.07,32.07,32.07,32.07,4900,0
FLCC.US,5,20260410,205000,32.05,32.05,32.05,32.05,100,0
FLCC.US,5,20260410,205500,32.05,32.05,31.98,32.05,892,0
FLCC.US,5,20260410,210000,32.05,32.05,32.05,32.05,969,0
FLCC.US,5,20260410,210500,32.05,32.05,32.05,32.05,206,0
FLCC.US,5,20260410,211000,32.07,32.1,32.0699,32.1,3756,0
FLCC.US,5,20260410,211500,32.07,32.07,32.07,32.07,3664,0
FLCC.US,5,20260410,212000,32.07,32.09,32.07,32.09,1267,0
FLCC.US,5,20260410,212500,32.07,32.07,32.07,32.07,100,0
FLCC.US,5,20260410,213000,32.07,32.09,32.07,32.09,3149,0
FLCC.US,5,20260410,213500,32.05,32.06,32.04,32.04,14832,0
FLCC.US,5,20260410,214000,32.04,32.09,32.04,32.07,26907,0
FLCC.US,5,20260410,215000,32.13,32.1899,32.13,32.1899,250,0
FLCC.US,5,20260410,215500,32.13,32.13,32.13,32.13,4445,0
FLCC.US,5,20260413,153000,32.01,32.01,32.01,32.01,65644,0
FLCC.US,5,20260413,160500,32.09,32.09,32.09,32.09,8643,0
FLCC.US,5,20260413,161000,32.105,32.105,32.105,32.105,100,0
FLCC.US,5,20260413,164000,32.1699,32.17,32.1699,32.17,633,0
FLCC.US,5,20260413,165500,32.2,32.23,32.2,32.2299,953,0
FLCC.US,5,20260413,170000,32.2,32.2,32.19,32.19,342,0
FLCC.US,5,20260413,171000,32.18,32.18,32.15,32.18,1722,0
FLCC.US,5,20260413,172000,32.15,32.15,32.15,32.15,749,0
FLCC.US,5,20260413,174000,32.17,32.17,32.17,32.17,59575,0
FLCC.US,5,20260413,174500,32.1699,32.1699,32.16,32.16,45162,0
FLCC.US,5,20260413,180500,32.19,32.19,32.19,32.19,100,0
FLCC.US,5,20260413,181000,32.22,32.22,32.22,32.22,100,0
FLCC.US,5,20260413,185500,32.34,32.34,32.3399,32.3399,1072,0
FLCC.US,5,20260413,192500,32.3598,32.36,32.3598,32.36,2450,0
FLCC.US,5,20260413,193500,32.35,32.35,32.3499,32.3499,2102,0
FLCC.US,5,20260413,194500,32.33,32.33,32.33,32.33,865,0
FLCC.US,5,20260413,195500,32.34,32.34,32.34,32.34,100,0
FLCC.US,5,20260413,202500,32.35,32.35,32.35,32.35,100,0
FLCC.US,5,20260413,205000,32.4,32.4,32.345,32.345,294,0
FLCC.US,5,20260413,205500,32.4,32.4,32.4,32.4,250,0
FLCC.US,5,20260413,210500,32.38,32.38,32.38,32.38,100,0
FLCC.US,5,20260413,211500,32.38,32.39,32.38,32.39,733,0
FLCC.US,5,20260413,213000,32.41,32.42,32.41,32.42,666,0
FLCC.US,5,20260413,213500,32.4298,32.4298,32.4298,32.4298,264,0
FLCC.US,5,20260413,214000,32.42,32.42,32.39,32.39,1254,0
FLCC.US,5,20260413,214500,32.42,32.42,32.42,32.42,425,0
FLCC.US,5,20260413,215000,32.48,32.49,32.4575,32.46,2653,0
FLCC.US,5,20260414,153000,32.73,32.73,32.73,32.73,2824,0
FLCC.US,5,20260414,162500,32.77,32.77,32.77,32.77,450,0
FLCC.US,5,20260414,165000,32.77,32.77,32.77,32.77,100,0
FLCC.US,5,20260414,165500,32.79,32.79,32.7899,32.7899,1248,0
FLCC.US,5,20260414,173000,32.79,32.79,32.79,32.79,291,0
FLCC.US,5,20260414,175000,32.85,32.87,32.85,32.87,500,0
FLCC.US,5,20260414,181500,32.86,32.88,32.86,32.88,400,0
FLCC.US,5,20260414,191000,32.83,32.83,32.83,32.83,637,0
FLCC.US,5,20260414,191500,32.879,32.88,32.879,32.8799,891,0
FLCC.US,5,20260414,193000,32.89,32.89,32.8899,32.8899,200,0
FLCC.US,5,20260414,194000,32.85,32.9,32.85,32.9,310,0
FLCC.US,5,20260414,194500,32.9,32.9,32.8999,32.8999,500,0
FLCC.US,5,20260414,195000,32.89,32.89,32.89,32.89,2917,0
FLCC.US,5,20260414,202000,32.8,32.8,32.8,32.8,185,0
FLCC.US,5,20260414,202500,32.765,32.8199,32.765,32.8199,4258,0
FLCC.US,5,20260414,204000,32.8085,32.8085,32.8085,32.8085,177,0
FLCC.US,5,20260414,205500,32.8081,32.8081,32.8081,32.8081,1523,0
FLCC.US,5,20260414,211000,32.86,32.86,32.86,32.86,100,0
FLCC.US,5,20260414,212000,32.8799,32.91,32.8799,32.88,2098,0
FLCC.US,5,20260414,213000,32.88,32.89,32.8799,32.8799,2948,0
FLCC.US,5,20260414,214000,32.88,32.9,32.86,32.88,3342,0
FLCC.US,5,20260414,214500,32.84,32.87,32.8001,32.8699,10183,0
FLCC.US,5,20260414,215000,32.89,32.89,32.835,32.835,3824,0
FLCC.US,5,20260415,155500,33.05,33.05,33.05,33.05,2700,0
FLCC.US,5,20260415,160000,33.05,33.05,32.995,32.995,386,0
FLCC.US,5,20260415,162500,33.06,33.06,33.06,33.06,290,0
FLCC.US,5,20260415,164500,33.12,33.12,33.12,33.12,100,0
FLCC.US,5,20260415,165000,33.12,33.12,33.08,33.08,636,0
FLCC.US,5,20260415,165500,33.13,33.13,33.13,33.13,100,0
FLCC.US,5,20260415,171000,33.11,33.11,33.11,33.11,246,0
FLCC.US,5,20260415,174000,33.14,33.16,33.14,33.16,300,0
FLCC.US,5,20260415,175000,33.11,33.11,33.11,33.11,107,0
FLCC.US,5,20260415,175500,33.13,33.13,33.13,33.13,1640,0
FLCC.US,5,20260415,180000,33.13,33.13,33.13,33.13,100,0
FLCC.US,5,20260415,180500,33.15,33.15,33.1499,33.1499,1748,0
FLCC.US,5,20260415,181000,33.16,33.16,33.16,33.16,1055,0
FLCC.US,5,20260415,182500,33.17,33.17,33.1699,33.1699,1928,0
FLCC.US,5,20260415,183000,33.16,33.16,33.16,33.16,100,0
FLCC.US,5,20260415,184000,33.09,33.12,33.09,33.1199,138863,0
FLCC.US,5,20260415,194000,33.18,33.18,33.18,33.18,100,0
FLCC.US,5,20260415,195000,33.179,33.179,33.179,33.179,500,0
FLCC.US,5,20260415,203500,33.25,33.25,33.25,33.25,100,0
FLCC.US,5,20260415,205000,33.27,33.27,33.27,33.27,248,0
FLCC.US,5,20260415,212000,33.27,33.27,33.235,33.235,613,0
FLCC.US,5,20260415,212500,33.245,33.245,33.245,33.245,155,0
FLCC.US,5,20260415,214000,33.25,33.25,33.25,33.25,940,0
FLCC.US,5,20260416,172500,33.3,33.3,33.3,33.3,580,0
FLCC.US,5,20260416,173500,33.32,33.37,33.27,33.37,400,0
FLCC.US,5,20260416,185000,33.315,33.315,33.315,33.315,750,0
FLCC.US,5,20260416,191000,33.26,33.26,33.26,33.26,184,0
FLCC.US,5,20260416,192000,33.2463,33.2463,33.2463,33.2463,886,0
FLCC.US,5,20260416,194000,33.33,33.33,33.33,33.33,100,0
FLCC.US,5,20260416,195500,33.3087,33.3087,33.3087,33.3087,577,0
FLCC.US,5,20260416,200500,33.28,33.28,33.28,33.28,1013,0
FLCC.US,5,20260416,201000,33.3,33.31,33.3,33.31,6200,0
FLCC.US,5,20260416,201500,33.27,33.31,33.27,33.3099,1391,0
FLCC.US,5,20260416,202000,33.31,33.31,33.24,33.24,944,0
FLCC.US,5,20260416,202500,33.245,33.28,33.235,33.27,1683,0
FLCC.US,5,20260416,203000,33.255,33.255,33.255,33.255,185,0
FLCC.US,5,20260416,203500,33.31,33.31,33.27,33.31,1500,0
FLCC.US,5,20260416,204000,33.3199,33.32,33.28,33.28,427,0
FLCC.US,5,20260416,205000,33.32,33.32,33.306,33.31,1850,0
FLCC.US,5,20260416,205500,33.275,33.31,33.265,33.31,2667,0
FLCC.US,5,20260416,210500,33.32,33.32,33.319,33.319,2988,0
FLCC.US,5,20260416,211000,33.275,33.275,33.275,33.275,896,0
FLCC.US,5,20260416,211500,33.32,33.32,33.32,33.32,100,0
FLCC.US,5,20260416,213500,33.33,33.33,33.3277,33.3277,1840,0
FLCC.US,5,20260417,154000,33.68,33.68,33.68,33.68,100,0
FLCC.US,5,20260417,155500,33.67,33.67,33.67,33.67,515,0
FLCC.US,5,20260417,160500,33.7598,33.7598,33.7598,33.7598,742,0
FLCC.US,5,20260417,162500,33.74,33.74,33.74,33.74,840,0
FLCC.US,5,20260417,163000,33.75,33.75,33.7402,33.75,994,0
FLCC.US,5,20260417,164000,33.85,33.85,33.85,33.85,100,0
FLCC.US,5,20260417,192000,33.8,33.8,33.8,33.8,8484,0
FLCC.US,5,20260417,195500,33.77,33.77,33.77,33.77,108,0
FLCC.US,5,20260417,201500,33.73,33.73,33.73,33.73,229,0
FLCC.US,5,20260417,202000,33.69,33.69,33.69,33.69,1070,0
FLCC.US,5,20260417,202500,33.81,33.81,33.8099,33.8099,4220,0
FLCC.US,5,20260417,203000,33.76,33.76,33.76,33.76,2962,0
FLCC.US,5,20260417,203500,33.765,33.765,33.765,33.765,201,0
FLCC.US,5,20260417,204000,33.7887,33.7887,33.7887,33.7887,688,0
FLCC.US,5,20260417,210000,33.745,33.745,33.745,33.745,100,0
FLCC.US,5,20260417,212000,33.77,33.77,33.768,33.768,438,0
FLCC.US,5,20260417,213000,33.8,33.8,33.8,33.8,100,0
FLCC.US,5,20260417,214000,33.82,33.82,33.8142,33.8199,512,0
FLCC.US,5,20260417,214500,33.7862,33.81,33.776,33.776,3432,0
FLCC.US,5,20260417,215000,33.78,33.78,33.78,33.78,497,0
FLCC.US,5,20260417,215500,33.75,33.75,33.75,33.75,403,0
FLCC.US,5,20260420,153000,33.69,33.82,33.69,33.8055,3371,0
FLCC.US,5,20260420,153500,33.81,33.81,33.81,33.81,395,0
FLCC.US,5,20260420,154000,33.79,33.79,33.79,33.79,100,0
FLCC.US,5,20260420,161000,33.83,33.83,33.83,33.83,100,0
FLCC.US,5,20260420,162000,33.82,33.82,33.82,33.82,180,0
FLCC.US,5,20260420,163000,33.8,33.8,33.7842,33.7842,414,0
FLCC.US,5,20260420,163500,33.75,33.75,33.75,33.75,103,0
FLCC.US,5,20260420,165000,33.74,33.74,33.74,33.74,100,0
FLCC.US,5,20260420,175000,33.72,33.72,33.72,33.72,104,0
FLCC.US,5,20260420,183000,33.8,33.8,33.766,33.766,374,0
FLCC.US,5,20260420,191500,33.76,33.7601,33.76,33.7601,514,0
FLCC.US,5,20260420,193000,33.79,33.79,33.79,33.79,500,0
FLCC.US,5,20260420,193500,33.765,33.765,33.765,33.765,101,0
FLCC.US,5,20260420,194500,33.7683,33.7683,33.7683,33.7683,254,0
FLCC.US,5,20260420,201000,33.79,33.79,33.79,33.79,100,0
FLCC.US,5,20260420,203500,33.765,33.8,33.765,33.8,300,0
FLCC.US,5,20260420,204000,33.77,33.809,33.77,33.809,2310,0
FLCC.US,5,20260420,205000,33.8,33.8,33.8,33.8,100,0
FLCC.US,5,20260420,211000,33.82,33.82,33.8199,33.82,400,0
FLCC.US,5,20260420,213000,33.765,33.765,33.765,33.765,675,0
FLCC.US,5,20260420,213500,33.8,33.81,33.8,33.81,1500,0
FLCC.US,5,20260420,214000,33.755,33.79,33.755,33.79,2957,0
FLCC.US,5,20260420,214500,33.745,33.745,33.745,33.745,591,0
FLCC.US,5,20260420,215000,33.78,33.78,33.75,33.75,1030,0
FLCC.US,5,20260420,215500,33.82,33.82,33.82,33.82,702,0
FLCC.US,5,20260421,153000,34,34,34,34,300,0
FLCC.US,5,20260421,154000,33.96,33.96,33.96,33.96,100,0
FLCC.US,5,20260421,161000,34.06,34.06,34.06,34.06,200,0
FLCC.US,5,20260421,165500,33.89,33.89,33.8899,33.8899,592,0
FLCC.US,5,20260421,173500,33.81,33.83,33.81,33.83,300,0
FLCC.US,5,20260421,174000,33.75,33.83,33.75,33.83,300,0
FLCC.US,5,20260421,180000,33.77,33.77,33.77,33.77,100,0
FLCC.US,5,20260421,183500,33.825,33.825,33.825,33.825,146,0
FLCC.US,5,20260421,193000,33.73,33.73,33.73,33.73,100,0
FLCC.US,5,20260421,193500,33.715,33.76,33.715,33.715,300,0
FLCC.US,5,20260421,200000,33.79,33.8,33.79,33.8,500,0
FLCC.US,5,20260421,200500,33.78,33.81,33.78,33.81,1700,0
FLCC.US,5,20260421,201000,33.8,33.8,33.79,33.79,400,0
FLCC.US,5,20260421,201500,33.78,33.78,33.78,33.78,300,0
FLCC.US,5,20260421,205500,33.8,33.8,33.8,33.8,100,0
FLCC.US,5,20260421,214000,33.73,33.73,33.73,33.73,267,0
FLCC.US,5,20260421,215500,33.69,33.69,33.69,33.69,100,0
FLCC.US,5,20260422,153000,34.06,34.06,34.06,34.06,587,0
FLCC.US,5,20260422,155000,33.985,33.985,33.985,33.985,441,0
FLCC.US,5,20260422,161000,34.08,34.08,34.07,34.07,400,0
FLCC.US,5,20260422,161500,34.08,34.08,34.08,34.08,500,0
FLCC.US,5,20260422,162000,34.0896,34.0896,34.0896,34.0896,185,0
FLCC.US,5,20260422,163000,34.07,34.07,34.07,34.07,735,0
FLCC.US,5,20260422,164000,34.03,34.03,33.985,33.985,2704,0
FLCC.US,5,20260422,173000,34.039,34.039,33.99,33.99,1600,0
FLCC.US,5,20260422,193500,33.9298,33.9298,33.9298,33.9298,163,0
FLCC.US,5,20260422,202000,33.96,33.97,33.96,33.97,200,0
FLCC.US,5,20260422,204000,33.95,34,33.9,33.9,2178,0
FLCC.US,5,20260422,205000,33.9989,33.9989,33.9989,33.9989,1566,0
FLCC.US,5,20260422,212500,33.985,33.985,33.985,33.985,400,0
FLCC.US,5,20260422,214500,34.0189,34.0189,34.0189,34.0189,545,0
FLCC.US,5,20260422,215000,34.03,34.03,34.0299,34.0299,1748,0
FLCC.US,5,20260423,154000,33.95,33.95,33.95,33.95,100,0
FLCC.US,5,20260423,155500,33.91,33.92,33.91,33.92,1100,0
FLCC.US,5,20260423,160000,33.86,33.86,33.83,33.83,1300,0
FLCC.US,5,20260423,163500,33.85,33.85,33.85,33.85,100,0
FLCC.US,5,20260423,165500,33.94,33.94,33.94,33.94,244,0
FLCC.US,5,20260423,171500,33.92,33.92,33.92,33.92,100,0
FLCC.US,5,20260423,172500,33.93,33.94,33.9,33.93,13143,0
FLCC.US,5,20260423,173500,33.92,33.92,33.92,33.92,100,0
FLCC.US,5,20260423,180000,33.89,33.89,33.89,33.89,100,0
FLCC.US,5,20260423,180500,33.86,33.87,33.86,33.87,1127,0
FLCC.US,5,20260423,182500,33.88,33.88,33.88,33.88,100,0
FLCC.US,5,20260423,185500,33.88,33.88,33.88,33.88,100,0
FLCC.US,5,20260423,190500,33.72,33.72,33.72,33.72,799,0
FLCC.US,5,20260423,191500,33.68,33.68,33.6799,33.6799,2964,0
FLCC.US,5,20260423,192500,33.64,33.69,33.64,33.69,200,0
FLCC.US,5,20260423,194500,33.4599,33.47,33.4599,33.4599,2280,0
FLCC.US,5,20260423,195000,33.49,33.49,33.4899,33.4899,358,0
FLCC.US,5,20260423,195500,33.67,33.67,33.67,33.67,100,0
FLCC.US,5,20260423,202500,33.75,33.75,33.75,33.75,100,0
FLCC.US,5,20260423,205500,33.74,33.74,33.74,33.74,100,0
FLCC.US,5,20260423,210500,33.695,33.695,33.695,33.695,271,0
FLCC.US,5,20260423,212000,33.76,33.76,33.76,33.76,100,0
FLCC.US,5,20260423,212500,33.76,33.76,33.758,33.758,563,0
FLCC.US,5,20260423,213000,33.77,33.78,33.76,33.76,761,0
FLCC.US,5,20260423,213500,33.7,33.7,33.69,33.69,1208,0
FLCC.US,5,20260423,214000,33.73,33.73,33.6804,33.6804,618,0
FLCC.US,5,20260423,215000,33.72,33.72,33.72,33.72,100,0
FLCC.US,5,20260423,215500,33.75,33.77,33.75,33.77,300,0
FLCC.US,5,20260424,154500,33.77,33.77,33.77,33.77,100,0
FLCC.US,5,20260424,155500,33.66,33.66,33.66,33.66,100,0
FLCC.US,5,20260424,161000,33.65,33.65,33.65,33.65,100,0
FLCC.US,5,20260424,161500,33.7698,33.7698,33.7698,33.7698,148,0
FLCC.US,5,20260424,164000,33.7994,33.7994,33.7994,33.7994,750,0
FLCC.US,5,20260424,171000,33.811,33.811,33.811,33.811,607,0
FLCC.US,5,20260424,173000,33.795,33.795,33.795,33.795,1000,0
FLCC.US,5,20260424,174500,33.8501,33.8501,33.82,33.82,211,0
FLCC.US,5,20260424,175000,33.8501,33.8501,33.8501,33.8501,100,0
FLCC.US,5,20260424,175500,33.89,33.89,33.86,33.86,200,0
FLCC.US,5,20260424,195500,33.935,33.935,33.935,33.935,659,0
FLCC.US,5,20260424,200000,33.9101,33.9101,33.91,33.91,600,0
FLCC.US,5,20260424,201000,33.87,33.87,33.87,33.87,100,0
FLCC.US,5,20260424,213000,33.95,33.95,33.95,33.95,150,0
FLCC.US,5,20260424,215500,33.99,34.03,33.9628,33.9628,6294,0
FLCC.US,5,20260427,154500,34.0081,34.0081,33.9696,33.9696,6411,0
FLCC.US,5,20260427,155500,33.978,34.04,33.978,34.04,282,0
FLCC.US,5,20260427,161500,33.9995,33.9995,33.9995,33.9995,250,0
FLCC.US,5,20260427,164000,34.0095,34.0095,34.0095,34.0095,1470,0
FLCC.US,5,20260427,165000,34.01,34.01,34.01,34.01,2939,0
FLCC.US,5,20260427,182500,33.965,33.965,33.965,33.965,1265,0
FLCC.US,5,20260427,185000,34.01,34.01,33.97,33.97,2228,0
FLCC.US,5,20260427,185500,34.01,34.01,34,34,300,0
FLCC.US,5,20260427,190000,34.05,34.05,34,34,296,0
FLCC.US,5,20260427,190500,34.06,34.06,34.06,34.06,100,0
FLCC.US,5,20260427,192500,34.02,34.049,34.0059,34.0059,10112,0
FLCC.US,5,20260427,193000,34.05,34.05,34.015,34.015,2127,0
FLCC.US,5,20260427,193500,34.069,34.069,34.015,34.015,1280,0
FLCC.US,5,20260427,194500,34.04,34.04,34.0399,34.0399,912,0
FLCC.US,5,20260427,195000,34.05,34.05,34.05,34.05,500,0
FLCC.US,5,20260427,195500,34.04,34.04,34.04,34.04,100,0
FLCC.US,5,20260427,201000,34.05,34.05,34.05,34.05,500,0
FLCC.US,5,20260427,201500,34.05,34.05,34.05,34.05,100,0
FLCC.US,5,20260427,203000,34.05,34.05,34.05,34.05,500,0
FLCC.US,5,20260427,204500,34.03,34.03,34.03,34.03,100,0
FLCC.US,5,20260427,205500,34.03,34.03,34.03,34.03,500,0
FLCC.US,5,20260427,215000,34.04,34.05,34.03,34.04,62332,0
FLCC.US,5,20260428,154500,33.91,33.92,33.91,33.92,300,0
FLCC.US,5,20260428,160000,33.75,33.75,33.75,33.75,100,0
FLCC.US,5,20260428,163500,33.7,33.7,33.67,33.67,250,0
FLCC.US,5,20260428,165000,33.705,33.705,33.705,33.705,500,0
FLCC.US,5,20260428,165500,33.75,33.75,33.67,33.67,200,0
FLCC.US,5,20260428,171500,33.78,33.78,33.7,33.7,200,0
FLCC.US,5,20260428,173000,33.749,33.75,33.68,33.68,869,0
FLCC.US,5,20260428,173500,33.74,33.75,33.74,33.7499,1050,0
FLCC.US,5,20260428,182000,33.78,33.79,33.7799,33.79,800,0
FLCC.US,5,20260428,183000,33.78,33.78,33.78,33.78,100,0
FLCC.US,5,20260428,184500,33.75,33.75,33.75,33.75,100,0
FLCC.US,5,20260428,192000,33.78,33.78,33.735,33.78,3207,0
FLCC.US,5,20260428,194000,33.82,33.82,33.82,33.82,100,0
FLCC.US,5,20260428,195000,33.82,33.83,33.82,33.83,400,0
FLCC.US,5,20260428,200000,33.74,33.84,33.74,33.83,3452,0
FLCC.US,5,20260428,200500,33.82,33.82,33.82,33.82,100,0
FLCC.US,5,20260428,202000,33.84,34.14,33.83,33.83,3268,0
FLCC.US,5,20260428,202500,33.83,33.8799,33.8142,33.83,5927,0
FLCC.US,5,20260428,203500,33.79,33.81,33.79,33.8099,8013,0
FLCC.US,5,20260428,204000,33.81,33.82,33.77,33.77,4437,0
FLCC.US,5,20260428,204500,33.8283,33.8283,33.8283,33.8283,2611,0
FLCC.US,5,20260428,205000,33.83,33.83,33.82,33.82,37130,0
FLCC.US,5,20260428,210500,33.84,33.84,33.84,33.84,100,0
FLCC.US,5,20260428,211000,33.8,33.8,33.8,33.8,200,0
FLCC.US,5,20260428,211500,33.83,33.83,33.8299,33.8299,700,0
FLCC.US,5,20260428,215500,33.83,33.83,33.83,33.83,100,0
FLCC.US,5,20260429,153500,33.8,33.8,33.78,33.78,200,0
FLCC.US,5,20260429,154000,33.78,33.7881,33.75,33.75,400,0
FLCC.US,5,20260429,154500,33.74,33.74,33.74,33.74,100,0
FLCC.US,5,20260429,155000,33.76,33.76,33.75,33.75,200,0
FLCC.US,5,20260429,155500,33.76,33.76,33.76,33.76,100,0
FLCC.US,5,20260429,160000,33.72,33.72,33.72,33.72,100,0
FLCC.US,5,20260429,160500,33.74,33.74,33.74,33.74,100,0
FLCC.US,5,20260429,161000,33.76,33.76,33.75,33.75,200,0
FLCC.US,5,20260429,161500,33.77,33.77,33.77,33.77,100,0
FLCC.US,5,20260429,162000,33.75,33.75,33.75,33.75,267,0
FLCC.US,5,20260429,162500,33.77,33.77,33.77,33.77,100,0
FLCC.US,5,20260429,163500,33.76,33.76,33.76,33.76,100,0
FLCC.US,5,20260429,164500,33.75,33.75,33.71,33.71,1581,0
FLCC.US,5,20260429,165000,33.74,33.74,33.74,33.74,100,0
FLCC.US,5,20260429,165500,33.74,33.74,33.74,33.74,100,0
FLCC.US,5,20260429,170500,33.72,33.72,33.72,33.72,100,0
FLCC.US,5,20260429,171000,33.67,33.67,33.67,33.67,100,0
FLCC.US,5,20260429,171500,33.69,33.69,33.69,33.69,100,0
FLCC.US,5,20260429,172500,33.7,33.7,33.7,33.7,100,0
FLCC.US,5,20260429,173000,33.69,33.69,33.69,33.69,100,0
FLCC.US,5,20260429,174000,33.68,33.68,33.68,33.68,100,0
FLCC.US,5,20260429,175000,33.71,33.71,33.71,33.71,100,0
FLCC.US,5,20260429,175500,33.66,33.66,33.66,33.66,100,0
FLCC.US,5,20260429,180500,33.69,33.69,33.69,33.69,100,0
FLCC.US,5,20260429,181500,33.67,33.67,33.67,33.67,100,0
FLCC.US,5,20260429,182500,33.67,33.67,33.65,33.65,2100,0
FLCC.US,5,20260429,183500,33.61,33.61,33.61,33.61,100,0
FLCC.US,5,20260429,184000,33.63,33.64,33.6177,33.64,2300,0
FLCC.US,5,20260429,184500,33.64,33.64,33.64,33.64,100,0
FLCC.US,5,20260429,185500,33.64,33.64,33.64,33.64,100,0
FLCC.US,5,20260429,190500,33.63,33.63,33.63,33.63,100,0
FLCC.US,5,20260429,191000,33.6111,33.6111,33.6111,33.6111,382,0
FLCC.US,5,20260429,191500,33.63,33.63,33.63,33.63,100,0
FLCC.US,5,20260429,192500,33.63,33.63,33.63,33.63,100,0
FLCC.US,5,20260429,193500,33.66,33.66,33.66,33.66,100,0
FLCC.US,5,20260429,194000,33.63,33.63,33.63,33.63,372,0
FLCC.US,5,20260429,194500,33.66,33.68,33.66,33.68,300,0
FLCC.US,5,20260429,195000,33.699,33.7,33.69,33.69,400,0
FLCC.US,5,20260429,200000,33.71,33.71,33.71,33.71,100,0
FLCC.US,5,20260429,200500,33.64,33.65,33.61,33.61,1100,0
FLCC.US,5,20260429,201000,33.62,33.63,33.62,33.63,200,0
FLCC.US,5,20260429,201500,33.64,33.64,33.64,33.64,100,0
FLCC.US,5,20260429,202000,33.66,33.66,33.6499,33.6499,2100,0
FLCC.US,5,20260429,202500,33.64,33.64,33.64,33.64,100,0
FLCC.US,5,20260429,203000,33.63,33.63,33.63,33.63,100,0
FLCC.US,5,20260429,203500,33.65,33.65,33.64,33.64,200,0
FLCC.US,5,20260429,204000,33.63,33.63,33.605,33.63,800,0
FLCC.US,5,20260429,204500,33.61,33.65,33.61,33.65,300,0
FLCC.US,5,20260429,205000,33.66,33.66,33.66,33.66,200,0
FLCC.US,5,20260429,205500,33.69,33.69,33.69,33.69,100,0
FLCC.US,5,20260429,210000,33.71,33.71,33.69,33.69,200,0
FLCC.US,5,20260429,210500,33.68,33.71,33.68,33.71,200,0
FLCC.US,5,20260429,211000,33.73,33.74,33.73,33.74,200,0
FLCC.US,5,20260429,211500,33.74,33.74,33.74,33.74,100,0
FLCC.US,5,20260429,212000,33.75,33.75,33.695,33.695,562,0
FLCC.US,5,20260429,212500,33.74,33.74,33.7,33.73,500,0
FLCC.US,5,20260429,213000,33.71,33.71,33.71,33.71,100,0
FLCC.US,5,20260429,213500,33.7,33.73,33.7,33.73,200,0
FLCC.US,5,20260429,214000,33.72,33.72,33.71,33.71,200,0
FLCC.US,5,20260429,214500,33.72,33.72,33.72,33.72,200,0
FLCC.US,5,20260429,215000,33.71,33.73,33.71,33.73,200,0
FLCC.US,5,20260429,215500,33.74,33.75,33.72,33.75,906,0
FLCC.US,5,20260430,153500,33.96,33.96,33.96,33.96,162,0
FLCC.US,5,20260430,154500,33.93,33.93,33.93,33.93,152,0
FLCC.US,5,20260430,155000,33.9,33.9,33.9,33.9,120,0
FLCC.US,5,20260430,160000,33.78,33.78,33.78,33.78,100,0
FLCC.US,5,20260430,160500,33.845,33.845,33.845,33.845,352,0
FLCC.US,5,20260430,162000,33.93,33.93,33.93,33.93,174,0
FLCC.US,5,20260430,162500,33.94,33.94,33.91,33.93,700,0
FLCC.US,5,20260430,163000,33.95,33.95,33.89,33.89,295,0
FLCC.US,5,20260430,171000,34.049,34.049,34.049,34.049,300,0
FLCC.US,5,20260430,173000,34.0458,34.0458,34.0458,34.0458,550,0
FLCC.US,5,20260430,181000,34.07,34.07,34.07,34.07,616,0
FLCC.US,5,20260430,190000,34.055,34.055,34.055,34.055,115,0
FLCC.US,5,20260430,201000,34.21,34.2299,34.21,34.21,338,0
FLCC.US,5,20260430,203500,34.25,34.25,34.2499,34.2499,200,0
FLCC.US,5,20260430,204000,34.26,34.26,34.2599,34.2599,400,0
FLCC.US,5,20260430,205500,34.2221,34.26,34.17,34.17,5828,0
FLCC.US,5,20260430,213500,34.259,34.259,34.259,34.259,249,0
FLCC.US,5,20260430,214000,34.1813,34.1813,34.1813,34.1813,189,0
FLCC.US,5,20260501,153000,34.5,34.5,34.5,34.5,538,0
FLCC.US,5,20260501,161000,34.37,34.37,34.37,34.37,100,0
FLCC.US,5,20260501,170000,34.34,34.34,34.34,34.34,500,0
FLCC.US,5,20260501,172000,34.41,34.42,34.33,34.33,4013,0
FLCC.US,5,20260501,183000,34.364,34.364,34.364,34.364,454,0
FLCC.US,5,20260501,185000,34.38,34.38,34.38,34.38,100,0
FLCC.US,5,20260501,185500,34.36,34.36,34.36,34.36,100,0
FLCC.US,5,20260501,191500,34.384,34.384,34.384,34.384,580,0
FLCC.US,5,20260501,192000,34.412,34.412,34.412,34.412,238,0
FLCC.US,5,20260501,193000,34.45,34.45,34.45,34.45,290,0
FLCC.US,5,20260501,193500,34.395,34.395,34.395,34.395,290,0
FLCC.US,5,20260501,194000,34.395,34.395,34.3787,34.3787,494,0
FLCC.US,5,20260501,201500,34.335,34.335,34.335,34.335,100,0
FLCC.US,5,20260501,202500,34.355,34.355,34.355,34.355,105,0
FLCC.US,5,20260501,203000,34.3573,34.3573,34.3573,34.3573,1770,0
FLCC.US,5,20260501,203500,34.3,34.3,34.3,34.3,456,0
FLCC.US,5,20260501,204000,34.335,34.37,34.325,34.325,1632,0
FLCC.US,5,20260501,205000,34.344,34.344,34.344,34.344,160,0
FLCC.US,5,20260501,211000,34.39,34.4,34.39,34.4,436,0
FLCC.US,5,20260501,212000,34.4,34.41,34.3999,34.3999,2800,0
FLCC.US,5,20260504,153500,34.28,34.28,34.28,34.28,100,0
FLCC.US,5,20260504,155500,34.38,34.38,34.38,34.38,100,0
FLCC.US,5,20260504,160000,34.29,34.29,34.29,34.29,100,0
FLCC.US,5,20260504,161500,34.39,34.39,34.39,34.39,1245,0
FLCC.US,5,20260504,163500,34.46,34.46,34.46,34.46,318,0
FLCC.US,5,20260504,190500,34.18,34.18,34.18,34.18,100,0
FLCC.US,5,20260504,191000,34.11,34.11,34.11,34.11,100,0
FLCC.US,5,20260504,192000,34.2,34.2,34.18,34.18,676,0
FLCC.US,5,20260504,203500,34.2,34.2,34.2,34.2,319,0
FLCC.US,5,20260504,212500,34.185,34.185,34.14,34.14,500,0
FLCC.US,5,20260504,213000,34.15,34.15,34.15,34.15,650,0
FLCC.US,5,20260504,213500,34.19,34.19,34.19,34.19,142,0
FLCC.US,5,20260504,215000,34.17,34.17,34.17,34.17,500,0
FLCC.US,5,20260505,153500,34.38,34.38,34.34,34.34,540,0
FLCC.US,5,20260505,160500,34.305,34.305,34.305,34.305,114,0
FLCC.US,5,20260505,162000,34.335,34.335,34.335,34.335,118,0
FLCC.US,5,20260505,164500,34.26,34.26,34.26,34.26,100,0
FLCC.US,5,20260505,165000,34.29,34.29,34.29,34.29,100,0
FLCC.US,5,20260505,171000,34.42,34.42,34.38,34.38,3000,0
FLCC.US,5,20260505,172000,34.38,34.42,34.38,34.42,1500,0
FLCC.US,5,20260505,172500,34.37,34.4,34.37,34.4,500,0
FLCC.US,5,20260505,173000,34.4,34.43,34.4,34.4,1753,0
FLCC.US,5,20260505,173500,34.3551,34.3551,34.355,34.355,1100,0
FLCC.US,5,20260505,174500,34.37,34.37,34.37,34.37,450,0
FLCC.US,5,20260505,175000,34.32,34.32,34.32,34.32,100,0
FLCC.US,5,20260505,181500,34.38,34.38,34.38,34.38,11494,0
FLCC.US,5,20260505,185000,34.38,34.41,34.38,34.41,487,0
FLCC.US,5,20260505,185500,34.419,34.42,34.38,34.42,1255,0
FLCC.US,5,20260505,200500,34.405,34.405,34.405,34.405,291,0
FLCC.US,5,20260505,203500,34.415,34.415,34.415,34.415,145,0
FLCC.US,5,20260505,210000,34.45,34.45,34.45,34.45,435,0
FLCC.US,5,20260505,211000,34.4988,34.4988,34.4988,34.4988,322,0
FLCC.US,5,20260506,153500,34.54,34.54,34.54,34.54,200,0
FLCC.US,5,20260506,154500,34.48,34.48,34.48,34.48,100,0
FLCC.US,5,20260506,163500,34.525,34.525,34.525,34.525,177,0
FLCC.US,5,20260506,165500,34.56,34.56,34.56,34.56,500,0
FLCC.US,5,20260506,173500,34.61,34.61,34.53,34.53,200,0
FLCC.US,5,20260506,184500,34.57,34.57,34.568,34.568,478,0
FLCC.US,5,20260506,185000,34.53,34.53,34.49,34.49,212,0
FLCC.US,5,20260506,190000,34.505,34.505,34.505,34.505,602,0
FLCC.US,5,20260506,191000,34.56,34.58,34.54,34.56,1295,0
FLCC.US,5,20260506,192000,34.56,34.56,34.56,34.56,2624,0
FLCC.US,5,20260506,193000,34.56,34.57,34.55,34.57,1020,0
FLCC.US,5,20260506,200000,34.555,34.555,34.555,34.555,500,0
FLCC.US,5,20260506,201500,34.58,34.58,34.58,34.58,146,0
FLCC.US,5,20260506,204000,34.5694,34.5694,34.5694,34.5694,126,0
FLCC.US,5,20260506,204500,34.595,34.595,34.595,34.595,981,0
FLCC.US,5,20260506,213500,34.635,34.635,34.635,34.635,476,0
FLCC.US,5,20260506,215000,34.6275,34.6275,34.62,34.62,389,0
FLCC.US,5,20260506,215500,34.7,34.7,34.66,34.66,1160,0
FLCC.US,5,20260507,153500,34.74,34.74,34.74,34.74,500,0
FLCC.US,5,20260507,160000,34.6,34.6,34.6,34.6,100,0
FLCC.US,5,20260507,170500,34.6617,34.6617,34.66,34.66,203,0
FLCC.US,5,20260507,182000,34.49,34.49,34.49,34.49,100,0
FLCC.US,5,20260507,192000,34.48,34.48,34.48,34.48,445,0
FLCC.US,5,20260507,204000,34.5,34.5,34.46,34.46,553,0
FLCC.US,5,20260507,204500,34.46,34.46,34.46,34.46,222,0
FLCC.US,5,20260507,205000,34.4756,34.49,34.445,34.445,764,0
FLCC.US,5,20260507,211000,34.475,34.475,34.475,34.475,173,0
FLCC.US,5,20260507,211500,34.53,34.53,34.5299,34.5299,200,0
FLCC.US,5,20260507,212500,34.49,34.49,34.49,34.49,700,0
FLCC.US,5,20260507,213000,34.51,34.51,34.4942,34.4942,800,0
FLCC.US,5,20260507,214000,34.4301,34.4301,34.4301,34.4301,134,0
FLCC.US,5,20260507,215000,34.4011,34.4011,34.4011,34.4011,281,0
FLCC.US,5,20260508,154000,34.54,34.54,34.54,34.54,100,0
FLCC.US,5,20260508,160500,34.51,34.51,34.51,34.51,100,0
FLCC.US,5,20260508,164500,34.6399,34.64,34.55,34.56,2000,0
FLCC.US,5,20260508,165000,34.64,34.64,34.56,34.56,390,0
FLCC.US,5,20260508,185500,34.561,34.561,34.561,34.561,239,0
FLCC.US,5,20260508,191500,34.65,34.65,34.65,34.65,100,0
FLCC.US,5,20260508,192500,34.62,34.62,34.57,34.57,200,0
FLCC.US,5,20260508,204000,34.658,34.658,34.658,34.658,966,0
FLCC.US,5,20260508,210000,34.575,34.575,34.575,34.575,762,0
FLCC.US,5,20260511,153500,34.69,34.69,34.69,34.69,288,0
FLCC.US,5,20260511,154000,34.635,34.635,34.635,34.635,864,0
FLCC.US,5,20260511,154500,34.68,34.68,34.68,34.68,100,0
FLCC.US,5,20260511,160000,34.655,34.655,34.655,34.655,1848,0
FLCC.US,5,20260511,164000,34.635,34.635,34.635,34.635,500,0
FLCC.US,5,20260511,165000,34.72,34.72,34.72,34.72,100,0
FLCC.US,5,20260511,174000,34.7,34.7,34.66,34.66,311,0
FLCC.US,5,20260511,174500,34.69,34.69,34.688,34.688,300,0
FLCC.US,5,20260511,175000,34.688,34.688,34.688,34.688,400,0
FLCC.US,5,20260511,180000,34.67,34.67,34.67,34.67,444,0
FLCC.US,5,20260511,180500,34.6894,34.69,34.6894,34.69,231,0
FLCC.US,5,20260511,182000,34.68,34.68,34.68,34.68,122,0
FLCC.US,5,20260511,183000,34.7,34.7,34.655,34.655,668,0
FLCC.US,5,20260511,184000,34.67,34.67,34.67,34.67,198,0
FLCC.US,5,20260511,184500,34.635,34.67,34.635,34.656,1044,0
FLCC.US,5,20260511,185000,34.63,34.66,34.625,34.66,2220,0
FLCC.US,5,20260511,185500,34.65,34.65,34.65,34.65,100,0
FLCC.US,5,20260511,190000,34.66,34.66,34.658,34.658,410,0
FLCC.US,5,20260511,190500,34.66,34.66,34.66,34.66,100,0
FLCC.US,5,20260511,191000,34.58,34.58,34.58,34.58,100,0
FLCC.US,5,20260511,191500,34.64,34.64,34.64,34.64,100,0
FLCC.US,5,20260511,194500,34.645,34.645,34.645,34.645,452,0
FLCC.US,5,20260511,200000,34.645,34.645,34.645,34.645,185,0
FLCC.US,5,20260511,204000,34.65,34.65,34.6499,34.6499,400,0
FLCC.US,5,20260511,213000,34.62,34.62,34.62,34.62,100,0
FLCC.US,5,20260511,214000,34.6,34.6,34.6,34.6,100,0
FLCC.US,5,20260511,215000,34.61,34.61,34.61,34.61,100,0
FLCC.US,5,20260511,215500,34.62,34.62,34.62,34.62,309,0
FLCC.US,5,20260512,153500,34.4795,34.4795,34.4795,34.4795,151,0
FLCC.US,5,20260512,154500,34.425,34.425,34.425,34.425,220,0
FLCC.US,5,20260512,161000,34.4145,34.4145,34.4145,34.4145,133,0
FLCC.US,5,20260512,161500,34.4332,34.4332,34.4332,34.4332,132,0
FLCC.US,5,20260512,162000,34.49,34.49,34.49,34.49,500,0
FLCC.US,5,20260512,163000,34.429,34.43,34.429,34.43,709,0
FLCC.US,5,20260512,173500,34.35,34.35,34.26,34.26,551,0
FLCC.US,5,20260512,174000,34.345,34.345,34.345,34.345,500,0
FLCC.US,5,20260512,175000,34.38,34.39,34.31,34.31,1044,0
FLCC.US,5,20260512,175500,34.3,34.3,34.3,34.3,100,0
FLCC.US,5,20260512,182000,34.3699,34.38,34.31,34.31,575,0
FLCC.US,5,20260512,182500,34.37,34.38,34.3542,34.3542,700,0
FLCC.US,5,20260512,184500,34.38,34.38,34.38,34.38,100,0
FLCC.US,5,20260512,185500,34.33,34.33,34.33,34.33,1000,0
FLCC.US,5,20260512,190000,34.37,34.37,34.37,34.37,400,0
FLCC.US,5,20260512,194500,34.44,34.44,34.44,34.44,3000,0
FLCC.US,5,20260512,202500,34.46,34.46,34.46,34.46,8411,0
FLCC.US,5,20260512,203500,34.5497,34.5497,34.5497,34.5497,2894,0
FLCC.US,5,20260512,205000,34.55,34.55,34.55,34.55,198,0
FLCC.US,5,20260512,214000,34.5306,34.5306,34.5306,34.5306,145,0
FLCC.US,5,20260512,214500,34.565,34.565,34.565,34.565,300,0
FLCC.US,5,20260512,215000,34.62,34.62,34.62,34.62,100,0
FLCC.US,5,20260512,215500,34.585,34.585,34.56,34.56,1400,0
FLCC.US,5,20260513,154000,34.4301,34.4301,34.4301,34.4301,205,0
FLCC.US,5,20260513,154500,34.48,34.48,34.48,34.48,100,0
FLCC.US,5,20260513,155000,34.5154,34.5154,34.5154,34.5154,148,0
FLCC.US,5,20260513,160500,34.5,34.5,34.5,34.5,100,0
FLCC.US,5,20260513,161000,34.58,34.58,34.58,34.58,3725,0
FLCC.US,5,20260513,164500,34.545,34.545,34.545,34.545,1605,0
FLCC.US,5,20260513,165500,34.5,34.5,34.5,34.5,100,0
FLCC.US,5,20260513,172500,34.53,34.53,34.53,34.53,100,0
FLCC.US,5,20260513,201500,34.8,34.8,34.8,34.8,100,0
FLCC.US,5,20260514,153000,35,35,35,35,539,0
FLCC.US,5,20260514,154500,34.97,35.01,34.97,35.01,1000,0
FLCC.US,5,20260514,155000,34.98,34.98,34.98,34.98,100,0
FLCC.US,5,20260514,161000,34.95,34.95,34.95,34.95,100,0
FLCC.US,5,20260514,163500,35,35,35,35,1711,0
FLCC.US,5,20260514,164000,35.07,35.07,35.07,35.07,100,0
FLCC.US,5,20260514,164500,35,35,35,35,100,0
FLCC.US,5,20260514,170500,35.12,35.12,35.075,35.075,500,0
FLCC.US,5,20260514,174000,35.12,35.12,35.07,35.07,400,0
FLCC.US,5,20260514,181500,35.17,35.17,35.17,35.17,782,0
FLCC.US,5,20260514,182500,35.13,35.13,35.08,35.08,672,0
FLCC.US,5,20260514,183000,35.13,35.13,35.13,35.13,300,0
FLCC.US,5,20260514,183500,35.09,35.11,35.0899,35.0899,506,0
FLCC.US,5,20260514,184000,35.11,35.13,35.03,35.03,1300,0
FLCC.US,5,20260514,200000,35.06,35.06,35.06,35.06,1000,0
FLCC.US,5,20260514,200500,34.97,34.97,34.97,34.97,100,0
FLCC.US,5,20260514,202500,35.1,35.1,35.1,35.1,194,0
FLCC.US,5,20260514,210000,35.12,35.12,35.12,35.12,123,0
FLCC.US,5,20260514,212000,35.09,35.09,35.09,35.09,524,0
FLCC.US,5,20260515,154000,34.75,34.75,34.75,34.75,1000,0
FLCC.US,5,20260515,161000,34.68,34.76,34.68,34.76,200,0
FLCC.US,5,20260515,161500,34.785,34.785,34.785,34.785,161,0
FLCC.US,5,20260515,173500,34.83,34.83,34.83,34.83,100,0
FLCC.US,5,20260515,174000,34.765,34.7988,34.765,34.7988,400,0
FLCC.US,5,20260515,175500,34.7499,34.7499,34.7499,34.7499,425,0
FLCC.US,5,20260515,181000,34.78,34.78,34.74,34.74,600,0
FLCC.US,5,20260515,182500,34.81,34.82,34.81,34.81,1892,0
FLCC.US,5,20260515,192500,34.82,34.82,34.82,34.82,100,0
FLCC.US,5,20260515,193000,34.9,34.9,34.9,34.9,100,0
FLCC.US,5,20260515,194000,34.9,34.9,34.8975,34.8975,863,0
FLCC.US,5,20260515,200000,34.91,34.91,34.91,34.91,100,0
FLCC.US,5,20260515,202500,34.869,34.869,34.869,34.869,300,0
FLCC.US,5,20260515,203000,34.78,34.78,34.78,34.78,366,0
FLCC.US,5,20260515,204000,34.83,34.83,34.83,34.83,100,0
FLCC.US,5,20260515,204500,34.8299,34.83,34.8299,34.83,534,0
FLCC.US,5,20260515,205000,34.83,34.83,34.795,34.795,261,0
FLCC.US,5,20260515,210500,34.81,34.81,34.77,34.77,416,0
FLCC.US,5,20260515,213000,34.755,34.755,34.755,34.755,645,0
FLCC.US,5,20260518,153000,34.83,34.83,34.83,34.83,161,0
FLCC.US,5,20260518,154000,34.74,34.74,34.74,34.74,100,0
FLCC.US,5,20260518,160000,34.87,34.87,34.84,34.84,1100,0
FLCC.US,5,20260518,162500,34.88,34.88,34.8799,34.8799,300,0
FLCC.US,5,20260518,165000,34.75,34.75,34.75,34.75,1500,0
FLCC.US,5,20260518,170500,34.76,34.76,34.7599,34.7599,1000,0
FLCC.US,5,20260518,182000,34.7388,34.7388,34.7388,34.7388,200,0
FLCC.US,5,20260518,182500,34.6498,34.6498,34.6498,34.6498,200,0
FLCC.US,5,20260518,185000,34.67,34.67,34.67,34.67,100,0
FLCC.US,5,20260518,191000,34.74,34.74,34.7,34.7,768,0
FLCC.US,5,20260518,192000,34.75,34.75,34.7482,34.7482,1298,0
FLCC.US,5,20260518,193000,34.74,34.74,34.74,34.74,100,0
FLCC.US,5,20260518,195500,34.739,34.74,34.739,34.74,900,0
FLCC.US,5,20260518,200000,34.73,34.73,34.73,34.73,700,0
FLCC.US,5,20260518,205000,34.5311,34.555,34.5311,34.555,625,0
FLCC.US,5,20260518,211500,34.69,34.69,34.68,34.68,1730,0
FLCC.US,5,20260519,153000,34.68,34.68,34.68,34.68,582,0
FLCC.US,5,20260519,164500,34.51,34.51,34.51,34.51,157,0
FLCC.US,5,20260519,165000,34.55,34.55,34.55,34.55,100,0
FLCC.US,5,20260519,170000,34.54,34.54,34.52,34.52,1000,0
FLCC.US,5,20260519,181500,34.56,34.58,34.55,34.58,1168,0
FLCC.US,5,20260519,182000,34.54,34.54,34.54,34.54,1062,0
FLCC.US,5,20260519,184000,34.62,34.63,34.61,34.61,2700,0
FLCC.US,5,20260519,185500,34.66,34.66,34.615,34.615,580,0
FLCC.US,5,20260519,190000,34.625,34.625,34.625,34.625,432,0
FLCC.US,5,20260519,195000,34.625,34.625,34.625,34.625,230,0
FLCC.US,5,20260519,204000,34.609,34.61,34.609,34.61,1111,0
FLCC.US,5,20260519,204500,34.6099,34.6099,34.6082,34.6082,798,0
FLCC.US,5,20260519,205000,34.57,34.57,34.57,34.57,1170,0
FLCC.US,5,20260520,155000,34.54,34.54,34.54,34.54,100,0
FLCC.US,5,20260520,160500,34.47,34.47,34.47,34.47,100,0
FLCC.US,5,20260520,165000,34.7,34.7,34.7,34.7,100,0
FLCC.US,5,20260520,173000,34.725,34.725,34.725,34.725,383,0
FLCC.US,5,20260520,174000,34.76,34.76,34.75,34.76,2014,0
FLCC.US,5,20260520,185500,34.715,34.715,34.7,34.7,700,0
FLCC.US,5,20260520,191000,34.7,34.7,34.7,34.7,282,0
FLCC.US,5,20260520,192500,34.79,34.79,34.79,34.79,500,0
FLCC.US,5,20260520,193000,34.755,34.755,34.745,34.745,942,0
FLCC.US,5,20260520,201500,34.75,34.75,34.7484,34.7484,2661,0
FLCC.US,5,20260520,202000,34.7,34.7,34.7,34.7,104,0
FLCC.US,5,20260520,203500,34.76,34.76,34.76,34.76,128,0
FLCC.US,5,20260520,215000,34.78,34.78,34.7799,34.7799,1564,0
FLCC.US,5,20260520,215500,34.81,34.81,34.8,34.8,338,0
FLCC.US,5,20260521,181500,34.69,34.69,34.69,34.69,218,0
FLCC.US,5,20260521,185000,34.64,34.64,34.64,34.64,100,0
FLCC.US,5,20260521,201000,34.89,34.9,34.8648,34.8648,1819,0
FLCC.US,5,20260521,202000,34.81,34.81,34.81,34.81,140,0
FLCC.US,5,20260521,205000,34.7708,34.7708,34.77,34.77,444,0
FLCC.US,5,20260521,205500,34.76,34.76,34.72,34.76,3738,0
FLCC.US,5,20260521,210500,34.83,34.84,34.82,34.84,2756,0
FLCC.US,5,20260521,211500,34.86,34.86,34.86,34.86,100,0
FLCC.US,5,20260521,214000,34.82,34.82,34.82,34.82,200,0
FLCC.US,5,20260522,155500,35.1,35.1,35.1,35.1,100,0
FLCC.US,5,20260522,164500,35,35,35,35,5161,0
FLCC.US,5,20260522,165000,35.0199,35.02,34.975,35.0199,4665,0
FLCC.US,5,20260522,172500,35.05,35.05,35.05,35.05,600,0
FLCC.US,5,20260522,173000,35.05,35.05,35.05,35.05,1200,0
FLCC.US,5,20260522,175000,35,35,34.99,34.99,964,0
FLCC.US,5,20260522,175500,35.05,35.09,35.0377,35.085,8058,0
FLCC.US,5,20260522,180000,35.06,35.06,35.06,35.06,100,0
FLCC.US,5,20260522,180500,35.07,35.07,35.0542,35.07,3805,0
FLCC.US,5,20260522,181500,35.06,35.08,35.06,35.08,1633,0
FLCC.US,5,20260522,182000,35.07,35.07,35.0525,35.07,500,0
FLCC.US,5,20260522,183000,35.07,35.075,35.07,35.075,200,0
FLCC.US,5,20260522,183500,35.07,35.07,35.07,35.07,100,0
FLCC.US,5,20260522,193500,35.13,35.13,35.13,35.13,1000,0
FLCC.US,5,20260522,195000,35.055,35.055,35.055,35.055,100,0
FLCC.US,5,20260522,195500,35.05,35.05,35.05,35.05,290,0
FLCC.US,5,20260522,204000,35,35.12,35,35.01,718,0
FLCC.US,5,20260522,205000,35.03,35.03,34.99,34.99,2244,0
FLCC.US,5,20260522,212000,34.985,34.985,34.985,34.985,155,0
FLCC.US,5,20260522,214500,34.99,34.99,34.99,34.99,900,0
FLCC.US,5,20260526,155000,35.229,35.229,35.229,35.229,709,0
FLCC.US,5,20260526,155500,35.22,35.22,35.22,35.22,100,0
FLCC.US,5,20260526,164000,35.31,35.31,35.31,35.31,975,0
FLCC.US,5,20260526,165000,35.31,35.31,35.27,35.27,220,0
FLCC.US,5,20260526,170000,35.28,35.28,35.23,35.23,920,0
FLCC.US,5,20260526,172000,35.195,35.195,35.195,35.195,1000,0
FLCC.US,5,20260526,181000,35.11,35.18,35.11,35.18,1100,0
FLCC.US,5,20260526,183500,35.2089,35.21,35.2089,35.21,300,0
FLCC.US,5,20260526,184000,35.165,35.165,35.165,35.165,140,0
FLCC.US,5,20260526,185000,35.15,35.15,35.14,35.14,4445,0
FLCC.US,5,20260526,193000,35.13,35.13,35.13,35.13,300,0
FLCC.US,5,20260526,210500,35.19,35.19,35.19,35.19,100,0
FLCC.US,5,20260526,212500,35.17,35.17,35.1612,35.1612,866,0
FLCC.US,5,20260526,213000,35.1699,35.17,35.1699,35.17,717,0
FLCC.US,5,20260526,215500,35.194,35.194,35.194,35.194,326,0
FLCC.US,5,20260527,154500,35.1418,35.1418,35.1418,35.1418,295,0
FLCC.US,5,20260527,162500,35.22,35.22,35.22,35.22,35437,0
FLCC.US,5,20260527,164500,35.28,35.28,35.28,35.28,100,0
FLCC.US,5,20260527,170000,35.2,35.2,35.2,35.2,107,0
FLCC.US,5,20260527,175000,35.16,35.16,35.16,35.16,139,0
FLCC.US,5,20260527,194000,35.1501,35.1501,35.1501,35.1501,150,0
FLCC.US,5,20260527,195500,35.18,35.18,35.18,35.18,634,0
FLCC.US,5,20260527,204000,35.22,35.22,35.22,35.22,589,0
FLCC.US,5,20260527,204500,35.22,35.22,35.22,35.22,219,0
FLCC.US,5,20260527,212000,35.23,35.23,35.23,35.23,240,0
FLCC.US,5,20260527,214000,35.25,35.25,35.25,35.25,100,0
FLCC.US,5,20260527,215000,35.19,35.19,35.19,35.19,101,0
FLCC.US,5,20260527,215500,35.2,35.2,35.2,35.2,222,0
FLCC.US,5,20260528,161000,35.35,35.35,35.35,35.35,100,0
FLCC.US,5,20260528,162000,35.2996,35.2996,35.2996,35.2996,1554,0
FLCC.US,5,20260528,163000,35.3099,35.3099,35.3082,35.3082,1245,0
FLCC.US,5,20260528,174500,35.34,35.36,35.3228,35.36,1000,0
FLCC.US,5,20260528,185000,35.33,35.33,35.33,35.33,500,0
FLCC.US,5,20260528,201000,35.38,35.4,35.38,35.39,461,0
FLCC.US,5,20260528,202000,35.345,35.3899,35.345,35.3899,200,0
FLCC.US,5,20260528,203500,35.35,35.35,35.35,35.35,821,0
FLCC.US,5,20260528,205500,35.38,35.38,35.38,35.38,100,0
FLCC.US,5,20260528,212500,35.2919,35.39,35.2919,35.345,1570,0
FLCC.US,5,20260528,213000,35.3816,35.3816,35.3816,35.3816,223,0
FLCC.US,5,20260528,213500,35.355,35.355,35.355,35.355,259,0
FLCC.US,5,20260528,214000,35.328,35.328,35.31,35.3101,599,0
FLCC.US,5,20260529,153000,35.44,35.44,35.44,35.44,126,0
FLCC.US,5,20260529,154000,35.58,35.58,35.58,35.58,100,0
FLCC.US,5,20260529,181500,35.55,35.55,35.5499,35.5499,675,0
FLCC.US,5,20260529,185000,35.505,35.505,35.505,35.505,100,0
FLCC.US,5,20260529,190000,35.53,35.53,35.5299,35.5299,472,0
FLCC.US,5,20260529,192500,35.53,35.53,35.49,35.49,325,0
FLCC.US,5,20260529,193000,35.53,35.54,35.53,35.54,1000,0
FLCC.US,5,20260529,193500,35.49,35.54,35.45,35.486,4000,0
FLCC.US,5,20260529,194000,35.52,35.52,35.52,35.52,100,0
FLCC.US,5,20260529,194500,35.51,35.51,35.48,35.48,3000,0
FLCC.US,5,20260529,195000,35.51,35.51,35.485,35.51,1100,0
FLCC.US,5,20260529,195500,35.47,35.49,35.45,35.465,2700,0
FLCC.US,5,20260529,200000,35.49,35.49,35.49,35.49,125,0
FLCC.US,5,20260529,200500,35.5,35.5,35.4754,35.49,1100,0
FLCC.US,5,20260529,201000,35.475,35.5,35.475,35.5,1000,0
FLCC.US,5,20260529,203500,35.515,35.52,35.515,35.515,500,0
FLCC.US,5,20260529,204500,35.5,35.5,35.5,35.5,500,0
FLCC.US,5,20260529,205500,35.48,35.48,35.445,35.445,200,0
FLCC.US,5,20260529,210000,35.448,35.448,35.448,35.448,114,0
FLCC.US,5,20260601,153500,35.58,35.62,35.555,35.555,3605,0
FLCC.US,5,20260601,160000,35.535,35.535,35.535,35.535,122,0
FLCC.US,5,20260601,165500,35.5599,35.56,35.5599,35.56,1400,0
FLCC.US,5,20260601,170000,35.56,35.56,35.56,35.56,100,0
FLCC.US,5,20260601,170500,35.61,35.61,35.6,35.6,200,0
FLCC.US,5,20260601,192500,35.69,35.69,35.69,35.69,226,0
FLCC.US,5,20260601,193000,35.695,35.695,35.695,35.695,2000,0
FLCC.US,5,20260601,200000,35.8,35.8,35.79,35.79,300,0
FLCC.US,5,20260601,201000,35.76,35.76,35.76,35.76,179,0
FLCC.US,5,20260601,205000,35.81,35.81,35.81,35.81,600,0
FLCC.US,5,20260601,210000,35.78,35.78,35.78,35.78,326,0
FLCC.US,5,20260601,212500,35.785,35.83,35.785,35.83,200,0
FLCC.US,5,20260602,161000,35.71,35.71,35.7,35.7,1500,0
FLCC.US,5,20260602,172000,35.75,35.75,35.74,35.7407,600,0
FLCC.US,5,20260602,181500,35.7,35.71,35.7,35.71,700,0
FLCC.US,5,20260602,183000,35.64,35.64,35.64,35.64,1065,0
FLCC.US,5,20260602,183500,35.64,35.68,35.64,35.68,974,0
FLCC.US,5,20260602,184500,35.68,35.7,35.68,35.7,200,0
FLCC.US,5,20260602,204500,35.7,35.7,35.7,35.7,2554,0
FLCC.US,5,20260602,211000,35.665,35.665,35.665,35.665,129,0
FLCC.US,5,20260602,211500,35.665,35.665,35.665,35.665,205,0
FLCC.US,5,20260602,215000,35.7,35.71,35.7,35.71,2364,0
FLCC.US,5,20260603,153000,35.605,35.605,35.605,35.605,1088,0
FLCC.US,5,20260603,153500,35.525,35.525,35.525,35.525,2187,0
FLCC.US,5,20260603,155000,35.48,35.48,35.48,35.48,100,0
FLCC.US,5,20260603,155500,35.48,35.48,35.48,35.48,500,0
FLCC.US,5,20260603,160500,35.465,35.465,35.465,35.465,2100,0
FLCC.US,5,20260603,174500,35.45,35.45,35.45,35.45,500,0
FLCC.US,5,20260603,175500,35.45,35.45,35.45,35.45,412,0
FLCC.US,5,20260603,180000,35.425,35.425,35.425,35.425,410,0
FLCC.US,5,20260603,183000,35.41,35.41,35.41,35.41,100,0
FLCC.US,5,20260603,190500,35.425,35.425,35.425,35.425,421,0
FLCC.US,5,20260603,204000,35.52,35.53,35.5199,35.53,300,0
FLCC.US,5,20260603,205500,35.4904,35.52,35.4904,35.52,732,0
FLCC.US,5,20260603,210000,35.48,35.48,35.48,35.48,100,0
FLCC.US,5,20260603,211500,35.43,35.43,35.43,35.43,109,0
FLCC.US,5,20260603,212500,35.44,35.44,35.44,35.44,703,0
FLCC.US,5,20260604,182500,35.51,35.52,35.51,35.52,300,0
FLCC.US,5,20260604,183000,35.475,35.475,35.475,35.475,345,0
FLCC.US,5,20260604,200000,35.58,35.58,35.58,35.58,100,0
FLCC.US,5,20260604,210000,35.5,35.5,35.5,35.5,105,0
FLCC.US,5,20260604,210500,35.53,35.53,35.53,35.53,281,0
FLCC.US,5,20260604,211000,35.57,35.58,35.57,35.57,1420,0
FLCC.US,5,20260605,154500,35.27,35.27,35.25,35.25,600,0
FLCC.US,5,20260605,160000,35.2,35.2,35.2,35.2,500,0
FLCC.US,5,20260605,160500,35.195,35.195,35.195,35.195,253,0
FLCC.US,5,20260605,161000,35.25,35.25,35.25,35.25,500,0
FLCC.US,5,20260605,161500,35.245,35.245,35.245,35.245,560,0
FLCC.US,5,20260605,163000,35.22,35.22,35.22,35.22,500,0
FLCC.US,5,20260605,165000,35.26,35.26,35.26,35.26,100,0
FLCC.US,5,20260605,170000,35.18,35.18,35.18,35.18,200,0
FLCC.US,5,20260605,193500,34.95,34.97,34.936,34.97,780,0
FLCC.US,5,20260605,194000,34.98,34.98,34.9189,34.9189,2826,0
FLCC.US,5,20260605,195000,34.9,34.9,34.9,34.9,192,0
FLCC.US,5,20260605,200500,34.89,34.89,34.89,34.89,111,0
FLCC.US,5,20260605,203500,34.8,34.81,34.8,34.81,1000,0
FLCC.US,5,20260605,204000,34.7887,34.7887,34.7887,34.7887,247,0
FLCC.US,5,20260605,204500,34.73,34.73,34.73,34.73,119,0
FLCC.US,5,20260605,211500,34.6316,34.6316,34.6316,34.6316,100,0
FLCC.US,5,20260605,212000,34.64,34.64,34.6399,34.6399,494,0
FLCC.US,5,20260605,213000,34.645,34.645,34.645,34.645,139,0
FLCC.US,5,20260605,214500,34.7299,34.7299,34.7299,34.7299,306,0
FLCC.US,5,20260605,215000,34.71,34.71,34.71,34.71,165,0
FLCC.US,5,20260608,153500,34.815,34.815,34.815,34.815,117,0
FLCC.US,5,20260608,154000,34.88,34.88,34.88,34.88,100,0
FLCC.US,5,20260608,160000,34.85,34.85,34.85,34.85,181,0
FLCC.US,5,20260608,162500,34.87,34.87,34.87,34.87,100,0
FLCC.US,5,20260608,173000,34.84,34.84,34.84,34.84,716,0
FLCC.US,5,20260608,175500,34.86,34.86,34.86,34.86,1000,0
FLCC.US,5,20260608,183500,34.82,34.82,34.82,34.82,1500,0
FLCC.US,5,20260608,184500,34.81,34.81,34.81,34.81,100,0
FLCC.US,5,20260608,201500,34.6858,34.6858,34.6858,34.6858,225,0
FLCC.US,5,20260608,212000,34.639312,34.639312,34.639312,34.639312,159,0
FLCC.US,5,20260609,153000,34.92,34.92,34.92,34.92,387,0
FLCC.US,5,20260609,154000,34.9,34.9,34.9,34.9,256,0
FLCC.US,5,20260609,155500,34.885,34.885,34.885,34.885,185,0
FLCC.US,5,20260609,161000,34.83,34.83,34.83,34.83,100,0
FLCC.US,5,20260609,170000,34.56,34.56,34.56,34.56,100,0
FLCC.US,5,20260609,175500,34.16,34.16,34.16,34.16,100,0
FLCC.US,5,20260609,180000,34.19,34.19,34.19,34.19,100,0
FLCC.US,5,20260609,181500,34.02,34.02,34.02,34.02,100,0
FLCC.US,5,20260609,183500,34.11,34.11,34.11,34.11,100,0
FLCC.US,5,20260609,184000,33.9,33.93,33.9,33.93,200,0
FLCC.US,5,20260609,185500,34.03,34.03,34.03,34.03,262,0
FLCC.US,5,20260609,192000,34.289156,34.289156,34.23,34.23,491,0
FLCC.US,5,20260609,202000,34.49,34.49,34.49,34.49,200,0
FLCC.US,5,20260609,204000,34.54,34.57,34.54,34.57,838,0
FLCC.US,5,20260609,210500,34.61,34.61,34.61,34.61,200,0
FLCC.US,5,20260609,212500,34.5,34.59,34.5,34.59,1300,0
FLCC.US,5,20260609,213000,34.59,34.6,34.59,34.6,1200,0
FLCC.US,5,20260609,213500,34.587671,34.6,34.52,34.58,16000,0
FLCC.US,5,20260609,214000,34.59,34.59,34.46,34.52,9600,0
FLCC.US,5,20260609,214500,34.44,34.44,34.44,34.44,100,0
FLCC.US,5,20260609,215500,34.645,34.7,34.645,34.7,358,0
FLCC.US,5,20260610,164500,34.5,34.5,34.5,34.5,245,0
FLCC.US,5,20260610,165000,34.43,34.44,34.43,34.44,1100,0
FLCC.US,5,20260610,165500,34.37,34.37,34.37,34.37,100,0
FLCC.US,5,20260610,172500,34.31,34.31,34.31,34.31,500,0
FLCC.US,5,20260610,173500,34.26,34.26,34.26,34.26,100,0
FLCC.US,5,20260610,175000,34.18,34.18,34.145,34.145,200,0
FLCC.US,5,20260610,181500,34.215,34.215,34.215,34.215,283,0
FLCC.US,5,20260610,193000,34.0901,34.0901,34.0901,34.0901,291,0
FLCC.US,5,20260610,194500,34.205,34.205,34.205,34.205,300,0
FLCC.US,5,20260610,204000,34.125,34.125,34.125,34.125,131,0
FLCC.US,5,20260611,154500,34.25,34.25,34.25,34.25,100,0
FLCC.US,5,20260611,165000,34.13,34.13,34.13,34.13,664,0
FLCC.US,5,20260611,184000,34.1999,34.1999,34.1999,34.1999,292,0
FLCC.US,5,20260611,184500,34.155,34.155,34.155,34.155,1183,0
FLCC.US,5,20260611,185500,34.1201,34.1201,34.1201,34.1201,100,0
FLCC.US,5,20260611,192500,34.09,34.09,34.09,34.09,4970,0
FLCC.US,5,20260611,193000,34.43,34.43,34.4116,34.42,873,0
FLCC.US,5,20260611,201000,34.42,34.4399,34.4077,34.4399,1029,0
FLCC.US,5,20260611,203500,34.49,34.49,34.49,34.49,100,0
FLCC.US,5,20260611,204000,34.44,34.44,34.44,34.44,125,0
FLCC.US,5,20260611,213000,34.645,34.645,34.645,34.645,150,0
FLCC.US,5,20260612,154000,34.55,34.56,34.55,34.56,300,0
FLCC.US,5,20260612,161500,34.7,34.72,34.67,34.71,6057,0
FLCC.US,5,20260612,162000,34.62,34.62,34.62,34.62,100,0
FLCC.US,5,20260612,171000,34.74,34.74,34.74,34.74,1500,0
FLCC.US,5,20260612,171500,34.81,34.81,34.81,34.81,100,0
FLCC.US,5,20260612,174000,34.68,34.68,34.68,34.68,404,0
FLCC.US,5,20260612,174500,34.675,34.675,34.675,34.675,560,0
FLCC.US,5,20260612,190000,34.76,34.7615,34.76,34.7615,719,0
FLCC.US,5,20260612,191000,34.72,34.77,34.72,34.77,1223,0
FLCC.US,5,20260612,201500,34.71,34.71,34.71,34.71,352,0
FLCC.US,5,20260612,204000,34.78,34.78,34.735,34.735,648,0
FLCC.US,5,20260612,210500,34.78,34.78,34.77,34.77,14369,0
FLCC.US,5,20260612,211500,34.7599,34.7599,34.7599,34.7599,169,0
FLCC.US,5,20260612,213000,34.73,34.73,34.7299,34.7299,922,0
FLCC.US,5,20260615,153000,35.18,35.18,35.18,35.18,100,0
FLCC.US,5,20260615,160000,35.16,35.17,35.12,35.15,3983,0
FLCC.US,5,20260615,171500,35.15,35.15,35.15,35.15,1487,0
FLCC.US,5,20260615,180000,35.29,35.29,35.29,35.29,100,0
FLCC.US,5,20260615,183000,35.27,35.27,35.27,35.27,121,0
FLCC.US,5,20260615,193500,35.232,35.232,35.232,35.232,832,0
FLCC.US,5,20260615,203500,35.2099,35.21,35.2099,35.21,760,0
FLCC.US,5,20260615,205500,35.16,35.16,35.16,35.16,188,0
FLCC.US,5,20260615,210000,35.145,35.145,35.145,35.145,353,0
FLCC.US,5,20260615,210500,35.19,35.19,35.1742,35.19,2102,0
FLCC.US,5,20260615,211000,35.1,35.1,35.1,35.1,5715,0
FLCC.US,5,20260615,213000,35.1351,35.1351,35.1351,35.1351,362,0
FLCC.US,5,20260615,215500,35.105,35.105,35.105,35.105,251,0
FLCC.US,5,20260616,153000,35.17,35.2,35.17,35.2,461,0
FLCC.US,5,20260616,153500,35.17,35.17,35.17,35.17,115,0
FLCC.US,5,20260616,172500,35.19,35.19,35.19,35.19,100,0
FLCC.US,5,20260616,183000,35.17,35.17,35.17,35.17,4106,0
FLCC.US,5,20260616,183500,35.159,35.159,35.146,35.146,2440,0
FLCC.US,5,20260616,190000,35.125,35.125,35.125,35.125,250,0
FLCC.US,5,20260616,195000,35.16,35.16,35.16,35.16,2971,0
FLCC.US,5,20260616,202500,35.1399,35.1399,35.1399,35.1399,256,0
FLCC.US,5,20260616,210500,35.09,35.09,35.09,35.09,119,0
FLCC.US,5,20260616,211000,35.12,35.12,35.085,35.085,1025,0
FLCC.US,5,20260616,213000,35.11,35.11,35.11,35.11,100,0
FLCC.US,5,20260617,154500,35.14,35.14,35.14,35.14,100,0
FLCC.US,5,20260617,160000,35.065,35.065,35.065,35.065,113,0
FLCC.US,5,20260617,160500,35.08,35.08,35.08,35.08,915,0
FLCC.US,5,20260617,161500,35.06,35.06,35.06,35.06,987,0
FLCC.US,5,20260617,162000,35.15,35.15,35.15,35.15,100,0
FLCC.US,5,20260617,170000,34.95,34.95,34.95,34.95,1000,0
FLCC.US,5,20260617,170500,35,35,34.9538,34.96,921,0
FLCC.US,5,20260617,174500,35.11,35.11,35.083946,35.084632,702,0
FLCC.US,5,20260617,190500,35.05,35.07,35.05,35.07,500,0
FLCC.US,5,20260617,193500,35.03,35.03,35.03,35.03,734,0
FLCC.US,5,20260617,195000,35.1086,35.1086,35.1086,35.1086,164,0
FLCC.US,5,20260617,200000,35.03,35.03,34.85,34.85,405,0
FLCC.US,5,20260617,200500,34.8,34.8,34.8,34.8,8546,0
FLCC.US,5,20260617,203500,34.97,34.97,34.97,34.97,293815,0
FLCC.US,5,20260617,204500,35.015,35.015,35.015,35.015,598,0
FLCC.US,5,20260617,205500,34.835,34.835,34.835,34.835,162,0
FLCC.US,5,20260617,211000,34.895,34.895,34.895,34.895,1378,0
FLCC.US,5,20260617,213500,34.68,34.68,34.68,34.68,100,0
FLCC.US,5,20260618,162000,34.94,34.9401,34.94,34.94,400,0
FLCC.US,5,20260618,170500,35,35.0099,35,35.0099,616,0
FLCC.US,5,20260618,171000,35.01,35.01,35.01,35.01,100,0
FLCC.US,5,20260618,172000,34.88,34.93,34.88,34.93,228,0
FLCC.US,5,20260618,172500,34.92,34.92,34.92,34.92,483,0
FLCC.US,5,20260618,180000,34.8801,34.8801,34.8801,34.8801,1128,0
FLCC.US,5,20260618,185000,34.88,34.88,34.88,34.88,100,0
FLCC.US,5,20260618,201000,34.925,34.925,34.925,34.925,1003,0
FLCC.US,5,20260618,201500,34.93,34.93,34.8901,34.93,2449,0
FLCC.US,5,20260618,202500,34.905,34.93,34.905,34.91,785,0
FLCC.US,5,20260618,203000,34.89,34.93,34.89,34.8901,1609,0
FLCC.US,5,20260618,203500,34.91,34.91,34.91,34.91,2841,0
FLCC.US,5,20260618,204000,34.91,34.9101,34.88,34.91,1036,0
FLCC.US,5,20260618,204500,34.8716,34.8716,34.8716,34.8716,690,0
FLCC.US,5,20260618,205000,34.92,34.92,34.8913,34.8913,5960,0
FLCC.US,5,20260618,211000,34.92,34.92,34.92,34.92,154,0
FLCC.US,5,20260618,212500,34.895,34.9,34.8897,34.895,4603,0
FLCC.US,5,20260618,214500,34.935,34.935,34.92,34.92,3584,0
FLCC.US,5,20260618,215000,34.96,34.96,34.96,34.96,100,0
FLCC.US,5,20260622,153000,35.15,35.15,35.15,35.15,6450,0
FLCC.US,5,20260622,155000,35.16,35.16,35.16,35.16,100,0
FLCC.US,5,20260622,160000,35.16,35.16,35.1599,35.1599,668,0
FLCC.US,5,20260622,160500,35.09,35.16,35.09,35.1599,5990,0
FLCC.US,5,20260622,161000,35.105,35.116243,35.085,35.085,2753,0
FLCC.US,5,20260622,162000,35.05,35.05,34.995,34.995,381,0
FLCC.US,5,20260622,165000,34.86,34.86,34.84,34.84,1339,0
FLCC.US,5,20260622,170500,34.8784,34.8784,34.8784,34.8784,173,0
FLCC.US,5,20260622,174000,34.95,34.95,34.95,34.95,100,0
FLCC.US,5,20260622,181500,34.8401,34.91,34.8401,34.91,1549,0
FLCC.US,5,20260622,183500,34.88,34.88,34.88,34.88,229,0
FLCC.US,5,20260622,185500,34.89,34.89,34.89,34.89,954,0
FLCC.US,5,20260622,190500,34.9,34.9,34.9,34.9,200,0
FLCC.US,5,20260622,195500,34.8893,34.8893,34.8893,34.8893,739,0
FLCC.US,5,20260622,200500,34.9093,34.9093,34.9093,34.9093,286,0
FLCC.US,5,20260622,202000,34.905,34.905,34.905,34.905,400,0
FLCC.US,5,20260622,205500,34.835,34.835,34.835,34.835,141,0
FLCC.US,5,20260622,210500,34.87,34.87,34.87,34.87,282,0
FLCC.US,5,20260622,211000,34.87,34.87,34.87,34.87,100,0
FLCC.US,5,20260622,212000,34.820783,34.820783,34.820783,34.820783,210,0
