<TICKER>,<PER>,<DATE>,<TIME>,<OPEN>,<HIGH>,<LOW>,<CLOSE>,<VOL>,<OPENINT>
GOP.US,5,20260126,153000,38.15,38.54,38.15,38.54,2465,0
GOP.US,5,20260126,153500,38.14,38.14,38.05,38.05,200,0
GOP.US,5,20260126,154500,38.5599,38.5599,38.5599,38.5599,644,0
GOP.US,5,20260126,155500,38.29,38.29,38.29,38.29,100,0
GOP.US,5,20260126,163000,38.19,38.19,38.19,38.19,345,0
GOP.US,5,20260126,163500,38.17,38.17,38.17,38.17,133,0
GOP.US,5,20260126,164500,38.0001,38.0001,38.0001,38.0001,191,0
GOP.US,5,20260126,170500,38,38,38,38,198,0
GOP.US,5,20260126,172000,38.29,38.29,38.29,38.29,100,0
GOP.US,5,20260126,172500,38,38,38,38,100,0
GOP.US,5,20260126,174000,38.29,38.29,38.29,38.29,500,0
GOP.US,5,20260126,181000,38.145,38.145,38.145,38.145,100,0
GOP.US,5,20260126,205500,38.0001,38.0001,38.0001,38.0001,269,0
GOP.US,5,20260126,212000,38.28,38.28,38.28,38.28,100,0
GOP.US,5,20260126,213500,38.27,38.27,38.27,38.27,100,0
GOP.US,5,20260126,215000,38.29,38.29,38.28,38.28,200,0
GOP.US,5,20260127,154000,38.18,38.18,38.18,38.18,200,0
GOP.US,5,20260127,154500,38.21,38.21,38.21,38.21,100,0
GOP.US,5,20260127,155000,38.275,38.32,38.275,38.32,652,0
GOP.US,5,20260127,155500,38.22,38.22,38.2,38.2,2452,0
GOP.US,5,20260127,165500,38.22,38.265,38.21,38.265,963,0
GOP.US,5,20260127,170000,38.22,38.22,38.22,38.22,261,0
GOP.US,5,20260127,172000,38.23,38.23,38.23,38.23,100,0
GOP.US,5,20260127,180500,38.2605,38.2605,38.2605,38.2605,229,0
GOP.US,5,20260127,181000,38.2494,38.2494,38.2494,38.2494,500,0
GOP.US,5,20260127,182500,38.19,38.1901,38.19,38.1901,200,0
GOP.US,5,20260127,184000,38.2405,38.2405,38.2405,38.2405,500,0
GOP.US,5,20260127,201000,38.33,38.33,38.33,38.33,100,0
GOP.US,5,20260127,203500,38.26,38.2601,38.26,38.2601,1913,0
GOP.US,5,20260127,204500,38.2907,38.2907,38.2907,38.2907,130,0
GOP.US,5,20260127,210000,38.3,38.3,38.3,38.3,130,0
GOP.US,5,20260127,210500,38.24,38.24,38.24,38.24,100,0
GOP.US,5,20260127,212500,38.2601,38.2601,38.26,38.26,200,0
GOP.US,5,20260127,213000,38.3001,38.31,38.3,38.3,905,0
GOP.US,5,20260127,215500,38.27,38.27,38.27,38.27,182,0
GOP.US,5,20260128,153500,38.58,38.58,38.58,38.58,517,0
GOP.US,5,20260128,155000,38.61,38.61,38.6,38.6,200,0
GOP.US,5,20260128,160000,38.53,38.53,38.53,38.53,389,0
GOP.US,5,20260128,171000,38.5001,38.5001,38.5001,38.5001,215,0
GOP.US,5,20260128,174500,38.71,38.71,38.71,38.71,185,0
GOP.US,5,20260128,181500,38.5672,38.5672,38.5647,38.5647,670,0
GOP.US,5,20260128,185500,38.545,38.545,38.545,38.545,101,0
GOP.US,5,20260128,190000,38.5305,38.5305,38.5305,38.5305,200,0
GOP.US,5,20260128,191000,38.502,38.502,38.502,38.502,100,0
GOP.US,5,20260128,203000,38.5,38.6,38.5,38.6,1273,0
GOP.US,5,20260129,153500,38.3341,38.3341,38.3341,38.3341,125,0
GOP.US,5,20260129,155000,38.57,38.57,38.57,38.57,187,0
GOP.US,5,20260129,163500,38.46,38.46,38.46,38.46,650,0
GOP.US,5,20260129,164000,38.235,38.44,38.235,38.4147,1451,0
GOP.US,5,20260129,170000,38.29,38.4301,38.29,38.43,375,0
GOP.US,5,20260129,171000,38.425,38.425,38.425,38.425,129,0
GOP.US,5,20260129,172500,38.01,38.01,38.01,38.01,104,0
GOP.US,5,20260129,173000,38.29,38.29,38.29,38.29,100,0
GOP.US,5,20260129,173500,38.63,38.63,38.63,38.63,200,0
GOP.US,5,20260129,195500,38.4416,38.4416,38.4416,38.4416,100,0
GOP.US,5,20260129,202500,38.53,38.53,38.53,38.53,100,0
GOP.US,5,20260129,203000,38.3545,38.3545,38.3545,38.3545,1000,0
GOP.US,5,20260129,210000,38.5105,38.5105,38.5105,38.5105,128,0
GOP.US,5,20260129,210500,38.3155,38.3155,38.3155,38.3155,850,0
GOP.US,5,20260129,215500,38.5,38.5,38.5,38.5,1500,0
GOP.US,5,20260130,170000,38.395,38.395,38.395,38.395,429,0
GOP.US,5,20260130,181000,38.0765,38.0765,38.0765,38.0765,130,0
GOP.US,5,20260130,182000,38.04,38.04,38.04,38.04,100,0
GOP.US,5,20260130,183500,38.2,38.268804,38.1999,38.268804,1800,0
GOP.US,5,20260130,184000,38.246,38.246,38.246,38.246,152,0
GOP.US,5,20260130,184500,38.39,38.39,38.39,38.39,100,0
GOP.US,5,20260130,191500,38.2,38.2,38.2,38.2,100,0
GOP.US,5,20260130,192000,38.03,38.03,38.01,38.01,800,0
GOP.US,5,20260130,194500,38.195,38.195,38.195,38.195,228,0
GOP.US,5,20260130,195500,38.195,38.195,38.195,38.195,132,0
GOP.US,5,20260130,204500,38.195,38.195,38.195,38.195,117,0
GOP.US,5,20260130,210000,38.3685,38.3685,38.3685,38.3685,130,0
GOP.US,5,20260130,210500,38.2,38.21,38.2,38.21,1129,0
GOP.US,5,20260202,153500,38.1762,38.1762,38.1762,38.1762,151,0
GOP.US,5,20260202,160000,38.285,38.285,38.285,38.285,273,0
GOP.US,5,20260202,161000,38.175,38.175,38.175,38.175,104,0
GOP.US,5,20260202,161500,38.175,38.175,38.175,38.175,150,0
GOP.US,5,20260202,162500,38.1758,38.1758,38.1758,38.1758,100,0
GOP.US,5,20260202,164500,38.285,38.285,38.285,38.285,100,0
GOP.US,5,20260202,165000,38.0856,38.0856,38.0856,38.0856,135,0
GOP.US,5,20260202,172000,38.1038,38.1038,38.1038,38.1038,100,0
GOP.US,5,20260202,174500,38.225,38.225,38.225,38.225,110,0
GOP.US,5,20260202,183500,38.375,38.375,38.375,38.375,100,0
GOP.US,5,20260202,185000,38.3114,38.3114,38.3114,38.3114,300,0
GOP.US,5,20260202,185500,38.5,38.5,38.5,38.5,221,0
GOP.US,5,20260202,193000,38.42,38.4999,38.25,38.4999,1377,0
GOP.US,5,20260202,193500,38.3303,38.3303,38.3303,38.3303,100,0
GOP.US,5,20260202,194000,38.5,38.5,38.5,38.5,1605,0
GOP.US,5,20260202,201000,38.392,38.392,38.392,38.392,100,0
GOP.US,5,20260202,202000,38.45,38.45,38.45,38.45,100,0
GOP.US,5,20260202,205000,38.435,38.435,38.435,38.435,155,0
GOP.US,5,20260202,212000,38.435,38.435,38.435,38.435,100,0
GOP.US,5,20260203,153000,38.5,38.5,38.5,38.5,200,0
GOP.US,5,20260203,155500,38.5599,38.56,38.55,38.55,1572,0
GOP.US,5,20260203,160000,38.47,38.47,38.47,38.47,156,0
GOP.US,5,20260203,170000,38.1614,38.1614,38.1614,38.1614,100,0
GOP.US,5,20260203,170500,38.245,38.245,38.245,38.245,131,0
GOP.US,5,20260203,180000,38.3225,38.3225,38.3225,38.3225,1300,0
GOP.US,5,20260203,183000,38.375,38.375,38.2,38.2,318,0
GOP.US,5,20260203,184000,38.245,38.245,38.245,38.245,250,0
GOP.US,5,20260203,193000,38.01,38.03,38.01,38.03,300,0
GOP.US,5,20260203,193500,38.245,38.245,38.245,38.245,398,0
GOP.US,5,20260203,194000,38.245,38.245,37.95,37.95,497,0
GOP.US,5,20260203,194500,37.94,37.94,37.94,37.94,1153,0
GOP.US,5,20260203,210500,37.9888,37.9888,37.9888,37.9888,100,0
GOP.US,5,20260203,213500,38.05,38.05,38.05,38.05,164,0
GOP.US,5,20260203,214500,38.25,38.25,38.25,38.25,100,0
GOP.US,5,20260203,215500,37.77,37.77,37.77,37.77,100,0
GOP.US,5,20260204,160000,37.52,37.52,37.52,37.52,262,0
GOP.US,5,20260204,160500,38.06,38.06,38.06,38.06,100,0
GOP.US,5,20260204,174000,37.6464,37.6464,37.6464,37.6464,125,0
GOP.US,5,20260204,174500,37.88,37.952,37.712,37.712,988,0
GOP.US,5,20260204,190500,37.76,37.76,37.76,37.76,488,0
GOP.US,5,20260204,191000,37.6832,37.6832,37.6832,37.6832,130,0
GOP.US,5,20260204,204500,37.6542,37.6542,37.6542,37.6542,300,0
GOP.US,5,20260204,211000,37.9332,37.9332,37.9332,37.9332,130,0
GOP.US,5,20260205,153000,37.52,37.855,37.44,37.855,1388,0
GOP.US,5,20260205,155500,37.74,37.74,37.55,37.55,200,0
GOP.US,5,20260205,163000,37.42,37.42,37.42,37.42,230,0
GOP.US,5,20260205,170000,37.2801,37.2801,37.2801,37.2801,772,0
GOP.US,5,20260205,173500,37.73,37.75,37.71,37.75,635,0
GOP.US,5,20260205,184000,37.66,37.7,37.66,37.7,880,0
GOP.US,5,20260205,185500,37.73,37.73,37.73,37.73,100,0
GOP.US,5,20260205,191500,37.73,37.73,37.73,37.73,200,0
GOP.US,5,20260205,193000,37.47,37.47,37.47,37.47,781,0
GOP.US,5,20260205,193500,37.47,37.47,37.47,37.47,120,0
GOP.US,5,20260205,201500,37.32,37.32,37.32,37.32,132,0
GOP.US,5,20260205,212000,37.55,37.55,37.355,37.355,200,0
GOP.US,5,20260205,213000,37.5197,37.5197,37.5197,37.5197,500,0
GOP.US,5,20260205,214000,37.43,37.43,37.43,37.43,1527,0
GOP.US,5,20260205,215500,37.695,37.695,37.42,37.695,1034,0
GOP.US,5,20260206,153500,37.88,37.95,37.88,37.95,500,0
GOP.US,5,20260206,155500,38.1197,38.1197,38.1197,38.1197,104,0
GOP.US,5,20260206,161000,37.88,37.88,37.83,37.83,590,0
GOP.US,5,20260206,162000,37.88,37.88,37.88,37.88,100,0
GOP.US,5,20260206,162500,37.62,37.62,37.62,37.62,910,0
GOP.US,5,20260206,163000,38.15,38.15,38.09,38.09,400,0
GOP.US,5,20260206,164500,38.21,38.25,38.01,38.01,701,0
GOP.US,5,20260206,165500,38.02,38.02,38.01,38.01,1000,0
GOP.US,5,20260206,182000,37.92,38.39,37.92,38.39,981,0
GOP.US,5,20260206,183500,38.04,38.04,38.04,38.04,130,0
GOP.US,5,20260206,192500,38.5,38.5,38.5,38.5,106,0
GOP.US,5,20260206,193000,38.235,38.235,38.235,38.235,311,0
GOP.US,5,20260206,200000,38.5,38.5,38.5,38.5,1409,0
GOP.US,5,20260206,205500,38.265,38.265,38.265,38.265,100,0
GOP.US,5,20260206,212500,37.92,37.92,37.92,37.92,224,0
GOP.US,5,20260206,215000,38.45,38.5,38.45,38.46,532,0
GOP.US,5,20260209,154000,38.4,38.4,38.4,38.4,100,0
GOP.US,5,20260209,154500,38.49,38.53,38.48,38.53,700,0
GOP.US,5,20260209,155500,38.54,38.54,38.54,38.54,100,0
GOP.US,5,20260209,160000,38.62,38.67,38.62,38.67,213,0
GOP.US,5,20260209,161000,38.57,38.57,38.57,38.57,100,0
GOP.US,5,20260209,161500,38.028,38.58,38.028,38.58,225,0
GOP.US,5,20260209,171500,38.52,38.52,38.52,38.52,129,0
GOP.US,5,20260209,173500,38.8,38.8,38.8,38.8,300,0
GOP.US,5,20260209,174000,38.7749,38.7749,38.7749,38.7749,106,0
GOP.US,5,20260209,174500,38.85,38.85,38.77,38.77,1069,0
GOP.US,5,20260209,182000,38.8,38.88,38.8,38.88,600,0
GOP.US,5,20260209,183000,38.65,38.65,38.65,38.65,751,0
GOP.US,5,20260209,184000,38.9799,38.9799,38.9799,38.9799,105,0
GOP.US,5,20260209,185000,38.745,38.745,38.745,38.745,128,0
GOP.US,5,20260209,190000,38.67,38.67,38.67,38.67,100,0
GOP.US,5,20260209,190500,38.83,38.83,38.83,38.83,210,0
GOP.US,5,20260209,191000,38.2679,38.2679,38.2679,38.2679,420,0
GOP.US,5,20260209,192000,38.63,38.63,38.63,38.63,153,0
GOP.US,5,20260209,193000,38.81,38.83,38.81,38.83,300,0
GOP.US,5,20260209,200000,38.7525,38.7525,38.7525,38.7525,130,0
GOP.US,5,20260209,204500,38.96,38.96,38.96,38.96,200,0
GOP.US,5,20260209,211500,38.67,38.72,38.67,38.72,634,0
GOP.US,5,20260209,212000,38.825,38.825,38.825,38.825,119,0
GOP.US,5,20260209,214500,38.496,38.6791,38.496,38.6791,200,0
GOP.US,5,20260210,160500,38.79,38.8,38.79,38.8,1100,0
GOP.US,5,20260210,161000,38.8,38.9299,38.78,38.88,1357,0
GOP.US,5,20260210,164500,38.605,38.605,38.605,38.605,257,0
GOP.US,5,20260210,170500,38.78,38.78,38.78,38.78,100,0
GOP.US,5,20260210,171500,38.585,38.585,38.585,38.585,128,0
GOP.US,5,20260210,173000,38.88,38.88,38.88,38.88,500,0
GOP.US,5,20260210,173500,38.87,38.87,38.87,38.87,835,0
GOP.US,5,20260210,174000,38.6264,38.87,38.6264,38.87,1275,0
GOP.US,5,20260210,174500,38.8799,38.8799,38.86,38.86,328,0
GOP.US,5,20260210,183000,38.86,38.86,38.86,38.86,100,0
GOP.US,5,20260210,184000,38.62,38.62,38.615,38.615,503,0
GOP.US,5,20260210,193000,38.5,38.5,38.5,38.5,100,0
GOP.US,5,20260210,210500,38.75,38.75,38.75,38.75,201,0
GOP.US,5,20260211,153000,38.76,38.76,38.76,38.76,1691,0
GOP.US,5,20260211,153500,38.99,39.04,38.99,38.9998,731,0
GOP.US,5,20260211,154500,38.98,38.98,38.98,38.98,999,0
GOP.US,5,20260211,161000,38.76,39.19,38.76,39.19,403,0
GOP.US,5,20260211,161500,38.73,38.77,38.73,38.77,536,0
GOP.US,5,20260211,162000,38.71,38.75,38.71,38.75,848,0
GOP.US,5,20260211,164500,38.753,38.753,38.753,38.753,103,0
GOP.US,5,20260211,172500,38.75,38.75,38.745,38.745,200,0
GOP.US,5,20260211,174000,38.84,38.85,38.81,38.85,426,0
GOP.US,5,20260211,184500,38.92,38.92,38.92,38.92,200,0
GOP.US,5,20260211,205500,38.845,38.845,38.845,38.845,100,0
GOP.US,5,20260211,215500,38.96,38.96,38.96,38.96,100,0
GOP.US,5,20260212,153000,38.8875,38.8875,38.855,38.855,768,0
GOP.US,5,20260212,164500,38.75,38.75,38.75,38.75,200,0
GOP.US,5,20260212,170500,38.65,38.65,38.65,38.65,100,0
GOP.US,5,20260212,171000,38.56,38.56,38.55,38.55,900,0
GOP.US,5,20260212,171500,38.55,38.55,38.53,38.53,200,0
GOP.US,5,20260212,172500,38.41,38.42,38.32,38.32,500,0
GOP.US,5,20260212,173500,38.59,38.59,38.59,38.59,100,0
GOP.US,5,20260212,180500,38.29,38.29,38.29,38.29,100,0
GOP.US,5,20260212,181500,38.3,38.3,38.3,38.3,100,0
GOP.US,5,20260212,182500,38.175,38.175,38.175,38.175,130,0
GOP.US,5,20260212,183000,38.0501,38.0501,38.0501,38.0501,405,0
GOP.US,5,20260212,185500,38.435,38.435,38.435,38.435,101,0
GOP.US,5,20260212,193000,38.2,38.2,38.2,38.2,100,0
GOP.US,5,20260212,200000,38.34,38.34,38.34,38.34,303,0
GOP.US,5,20260212,202500,38.53,38.53,38.53,38.53,300,0
GOP.US,5,20260212,213000,38.05,38.05,38.05,38.05,100,0
GOP.US,5,20260212,215500,38.6,38.6,38.24,38.24,200,0
GOP.US,5,20260213,153000,38.15,38.25,37.5,38.25,2732,0
GOP.US,5,20260213,155500,38.255,38.255,38.215,38.215,364,0
GOP.US,5,20260213,160000,38.22,38.22,38.22,38.22,250,0
GOP.US,5,20260213,161000,38.625,38.625,38.625,38.625,100,0
GOP.US,5,20260213,164000,38.3519,38.3519,38.3519,38.3519,200,0
GOP.US,5,20260213,164500,38.5898,38.5898,38.5898,38.5898,116,0
GOP.US,5,20260213,170000,38.6144,38.6144,38.6144,38.6144,129,0
GOP.US,5,20260213,180500,38.89,38.89,38.89,38.89,100,0
GOP.US,5,20260213,183000,38.96,38.96,38.96,38.96,100,0
GOP.US,5,20260213,185000,38.605,38.605,38.605,38.605,694,0
GOP.US,5,20260213,192500,38.81,38.81,38.81,38.81,119,0
GOP.US,5,20260213,193000,38.81,38.81,38.81,38.81,100,0
GOP.US,5,20260213,215500,38.72,38.72,38.72,38.72,192,0
GOP.US,5,20260217,153000,38.6,38.6,38.6,38.6,209,0
GOP.US,5,20260217,154000,38.64,38.64,38.64,38.64,100,0
GOP.US,5,20260217,155500,38.23,38.23,38.23,38.23,150,0
GOP.US,5,20260217,170000,38.3947,38.3947,38.3947,38.3947,111,0
GOP.US,5,20260217,172000,38.82,38.82,38.82,38.82,108,0
GOP.US,5,20260217,183000,38.68,38.68,38.68,38.68,100,0
GOP.US,5,20260217,192000,38.41,38.4101,38.41,38.4101,200,0
GOP.US,5,20260217,193000,38.75,38.75,38.75,38.75,100,0
GOP.US,5,20260217,194000,38.75,38.75,38.75,38.75,581,0
GOP.US,5,20260217,204000,38.625,38.625,38.625,38.625,100,0
GOP.US,5,20260217,215500,38.83,38.83,38.83,38.83,100,0
GOP.US,5,20260218,153000,39.2,39.2,39.2,39.2,127,0
GOP.US,5,20260218,155500,38.72,38.72,38.72,38.72,100,0
GOP.US,5,20260218,174000,38.715,38.715,38.715,38.715,120,0
GOP.US,5,20260218,174500,38.715,38.715,38.715,38.715,180,0
GOP.US,5,20260218,181000,38.7216,38.7216,38.7216,38.7216,100,0
GOP.US,5,20260218,190500,38.8699,38.8699,38.8699,38.8699,128,0
GOP.US,5,20260218,205000,38.5,38.5,38.5,38.5,300,0
GOP.US,5,20260218,214000,38.58,38.58,38.58,38.58,100,0
GOP.US,5,20260218,214500,38.6,38.6,38.6,38.6,262,0
GOP.US,5,20260218,215500,38.82,38.82,38.6,38.6,203,0
GOP.US,5,20260219,153000,38.1,38.1,38.1,38.1,115,0
GOP.US,5,20260219,153500,38.3,38.3,38.3,38.3,150,0
GOP.US,5,20260219,154500,38.5,38.5,38.5,38.5,100,0
GOP.US,5,20260219,190500,38.3654,38.3654,38.3654,38.3654,161,0
GOP.US,5,20260219,201000,38.35,38.35,38.35,38.35,167,0
GOP.US,5,20260219,204000,38.1,38.1,38.1,38.1,600,0
GOP.US,5,20260219,205500,38.33,38.3301,38.33,38.3301,200,0
GOP.US,5,20260219,214000,38.4552,38.4552,38.4552,38.4552,200,0
GOP.US,5,20260220,160000,38.69,38.87,38.69,38.87,562,0
GOP.US,5,20260220,161000,38.916,38.916,38.82,38.82,200,0
GOP.US,5,20260220,165500,38.82,38.82,38.82,38.82,106,0
GOP.US,5,20260220,172500,39,39,38.52,38.5201,578,0
GOP.US,5,20260220,173500,39.013,39.013,39.013,39.013,300,0
GOP.US,5,20260220,174000,38.8022,38.8022,38.8022,38.8022,400,0
GOP.US,5,20260220,174500,39.0925,39.0925,39.05,39.05,510,0
GOP.US,5,20260220,182500,38.62,38.62,38.62,38.62,100,0
GOP.US,5,20260220,194000,38.55,38.55,38.55,38.55,883,0
GOP.US,5,20260220,204000,39.07,39.07,39.07,39.07,286,0
GOP.US,5,20260220,205000,38.715,38.715,38.715,38.715,200,0
GOP.US,5,20260220,205500,38.94,38.94,38.94,38.94,100,0
GOP.US,5,20260220,213000,38.94,38.94,38.94,38.94,350,0
GOP.US,5,20260220,213500,38.7,38.7,38.7,38.7,325,0
GOP.US,5,20260220,215000,38.95,38.95,38.3947,38.3947,365,0
GOP.US,5,20260220,215500,38.52,38.65,38.52,38.65,200,0
GOP.US,5,20260223,153000,39.01,39.01,38.98,38.98,200,0
GOP.US,5,20260223,161000,38.45,38.9999,38.45,38.695,382,0
GOP.US,5,20260223,161500,38.6,38.6,38.6,38.6,100,0
GOP.US,5,20260223,164000,38.1101,38.1101,38.1101,38.1101,200,0
GOP.US,5,20260223,171500,38.45,38.45,38.35,38.35,600,0
GOP.US,5,20260223,184000,38.4959,38.5507,38.4959,38.496,1201,0
GOP.US,5,20260223,191500,38.47,38.47,38.47,38.47,100,0
GOP.US,5,20260223,192500,38.46,38.46,38.46,38.46,100,0
GOP.US,5,20260223,193000,38.42,38.7299,38.42,38.7299,439,0
GOP.US,5,20260223,214000,38.555,38.555,38.3,38.55,529,0
GOP.US,5,20260223,215500,38.48,38.48,38.48,38.48,200,0
GOP.US,5,20260224,153000,38.75,38.75,38.44,38.44,294,0
GOP.US,5,20260224,153500,38.3,38.3,38.3,38.3,100,0
GOP.US,5,20260224,162500,38.575,38.575,38.575,38.575,1289,0
GOP.US,5,20260224,194000,38.3701,38.3701,38.3701,38.3701,316,0
GOP.US,5,20260224,195000,38.83,38.83,38.83,38.83,100,0
GOP.US,5,20260224,204500,38.85,38.85,38.85,38.85,107,0
GOP.US,5,20260224,215500,38.575,38.575,38.575,38.575,129,0
GOP.US,5,20260225,153000,38.5246,38.5246,38.5246,38.5246,151,0
GOP.US,5,20260225,153500,38.85,39.2,38.78,38.78,1405,0
GOP.US,5,20260225,155500,38.6,38.6,38.6,38.6,130,0
GOP.US,5,20260225,160500,38.9,38.9,38.9,38.9,128,0
GOP.US,5,20260225,162000,38.64,38.64,38.64,38.64,156,0
GOP.US,5,20260225,173000,39.198,39.2,39.18,39.18,500,0
GOP.US,5,20260225,173500,38.96,38.96,38.96,38.96,694,0
GOP.US,5,20260225,190000,39.03,39.03,39.03,39.03,174,0
GOP.US,5,20260225,191000,39.03,39.03,39.03,39.03,115,0
GOP.US,5,20260225,192500,39.03,39.03,39.03,39.03,100,0
GOP.US,5,20260225,201500,38.65,39.07,38.65,39.07,440,0
GOP.US,5,20260225,202000,38.87,38.87,38.87,38.87,200,0
GOP.US,5,20260225,215500,39.18,39.18,39.18,39.18,100,0
GOP.US,5,20260226,155500,39,39,39,39,512,0
GOP.US,5,20260226,161500,38.62,38.8299,38.62,38.8299,200,0
GOP.US,5,20260226,162000,38.52,38.55,38.5,38.5,457,0
GOP.US,5,20260226,163000,38.855,38.855,38.57,38.57,209,0
GOP.US,5,20260226,165500,38.8303,38.8303,38.8303,38.8303,150,0
GOP.US,5,20260226,170000,38.805,38.805,38.805,38.805,100,0
GOP.US,5,20260226,184500,38.21,38.21,38.21,38.21,151,0
GOP.US,5,20260226,203500,38.8,38.8,38.8,38.8,300,0
GOP.US,5,20260227,154500,38.785,38.785,38.785,38.785,127,0
GOP.US,5,20260227,155000,38.64,38.64,38.59,38.59,200,0
GOP.US,5,20260227,161500,39.27,39.27,39.27,39.27,190,0
GOP.US,5,20260227,171500,38.61,38.64,38.61,38.64,200,0
GOP.US,5,20260227,174000,39.04,39.04,39.04,39.04,100,0
GOP.US,5,20260227,180500,38.74,38.74,38.74,38.74,137,0
GOP.US,5,20260227,183500,39.04,39.04,39.04,39.04,151,0
GOP.US,5,20260227,185000,38.4864,38.4864,38.4864,38.4864,382,0
GOP.US,5,20260227,200000,39.0163,39.0163,39.0163,39.0163,257,0
GOP.US,5,20260227,211500,38.3998,38.3998,38.3998,38.3998,100,0
GOP.US,5,20260302,153500,39,39,39,39,145,0
GOP.US,5,20260302,163500,38.92,38.92,38.92,38.92,180,0
GOP.US,5,20260302,170000,38.52,38.9,38.5,38.9,770,0
GOP.US,5,20260302,181500,38.71,38.71,38.71,38.71,300,0
GOP.US,5,20260302,182000,38.855,38.855,38.855,38.855,180,0
GOP.US,5,20260302,182500,38.9,38.9,38.9,38.9,100,0
GOP.US,5,20260302,183000,38.9,38.9,38.9,38.9,179,0
GOP.US,5,20260302,183500,39.05,39.05,39.05,39.05,100,0
GOP.US,5,20260302,191000,38.7101,39.02,38.7101,39.02,474,0
GOP.US,5,20260302,193500,38.87,38.87,38.87,38.87,211,0
GOP.US,5,20260302,195000,39,39,39,39,4487,0
GOP.US,5,20260302,200500,38.955,38.955,38.955,38.955,200,0
GOP.US,5,20260302,204000,39.2699,39.2699,39.2699,39.2699,100,0
GOP.US,5,20260303,153000,38.69,38.69,38.69,38.69,100,0
GOP.US,5,20260303,153500,38.0422,38.645,38.0422,38.645,351,0
GOP.US,5,20260303,154000,38.18,38.18,38.1,38.1,200,0
GOP.US,5,20260303,154500,38.625,38.625,38.625,38.625,350,0
GOP.US,5,20260303,155000,38.01,38.3,38.01,38.01,487,0
GOP.US,5,20260303,155500,38.17,38.17,37.98,37.98,400,0
GOP.US,5,20260303,160500,38.25,38.25,38.07,38.07,600,0
GOP.US,5,20260303,161500,38.01,38.165,37.93,38.165,605,0
GOP.US,5,20260303,162500,37.84,38.14,37.84,38.14,235,0
GOP.US,5,20260303,164500,38.06,38.06,38.06,38.06,100,0
GOP.US,5,20260303,165000,38.19,38.19,38.19,38.19,275,0
GOP.US,5,20260303,171000,38.4,38.4,38.4,38.4,100,0
GOP.US,5,20260303,172500,38.61,38.61,38.61,38.61,100,0
GOP.US,5,20260303,173000,38.61,38.61,38.27,38.48,460,0
GOP.US,5,20260303,175000,38.37,38.37,38.37,38.37,100,0
GOP.US,5,20260303,181000,38.4,38.4,38.4,38.4,153,0
GOP.US,5,20260303,182000,38.2873,38.2873,38.2873,38.2873,255,0
GOP.US,5,20260303,185000,38.66,38.66,38.66,38.66,100,0
GOP.US,5,20260303,185500,38.61,38.61,38.61,38.61,100,0
GOP.US,5,20260303,190500,38.86,38.86,38.86,38.86,200,0
GOP.US,5,20260303,191000,38.94,38.94,38.85,38.85,300,0
GOP.US,5,20260303,194500,38.5,38.5,38.5,38.5,100,0
GOP.US,5,20260303,195500,38.93,38.93,38.7076,38.7076,200,0
GOP.US,5,20260303,201000,38.48,38.48,38.48,38.48,100,0
GOP.US,5,20260303,202000,39.02,39.02,39.02,39.02,100,0
GOP.US,5,20260303,202500,39.02,39.02,38.75,38.75,200,0
GOP.US,5,20260303,205000,38.6,38.6,38.6,38.6,100,0
GOP.US,5,20260303,212000,38.685,38.685,38.685,38.685,193,0
GOP.US,5,20260304,153000,38.7,38.7,38.7,38.7,100,0
GOP.US,5,20260304,153500,38.71,38.71,38.71,38.71,100,0
GOP.US,5,20260304,155500,38.47,38.47,38.47,38.47,200,0
GOP.US,5,20260304,161500,39,39,39,39,240,0
GOP.US,5,20260304,165500,38.71,38.71,38.71,38.71,166,0
GOP.US,5,20260304,171500,38.71,38.71,38.71,38.71,154,0
GOP.US,5,20260304,172000,38.71,38.78,38.71,38.78,1252,0
GOP.US,5,20260304,174500,38.78,38.78,38.78,38.78,130,0
GOP.US,5,20260304,182000,38.5401,38.5401,38.5401,38.5401,100,0
GOP.US,5,20260304,210000,38.82,38.82,38.82,38.82,116,0
GOP.US,5,20260304,210500,38.82,38.82,38.82,38.82,100,0
GOP.US,5,20260305,153500,38.4696,38.4696,38.4696,38.4696,477,0
GOP.US,5,20260305,154000,38.31,38.32,38.3,38.3,500,0
GOP.US,5,20260305,155500,38.805,38.805,38.805,38.805,250,0
GOP.US,5,20260305,162500,38.63,38.63,38.63,38.63,100,0
GOP.US,5,20260305,163000,38.53,38.53,38.53,38.53,100,0
GOP.US,5,20260305,172500,38.2802,38.2802,38.28,38.28,598,0
GOP.US,5,20260305,174000,38.575,38.575,38.575,38.575,100,0
GOP.US,5,20260305,175500,38.535,38.535,38.535,38.535,129,0
GOP.US,5,20260305,181500,38.28,38.28,38.28,38.28,100,0
GOP.US,5,20260305,182000,38.26,38.26,38.26,38.26,100,0
GOP.US,5,20260305,183000,38.17,38.17,38.17,38.17,100,0
GOP.US,5,20260305,184500,38.09,38.09,38.09,38.09,100,0
GOP.US,5,20260305,185000,38.255,38.255,38.255,38.255,800,0
GOP.US,5,20260305,194000,38.285,38.285,38.285,38.285,260,0
GOP.US,5,20260305,210500,38.4051,38.4051,38.4051,38.4051,129,0
GOP.US,5,20260305,211000,38.1156,38.1156,38.1156,38.1156,144,0
GOP.US,5,20260305,214500,38.16,38.16,38.16,38.16,100,0
GOP.US,5,20260306,153500,37.78,37.78,37.77,37.77,400,0
GOP.US,5,20260306,154000,37.7,37.7,37.7,37.7,100,0
GOP.US,5,20260306,154500,37.7,37.7,37.63,37.63,200,0
GOP.US,5,20260306,155000,37.91,37.91,37.91,37.91,265,0
GOP.US,5,20260306,155500,37.62,38.07,37.62,38.07,360,0
GOP.US,5,20260306,162500,38.478454,38.478454,38.478454,38.478454,168,0
GOP.US,5,20260306,164000,37.96,37.96,37.96,37.96,100,0
GOP.US,5,20260306,165500,37.88,37.88,37.88,37.88,100,0
GOP.US,5,20260306,170500,38.095,38.095,38.095,38.095,105,0
GOP.US,5,20260306,172500,38.07,38.07,38.07,38.07,100,0
GOP.US,5,20260306,173500,38.095,38.095,38.095,38.095,550,0
GOP.US,5,20260306,174500,38.4307,38.4307,38.4307,38.4307,260,0
GOP.US,5,20260306,180000,37.6901,37.6901,37.6901,37.6901,330,0
GOP.US,5,20260306,182500,37.69,37.69,37.68,37.68,402,0
GOP.US,5,20260306,183000,37.955,37.955,37.8472,37.8472,400,0
GOP.US,5,20260306,183500,37.75,37.75,37.75,37.75,500,0
GOP.US,5,20260306,184000,37.6,37.6,37.6,37.6,100,0
GOP.US,5,20260306,191000,38.01,38.01,38.01,38.01,272,0
GOP.US,5,20260306,194000,37.942,37.942,37.942,37.942,180,0
GOP.US,5,20260306,200000,37.945,37.945,37.68,37.68,200,0
GOP.US,5,20260306,204500,37.76,37.76,37.76,37.76,200,0
GOP.US,5,20260306,205500,37.985,37.985,37.985,37.985,275,0
GOP.US,5,20260306,210000,37.985,37.985,37.985,37.985,118,0
GOP.US,5,20260306,211000,37.985,37.985,37.985,37.985,356,0
GOP.US,5,20260306,212500,37.975,37.975,37.975,37.975,100,0
GOP.US,5,20260306,213000,37.83,37.83,37.83,37.83,100,0
GOP.US,5,20260309,143000,37,37.555,37,37.555,800,0
GOP.US,5,20260309,145000,37.4,37.4,37.03,37.03,701,0
GOP.US,5,20260309,145500,37.03,37.08,37.03,37.03,2520,0
GOP.US,5,20260309,150000,37.03,37.03,37.03,37.03,1860,0
GOP.US,5,20260309,152500,37.17,37.17,37.17,37.17,100,0
GOP.US,5,20260309,161000,37.2,37.2,37.2,37.2,138,0
GOP.US,5,20260309,162000,37.2,37.2,37.2,37.2,138,0
GOP.US,5,20260309,172500,37.725,37.99,37.725,37.725,1182,0
GOP.US,5,20260309,173500,37.725,37.725,37.725,37.725,299,0
GOP.US,5,20260309,174500,37.73,37.73,37.73,37.73,100,0
GOP.US,5,20260309,175000,37.59,37.59,37.59,37.59,500,0
GOP.US,5,20260309,180000,37.725,37.725,37.725,37.725,400,0
GOP.US,5,20260309,194000,37.675,37.675,37.675,37.675,240,0
GOP.US,5,20260309,202500,37.98,38,37.96,38,524,0
GOP.US,5,20260309,204000,37.792,37.792,37.792,37.792,107,0
GOP.US,5,20260310,150000,38.11,38.11,38.11,38.11,100,0
GOP.US,5,20260310,150500,38.11,38.11,38.11,38.11,131,0
GOP.US,5,20260310,152500,38.058,38.058,38.058,38.058,180,0
GOP.US,5,20260310,155500,38.36,38.38,38.35,38.35,682,0
GOP.US,5,20260310,161000,37.89,37.97,37.89,37.97,442,0
GOP.US,5,20260310,162000,38.3,38.3,38.3,38.3,100,0
GOP.US,5,20260310,165500,38.3,38.3001,38.3,38.3001,280,0
GOP.US,5,20260310,171500,38.57,38.57,38.57,38.57,129,0
GOP.US,5,20260310,173500,38.53,38.57,38.53,38.57,1034,0
GOP.US,5,20260310,182500,38.47,38.47,38.47,38.47,100,0
GOP.US,5,20260310,184000,38.465,38.465,38.465,38.465,200,0
GOP.US,5,20260310,192000,38.155,38.155,38.155,38.155,105,0
GOP.US,5,20260310,203500,38.36,38.36,38.36,38.36,100,0
GOP.US,5,20260310,205000,38.26,38.26,38.26,38.26,450,0
GOP.US,5,20260310,205500,38.5,38.5,38.5,38.5,100,0
GOP.US,5,20260311,143500,38.2872,38.2872,38.2872,38.2872,350,0
GOP.US,5,20260311,144000,38.1858,38.1858,38.1858,38.1858,210,0
GOP.US,5,20260311,151500,38.386,38.386,38.23,38.334,1278,0
GOP.US,5,20260311,162000,38.23,38.23,38.23,38.23,500,0
GOP.US,5,20260311,165000,37.97,38.4,37.97,38.4,341,0
GOP.US,5,20260311,170000,38.2821,38.2821,38.2821,38.2821,260,0
GOP.US,5,20260311,172000,38.1014,38.1014,38.1014,38.1014,100,0
GOP.US,5,20260311,175000,38.01,38.0142,38.01,38.0101,400,0
GOP.US,5,20260312,152000,38.035,38.035,38.035,38.035,1006,0
GOP.US,5,20260312,153500,38.0387,38.0387,38.0387,38.0387,112,0
GOP.US,5,20260312,154500,37.84,37.84,37.84,37.84,100,0
GOP.US,5,20260312,155500,37.84,37.84,37.84,37.84,100,0
GOP.US,5,20260312,160500,37.84,37.84,37.84,37.84,100,0
GOP.US,5,20260312,164500,38.085,38.085,38.085,38.085,873,0
GOP.US,5,20260312,165500,37.9114,37.9114,37.9114,37.9114,292,0
GOP.US,5,20260312,175500,38,38,38,38,100,0
GOP.US,5,20260312,180000,37.7,37.7,37.7,37.7,100,0
GOP.US,5,20260312,195500,37.73,37.73,37.73,37.73,130,0
GOP.US,5,20260312,205000,37.86,37.86,37.86,37.86,100,0
GOP.US,5,20260312,205500,37.73,37.73,37.73,37.73,148,0
GOP.US,5,20260313,143500,38.1283,38.1283,38.1283,38.1283,112,0
GOP.US,5,20260313,153500,37.5,37.5,37.5,37.5,100,0
GOP.US,5,20260313,171000,37.87,37.87,37.87,37.87,276,0
GOP.US,5,20260313,175000,38.24,38.24,38.24,38.24,497,0
GOP.US,5,20260313,184000,37.865,37.865,37.865,37.865,215,0
GOP.US,5,20260313,185500,37.85,37.85,37.85,37.85,131,0
GOP.US,5,20260316,143000,38.125,38.125,38.125,38.125,129,0
GOP.US,5,20260316,144000,38.4,38.4,38.4,38.4,100,0
GOP.US,5,20260316,145500,38.4,38.5,38.4,38.5,286,0
GOP.US,5,20260316,150500,38.25,38.25,38.25,38.25,200,0
GOP.US,5,20260316,153000,38.249,38.249,38.249,38.249,200,0
GOP.US,5,20260316,154000,38.135,38.135,38.135,38.135,100,0
GOP.US,5,20260316,161000,37.89,37.89,37.89,37.89,100,0
GOP.US,5,20260316,163000,38.2683,38.2683,38.2683,38.2683,100,0
GOP.US,5,20260316,163500,38.29,38.29,38.29,38.29,485,0
GOP.US,5,20260316,172000,38.194,38.194,38.194,38.194,130,0
GOP.US,5,20260316,180500,38.35,38.35,38.35,38.35,291,0
GOP.US,5,20260316,185500,37.88,37.88,37.88,37.88,554,0
GOP.US,5,20260316,194000,38.14,38.14,38.14,38.14,455,0
GOP.US,5,20260316,202500,38.145,38.145,38.145,38.145,133,0
GOP.US,5,20260316,205500,38.4,38.4,38.4,38.4,100,0
GOP.US,5,20260317,143000,38.39,38.39,38.39,38.39,100,0
GOP.US,5,20260317,152500,38.14,38.14,38.14,38.14,100,0
GOP.US,5,20260317,153000,38.18,38.18,38.18,38.18,150,0
GOP.US,5,20260317,153500,38.18,38.18,38.1501,38.1501,350,0
GOP.US,5,20260317,163000,38.18,38.18,38.18,38.18,100,0
GOP.US,5,20260317,171500,38.9084,38.9084,38.35,38.35,230,0
GOP.US,5,20260317,181500,38.35,38.35,38.33,38.33,200,0
GOP.US,5,20260317,182000,38.08,38.08,38.08,38.08,100,0
GOP.US,5,20260317,185500,38.31,38.31,38.205,38.205,362,0
GOP.US,5,20260317,194500,38.1136,38.1136,38.1136,38.1136,196,0
GOP.US,5,20260317,205500,38.1,38.1,38.1,38.1,165,0
GOP.US,5,20260318,143500,38.15,38.15,38.15,38.15,313,0
GOP.US,5,20260318,150500,38.15,38.15,38.15,38.15,262,0
GOP.US,5,20260318,151000,37.9701,37.9701,37.9701,37.9701,104,0
GOP.US,5,20260318,152500,37.97,37.97,37.97,37.97,100,0
GOP.US,5,20260318,155000,38.05,38.05,38.05,38.05,100,0
GOP.US,5,20260318,162000,38.06,38.06,38.06,38.06,100,0
GOP.US,5,20260318,165500,38.04,38.04,38.04,38.04,100,0
GOP.US,5,20260318,170000,38.04,38.04,38.04,38.04,100,0
GOP.US,5,20260318,174500,38.5999,38.5999,38.05,38.05,230,0
GOP.US,5,20260318,180500,37.984,37.984,37.984,37.984,151,0
GOP.US,5,20260318,200000,37.9415,37.9415,37.925,37.925,200,0
GOP.US,5,20260318,204000,37.66,37.66,37.66,37.66,100,0
GOP.US,5,20260319,143000,37.63,37.63,37.62,37.62,220,0
GOP.US,5,20260319,144000,37.4801,37.4801,37.4801,37.4801,511,0
GOP.US,5,20260319,144500,37.53,37.7,37.53,37.7,340,0
GOP.US,5,20260319,150000,37.7,37.7,37.7,37.7,300,0
GOP.US,5,20260319,152000,37.4934,37.4934,37.4934,37.4934,150,0
GOP.US,5,20260319,155000,37.68,37.6993,37.68,37.68,320,0
GOP.US,5,20260319,164000,37.7,37.7,37.7,37.7,212,0
GOP.US,5,20260319,172500,37.59,37.59,37.59,37.59,182,0
GOP.US,5,20260319,182500,37.58,37.58,37.58,37.58,331,0
GOP.US,5,20260319,184000,37.46,37.4601,37.46,37.4601,500,0
GOP.US,5,20260319,184500,37.46,37.46,37.46,37.46,2298,0
GOP.US,5,20260319,204500,37.696,37.696,37.696,37.696,100,0
GOP.US,5,20260319,205500,37.44,37.44,37.44,37.44,100,0
GOP.US,5,20260320,143000,37.6,37.63,37.6,37.63,248,0
GOP.US,5,20260320,143500,37.495,37.495,37.495,37.495,100,0
GOP.US,5,20260320,144000,37.71,37.71,37.68,37.68,335,0
GOP.US,5,20260320,152000,37.545,37.545,37.545,37.545,151,0
GOP.US,5,20260320,163500,37.55,37.55,37.55,37.55,195,0
GOP.US,5,20260320,164500,37.555,37.555,37.555,37.555,499,0
GOP.US,5,20260320,172000,37.3501,37.3501,37.3501,37.3501,288,0
GOP.US,5,20260320,174500,37.77,37.77,37.77,37.77,180,0
GOP.US,5,20260320,182000,37.45,37.45,37.45,37.45,1000,0
GOP.US,5,20260320,183000,37.35,37.35,37.35,37.35,200,0
GOP.US,5,20260320,183500,37.545,37.545,37.545,37.545,100,0
GOP.US,5,20260320,190500,37.33,37.33,37.33,37.33,100,0
GOP.US,5,20260320,192000,37.48,37.48,37.27,37.27,200,0
GOP.US,5,20260320,193500,37.24,37.3062,37.16,37.3062,900,0
GOP.US,5,20260320,194000,37.375,37.375,37.375,37.375,133,0
GOP.US,5,20260320,195500,37.16,37.16,37.16,37.16,100,0
GOP.US,5,20260320,200500,37.1349,37.1349,37.1349,37.1349,134,0
GOP.US,5,20260320,201000,37.09,37.51,37.09,37.51,690,0
GOP.US,5,20260320,203000,37.08,37.08,37.08,37.08,100,0
GOP.US,5,20260323,143000,37.3,37.3,37.28,37.28,200,0
GOP.US,5,20260323,143500,37.36,37.57,37.36,37.57,200,0
GOP.US,5,20260323,144000,37.66,37.66,37.66,37.66,100,0
GOP.US,5,20260323,145000,37.81,37.89,37.75,37.75,500,0
GOP.US,5,20260323,145500,37.75,37.75,37.75,37.75,100,0
GOP.US,5,20260323,150000,37.96,37.96,37.96,37.96,100,0
GOP.US,5,20260323,150500,37.825,37.825,37.825,37.825,305,0
GOP.US,5,20260323,151500,37.61,38.04,37.61,38.04,430,0
GOP.US,5,20260323,152000,38.05,38.05,38.05,38.05,100,0
GOP.US,5,20260323,163500,37.98,37.98,37.98,37.98,230,0
GOP.US,5,20260323,172500,37.74,37.74,37.74,37.74,100,0
GOP.US,5,20260323,173000,38.09,38.09,38.09,38.09,271,0
GOP.US,5,20260323,174500,37.67,37.68,37.61,37.62,5835,0
GOP.US,5,20260323,175000,37.805,38.01,37.805,38.01,200,0
GOP.US,5,20260323,180000,38.01,38.01,38.01,38.01,200,0
GOP.US,5,20260323,205500,37.6,37.6,37.6,37.6,199,0
GOP.US,5,20260324,151000,37.79,37.79,37.79,37.79,104,0
GOP.US,5,20260324,154000,37.5901,37.5901,37.5705,37.59,1643,0
GOP.US,5,20260324,155500,37.675,37.675,37.675,37.675,136,0
GOP.US,5,20260324,161500,37.675,37.89,37.675,37.89,459,0
GOP.US,5,20260324,162500,37.97,37.97,37.97,37.97,100,0
GOP.US,5,20260324,163000,37.835,37.835,37.835,37.835,100,0
GOP.US,5,20260324,171000,38.02,38.04,37.83,38.04,515,0
GOP.US,5,20260324,173500,37.64,37.835,37.63,37.835,300,0
GOP.US,5,20260324,192000,37.63,37.63,37.63,37.63,150,0
GOP.US,5,20260324,194500,37.835,37.835,37.835,37.835,100,0
GOP.US,5,20260324,195000,37.81,37.81,37.81,37.81,264,0
GOP.US,5,20260324,204500,37.98,37.99,37.81,37.81,500,0
GOP.US,5,20260325,143000,38.08,38.08,38.06,38.06,200,0
GOP.US,5,20260325,150500,37.9732,37.9732,37.9732,37.9732,150,0
GOP.US,5,20260325,164000,37.96,37.96,37.96,37.96,100,0
GOP.US,5,20260325,165000,38.12,38.12,38.12,38.12,131,0
GOP.US,5,20260325,192000,38.125,38.125,38.125,38.125,180,0
GOP.US,5,20260325,193000,38.125,38.125,38.125,38.125,261,0
GOP.US,5,20260326,143000,38,38,38,38,183,0
GOP.US,5,20260326,145500,38.095,38.095,38.095,38.095,100,0
GOP.US,5,20260326,153000,38.09,38.09,38.09,38.09,130,0
GOP.US,5,20260326,154000,37.87,37.87,37.86,37.86,200,0
GOP.US,5,20260326,155500,37.79,37.79,37.79,37.79,100,0
GOP.US,5,20260326,172000,37.75,37.75,37.75,37.75,100,0
GOP.US,5,20260326,173000,37.7,37.7,37.7,37.7,100,0
GOP.US,5,20260326,174000,37.62,37.62,37.62,37.62,100,0
GOP.US,5,20260326,185000,37.54,37.54,37.53,37.54,400,0
GOP.US,5,20260326,191500,37.47,37.47,37.4621,37.4621,201,0
GOP.US,5,20260326,203000,37.45,37.45,37.45,37.45,100,0
GOP.US,5,20260326,205500,37.59,37.59,37.38,37.38,331,0
GOP.US,5,20260327,143000,37.18,37.525,37.18,37.525,682,0
GOP.US,5,20260327,150000,37.56,37.56,37.56,37.56,133,0
GOP.US,5,20260327,153000,37.14,37.17,37.14,37.17,300,0
GOP.US,5,20260327,153500,37.49,37.49,37.49,37.49,100,0
GOP.US,5,20260327,155000,37.0854,37.0854,37.0854,37.0854,170,0
GOP.US,5,20260327,181500,37.27,37.27,37.27,37.27,100,0
GOP.US,5,20260327,182500,37.05,37.05,36.97,36.97,200,0
GOP.US,5,20260327,184500,36.89,36.89,36.89,36.89,100,0
GOP.US,5,20260327,190000,36.9,37.105,36.9,37.105,920,0
GOP.US,5,20260327,204000,36.88,36.88,36.88,36.88,100,0
GOP.US,5,20260327,205500,36.81,36.81,36.81,36.81,200,0
GOP.US,5,20260330,153000,37.05,37.35,37.05,37.21,420,0
GOP.US,5,20260330,155000,37.04,37.05,37.04,37.05,308,0
GOP.US,5,20260330,155500,36.98,36.98,36.9,36.9,369,0
GOP.US,5,20260330,161000,37.04,37.04,37.04,37.04,100,0
GOP.US,5,20260330,161500,37.045,37.045,37.045,37.045,120,0
GOP.US,5,20260330,173000,37.045,37.045,37.045,37.045,250,0
GOP.US,5,20260330,174500,37.05,37.05,37.05,37.05,820,0
GOP.US,5,20260330,175000,37,37,37,37,300,0
GOP.US,5,20260330,185500,36.85,36.85,36.85,36.85,400,0
GOP.US,5,20260330,191500,36.82,36.82,36.82,36.82,100,0
GOP.US,5,20260330,193500,36.955,36.955,36.955,36.955,100,0
GOP.US,5,20260330,200500,36.74,36.885,36.74,36.885,603,0
GOP.US,5,20260330,202000,36.82,36.82,36.82,36.82,200,0
GOP.US,5,20260330,205500,36.66,37.09,36.66,37.09,200,0
GOP.US,5,20260330,210500,36.6,36.6,36.28,36.28,716,0
GOP.US,5,20260330,215500,36.46,36.5489,36.46,36.5489,232,0
GOP.US,5,20260331,153000,37.24,37.24,37.24,37.24,100,0
GOP.US,5,20260331,154000,37.03,37.03,37.03,37.03,592,0
GOP.US,5,20260331,155500,37.21,37.255,37.21,37.255,200,0
GOP.US,5,20260331,170000,37.1,37.1,37.1,37.1,200,0
GOP.US,5,20260331,174500,37.1537,37.1537,37.1537,37.1537,123,0
GOP.US,5,20260331,175000,37.1,37.1,37.1,37.1,100,0
GOP.US,5,20260331,184500,37.45,37.459,37.45,37.459,200,0
GOP.US,5,20260331,191000,37.39,37.395,37.3,37.395,1650,0
GOP.US,5,20260331,202500,37.465,37.465,37.465,37.465,100,0
GOP.US,5,20260331,215000,37.601,37.64,37.601,37.64,200,0
GOP.US,5,20260331,215500,37.655,37.655,37.601,37.63,800,0
GOP.US,5,20260401,153000,37.81,37.81,37.81,37.81,584,0
GOP.US,5,20260401,162500,37.9499,37.9499,37.9499,37.9499,106,0
GOP.US,5,20260401,163000,37.95,37.95,37.95,37.95,125,0
GOP.US,5,20260401,171500,38.19,38.19,38.19,38.19,100,0
GOP.US,5,20260401,182500,38.189,38.19,38.189,38.19,475,0
GOP.US,5,20260401,183000,38.06,38.06,38.06,38.06,100,0
GOP.US,5,20260401,185000,38.16,38.16,38.16,38.16,475,0
GOP.US,5,20260401,191000,38.135,38.2,38.135,38.1796,867,0
GOP.US,5,20260401,192000,38.125,38.125,38.125,38.125,100,0
GOP.US,5,20260401,195000,38.1,38.1,38.1,38.1,1207,0
GOP.US,5,20260401,195500,38.03,38.03,38.03,38.03,100,0
GOP.US,5,20260401,202500,37.8759,37.8759,37.8759,37.8759,100,0
GOP.US,5,20260401,211000,37.925,37.925,37.87,37.87,5012,0
GOP.US,5,20260401,212000,37.865,37.865,37.865,37.865,130,0
GOP.US,5,20260401,213000,37.86,37.86,37.86,37.86,100,0
GOP.US,5,20260401,214500,37.865,37.865,37.861,37.861,212,0
GOP.US,5,20260402,153500,37.42,37.42,37.42,37.42,100,0
GOP.US,5,20260402,162500,37.785,37.785,37.785,37.785,100,0
GOP.US,5,20260402,164000,37.99,38.08,37.8,37.8,962,0
GOP.US,5,20260402,165000,37.94,37.94,37.94,37.94,201,0
GOP.US,5,20260402,170000,37.95,37.95,37.95,37.95,100,0
GOP.US,5,20260402,173500,38,38.05,38,38.04,410,0
GOP.US,5,20260402,182000,37.82,37.82,37.82,37.82,100,0
GOP.US,5,20260402,190000,37.86,37.86,37.86,37.86,200,0
GOP.US,5,20260402,192500,37.9644,37.9644,37.9644,37.9644,216,0
GOP.US,5,20260402,194000,37.91,37.91,37.91,37.91,100,0
GOP.US,5,20260402,200000,37.8,37.8,37.8,37.8,200,0
GOP.US,5,20260402,201500,37.905,37.905,37.905,37.905,100,0
GOP.US,5,20260402,213500,37.905,37.905,37.905,37.905,100,0
GOP.US,5,20260406,153000,38.03,38.17,38.03,38.17,2270,0
GOP.US,5,20260406,154000,38,38,38,38,100,0
GOP.US,5,20260406,173000,38.1163,38.1163,38.1163,38.1163,263,0
GOP.US,5,20260406,174000,38.068,38.1199,38.068,38.1199,341,0
GOP.US,5,20260406,183000,38.115,38.115,38.115,38.115,262,0
GOP.US,5,20260406,183500,38.12,38.12,38.11,38.11,367,0
GOP.US,5,20260406,185000,38.1,38.1,38.1,38.1,100,0
GOP.US,5,20260406,190000,38.07,38.07,38.07,38.07,100,0
GOP.US,5,20260406,200500,38.0497,38.0497,38.0497,38.0497,130,0
GOP.US,5,20260406,214000,38.08,38.08,38.08,38.08,100,0
GOP.US,5,20260407,153000,38.17,38.17,38.17,38.17,668,0
GOP.US,5,20260407,153500,38.08,38.15,38.08,38.1499,447,0
GOP.US,5,20260407,155500,38.185,38.185,38.185,38.185,144,0
GOP.US,5,20260407,161500,38.085,38.085,38.085,38.085,183,0
GOP.US,5,20260407,171500,38.01,38.01,38.01,38.01,100,0
GOP.US,5,20260407,201000,38.16,38.16,38.16,38.16,100,0
GOP.US,5,20260407,211000,37.9801,37.9801,37.9801,37.9801,200,0
GOP.US,5,20260408,153000,39.08,39.1,39.08,39.1,1836,0
GOP.US,5,20260408,153500,39.19,39.19,39.19,39.19,100,0
GOP.US,5,20260408,154000,39.25,39.25,39.25,39.25,100,0
GOP.US,5,20260408,154500,39.27,39.27,39.27,39.27,339,0
GOP.US,5,20260408,155000,39.33,39.33,39.33,39.33,100,0
GOP.US,5,20260408,161000,39.305,39.305,39.305,39.305,300,0
GOP.US,5,20260408,162500,39.2403,39.2403,39.2403,39.2403,133,0
GOP.US,5,20260408,164000,39.19,39.19,39.18,39.18,227,0
GOP.US,5,20260408,164500,39.175,39.175,39.175,39.175,112,0
GOP.US,5,20260408,171500,39.17,39.17,39.17,39.17,100,0
GOP.US,5,20260408,173500,39.26,39.3,39.26,39.26,591,0
GOP.US,5,20260408,175500,39.31,39.31,39.31,39.31,100,0
GOP.US,5,20260408,181500,39.32,39.32,39.3,39.32,300,0
GOP.US,5,20260408,194000,39.35,39.39,39.35,39.39,220,0
GOP.US,5,20260408,212000,39.29,39.335,39.29,39.335,200,0
GOP.US,5,20260408,212500,39.335,39.335,39.335,39.335,130,0
GOP.US,5,20260408,215000,39.39,39.39,39.39,39.39,9000,0
GOP.US,5,20260409,153000,39.37,39.37,39.37,39.37,1145,0
GOP.US,5,20260409,154000,39.452,39.5,39.452,39.5,302,0
GOP.US,5,20260409,163500,39.45,39.45,39.45,39.45,100,0
GOP.US,5,20260409,164500,39.45,39.45,39.45,39.45,100,0
GOP.US,5,20260409,173500,39.56,39.56,39.56,39.56,20949,0
GOP.US,5,20260409,180000,39.68,39.74,39.67,39.74,2515,0
GOP.US,5,20260409,180500,39.7499,39.7499,39.63,39.63,276,0
GOP.US,5,20260409,181000,39.69,39.69,39.69,39.69,251,0
GOP.US,5,20260409,181500,39.678,39.678,39.63,39.63,880,0
GOP.US,5,20260409,182000,39.74,39.78,39.74,39.78,1006,0
GOP.US,5,20260409,182500,39.7005,39.7005,39.7,39.7,200,0
GOP.US,5,20260409,185000,39.7199,39.7199,39.7199,39.7199,100,0
GOP.US,5,20260409,194000,39.73,39.73,39.73,39.73,327,0
GOP.US,5,20260409,212500,39.75,39.75,39.75,39.75,150,0
GOP.US,5,20260409,213500,39.62,39.6201,39.62,39.6201,1084,0
GOP.US,5,20260410,153000,39.76,39.76,39.76,39.76,150,0
GOP.US,5,20260410,153500,39.73,39.73,39.73,39.73,100,0
GOP.US,5,20260410,155500,39.7406,39.7406,39.7406,39.7406,129,0
GOP.US,5,20260410,160500,39.7499,39.7499,39.7499,39.7499,168,0
GOP.US,5,20260410,171500,39.81,39.81,39.81,39.81,488,0
GOP.US,5,20260410,180000,39.59,39.59,39.59,39.59,300,0
GOP.US,5,20260410,183000,39.565,39.565,39.565,39.565,200,0
GOP.US,5,20260410,193000,39.59,39.59,39.59,39.59,100,0
GOP.US,5,20260410,194000,39.59,39.59,39.59,39.59,1123,0
GOP.US,5,20260410,201500,39.58,39.71,39.58,39.58,4515,0
GOP.US,5,20260410,202000,39.64,39.64,39.64,39.64,200,0
GOP.US,5,20260410,211000,39.76,39.76,39.76,39.76,100,0
GOP.US,5,20260410,212000,39.62,39.6201,39.62,39.62,2000,0
GOP.US,5,20260410,213500,39.7499,39.7499,39.7499,39.7499,100,0
GOP.US,5,20260413,153000,39.62,39.987,39.62,39.68,326,0
GOP.US,5,20260413,154500,39.62,39.62,39.62,39.62,100,0
GOP.US,5,20260413,163000,39.73,39.73,39.73,39.73,503,0
GOP.US,5,20260413,163500,39.71,39.71,39.71,39.71,500,0
GOP.US,5,20260413,164500,39.745,39.8,39.745,39.79,750,0
GOP.US,5,20260413,171500,39.7344,39.7344,39.7344,39.7344,110,0
GOP.US,5,20260413,172500,39.6963,39.6963,39.6963,39.6963,200,0
GOP.US,5,20260413,181500,39.76,39.88,39.76,39.88,1000,0
GOP.US,5,20260413,182000,39.81,39.81,39.81,39.81,100,0
GOP.US,5,20260413,182500,39.81,39.8199,39.7201,39.7201,526,0
GOP.US,5,20260413,191000,39.93,39.93,39.93,39.93,133,0
GOP.US,5,20260413,191500,39.98,39.9899,39.98,39.9899,1000,0
GOP.US,5,20260413,193000,39.94,39.94,39.94,39.94,260,0
GOP.US,5,20260413,203500,40.0599,40.0599,40.0599,40.0599,100,0
GOP.US,5,20260413,210000,39.975,39.975,39.975,39.975,124,0
GOP.US,5,20260413,210500,39.9101,39.9101,39.9101,39.9101,100,0
GOP.US,5,20260413,211000,39.975,40,39.975,40,375,0
GOP.US,5,20260413,212000,40,40.0292,40,40.0292,350,0
GOP.US,5,20260413,213000,40.045,40.045,40.045,40.045,200,0
GOP.US,5,20260413,214000,40.1,40.1,40.1,40.1,116,0
GOP.US,5,20260413,214500,40.16,40.16,40.16,40.16,344,0
GOP.US,5,20260413,215000,40.175,40.175,40.175,40.175,1241,0
GOP.US,5,20260414,153000,40.32,40.32,40.32,40.32,727,0
GOP.US,5,20260414,163500,40.245,40.245,40.245,40.245,100,0
GOP.US,5,20260414,165000,40.275,40.275,40.275,40.275,120,0
GOP.US,5,20260414,170500,40.25,40.25,40.25,40.25,124,0
GOP.US,5,20260414,171500,40.24,40.24,40.24,40.24,400,0
GOP.US,5,20260414,173500,40.25,40.25,40.25,40.25,124,0
GOP.US,5,20260414,184000,40.27,40.34,40.21,40.34,548,0
GOP.US,5,20260414,185000,40.21,40.21,40.21,40.21,100,0
GOP.US,5,20260414,185500,40.23,40.23,40.23,40.23,248,0
GOP.US,5,20260414,190000,40.27,40.27,40.18,40.23,750,0
GOP.US,5,20260414,191000,40.2654,40.2654,40.2654,40.2654,173,0
GOP.US,5,20260414,204000,40.264,40.264,40.264,40.264,120,0
GOP.US,5,20260414,205500,40.31,40.31,40.31,40.31,100,0
GOP.US,5,20260414,215500,40.26,40.26,40.26,40.26,120,0
GOP.US,5,20260415,153500,40.26,40.26,40.26,40.26,100,0
GOP.US,5,20260415,154000,40.3,40.3,40.3,40.3,120,0
GOP.US,5,20260415,160500,40.1899,40.1899,40.1899,40.1899,200,0
GOP.US,5,20260415,162000,40.18,40.18,40.18,40.18,112,0
GOP.US,5,20260415,164500,40.31,40.31,40.255,40.255,720,0
GOP.US,5,20260415,170000,40.19,40.19,40.19,40.19,3000,0
GOP.US,5,20260415,174000,40.26,40.26,40.26,40.26,100,0
GOP.US,5,20260415,174500,40.27,40.27,40.27,40.27,152,0
GOP.US,5,20260415,175500,40.19,40.19,40.19,40.19,173,0
GOP.US,5,20260415,183500,40.17,40.17,40.17,40.17,100,0
GOP.US,5,20260415,184000,40.15,40.15,40.15,40.15,120,0
GOP.US,5,20260415,203000,40.199,40.2,40.199,40.2,224,0
GOP.US,5,20260415,205000,40.18,40.18,40.18,40.18,100,0
GOP.US,5,20260415,212000,40.29,40.29,40.29,40.29,100,0
GOP.US,5,20260415,213500,40.23,40.23,40.23,40.23,136,0
GOP.US,5,20260416,153000,40.44,40.44,40.44,40.44,344,0
GOP.US,5,20260416,154500,40.355,40.355,40.355,40.355,247,0
GOP.US,5,20260416,155000,40.31,40.31,40.31,40.31,100,0
GOP.US,5,20260416,161000,40.35,40.35,40.25,40.25,264,0
GOP.US,5,20260416,161500,40.245,40.245,40.245,40.245,200,0
GOP.US,5,20260416,163000,40.22,40.22,40.22,40.22,500,0
GOP.US,5,20260416,164000,40.2064,40.2064,40.2064,40.2064,333,0
GOP.US,5,20260416,165000,40.29,40.29,40.29,40.29,100,0
GOP.US,5,20260416,172500,40.43,40.43,40.31,40.31,300,0
GOP.US,5,20260416,180000,40.44,40.44,40.44,40.44,400,0
GOP.US,5,20260416,181000,40.4303,40.4303,40.4303,40.4303,106,0
GOP.US,5,20260416,184500,40.355,40.355,40.355,40.355,274,0
GOP.US,5,20260416,185500,40.3996,40.3996,40.3996,40.3996,100,0
GOP.US,5,20260416,193000,40.315,40.3896,40.315,40.3896,300,0
GOP.US,5,20260416,200500,40.2862,40.2862,40.2862,40.2862,500,0
GOP.US,5,20260416,215000,40.3877,40.3877,40.3877,40.3877,115,0
GOP.US,5,20260417,153000,40.79,40.79,40.79,40.79,100,0
GOP.US,5,20260417,154000,40.74,40.74,40.7342,40.7342,298,0
GOP.US,5,20260417,155000,40.69,40.76,40.69,40.76,296,0
GOP.US,5,20260417,161000,40.87,40.87,40.87,40.87,122,0
GOP.US,5,20260417,163000,40.9244,40.9244,40.9244,40.9244,321,0
GOP.US,5,20260417,170500,40.965,40.965,40.965,40.965,125,0
GOP.US,5,20260417,172000,40.95,40.95,40.95,40.95,100,0
GOP.US,5,20260417,173500,41.049,41.049,41.049,41.049,155,0
GOP.US,5,20260417,184000,41.075,41.075,41.075,41.075,154,0
GOP.US,5,20260417,184500,41.14,41.14,41.14,41.14,700,0
GOP.US,5,20260417,190500,41.0806,41.0806,41.0806,41.0806,123,0
GOP.US,5,20260417,192500,40.98,40.98,40.98,40.98,100,0
GOP.US,5,20260417,193000,41,41,40.99,41,500,0
GOP.US,5,20260417,193500,40.9426,40.9426,40.9426,40.9426,150,0
GOP.US,5,20260417,195500,40.99,40.99,40.99,40.99,250,0
GOP.US,5,20260417,201000,40.92,40.92,40.92,40.92,594,0
GOP.US,5,20260417,202000,41,41,40.89,40.89,225,0
GOP.US,5,20260417,202500,41.01,41.01,41.01,41.01,100,0
GOP.US,5,20260417,203000,40.975,40.975,40.975,40.975,114,0
GOP.US,5,20260417,204500,41.01,41.01,40.96,40.96,221,0
GOP.US,5,20260417,213000,40.95,40.999,40.95,40.999,200,0
GOP.US,5,20260420,153000,40.965,40.965,40.965,40.965,100,0
GOP.US,5,20260420,154000,40.96,40.96,40.96,40.96,100,0
GOP.US,5,20260420,160500,40.915,40.9799,40.915,40.9799,285,0
GOP.US,5,20260420,162000,40.95,40.95,40.95,40.95,318,0
GOP.US,5,20260420,162500,40.88,40.88,40.88,40.88,503,0
GOP.US,5,20260420,175000,40.935,40.935,40.935,40.935,200,0
GOP.US,5,20260420,202500,41,41,41,41,100,0
GOP.US,5,20260420,205000,41,41,41,41,400,0
GOP.US,5,20260420,212000,40.92,40.92,40.9101,40.92,4313,0
GOP.US,5,20260420,213000,41.03,41.03,41.03,41.03,100,0
GOP.US,5,20260421,153000,41.09,41.1,41.09,41.1,874,0
GOP.US,5,20260421,160000,41.185,41.185,41.185,41.185,150,0
GOP.US,5,20260421,161000,41.215,41.215,41.215,41.215,175,0
GOP.US,5,20260421,165500,41.0932,41.1,41.03,41.03,446,0
GOP.US,5,20260421,171000,41.11,41.11,41.11,41.11,227,0
GOP.US,5,20260421,173500,41,41,41,41,662,0
GOP.US,5,20260421,180500,41.07,41.07,41.07,41.07,100,0
GOP.US,5,20260421,182000,41.06,41.06,41.06,41.06,600,0
GOP.US,5,20260421,182500,40.985,40.985,40.985,40.985,100,0
GOP.US,5,20260421,183000,41.05,41.05,41.05,41.05,100,0
GOP.US,5,20260421,184000,40.995,40.995,40.995,40.995,100,0
GOP.US,5,20260421,185000,40.985,40.985,40.985,40.985,500,0
GOP.US,5,20260421,192500,40.88,40.88,40.88,40.88,152,0
GOP.US,5,20260421,195500,40.92,40.92,40.92,40.92,100,0
GOP.US,5,20260421,204500,40.915,40.915,40.915,40.915,100,0
GOP.US,5,20260421,205000,40.91,40.91,40.91,40.91,100,0
GOP.US,5,20260421,211500,41.09,41.09,41.09,41.09,100,0
GOP.US,5,20260422,153000,42.01,42.01,42.01,42.01,119,0
GOP.US,5,20260422,154500,41.19,41.19,41.19,41.19,100,0
GOP.US,5,20260422,155000,41.05,41.05,41.05,41.05,272,0
GOP.US,5,20260422,162500,41.2,41.2,41.2,41.2,100,0
GOP.US,5,20260422,170500,41.095,41.095,41.095,41.095,343,0
GOP.US,5,20260422,172000,41.0219,41.0219,41.0219,41.0219,201,0
GOP.US,5,20260422,172500,41.0098,41.0098,41.0098,41.0098,100,0
GOP.US,5,20260422,175500,40.98,40.98,40.98,40.98,121,0
GOP.US,5,20260422,201000,41.085,41.085,41.085,41.085,138,0
GOP.US,5,20260422,210000,41.085,41.085,41.085,41.085,100,0
GOP.US,5,20260422,211500,41.135,41.135,41.135,41.135,200,0
GOP.US,5,20260422,214000,41.16,41.2,41.16,41.2,2423,0
GOP.US,5,20260423,153000,41.1,41.16,41.1,41.16,291,0
GOP.US,5,20260423,153500,41.16,41.16,41.16,41.16,100,0
GOP.US,5,20260423,154000,41.16,41.16,41.16,41.16,399,0
GOP.US,5,20260423,164500,41.325,41.325,41.325,41.325,120,0
GOP.US,5,20260423,170500,41.42,41.42,41.42,41.42,100,0
GOP.US,5,20260423,171000,41.46,41.46,41.46,41.46,181,0
GOP.US,5,20260423,175500,41.4019,41.4019,41.4019,41.4019,170,0
GOP.US,5,20260423,183500,41.46,41.46,41.45,41.45,773,0
GOP.US,5,20260423,192000,41.19,41.19,41.19,41.19,249,0
GOP.US,5,20260423,193000,41.12,41.12,41.12,41.12,128,0
GOP.US,5,20260423,201500,41.215,41.215,41.215,41.215,150,0
GOP.US,5,20260423,211000,41.2,41.2,41.2,41.2,200,0
GOP.US,5,20260423,214000,41.225,41.225,41.225,41.225,242,0
GOP.US,5,20260424,155000,41.782,41.782,41.782,41.782,270,0
GOP.US,5,20260424,160500,41.78,41.78,41.78,41.78,100,0
GOP.US,5,20260424,162500,41.63,41.63,41.63,41.63,249,0
GOP.US,5,20260424,163500,41.6882,41.6882,41.6882,41.6882,112,0
GOP.US,5,20260424,171000,41.71,41.71,41.71,41.71,143,0
GOP.US,5,20260424,171500,41.7201,41.7201,41.7201,41.7201,100,0
GOP.US,5,20260424,172500,41.782,41.782,41.782,41.782,100,0
GOP.US,5,20260424,175000,41.72,41.72,41.72,41.72,100,0
GOP.US,5,20260424,180500,41.565,41.565,41.565,41.565,241,0
GOP.US,5,20260424,185000,41.55,41.55,41.55,41.55,240,0
GOP.US,5,20260424,185500,41.58,41.58,41.58,41.58,190,0
GOP.US,5,20260424,190000,41.67,41.67,41.67,41.67,251,0
GOP.US,5,20260424,193500,41.63,41.71,41.63,41.71,575,0
GOP.US,5,20260424,211500,41.65,41.65,41.65,41.65,250,0
GOP.US,5,20260427,153000,41.79,41.79,41.79,41.79,3489,0
GOP.US,5,20260427,153500,41.8599,41.8599,41.8599,41.8599,285,0
GOP.US,5,20260427,155000,41.66,41.66,41.59,41.66,1200,0
GOP.US,5,20260427,161500,41.7501,41.7501,41.7501,41.7501,117,0
GOP.US,5,20260427,162000,41.82,41.82,41.82,41.82,477,0
GOP.US,5,20260427,170000,41.6901,41.6901,41.6901,41.6901,201,0
GOP.US,5,20260427,182500,41.74,41.74,41.74,41.74,191,0
GOP.US,5,20260427,183500,41.74,41.74,41.74,41.74,350,0
GOP.US,5,20260427,192000,41.79,41.79,41.79,41.79,200,0
GOP.US,5,20260427,202000,41.84,41.84,41.84,41.84,400,0
GOP.US,5,20260427,210500,41.86,41.86,41.86,41.86,236,0
GOP.US,5,20260427,211000,41.8,41.8,41.8,41.8,270,0
GOP.US,5,20260428,153500,41.635,41.685,41.635,41.685,701,0
GOP.US,5,20260428,154500,41.575,41.575,41.575,41.575,100,0
GOP.US,5,20260428,163500,41.355,41.355,41.355,41.355,250,0
GOP.US,5,20260428,180000,41.422,41.4486,41.422,41.4486,610,0
GOP.US,5,20260428,181000,41.435,41.435,41.435,41.435,120,0
GOP.US,5,20260428,183500,41.43,41.43,41.43,41.43,300,0
GOP.US,5,20260428,190500,41.38,41.38,41.335,41.335,865,0
GOP.US,5,20260428,200500,41.502,41.54,41.502,41.54,960,0
GOP.US,5,20260428,201000,41.565,41.57,41.565,41.57,580,0
GOP.US,5,20260428,201500,41.64,41.64,41.64,41.64,600,0
GOP.US,5,20260428,202000,41.6,41.6,41.6,41.6,500,0
GOP.US,5,20260428,202500,41.61,41.66,41.61,41.66,737,0
GOP.US,5,20260428,205500,41.5555,41.5555,41.5555,41.5555,100,0
GOP.US,5,20260428,215500,41.69,41.69,41.69,41.69,100,0
GOP.US,5,20260429,153000,41.675,41.675,41.675,41.675,511,0
GOP.US,5,20260429,162500,41.78,41.78,41.78,41.78,200,0
GOP.US,5,20260429,164500,41.839,41.839,41.76,41.76,1000,0
GOP.US,5,20260429,171000,41.7331,41.7331,41.7331,41.7331,152,0
GOP.US,5,20260429,171500,41.77,41.77,41.77,41.77,200,0
GOP.US,5,20260429,172000,41.78,41.78,41.756,41.756,766,0
GOP.US,5,20260429,184000,41.78,41.78,41.78,41.78,100,0
GOP.US,5,20260429,185000,41.6911,41.6911,41.6911,41.6911,100,0
GOP.US,5,20260429,194500,41.81,41.81,41.81,41.81,100,0
GOP.US,5,20260429,200500,41.8,41.8,41.77,41.77,661,0
GOP.US,5,20260429,201000,41.763,41.763,41.763,41.763,119,0
GOP.US,5,20260429,205000,41.8099,41.8099,41.8099,41.8099,125,0
GOP.US,5,20260429,211000,41.86,41.86,41.86,41.86,100,0
GOP.US,5,20260429,212500,41.919,41.919,41.919,41.919,1000,0
GOP.US,5,20260429,213500,41.865,41.865,41.865,41.865,300,0
GOP.US,5,20260429,214000,41.82,41.82,41.82,41.82,100,0
GOP.US,5,20260430,153000,42.06,42.06,42.06,42.06,269,0
GOP.US,5,20260430,155500,42.03,42.03,42.03,42.03,450,0
GOP.US,5,20260430,160000,42.119,42.12,42.119,42.12,200,0
GOP.US,5,20260430,161000,42.16,42.16,42.15,42.15,596,0
GOP.US,5,20260430,161500,42.13,42.16,42.129,42.16,1000,0
GOP.US,5,20260430,164500,42.299,42.299,42.299,42.299,694,0
GOP.US,5,20260430,165500,42.2,42.2,42.2,42.2,153,0
GOP.US,5,20260430,170500,42.265,42.265,42.265,42.265,200,0
GOP.US,5,20260430,175500,42.33,42.33,42.3204,42.3204,600,0
GOP.US,5,20260430,180500,42.365,42.365,42.365,42.365,300,0
GOP.US,5,20260430,181500,42.4599,42.4599,42.4599,42.4599,100,0
GOP.US,5,20260430,184500,42.46,42.46,42.46,42.46,100,0
GOP.US,5,20260430,190000,42.45,42.465,42.443,42.443,888,0
GOP.US,5,20260430,194000,42.489,42.489,42.489,42.489,155,0
GOP.US,5,20260430,200000,42.5,42.5,42.5,42.5,100,0
GOP.US,5,20260430,202000,42.49,42.49,42.49,42.49,100,0
GOP.US,5,20260430,213000,42.5654,42.5654,42.5654,42.5654,126,0
GOP.US,5,20260501,153000,42.81,42.81,42.81,42.81,963,0
GOP.US,5,20260501,154000,42.82,42.82,42.8,42.8,257,0
GOP.US,5,20260501,155000,42.729,42.729,42.729,42.729,250,0
GOP.US,5,20260501,161000,42.82,42.82,42.82,42.82,200,0
GOP.US,5,20260501,161500,42.82,42.82,42.82,42.82,100,0
GOP.US,5,20260501,163000,42.79,42.79,42.79,42.79,400,0
GOP.US,5,20260501,164000,42.755,42.755,42.755,42.755,100,0
GOP.US,5,20260501,165000,42.77,42.77,42.77,42.77,350,0
GOP.US,5,20260501,170000,42.7,42.7,42.7,42.7,300,0
GOP.US,5,20260501,185000,42.77,42.77,42.77,42.77,1075,0
GOP.US,5,20260501,194000,42.75,42.75,42.75,42.75,100,0
GOP.US,5,20260501,195500,42.79,42.79,42.79,42.79,1000,0
GOP.US,5,20260501,200500,42.765,42.77,42.765,42.77,1100,0
GOP.US,5,20260501,201500,42.7001,42.7001,42.7001,42.7001,100,0
GOP.US,5,20260501,210000,42.7,42.7,42.7,42.7,583,0
GOP.US,5,20260501,210500,42.81,42.87,42.8,42.87,699,0
GOP.US,5,20260501,213500,42.7601,42.7601,42.7601,42.7601,800,0
GOP.US,5,20260501,215500,42.83,42.83,42.83,42.83,230,0
GOP.US,5,20260504,153000,42.75,42.75,42.75,42.75,1471,0
GOP.US,5,20260504,153500,42.58,42.58,42.58,42.58,317,0
GOP.US,5,20260504,154000,42.6,42.6,42.6,42.6,195,0
GOP.US,5,20260504,160000,42.78,42.78,42.78,42.78,125,0
GOP.US,5,20260504,164500,42.85,42.85,42.84,42.84,1500,0
GOP.US,5,20260504,171000,42.74,42.74,42.74,42.74,500,0
GOP.US,5,20260504,172000,42.7,42.71,42.63,42.63,377,0
GOP.US,5,20260504,175500,42.63,42.63,42.63,42.63,210,0
GOP.US,5,20260504,180500,42.15,42.15,42.0508,42.0508,444,0
GOP.US,5,20260504,182500,42.52,42.52,42.5104,42.5104,1094,0
GOP.US,5,20260504,183000,42.52,42.52,42.52,42.52,100,0
GOP.US,5,20260504,184500,42.52,42.52,42.52,42.52,215,0
GOP.US,5,20260504,185000,42.47,42.47,42.47,42.47,235,0
GOP.US,5,20260504,193500,42.57,42.57,42.565,42.565,300,0
GOP.US,5,20260504,195500,42.5997,42.5997,42.5997,42.5997,117,0
GOP.US,5,20260504,203000,42.56,42.56,42.56,42.56,100,0
GOP.US,5,20260504,213000,42.6,42.6,42.6,42.6,297,0
GOP.US,5,20260504,214500,42.55,42.55,42.55,42.55,100,0
GOP.US,5,20260504,215500,42.61,42.61,42.61,42.61,167,0
GOP.US,5,20260505,153500,43.06,43.235,43.06,43.125,1414,0
GOP.US,5,20260505,154000,43.155,43.415,43.155,43.179,980,0
GOP.US,5,20260505,154500,43.055,43.055,43.055,43.055,121,0
GOP.US,5,20260505,155500,43.1799,43.1799,43.17,43.17,250,0
GOP.US,5,20260505,160500,43.12,43.25,43.12,43.25,900,0
GOP.US,5,20260505,161500,43.285,43.285,43.275,43.275,679,0
GOP.US,5,20260505,162500,43.255,43.33,43.255,43.33,200,0
GOP.US,5,20260505,163000,43.1704,43.255,43.1704,43.255,1260,0
GOP.US,5,20260505,164500,43.27,43.27,43.27,43.27,460,0
GOP.US,5,20260505,170000,43.285,43.285,43.285,43.285,125,0
GOP.US,5,20260505,170500,43.37,43.37,43.37,43.37,461,0
GOP.US,5,20260505,171000,43.295,43.295,43.295,43.295,100,0
GOP.US,5,20260505,172000,43.36,43.36,43.36,43.36,325,0
GOP.US,5,20260505,173500,43.36,43.36,43.36,43.36,700,0
GOP.US,5,20260505,175000,43.39,43.39,43.39,43.39,415,0
GOP.US,5,20260505,190000,43.42,43.42,43.42,43.42,115,0
GOP.US,5,20260505,191000,43.45,43.45,43.45,43.45,100,0
GOP.US,5,20260505,192500,43.454,43.454,43.454,43.454,100,0
GOP.US,5,20260505,203500,43.395,43.395,43.395,43.395,115,0
GOP.US,5,20260505,210500,43.42,43.42,43.42,43.42,105,0
GOP.US,5,20260505,211500,43.395,43.395,43.395,43.395,690,0
GOP.US,5,20260505,212500,43.365,43.365,43.365,43.365,1003,0
GOP.US,5,20260505,215500,43.35,43.35,43.35,43.35,144,0
GOP.US,5,20260506,153000,43.63,43.85,43.605,43.66,2380,0
GOP.US,5,20260506,160500,43.51,43.51,43.51,43.51,100,0
GOP.US,5,20260506,161500,43.48,43.48,43.395,43.395,200,0
GOP.US,5,20260506,162500,43.35,43.35,43.35,43.35,522,0
GOP.US,5,20260506,164500,43.6098,43.6098,43.6098,43.6098,500,0
GOP.US,5,20260506,171500,43.68,43.68,43.68,43.68,200,0
GOP.US,5,20260506,172000,43.749,43.749,43.749,43.749,200,0
GOP.US,5,20260506,172500,43.675,43.675,43.675,43.675,150,0
GOP.US,5,20260506,180000,43.62,43.62,43.62,43.62,114,0
GOP.US,5,20260506,184000,43.6,43.6,43.6,43.6,100,0
GOP.US,5,20260506,190500,43.545,43.545,43.545,43.545,100,0
GOP.US,5,20260506,191000,43.565,43.565,43.565,43.565,150,0
GOP.US,5,20260506,192000,43.56,43.56,43.56,43.56,401,0
GOP.US,5,20260506,203500,43.67,43.67,43.67,43.67,137,0
GOP.US,5,20260506,204000,43.66,43.66,43.66,43.66,1007,0
GOP.US,5,20260506,204500,43.59,43.605,43.59,43.605,200,0
GOP.US,5,20260506,205500,43.5601,43.5601,43.5601,43.5601,129,0
GOP.US,5,20260506,210000,43.65,43.65,43.65,43.65,171,0
GOP.US,5,20260506,213000,43.69,43.69,43.69,43.69,100,0
GOP.US,5,20260506,213500,43.74,43.74,43.74,43.74,230,0
GOP.US,5,20260506,214000,43.65,43.65,43.65,43.65,100,0
GOP.US,5,20260506,215500,43.83,43.83,43.83,43.83,128,0
GOP.US,5,20260507,153000,43.85,44.2,43.84,44.2,889,0
GOP.US,5,20260507,153500,43.665,43.665,43.665,43.665,114,0
GOP.US,5,20260507,154500,43.38,43.38,43.38,43.38,100,0
GOP.US,5,20260507,155000,43.32,43.32,43.32,43.32,105,0
GOP.US,5,20260507,163000,43.46,43.46,43.44,43.44,660,0
GOP.US,5,20260507,165500,43.495,43.495,43.495,43.495,700,0
GOP.US,5,20260507,170000,43.475,43.475,43.475,43.475,750,0
GOP.US,5,20260507,172000,43.45,43.45,43.45,43.45,255,0
GOP.US,5,20260507,174500,43.425,43.425,43.425,43.425,1000,0
GOP.US,5,20260507,175000,43.4,43.4,43.39,43.3901,1517,0
GOP.US,5,20260507,181000,43.31,43.31,43.31,43.31,100,0
GOP.US,5,20260507,181500,43.2,43.2,43.2,43.2,100,0
GOP.US,5,20260507,182500,43.235,43.235,43.235,43.235,104,0
GOP.US,5,20260507,184000,43.1944,43.1944,43.1944,43.1944,100,0
GOP.US,5,20260507,184500,43.15,43.188,43.15,43.188,278,0
GOP.US,5,20260507,195000,43.115,43.115,43.115,43.115,100,0
GOP.US,5,20260507,200500,43.16,43.2384,43.16,43.2384,200,0
GOP.US,5,20260507,203000,43.1599,43.1599,43.1599,43.1599,252,0
GOP.US,5,20260507,204500,43.075,43.075,43.075,43.075,100,0
GOP.US,5,20260507,210500,43.115,43.115,43.115,43.115,100,0
GOP.US,5,20260507,214500,43.19,43.19,43.19,43.19,130,0
GOP.US,5,20260508,153500,43.3,43.3,43.3,43.3,106,0
GOP.US,5,20260508,155500,43.52,43.52,43.52,43.52,100,0
GOP.US,5,20260508,160000,43.37,43.37,43.37,43.37,100,0
GOP.US,5,20260508,162000,43.53,43.58,43.53,43.58,1100,0
GOP.US,5,20260508,163000,43.455,43.455,43.455,43.455,300,0
GOP.US,5,20260508,171000,43.485,43.485,43.485,43.485,689,0
GOP.US,5,20260508,180000,43.53,43.5883,43.53,43.5883,214,0
GOP.US,5,20260508,180500,43.589,43.589,43.589,43.589,194,0
GOP.US,5,20260508,191000,43.8699,43.8699,43.8699,43.8699,115,0
GOP.US,5,20260508,193500,43.825,43.825,43.825,43.825,235,0
GOP.US,5,20260508,194000,43.815,43.815,43.815,43.815,200,0
GOP.US,5,20260508,200000,43.8,43.8,43.8,43.8,182,0
GOP.US,5,20260508,201000,43.8,43.8,43.8,43.8,213,0
GOP.US,5,20260508,205500,43.8,43.8,43.8,43.8,101,0
GOP.US,5,20260508,210500,43.8,43.8,43.8,43.8,102,0
GOP.US,5,20260508,214000,43.8,43.8,43.8,43.8,193,0
GOP.US,5,20260508,215000,43.75,43.75,43.75,43.75,100,0
GOP.US,5,20260508,215500,43.7999,43.7999,43.7998,43.7998,580,0
GOP.US,5,20260511,153000,44.06,44.1,44.06,44.09,1997,0
GOP.US,5,20260511,153500,44.06,44.06,44.0599,44.0599,400,0
GOP.US,5,20260511,161000,44,44,44,44,500,0
GOP.US,5,20260511,162500,44.02,44.02,44.02,44.02,100,0
GOP.US,5,20260511,164500,43.975,43.975,43.975,43.975,100,0
GOP.US,5,20260511,165000,44.02,44.02,44.02,44.02,233,0
GOP.US,5,20260511,171000,44.055,44.055,44.055,44.055,100,0
GOP.US,5,20260511,182000,44.0601,44.0601,44.0601,44.0601,100,0
GOP.US,5,20260511,183500,44.07,44.1493,44.07,44.1493,915,0
GOP.US,5,20260511,191000,44.13,44.13,44.13,44.13,500,0
GOP.US,5,20260511,191500,44.08,44.08,44.08,44.08,177,0
GOP.US,5,20260511,204000,44.27,44.27,44.27,44.27,200,0
GOP.US,5,20260511,211000,44.23,44.23,44.23,44.23,190,0
GOP.US,5,20260511,215500,44.27,44.27,44.27,44.27,157,0
GOP.US,5,20260512,153000,43.94,43.94,43.77,43.929,2500,0
GOP.US,5,20260512,154000,43.9,43.9,43.9,43.9,150,0
GOP.US,5,20260512,160000,43.775,43.775,43.775,43.775,1193,0
GOP.US,5,20260512,160500,43.75,43.75,43.75,43.75,194,0
GOP.US,5,20260512,161500,43.91,43.9191,43.91,43.9191,900,0
GOP.US,5,20260512,164500,43.64,43.64,43.64,43.64,227,0
GOP.US,5,20260512,174000,43.59,43.59,43.59,43.59,103,0
GOP.US,5,20260512,175000,43.54,43.54,43.54,43.54,100,0
GOP.US,5,20260512,180000,43.5,43.5,43.5,43.5,862,0
GOP.US,5,20260512,181500,43.5,43.5,43.5,43.5,524,0
GOP.US,5,20260512,192000,43.665,43.665,43.665,43.665,100,0
GOP.US,5,20260512,193500,43.665,43.665,43.665,43.665,200,0
GOP.US,5,20260512,194000,43.601,43.601,43.601,43.601,1191,0
GOP.US,5,20260512,202000,43.86,43.86,43.86,43.86,102,0
GOP.US,5,20260512,203000,43.8699,43.8699,43.8699,43.8699,113,0
GOP.US,5,20260512,210500,43.87,43.87,43.87,43.87,100,0
GOP.US,5,20260512,213000,43.93,43.93,43.93,43.93,100,0
GOP.US,5,20260512,213500,44,44.029,44,44.029,787,0
GOP.US,5,20260512,215500,43.89,43.89,43.89,43.89,100,0
GOP.US,5,20260513,153000,43.99,44.15,43.99,44.15,597,0
GOP.US,5,20260513,155000,43.7,43.7,43.7,43.7,286,0
GOP.US,5,20260513,162500,43.859,43.859,43.859,43.859,200,0
GOP.US,5,20260513,183500,43.86,43.86,43.86,43.86,700,0
GOP.US,5,20260513,195500,43.9,43.9,43.9,43.9,219,0
GOP.US,5,20260513,200500,44.03,44.03,44.03,44.03,250,0
GOP.US,5,20260513,212500,44.005,44.005,44.005,44.005,130,0
GOP.US,5,20260513,213500,43.985,43.985,43.985,43.985,100,0
GOP.US,5,20260514,153500,43.94,43.94,43.94,43.94,120,0
GOP.US,5,20260514,160500,44.03,44.03,44.03,44.03,204,0
GOP.US,5,20260514,163000,43.989,43.989,43.989,43.989,175,0
GOP.US,5,20260514,165000,44.09,44.09,44.09,44.09,115,0
GOP.US,5,20260514,174500,44.14,44.14,44.14,44.14,100,0
GOP.US,5,20260514,182500,44.2796,44.2796,44.2796,44.2796,200,0
GOP.US,5,20260514,183500,44.25,44.259,44.25,44.259,200,0
GOP.US,5,20260514,185000,44.185,44.185,44.185,44.185,500,0
GOP.US,5,20260514,191500,44.105,44.105,44.105,44.105,100,0
GOP.US,5,20260514,194500,44.18,44.18,44.18,44.18,100,0
GOP.US,5,20260514,201500,44.279,44.279,44.279,44.279,1031,0
GOP.US,5,20260514,202000,44.27,44.27,44.27,44.27,650,0
GOP.US,5,20260514,202500,44.2799,44.28,44.2799,44.28,213,0
GOP.US,5,20260514,213000,44.18,44.18,44.18,44.18,100,0
GOP.US,5,20260515,153500,43.335,43.335,43.242,43.242,1032,0
GOP.US,5,20260515,154500,43.3,43.3,43.3,43.3,115,0
GOP.US,5,20260515,161000,43.4,43.41,43.4,43.41,226,0
GOP.US,5,20260515,164000,43.515,43.515,43.48,43.48,300,0
GOP.US,5,20260515,165000,43.385,43.385,43.385,43.385,100,0
GOP.US,5,20260515,170500,43.37,43.43,43.37,43.43,200,0
GOP.US,5,20260515,173000,43.44,43.44,43.44,43.44,100,0
GOP.US,5,20260515,175000,43.415,43.415,43.4,43.4,349,0
GOP.US,5,20260515,183000,43.365,43.44,43.365,43.44,1150,0
GOP.US,5,20260515,185500,43.4,43.409,43.4,43.409,269,0
GOP.US,5,20260515,191000,43.35,43.35,43.35,43.35,150,0
GOP.US,5,20260515,192000,43.41,43.41,43.41,43.41,100,0
GOP.US,5,20260515,201000,43.4001,43.4001,43.4001,43.4001,603,0
GOP.US,5,20260515,202500,43.435,43.435,43.435,43.435,100,0
GOP.US,5,20260515,203500,43.415,43.415,43.415,43.415,100,0
GOP.US,5,20260515,205000,43.43,43.43,43.43,43.43,100,0
GOP.US,5,20260518,153000,43.58,44.42,43.1763,43.1763,1708,0
GOP.US,5,20260518,153500,43.57,43.57,43.54,43.54,200,0
GOP.US,5,20260518,164500,43.065,43.065,43.065,43.065,110,0
GOP.US,5,20260518,171000,43,43,43,43,100,0
GOP.US,5,20260518,174000,43.08,43.08,43.08,43.08,1046,0
GOP.US,5,20260518,175500,43.0901,43.0901,43.055,43.055,226,0
GOP.US,5,20260518,182500,43,43,43,43,453,0
GOP.US,5,20260518,183000,42.83,42.97,42.82,42.97,783,0
GOP.US,5,20260518,185000,43.03,43.03,43.03,43.03,100,0
GOP.US,5,20260518,191000,43.15,43.15,43.15,43.15,104,0
GOP.US,5,20260518,191500,42.98,42.98,42.98,42.98,116,0
GOP.US,5,20260518,194000,43.055,43.055,43.055,43.055,1200,0
GOP.US,5,20260518,200000,42.94,42.94,42.94,42.94,162,0
GOP.US,5,20260518,203000,42.885,42.885,42.885,42.885,100,0
GOP.US,5,20260518,203500,42.939,42.939,42.885,42.885,258,0
GOP.US,5,20260518,204500,42.94,42.94,42.94,42.94,100,0
GOP.US,5,20260518,210000,43.16,43.16,43.16,43.16,100,0
GOP.US,5,20260518,210500,43.08,43.08,43.08,43.08,333,0
GOP.US,5,20260518,213000,43.06,43.06,43.06,43.06,700,0
GOP.US,5,20260519,153000,42.86,42.86,42.86,42.86,443,0
GOP.US,5,20260519,153500,42.8476,42.85,42.8476,42.85,444,0
GOP.US,5,20260519,155000,42.845,42.845,42.845,42.845,233,0
GOP.US,5,20260519,160000,42.8,42.8,42.7601,42.7601,394,0
GOP.US,5,20260519,160500,42.761,42.761,42.72,42.72,499,0
GOP.US,5,20260519,163000,42.69,42.69,42.69,42.69,100,0
GOP.US,5,20260519,164000,42.65,42.65,42.65,42.65,195,0
GOP.US,5,20260519,170500,42.66,42.6601,42.66,42.6601,400,0
GOP.US,5,20260519,172000,42.77,42.77,42.77,42.77,120,0
GOP.US,5,20260519,172500,42.69,42.7,42.69,42.6901,694,0
GOP.US,5,20260519,175000,42.86,42.86,42.86,42.86,400,0
GOP.US,5,20260519,180000,42.8101,42.8101,42.8101,42.8101,233,0
GOP.US,5,20260519,191500,43.2664,43.2664,43.2664,43.2664,115,0
GOP.US,5,20260519,192000,43.28,43.28,43.28,43.28,250,0
GOP.US,5,20260519,192500,43.3599,43.3599,43.3599,43.3599,115,0
GOP.US,5,20260519,193500,43.265,43.265,43.265,43.265,220,0
GOP.US,5,20260519,201000,43.26,43.26,43.26,43.26,100,0
GOP.US,5,20260519,210000,43.01,43.01,43.01,43.01,116,0
GOP.US,5,20260519,210500,43.14,43.14,43.14,43.14,100,0
GOP.US,5,20260519,215500,43.01,43.01,43.01,43.01,109,0
GOP.US,5,20260520,153000,43.36,43.45,43.36,43.45,492,0
GOP.US,5,20260520,153500,43.34,43.34,43.34,43.34,100,0
GOP.US,5,20260520,155500,43.37,43.37,43.37,43.37,145,0
GOP.US,5,20260520,160000,43.4399,43.4399,43.4399,43.4399,100,0
GOP.US,5,20260520,161000,43.45,43.45,43.45,43.45,200,0
GOP.US,5,20260520,165000,43.46,43.59,43.46,43.46,2698,0
GOP.US,5,20260520,170500,43.59,43.59,43.59,43.59,100,0
GOP.US,5,20260520,171500,43.6101,43.715,43.6101,43.715,1000,0
GOP.US,5,20260520,172000,43.63,43.63,43.63,43.63,210,0
GOP.US,5,20260520,172500,43.5483,43.5483,43.5483,43.5483,214,0
GOP.US,5,20260520,184500,43.535,43.535,43.535,43.535,229,0
GOP.US,5,20260520,185500,43.59,43.59,43.59,43.59,119,0
GOP.US,5,20260520,193000,43.585,43.585,43.585,43.585,300,0
GOP.US,5,20260520,200500,43.45,43.45,43.45,43.45,515,0
GOP.US,5,20260520,202000,43.525,43.525,43.525,43.525,100,0
GOP.US,5,20260520,202500,43.525,43.5651,43.525,43.5651,900,0
GOP.US,5,20260520,204500,43.4701,43.4701,43.4701,43.4701,110,0
GOP.US,5,20260520,210000,43.59,43.59,43.59,43.59,100,0
GOP.US,5,20260520,210500,43.59,43.59,43.59,43.59,100,0
GOP.US,5,20260520,213000,43.649,43.649,43.649,43.649,400,0
GOP.US,5,20260521,153000,43.59,43.59,43.58,43.58,764,0
GOP.US,5,20260521,153500,43.389,43.389,43.2617,43.2617,323,0
GOP.US,5,20260521,160500,43.535,43.535,43.535,43.535,131,0
GOP.US,5,20260521,180500,43.5,43.5,43.5,43.5,100,0
GOP.US,5,20260521,184500,43.445,43.445,43.445,43.445,100,0
GOP.US,5,20260521,185500,43.47,43.47,43.47,43.47,100,0
GOP.US,5,20260521,200000,43.7376,43.7376,43.7376,43.7376,125,0
GOP.US,5,20260521,201000,43.701,43.735,43.701,43.735,375,0
GOP.US,5,20260521,205000,43.7,43.7,43.69,43.69,2817,0
GOP.US,5,20260521,210000,43.59,43.6,43.54,43.55,1100,0
GOP.US,5,20260521,211000,43.67,43.67,43.67,43.67,100,0
GOP.US,5,20260521,213500,43.8099,43.8099,43.8099,43.8099,228,0
GOP.US,5,20260521,215500,43.7499,43.7499,43.7499,43.7499,228,0
GOP.US,5,20260522,153000,44.08,44.08,43.9892,43.9892,1020,0
GOP.US,5,20260522,154000,44,44,43.9614,43.9614,2407,0
GOP.US,5,20260522,165000,43.945,43.945,43.945,43.945,204,0
GOP.US,5,20260522,180000,44.01,44.01,44.01,44.01,100,0
GOP.US,5,20260522,183500,44.005,44.005,44.005,44.005,116,0
GOP.US,5,20260522,185000,44.07,44.07,44.07,44.07,100,0
GOP.US,5,20260522,190500,44.09,44.14,44.08,44.14,700,0
GOP.US,5,20260522,191000,44.08,44.08,44.08,44.08,165,0
GOP.US,5,20260522,192500,44.08,44.08,44.08,44.08,300,0
GOP.US,5,20260522,202000,44.06,44.06,44.06,44.06,100,0
GOP.US,5,20260522,205500,44.07,44.07,44.07,44.07,100,0
GOP.US,5,20260522,210500,43.955,43.97,43.955,43.97,329,0
GOP.US,5,20260522,211000,43.9,43.9,43.9,43.9,113,0
GOP.US,5,20260522,213000,43.94,43.979,43.94,43.979,569,0
GOP.US,5,20260522,215000,43.97,43.97,43.97,43.97,100,0
GOP.US,5,20260526,153000,44.35,44.465,44.24,44.28,3201,0
GOP.US,5,20260526,153500,44.228,44.23,44.228,44.23,594,0
GOP.US,5,20260526,154000,44.22,44.22,44.22,44.22,209,0
GOP.US,5,20260526,160000,44.535,44.535,44.535,44.535,300,0
GOP.US,5,20260526,160500,44.23,44.23,44.23,44.23,112,0
GOP.US,5,20260526,161000,44.379,44.379,44.379,44.379,100,0
GOP.US,5,20260526,164000,44.43,44.43,44.43,44.43,223,0
GOP.US,5,20260526,165500,44.35,44.35,44.35,44.35,100,0
GOP.US,5,20260526,170500,44.34,44.34,44.28,44.28,1766,0
GOP.US,5,20260526,175500,44.16,44.16,44.16,44.16,181,0
GOP.US,5,20260526,182000,44.21,44.21,44.21,44.21,225,0
GOP.US,5,20260526,195500,44.225,44.225,44.225,44.225,100,0
GOP.US,5,20260526,214500,44.2392,44.2392,44.2392,44.2392,113,0
GOP.US,5,20260526,215500,44.7,44.7,44.7,44.7,138,0
GOP.US,5,20260527,153500,44.315,44.315,44.315,44.315,100,0
GOP.US,5,20260527,154000,43.97,43.97,43.9,43.9,2501,0
GOP.US,5,20260527,161500,44.04,44.04,44.04,44.04,550,0
GOP.US,5,20260527,162500,43.91,43.91,43.91,43.91,100,0
GOP.US,5,20260527,164000,44.01,44.02,44.01,44.02,220,0
GOP.US,5,20260527,165000,43.9651,43.9651,43.9651,43.9651,282,0
GOP.US,5,20260527,171000,44.0099,44.01,43.88,43.88,1539,0
GOP.US,5,20260527,173000,43.9,44.01,43.9,43.9,910,0
GOP.US,5,20260527,173500,43.95,44,43.89,43.95,910,0
GOP.US,5,20260527,175000,43.9488,43.9488,43.8341,43.8341,1008,0
GOP.US,5,20260527,190500,43.8801,43.8801,43.8801,43.8801,153,0
GOP.US,5,20260527,194500,43.98,43.98,43.98,43.98,420,0
GOP.US,5,20260527,201000,43.9355,43.9355,43.9355,43.9355,144,0
GOP.US,5,20260527,202000,43.927,43.927,43.92,43.92,327,0
GOP.US,5,20260527,204000,43.9846,43.9846,43.9846,43.9846,100,0
GOP.US,5,20260527,205000,43.98,43.98,43.98,43.98,258,0
GOP.US,5,20260527,205500,44.06,44.06,43.98,44.06,300,0
GOP.US,5,20260527,210000,43.97,44.0499,43.97,44.0499,210,0
GOP.US,5,20260527,210500,43.97,43.97,43.97,43.97,113,0
GOP.US,5,20260527,215000,43.94,43.94,43.94,43.94,109,0
GOP.US,5,20260527,215500,43.94,43.94,43.905,43.905,350,0
GOP.US,5,20260528,153000,43.94,43.94,43.859,43.859,2103,0
GOP.US,5,20260528,153500,43.82,43.82,43.82,43.82,569,0
GOP.US,5,20260528,154500,43.7,43.7,43.7,43.7,114,0
GOP.US,5,20260528,155000,43.55,43.59,43.55,43.59,289,0
GOP.US,5,20260528,161500,43.735,43.8,43.735,43.8,228,0
GOP.US,5,20260528,162000,43.76,43.76,43.76,43.76,110,0
GOP.US,5,20260528,165500,43.82,43.82,43.82,43.82,400,0
GOP.US,5,20260528,171500,43.7803,43.7803,43.7803,43.7803,144,0
GOP.US,5,20260528,175000,43.935,43.935,43.935,43.935,570,0
GOP.US,5,20260528,181500,43.96,44,43.96,44,1284,0
GOP.US,5,20260528,182500,43.96,43.96,43.96,43.96,202,0
GOP.US,5,20260528,184500,43.955,44,43.955,44,213,0
GOP.US,5,20260528,190000,43.98,43.98,43.98,43.98,250,0
GOP.US,5,20260528,190500,43.999,43.999,43.999,43.999,538,0
GOP.US,5,20260528,191000,43.9101,43.9101,43.9101,43.9101,303,0
GOP.US,5,20260528,193000,43.955,43.955,43.955,43.955,128,0
GOP.US,5,20260528,194000,43.9799,43.9799,43.9799,43.9799,100,0
GOP.US,5,20260528,203000,43.95,43.95,43.93,43.93,360,0
GOP.US,5,20260528,204500,43.93,43.93,43.92,43.93,800,0
GOP.US,5,20260528,211500,43.8491,43.86,43.8491,43.86,250,0
GOP.US,5,20260528,215500,43.89,43.89,43.89,43.89,120,0
GOP.US,5,20260529,153000,44.04,44.04,43.94,43.94,1666,0
GOP.US,5,20260529,154000,44.01,44.01,44.01,44.01,100,0
GOP.US,5,20260529,155500,43.86,43.86,43.86,43.86,120,0
GOP.US,5,20260529,161000,43.79,43.79,43.79,43.79,200,0
GOP.US,5,20260529,161500,43.830782,43.830782,43.830782,43.830782,100,0
GOP.US,5,20260529,162500,43.74,43.74,43.74,43.74,200,0
GOP.US,5,20260529,163500,43.73,43.74,43.63,43.63,571,0
GOP.US,5,20260529,164000,43.6304,43.6304,43.6304,43.6304,250,0
GOP.US,5,20260529,171500,43.72,43.72,43.72,43.72,1160,0
GOP.US,5,20260529,173000,43.7684,43.7684,43.7684,43.7684,150,0
GOP.US,5,20260529,175500,43.78,43.78,43.78,43.78,168,0
GOP.US,5,20260529,182000,43.77,43.77,43.77,43.77,115,0
GOP.US,5,20260529,185500,43.785,43.785,43.785,43.785,610,0
GOP.US,5,20260529,191500,43.8189,43.8189,43.7968,43.7968,200,0
GOP.US,5,20260529,192000,43.8,43.8,43.8,43.8,574,0
GOP.US,5,20260529,192500,43.8,43.8,43.78,43.78,200,0
GOP.US,5,20260529,193000,43.8099,43.8099,43.8099,43.8099,150,0
GOP.US,5,20260529,194000,43.75,43.75,43.75,43.75,135,0
GOP.US,5,20260529,194500,43.75,43.75,43.74,43.74,1632,0
GOP.US,5,20260529,195000,43.725,43.7325,43.725,43.7325,263,0
GOP.US,5,20260529,202000,43.8,43.8,43.78,43.78,200,0
GOP.US,5,20260529,202500,43.7,43.7,43.7,43.7,114,0
GOP.US,5,20260529,203000,43.78,43.78,43.78,43.78,100,0
GOP.US,5,20260529,204500,43.75,43.75,43.742617,43.75,1142,0
GOP.US,5,20260529,205000,43.725,43.74,43.725,43.7345,300,0
GOP.US,5,20260529,211000,43.75,43.75,43.75,43.75,100,0
GOP.US,5,20260529,212500,43.7599,43.7599,43.7599,43.7599,182,0
GOP.US,5,20260529,215500,43.77,43.77,43.77,43.77,100,0
GOP.US,5,20260601,153000,43.75,43.75,43.26,43.26,2063,0
GOP.US,5,20260601,154500,43.725,43.725,43.52,43.52,1164,0
GOP.US,5,20260601,155000,43.665,43.665,43.665,43.665,277,0
GOP.US,5,20260601,155500,43.49,43.49,43.49,43.49,100,0
GOP.US,5,20260601,163000,43.48,43.5499,43.48,43.5499,210,0
GOP.US,5,20260601,164000,43.46,43.46,43.46,43.46,215,0
GOP.US,5,20260601,170000,43.5,43.5,43.5,43.5,100,0
GOP.US,5,20260601,170500,43.515,43.515,43.515,43.515,100,0
GOP.US,5,20260601,171500,43.5799,43.5799,43.5799,43.5799,200,0
GOP.US,5,20260601,174000,43.635,43.635,43.58,43.58,200,0
GOP.US,5,20260601,181000,43.555,43.555,43.555,43.555,100,0
GOP.US,5,20260601,181500,43.555,43.555,43.555,43.555,229,0
GOP.US,5,20260601,182000,43.5,43.5,43.5,43.5,100,0
GOP.US,5,20260601,183000,43.5,43.5,43.5,43.5,114,0
GOP.US,5,20260601,191500,43.63,43.69,43.57,43.57,300,0
GOP.US,5,20260601,192000,43.64,43.64,43.64,43.64,300,0
GOP.US,5,20260601,194000,43.65,43.65,43.65,43.65,343,0
GOP.US,5,20260601,212500,43.7027,43.7027,43.7027,43.7027,114,0
GOP.US,5,20260601,213500,43.53,43.53,43.53,43.53,100,0
GOP.US,5,20260602,153000,43.53,43.54,43.53,43.54,2061,0
GOP.US,5,20260602,153500,43.655,43.655,43.655,43.655,340,0
GOP.US,5,20260602,154500,43.71,43.71,43.71,43.71,250,0
GOP.US,5,20260602,155000,43.76,43.81,43.76,43.78,2509,0
GOP.US,5,20260602,155500,43.77,43.77,43.77,43.77,255,0
GOP.US,5,20260602,160000,43.76,43.76,43.76,43.76,2316,0
GOP.US,5,20260602,161000,43.6611,43.69,43.6611,43.69,504,0
GOP.US,5,20260602,162000,43.7223,43.7223,43.695,43.695,1372,0
GOP.US,5,20260602,162500,43.66,43.66,43.66,43.66,100,0
GOP.US,5,20260602,164500,43.71,43.71,43.71,43.71,129,0
GOP.US,5,20260602,165000,43.76,43.76,43.76,43.76,456,0
GOP.US,5,20260602,170500,43.8499,43.8499,43.8499,43.8499,100,0
GOP.US,5,20260602,171500,43.8299,43.8299,43.8299,43.8299,100,0
GOP.US,5,20260602,174500,43.75,43.8193,43.75,43.8193,1926,0
GOP.US,5,20260602,182000,43.83,43.9,43.83,43.839,3752,0
GOP.US,5,20260602,183000,43.819,43.819,43.819,43.819,114,0
GOP.US,5,20260602,184000,43.715,43.715,43.6701,43.6701,200,0
GOP.US,5,20260602,191500,43.715,43.75,43.715,43.75,571,0
GOP.US,5,20260602,192000,43.7105,43.715,43.7105,43.715,269,0
GOP.US,5,20260602,194500,43.715,43.715,43.715,43.715,500,0
GOP.US,5,20260602,195500,43.7354,43.7354,43.7354,43.7354,200,0
GOP.US,5,20260602,203500,43.7488,43.7488,43.7488,43.7488,100,0
GOP.US,5,20260602,204500,43.6762,43.6762,43.67,43.67,229,0
GOP.US,5,20260602,205000,43.759,43.759,43.759,43.759,100,0
GOP.US,5,20260602,210000,43.76,43.81,43.76,43.81,320,0
GOP.US,5,20260602,215500,43.77,43.77,43.77,43.77,171,0
GOP.US,5,20260603,153500,43.965,43.965,43.965,43.965,159,0
GOP.US,5,20260603,154000,44.01,44.01,44.01,44.01,100,0
GOP.US,5,20260603,154500,43.715,43.715,43.715,43.715,250,0
GOP.US,5,20260603,155000,43.865,43.865,43.865,43.865,228,0
GOP.US,5,20260603,155500,43.82,43.96,43.82,43.96,475,0
GOP.US,5,20260603,161000,43.92,43.96,43.92,43.925,400,0
GOP.US,5,20260603,161500,44.03,44.03,44.03,44.03,261,0
GOP.US,5,20260603,162000,44.05,44.06,44.05,44.06,200,0
GOP.US,5,20260603,164000,44.12,44.12,44.12,44.12,200,0
GOP.US,5,20260603,165000,44.05,44.05,44.05,44.05,300,0
GOP.US,5,20260603,170000,44,44,43.91,43.91,1084,0
GOP.US,5,20260603,173000,44.0199,44.0199,43.9651,43.9651,210,0
GOP.US,5,20260603,174000,43.9,43.9,43.9,43.9,120,0
GOP.US,5,20260603,185500,43.9266,43.9266,43.9266,43.9266,100,0
GOP.US,5,20260603,194000,43.93,43.93,43.87,43.87,200,0
GOP.US,5,20260603,194500,43.93,43.93,43.93,43.93,100,0
GOP.US,5,20260603,200000,43.91,43.91,43.91,43.91,1191,0
GOP.US,5,20260603,200500,43.94,43.94,43.94,43.94,300,0
GOP.US,5,20260603,201500,43.87,43.87,43.87,43.87,125,0
GOP.US,5,20260603,205500,43.845,43.845,43.845,43.845,201,0
GOP.US,5,20260603,210000,43.835,43.835,43.835,43.835,161,0
GOP.US,5,20260603,212000,43.8,43.8,43.8,43.8,1142,0
GOP.US,5,20260603,212500,43.84,43.84,43.84,43.84,285,0
GOP.US,5,20260603,214000,43.829,43.829,43.829,43.829,200,0
GOP.US,5,20260603,215500,43.67,43.67,43.67,43.67,100,0
GOP.US,5,20260604,153000,43.73,43.73,43.315,43.315,901,0
GOP.US,5,20260604,154500,43.41,43.41,43.41,43.41,100,0
GOP.US,5,20260604,160000,43.3844,43.3844,43.3844,43.3844,200,0
GOP.US,5,20260604,161000,43.435,43.435,43.435,43.435,100,0
GOP.US,5,20260604,163000,43.62,43.62,43.62,43.62,100,0
GOP.US,5,20260604,164500,43.5227,43.5227,43.5227,43.5227,500,0
GOP.US,5,20260604,170000,43.555,43.555,43.555,43.555,295,0
GOP.US,5,20260604,171000,43.64,43.64,43.64,43.64,114,0
GOP.US,5,20260604,172500,43.55,43.5501,43.55,43.55,400,0
GOP.US,5,20260604,175500,43.51,43.51,43.51,43.51,221,0
GOP.US,5,20260604,182500,43.705,43.705,43.705,43.705,100,0
GOP.US,5,20260604,183500,43.6601,43.665,43.66,43.66,300,0
GOP.US,5,20260604,185000,43.6401,43.6401,43.6401,43.6401,113,0
GOP.US,5,20260604,193000,43.62,43.6878,43.62,43.6878,250,0
GOP.US,5,20260604,193500,43.685,43.685,43.685,43.685,171,0
GOP.US,5,20260604,194500,43.78,43.78,43.78,43.78,100,0
GOP.US,5,20260604,201500,43.8439,43.8439,43.8439,43.8439,230,0
GOP.US,5,20260604,203500,43.9,43.9,43.9,43.9,100,0
GOP.US,5,20260604,204500,43.9,43.93,43.9,43.91,800,0
GOP.US,5,20260604,205000,43.83,43.83,43.83,43.83,100,0
GOP.US,5,20260604,212500,43.95,43.96,43.95,43.96,300,0
GOP.US,5,20260604,213000,43.959,43.959,43.959,43.959,100,0
GOP.US,5,20260604,213500,43.92,43.92,43.92,43.92,123,0
GOP.US,5,20260604,215500,43.87,43.87,43.87,43.87,200,0
GOP.US,5,20260605,154000,43.17,43.17,43.17,43.17,230,0
GOP.US,5,20260605,155000,43.1299,43.1299,43.1299,43.1299,200,0
GOP.US,5,20260605,155500,43.06,43.06,43.06,43.06,235,0
GOP.US,5,20260605,160500,43.18,43.18,43.18,43.18,100,0
GOP.US,5,20260605,162500,43.115,43.12,43.115,43.12,265,0
GOP.US,5,20260605,165000,43.28,43.28,43.28,43.28,200,0
GOP.US,5,20260605,170000,43.22,43.22,43.22,43.22,100,0
GOP.US,5,20260605,171500,43.145,43.145,43.145,43.145,150,0
GOP.US,5,20260605,173000,43.0628,43.0628,43.06,43.06,664,0
GOP.US,5,20260605,173500,43.105,43.105,43.105,43.105,100,0
GOP.US,5,20260605,174000,43.002,43.002,43.002,43.002,216,0
GOP.US,5,20260605,180500,42.95,42.95,42.78,42.875,1240,0
GOP.US,5,20260605,181500,42.83,42.83,42.83,42.83,100,0
GOP.US,5,20260605,182500,42.9199,42.9199,42.9199,42.9199,120,0
GOP.US,5,20260605,183500,42.8,42.8,42.8,42.8,100,0
GOP.US,5,20260605,184000,42.79,42.79,42.79,42.79,101,0
GOP.US,5,20260605,191500,42.8287,42.8287,42.8287,42.8287,233,0
GOP.US,5,20260605,193000,42.78,42.78,42.78,42.78,200,0
GOP.US,5,20260605,193500,42.83,42.83,42.83,42.83,100,0
GOP.US,5,20260605,200000,42.825,42.825,42.825,42.825,303,0
GOP.US,5,20260605,202500,42.7,42.7,42.7,42.7,233,0
GOP.US,5,20260605,203000,42.58,42.58,42.58,42.58,231,0
GOP.US,5,20260605,203500,42.629,42.629,42.6191,42.6191,234,0
GOP.US,5,20260605,204500,42.559,42.559,42.559,42.559,100,0
GOP.US,5,20260605,213500,42.53,42.53,42.53,42.53,115,0
GOP.US,5,20260605,214000,42.4999,42.4999,42.4999,42.4999,100,0
GOP.US,5,20260608,153000,43.155,43.26,43.155,43.26,2213,0
GOP.US,5,20260608,154500,43.02,43.02,43.02,43.02,199,0
GOP.US,5,20260608,163500,43.115,43.115,43.115,43.115,100,0
GOP.US,5,20260608,164500,43.14,43.14,43.14,43.14,100,0
GOP.US,5,20260608,170500,43.215,43.215,43.215,43.215,300,0
GOP.US,5,20260608,174000,43.2079,43.2079,43.19,43.19,400,0
GOP.US,5,20260608,175500,43.25,43.25,43.25,43.25,100,0
GOP.US,5,20260608,181500,43.21,43.21,43.21,43.21,462,0
GOP.US,5,20260608,182000,43.155,43.155,43.155,43.155,104,0
GOP.US,5,20260608,185500,43.17,43.17,43.0625,43.0625,328,0
GOP.US,5,20260608,191500,42.955,42.955,42.955,42.955,116,0
GOP.US,5,20260608,194500,43.09,43.09,43.09,43.09,232,0
GOP.US,5,20260608,200000,43.0441,43.0441,43.0441,43.0441,224,0
GOP.US,5,20260608,201500,43.1503,43.1503,43.1503,43.1503,225,0
GOP.US,5,20260608,202500,43.104,43.17,43.07,43.17,1960,0
GOP.US,5,20260608,204500,43.13,43.13,43.13,43.13,1225,0
GOP.US,5,20260608,205000,43.169,43.169,43.169,43.169,237,0
GOP.US,5,20260608,210000,43.15,43.15,43.15,43.15,100,0
GOP.US,5,20260608,211000,43.09,43.09,43.09,43.09,100,0
GOP.US,5,20260608,213500,43.08,43.08,43.08,43.08,100,0
GOP.US,5,20260608,214500,43.049,43.049,43,43,1029,0
GOP.US,5,20260608,215500,42.98,42.98,42.93,42.93,275,0
GOP.US,5,20260609,153000,43.25,43.87,43.25,43.87,373,0
GOP.US,5,20260609,153500,43.28,43.28,43.28,43.28,100,0
GOP.US,5,20260609,154000,43.37,43.37,43.37,43.37,230,0
GOP.US,5,20260609,155000,43.435,43.435,43.435,43.435,100,0
GOP.US,5,20260609,160000,43.37,43.37,43.37,43.37,148,0
GOP.US,5,20260609,160500,43.395,43.395,43.395,43.395,100,0
GOP.US,5,20260609,161500,43.1687,43.1687,43.085,43.085,415,0
GOP.US,5,20260609,162000,43.075,43.075,43.075,43.075,100,0
GOP.US,5,20260609,163000,43.15,43.15,43.15,43.15,100,0
GOP.US,5,20260609,164000,43.02,43.02,43.01,43.01,756,0
GOP.US,5,20260609,164500,42.93,42.93,42.82,42.82,700,0
GOP.US,5,20260609,171500,42.755,42.755,42.755,42.755,100,0
GOP.US,5,20260609,172500,42.5,42.5,42.5,42.5,1309,0
GOP.US,5,20260609,175000,42.52,42.52,42.52,42.52,200,0
GOP.US,5,20260609,181500,42.13,42.13,42.11,42.12,2395,0
GOP.US,5,20260609,182000,42.01,42.01,42.01,42.01,100,0
GOP.US,5,20260609,185000,41.96,41.96,41.87,41.87,1100,0
GOP.US,5,20260609,185500,41.9401,41.9401,41.82,41.82,200,0
GOP.US,5,20260609,192000,42.31,42.345,42.31,42.345,340,0
GOP.US,5,20260609,193500,42.4831,42.4831,42.4001,42.4001,257,0
GOP.US,5,20260609,194500,42.4823,42.4823,42.4823,42.4823,106,0
GOP.US,5,20260609,201500,42.61,42.61,42.61,42.61,100,0
GOP.US,5,20260609,203000,42.64,42.64,42.64,42.64,100,0
GOP.US,5,20260609,213000,42.685,42.685,42.685,42.685,100,0
GOP.US,5,20260610,153000,42.61,42.61,42.61,42.61,100,0
GOP.US,5,20260610,154000,42.7433,42.7433,42.7433,42.7433,100,0
GOP.US,5,20260610,154500,42.925,42.93,42.925,42.93,322,0
GOP.US,5,20260610,162000,42.97,42.97,42.97,42.97,400,0
GOP.US,5,20260610,163000,43.079,43.079,43.0583,43.0583,311,0
GOP.US,5,20260610,173000,42.54,42.54,42.54,42.54,416,0
GOP.US,5,20260610,175000,42.52,42.52,42.52,42.52,100,0
GOP.US,5,20260610,180500,42.63,42.63,42.63,42.63,1472,0
GOP.US,5,20260610,181500,42.59,42.59,42.59,42.59,236,0
GOP.US,5,20260610,204500,42.38,42.38,42.38,42.38,125,0
GOP.US,5,20260610,211500,42.33,42.33,42.33,42.33,692,0
GOP.US,5,20260610,213500,42.41,42.41,42.41,42.41,250,0
GOP.US,5,20260610,214000,42.268,42.268,42.268,42.268,100,0
GOP.US,5,20260611,153000,42.6,42.6,42.6,42.6,363,0
GOP.US,5,20260611,155500,43,43,43,43,1350,0
GOP.US,5,20260611,160000,43,43,43,43,737,0
GOP.US,5,20260611,172500,42.81,42.81,42.81,42.81,162,0
GOP.US,5,20260611,174000,42.905,42.905,42.905,42.905,100,0
GOP.US,5,20260611,185500,42.7055,42.7055,42.7055,42.7055,160,0
GOP.US,5,20260611,190000,42.715,42.715,42.715,42.715,100,0
GOP.US,5,20260611,190500,42.7599,42.7599,42.7599,42.7599,117,0
GOP.US,5,20260611,191500,42.6601,42.6601,42.6601,42.6601,351,0
GOP.US,5,20260611,205500,43.305,43.3334,43.305,43.3334,215,0
GOP.US,5,20260611,210000,43.3799,43.3799,43.3799,43.3799,115,0
GOP.US,5,20260611,213000,43.52,43.52,43.52,43.52,115,0
GOP.US,5,20260611,214000,43.46,43.46,43.46,43.46,600,0
GOP.US,5,20260611,215500,43.425,43.425,43.425,43.425,600,0
GOP.US,5,20260612,153000,43.59,43.59,43.5,43.5,3514,0
GOP.US,5,20260612,153500,43.5,43.5,43.5,43.5,800,0
GOP.US,5,20260612,154000,43.715,43.715,43.715,43.715,400,0
GOP.US,5,20260612,155500,43.6651,43.6651,43.6651,43.6651,112,0
GOP.US,5,20260612,160000,43.849,43.849,43.82,43.82,600,0
GOP.US,5,20260612,160500,43.82,43.82,43.82,43.82,284,0
GOP.US,5,20260612,162000,43.845,43.845,43.845,43.845,100,0
GOP.US,5,20260612,162500,43.9299,43.9299,43.9299,43.9299,455,0
GOP.US,5,20260612,163500,44,44,44,44,100,0
GOP.US,5,20260612,172000,44.129,44.41,44.12,44.41,5785,0
GOP.US,5,20260612,173500,44.0369,44.0369,44.0369,44.0369,250,0
GOP.US,5,20260612,175000,44.0699,44.0699,44.0699,44.0699,100,0
GOP.US,5,20260612,181500,44.2,44.21,44.2,44.21,200,0
GOP.US,5,20260612,182500,44.045,44.045,44.045,44.045,607,0
GOP.US,5,20260612,185000,44.095,44.095,44.095,44.095,100,0
GOP.US,5,20260612,192500,44.239,44.239,44.239,44.239,400,0
GOP.US,5,20260612,194500,44.1618,44.1618,44.1618,44.1618,223,0
GOP.US,5,20260612,202000,44.135,44.135,44.135,44.135,100,0
GOP.US,5,20260612,213500,44.065,44.065,43.991,43.991,797,0
GOP.US,5,20260612,214000,44.13,44.13,44.13,44.13,100,0
GOP.US,5,20260612,215500,44.14,44.14,44.14,44.14,100,0
GOP.US,5,20260615,153000,44.62,44.62,44.62,44.62,2693,0
GOP.US,5,20260615,153500,44.705,44.705,44.705,44.705,1765,0
GOP.US,5,20260615,154000,44.74,44.77,44.74,44.77,620,0
GOP.US,5,20260615,155000,44.7616,44.7616,44.7616,44.7616,1150,0
GOP.US,5,20260615,160000,44.755,44.79,44.71,44.79,1367,0
GOP.US,5,20260615,160500,44.79,44.79,44.7554,44.7554,691,0
GOP.US,5,20260615,161000,44.78,44.78,44.78,44.78,500,0
GOP.US,5,20260615,162000,44.76,44.76,44.735,44.735,451,0
GOP.US,5,20260615,162500,44.8,44.8166,44.735,44.735,791,0
GOP.US,5,20260615,163000,44.65,44.65,44.65,44.65,175,0
GOP.US,5,20260615,164500,44.64,44.64,44.64,44.64,100,0
GOP.US,5,20260615,170000,44.645,44.7,44.645,44.7,902,0
GOP.US,5,20260615,170500,44.7,44.7,44.7,44.7,447,0
GOP.US,5,20260615,171500,44.64,44.64,44.64,44.64,100,0
GOP.US,5,20260615,173000,44.72,44.72,44.72,44.72,150,0
GOP.US,5,20260615,180000,44.83,44.83,44.83,44.83,445,0
GOP.US,5,20260615,182000,44.81,44.81,44.81,44.81,100,0
GOP.US,5,20260615,182500,44.7019,44.7019,44.7019,44.7019,125,0
GOP.US,5,20260615,183000,44.81,44.81,44.8064,44.81,760,0
GOP.US,5,20260615,191000,44.81,44.81,44.81,44.81,100,0
GOP.US,5,20260615,193000,44.735,44.735,44.735,44.735,300,0
GOP.US,5,20260615,194000,44.73,44.73,44.73,44.73,127,0
GOP.US,5,20260615,195000,44.735,44.735,44.735,44.735,108,0
GOP.US,5,20260615,201000,44.7599,44.7599,44.7599,44.7599,100,0
GOP.US,5,20260615,203000,44.675,44.675,44.675,44.675,200,0
GOP.US,5,20260615,203500,44.7498,44.75,44.7498,44.75,622,0
GOP.US,5,20260615,210500,44.5901,44.5901,44.5901,44.5901,250,0
GOP.US,5,20260615,211000,44.66,44.66,44.66,44.66,100,0
GOP.US,5,20260615,212500,44.625,44.625,44.625,44.625,200,0
GOP.US,5,20260615,214000,44.74,44.74,44.74,44.74,200,0
GOP.US,5,20260615,215500,44.6,44.6,44.57,44.57,269,0
GOP.US,5,20260616,153000,44.81,44.81,44.81,44.81,160,0
GOP.US,5,20260616,153500,44.7684,44.7684,44.7684,44.7684,150,0
GOP.US,5,20260616,154000,44.735,44.735,44.735,44.735,100,0
GOP.US,5,20260616,154500,44.69,44.69,44.69,44.69,111,0
GOP.US,5,20260616,162500,44.49,44.49,44.49,44.49,1250,0
GOP.US,5,20260616,163500,44.38,44.38,44.38,44.38,100,0
GOP.US,5,20260616,164500,44.38,44.38,44.38,44.38,1130,0
GOP.US,5,20260616,171000,44.359,44.359,44.359,44.359,200,0
GOP.US,5,20260616,174500,44.29,44.29,44.29,44.29,225,0
GOP.US,5,20260616,175000,44.293,44.293,44.293,44.293,211,0
GOP.US,5,20260616,175500,44.32,44.32,44.32,44.32,100,0
GOP.US,5,20260616,180000,44.41,44.419,44.41,44.419,225,0
GOP.US,5,20260616,181000,44.383,44.383,44.383,44.383,165,0
GOP.US,5,20260616,182500,44.419,44.419,44.419,44.419,319,0
GOP.US,5,20260616,194000,44.315,44.315,44.315,44.315,100,0
GOP.US,5,20260616,194500,44.31,44.31,44.31,44.31,169,0
GOP.US,5,20260616,195000,44.39,44.39,44.39,44.39,426,0
GOP.US,5,20260616,200000,44.34,44.34,44.335,44.335,280,0
GOP.US,5,20260616,205000,44.3199,44.3199,44.3199,44.3199,250,0
GOP.US,5,20260616,211500,44.11,44.11,44.05,44.05,200,0
GOP.US,5,20260616,212000,44.07,44.1,44.07,44.1,556,0
GOP.US,5,20260616,212500,44.14,44.14,44.14,44.14,100,0
GOP.US,5,20260616,215500,44.105,44.105,44.105,44.105,169,0
GOP.US,5,20260617,153000,44.37,44.59,44.37,44.59,663,0
GOP.US,5,20260617,153500,44.151,44.151,44.151,44.151,155,0
GOP.US,5,20260617,155500,44.19,44.19,44.19,44.19,100,0
GOP.US,5,20260617,163500,44.36,44.36,44.36,44.36,100,0
GOP.US,5,20260617,164500,44.28,44.28,44.28,44.28,700,0
GOP.US,5,20260617,165000,44.43,44.43,44.43,44.43,100,0
GOP.US,5,20260617,170000,44.24,44.24,44.24,44.24,300,0
GOP.US,5,20260617,172500,44.406,44.406,44.406,44.406,400,0
GOP.US,5,20260617,173000,44.41,44.41,44.41,44.41,472,0
GOP.US,5,20260617,180000,44.479,44.479,44.479,44.479,1000,0
GOP.US,5,20260617,180500,44.4794,44.4794,44.4794,44.4794,200,0
GOP.US,5,20260617,182000,44.43,44.43,44.43,44.43,152,0
GOP.US,5,20260617,182500,44.48,44.48,44.48,44.48,115,0
GOP.US,5,20260617,183000,44.465,44.465,44.465,44.465,129,0
GOP.US,5,20260617,185000,44.52,44.52,44.52,44.52,100,0
GOP.US,5,20260617,185500,44.51,44.51,44.51,44.51,200,0
GOP.US,5,20260617,190500,44.45,44.45,44.45,44.45,200,0
GOP.US,5,20260617,192500,44.5099,44.5099,44.5099,44.5099,100,0
GOP.US,5,20260617,195500,44.425,44.425,44.425,44.425,150,0
GOP.US,5,20260617,200000,44.2,44.2,44.2,44.2,700,0
GOP.US,5,20260617,201000,44.3,44.3,44.3,44.3,119,0
GOP.US,5,20260617,202000,44.205,44.205,44.205,44.205,100,0
GOP.US,5,20260617,205500,44.32,44.32,44.32,44.32,129,0
GOP.US,5,20260617,211000,44.3,44.3,44.3,44.3,100,0
GOP.US,5,20260617,212000,44,44,44,44,1000,0
GOP.US,5,20260617,212500,44.005,44.005,44.005,44.005,260,0
GOP.US,5,20260617,213000,44,44,44,44,200,0
GOP.US,5,20260617,214000,43.83,43.83,43.7079,43.7079,546,0
GOP.US,5,20260618,153000,44.59,44.59,44.17,44.38,1420,0
GOP.US,5,20260618,154000,44.4,44.5,44.4,44.5,200,0
GOP.US,5,20260618,155500,44.3972,44.3972,44.3,44.3694,1040,0
GOP.US,5,20260618,163500,44.275,44.275,44.275,44.275,100,0
GOP.US,5,20260618,164000,44.28,44.28,44.28,44.28,100,0
GOP.US,5,20260618,182000,44.305,44.305,44.305,44.305,150,0
GOP.US,5,20260618,191500,44.52,44.52,44.33,44.33,1233,0
GOP.US,5,20260618,194500,44.3601,44.3601,44.3601,44.3601,127,0
GOP.US,5,20260618,202000,44.45,44.45,44.45,44.45,562,0
GOP.US,5,20260618,203000,44.36,44.36,44.36,44.36,100,0
GOP.US,5,20260618,205500,44.325,44.325,44.325,44.325,100,0
GOP.US,5,20260618,210000,44.32,44.32,44.3194,44.3194,250,0
GOP.US,5,20260618,214000,44.27,44.27,44.27,44.27,225,0
GOP.US,5,20260622,153000,44.77,44.82,44.77,44.82,2143,0
GOP.US,5,20260622,153500,44.98,44.98,44.98,44.98,144,0
GOP.US,5,20260622,160500,44.9299,44.9299,44.9299,44.9299,222,0
GOP.US,5,20260622,161000,44.89,44.89,44.89,44.89,111,0
GOP.US,5,20260622,162000,44.852,44.852,44.85,44.852,1795,0
GOP.US,5,20260622,162500,44.75,44.75,44.75,44.75,340,0
GOP.US,5,20260622,170000,44.88,44.88,44.88,44.88,112,0
GOP.US,5,20260622,174000,44.6991,44.6991,44.6991,44.6991,1500,0
GOP.US,5,20260622,175500,44.79,44.79,44.6933,44.6933,397,0
GOP.US,5,20260622,182500,44.8,44.8,44.8,44.8,500,0
GOP.US,5,20260622,184000,44.78,44.78,44.78,44.78,1129,0
GOP.US,5,20260622,185500,44.756,44.756,44.756,44.756,385,0
GOP.US,5,20260622,190500,44.74,44.74,44.74,44.74,100,0
GOP.US,5,20260622,191000,44.825,44.825,44.825,44.825,112,0
GOP.US,5,20260622,193000,44.84,44.84,44.84,44.84,111,0
GOP.US,5,20260622,195500,44.89,44.89,44.89,44.89,130,0
GOP.US,5,20260622,202500,44.9219,44.9219,44.9219,44.9219,225,0
GOP.US,5,20260622,211000,44.875,44.875,44.87,44.87,300,0
