<TICKER>,<PER>,<DATE>,<TIME>,<OPEN>,<HIGH>,<LOW>,<CLOSE>,<VOL>,<OPENINT>
GSL_B.US,5,20260126,153500,26.61,26.61,26.61,26.61,300,0
GSL_B.US,5,20260126,155500,26.605,26.605,26.605,26.605,102,0
GSL_B.US,5,20260126,160000,26.5,26.5,26.5,26.5,219,0
GSL_B.US,5,20260126,160500,26.605,26.605,26.605,26.605,500,0
GSL_B.US,5,20260126,171500,26.6,26.6,26.6,26.6,150,0
GSL_B.US,5,20260126,191500,26.62,26.62,26.62,26.62,391,0
GSL_B.US,5,20260126,212500,26.61,26.72,26.61,26.72,300,0
GSL_B.US,5,20260127,174000,26.6,26.6001,26.6,26.6001,600,0
GSL_B.US,5,20260127,180500,26.53,26.53,26.53,26.53,300,0
GSL_B.US,5,20260127,195500,26.5514,26.5514,26.5514,26.5514,100,0
GSL_B.US,5,20260127,200000,26.52,26.52,26.51,26.5122,690,0
GSL_B.US,5,20260127,202500,26.5728,26.5728,26.5586,26.5586,1200,0
GSL_B.US,5,20260127,203000,26.59,26.59,26.5878,26.59,362,0
GSL_B.US,5,20260127,212000,26.517,26.517,26.517,26.517,118,0
GSL_B.US,5,20260127,215000,26.59,26.6,26.59,26.6,1813,0
GSL_B.US,5,20260128,155000,26.557,26.557,26.557,26.557,597,0
GSL_B.US,5,20260128,165500,26.5716,26.5716,26.5716,26.5716,200,0
GSL_B.US,5,20260128,171000,26.508,26.7,26.508,26.7,950,0
GSL_B.US,5,20260128,173500,26.6,26.68,26.6,26.68,771,0
GSL_B.US,5,20260128,174500,26.6999,26.6999,26.6999,26.6999,400,0
GSL_B.US,5,20260128,185000,26.63,26.63,26.63,26.63,100,0
GSL_B.US,5,20260128,190500,26.53,26.7,26.53,26.7,365,0
GSL_B.US,5,20260128,191500,26.64,26.67,26.63,26.63,1653,0
GSL_B.US,5,20260128,192500,26.615,26.68,26.615,26.68,350,0
GSL_B.US,5,20260129,160500,26.61,26.61,26.61,26.61,101,0
GSL_B.US,5,20260129,164500,26.72,26.72,26.72,26.72,100,0
GSL_B.US,5,20260129,165500,26.65,26.65,26.65,26.65,100,0
GSL_B.US,5,20260129,170000,26.71,26.71,26.71,26.71,100,0
GSL_B.US,5,20260129,170500,26.69,26.69,26.66,26.69,1300,0
GSL_B.US,5,20260129,172000,26.66,26.66,26.5,26.59,3954,0
GSL_B.US,5,20260129,172500,26.52,26.52,26.52,26.52,100,0
GSL_B.US,5,20260129,175500,26.7092,26.7092,26.7092,26.7092,444,0
GSL_B.US,5,20260129,181000,26.58,26.58,26.58,26.58,301,0
GSL_B.US,5,20260129,182500,26.6359,26.6359,26.6359,26.6359,100,0
GSL_B.US,5,20260129,201500,26.61,26.61,26.58,26.58,200,0
GSL_B.US,5,20260129,203500,26.62,26.62,26.62,26.62,100,0
GSL_B.US,5,20260129,214000,26.5551,26.5551,26.5551,26.5551,1400,0
GSL_B.US,5,20260130,163500,26.45,26.58,26.45,26.58,1000,0
GSL_B.US,5,20260130,165000,26.6,26.62,26.6,26.62,200,0
GSL_B.US,5,20260130,175500,26.65,26.65,26.65,26.65,100,0
GSL_B.US,5,20260130,182000,26.65,26.675,26.65,26.675,1109,0
GSL_B.US,5,20260130,185000,26.65,26.65,26.65,26.65,1000,0
GSL_B.US,5,20260130,204000,26.65,26.65,26.65,26.65,200,0
GSL_B.US,5,20260130,205000,26.6929,26.6929,26.6929,26.6929,250,0
GSL_B.US,5,20260130,214500,26.7,26.72,26.66,26.72,3476,0
GSL_B.US,5,20260130,215000,26.71,26.71,26.71,26.71,200,0
GSL_B.US,5,20260130,215500,26.71,26.72,26.71,26.72,308,0
GSL_B.US,5,20260202,155000,26.7,26.72,26.7,26.72,700,0
GSL_B.US,5,20260202,160000,26.81,26.81,26.81,26.81,130,0
GSL_B.US,5,20260202,161500,26.7851,26.7851,26.7851,26.7851,500,0
GSL_B.US,5,20260202,164000,26.78,26.78,26.78,26.78,250,0
GSL_B.US,5,20260202,165000,26.8399,26.8399,26.8399,26.8399,356,0
GSL_B.US,5,20260202,195500,26.78,26.78,26.78,26.78,500,0
GSL_B.US,5,20260203,172000,26.735,26.735,26.735,26.735,150,0
GSL_B.US,5,20260203,185000,26.7,26.7,26.7,26.7,115,0
GSL_B.US,5,20260203,192000,26.735,26.735,26.735,26.735,200,0
GSL_B.US,5,20260203,203000,26.79,26.8402,26.79,26.8402,257,0
GSL_B.US,5,20260203,205000,26.8,26.825,26.8,26.825,1033,0
GSL_B.US,5,20260203,210000,26.85,26.85,26.85,26.85,1272,0
GSL_B.US,5,20260204,153000,26.52,26.52,26.52,26.52,379,0
GSL_B.US,5,20260204,172000,26.775,26.775,26.775,26.775,200,0
GSL_B.US,5,20260204,193500,26.8,26.8,26.8,26.8,194,0
GSL_B.US,5,20260204,201000,26.95,26.95,26.9499,26.9499,600,0
GSL_B.US,5,20260204,213000,26.855,26.855,26.855,26.855,600,0
GSL_B.US,5,20260204,213500,26.91,26.91,26.855,26.855,598,0
GSL_B.US,5,20260204,214000,26.95,26.95,26.855,26.855,364,0
GSL_B.US,5,20260205,153000,26.95,26.95,26.95,26.95,142,0
GSL_B.US,5,20260205,154000,26.88,26.88,26.88,26.88,2200,0
GSL_B.US,5,20260205,173000,26.9343,26.9343,26.9343,26.9343,100,0
GSL_B.US,5,20260205,173500,26.9001,26.9343,26.88,26.89,1979,0
GSL_B.US,5,20260205,181000,26.94,26.94,26.94,26.94,100,0
GSL_B.US,5,20260205,185000,26.73,26.73,26.73,26.73,100,0
GSL_B.US,5,20260205,191500,26.8128,26.8128,26.8128,26.8128,115,0
GSL_B.US,5,20260205,212000,26.85,26.85,26.85,26.85,500,0
GSL_B.US,5,20260205,213500,26.88,26.88,26.481,26.481,3246,0
GSL_B.US,5,20260205,214500,26.9299,26.9299,26.9299,26.9299,600,0
GSL_B.US,5,20260206,153000,26.95,26.95,26.95,26.95,100,0
GSL_B.US,5,20260206,155000,26.95,26.95,26.95,26.95,100,0
GSL_B.US,5,20260206,161500,26.95,26.9501,26.95,26.95,800,0
GSL_B.US,5,20260206,162000,26.95,26.95,26.95,26.95,100,0
GSL_B.US,5,20260206,170000,26.95,26.9501,26.95,26.9501,200,0
GSL_B.US,5,20260206,171500,26.95,26.95,26.94,26.94,200,0
GSL_B.US,5,20260206,173000,26.74,26.74,26.74,26.74,100,0
GSL_B.US,5,20260206,175000,26.865,26.865,26.865,26.865,150,0
GSL_B.US,5,20260206,202500,26.8,26.8,26.75,26.77,1647,0
GSL_B.US,5,20260206,205000,26.75,26.75,26.75,26.75,100,0
GSL_B.US,5,20260206,205500,26.86,26.86,26.84,26.85,400,0
GSL_B.US,5,20260206,215500,26.85,26.97,26.71,26.71,2457,0
GSL_B.US,5,20260209,153000,26.67,26.67,26.67,26.67,100,0
GSL_B.US,5,20260209,170500,26.75,26.75,26.75,26.75,200,0
GSL_B.US,5,20260209,195000,26.75,26.75,26.7262,26.7262,2400,0
GSL_B.US,5,20260209,203500,26.9,26.93,26.84,26.84,647,0
GSL_B.US,5,20260209,213000,26.8965,26.8965,26.8965,26.8965,385,0
GSL_B.US,5,20260209,213500,26.96,26.96,26.96,26.96,200,0
GSL_B.US,5,20260209,215000,26.96,26.97,26.865,26.865,1410,0
GSL_B.US,5,20260209,215500,26.7701,26.7701,26.7701,26.7701,790,0
GSL_B.US,5,20260210,153500,26.7733,26.7733,26.7733,26.7733,150,0
GSL_B.US,5,20260210,155000,26.845,26.97,26.845,26.8722,3218,0
GSL_B.US,5,20260210,160000,26.8975,26.8975,26.8975,26.8975,115,0
GSL_B.US,5,20260210,165500,26.85,26.85,26.8066,26.8066,1000,0
GSL_B.US,5,20260210,191000,26.97,26.97,26.97,26.97,100,0
GSL_B.US,5,20260210,194500,26.85,26.85,26.85,26.85,500,0
GSL_B.US,5,20260210,212500,26.97,26.97,26.97,26.97,100,0
GSL_B.US,5,20260210,215500,26.9603,26.9603,26.9603,26.9603,100,0
GSL_B.US,5,20260211,160000,26.98,26.98,26.98,26.98,100,0
GSL_B.US,5,20260211,184000,27.14,27.14,27.044,27.044,737,0
GSL_B.US,5,20260211,194500,27.05,27.05,27.0499,27.05,1207,0
GSL_B.US,5,20260211,210000,27.2019,27.2019,27.2019,27.2019,110,0
GSL_B.US,5,20260211,210500,27.14,27.2,27.14,27.2,1100,0
GSL_B.US,5,20260211,211500,27.2007,27.2036,27.2,27.2,600,0
GSL_B.US,5,20260211,215000,27.2054,27.225,27.2054,27.225,400,0
GSL_B.US,5,20260211,215500,27.2,27.2,27.2,27.2,300,0
GSL_B.US,5,20260212,170000,27.0811,27.0811,27.0811,27.0811,346,0
GSL_B.US,5,20260212,181000,27.1,27.1,27.09,27.09,272,0
GSL_B.US,5,20260212,184500,27.09,27.09,27.09,27.09,200,0
GSL_B.US,5,20260212,185000,27.09,27.09,27.09,27.09,200,0
GSL_B.US,5,20260212,190000,27.09,27.09,27.09,27.09,202,0
GSL_B.US,5,20260212,191500,27.09,27.09,27.09,27.09,200,0
GSL_B.US,5,20260212,193000,27.0918,27.0918,27.0918,27.0918,100,0
GSL_B.US,5,20260212,200500,27.0901,27.0901,27.0901,27.0901,200,0
GSL_B.US,5,20260212,202000,27.09,27.09,27.09,27.09,399,0
GSL_B.US,5,20260212,203000,27,27,27,27,300,0
GSL_B.US,5,20260212,204500,26.98,26.98,26.96,26.96,1250,0
GSL_B.US,5,20260213,170500,26.9242,26.9242,26.9242,26.9242,342,0
GSL_B.US,5,20260213,173500,26.96,26.96,26.925,26.96,657,0
GSL_B.US,5,20260213,181000,26.9431,26.9431,26.9431,26.9431,100,0
GSL_B.US,5,20260213,181500,26.9,26.9,26.9,26.9,100,0
GSL_B.US,5,20260213,182000,26.96,26.96,26.96,26.96,100,0
GSL_B.US,5,20260213,182500,26.925,26.925,26.925,26.925,395,0
GSL_B.US,5,20260213,183500,26.925,26.925,26.925,26.925,120,0
GSL_B.US,5,20260213,184000,26.9,26.9,26.9,26.9,247,0
GSL_B.US,5,20260213,195000,26.975,26.975,26.975,26.975,110,0
GSL_B.US,5,20260213,210000,27,27,27,27,177,0
GSL_B.US,5,20260213,211000,27.01,27.02,27.01,27.02,200,0
GSL_B.US,5,20260217,180500,26.945,26.945,26.945,26.945,100,0
GSL_B.US,5,20260217,194500,26.91,26.91,26.91,26.91,100,0
GSL_B.US,5,20260217,195500,26.91,26.91,26.91,26.91,2662,0
GSL_B.US,5,20260217,201000,26.88,26.88,26.88,26.88,100,0
GSL_B.US,5,20260217,215000,27.08,27.09,27.08,27.09,300,0
GSL_B.US,5,20260217,215500,27.09,27.09,27.09,27.09,100,0
GSL_B.US,5,20260218,155000,27.03,27.03,27.03,27.03,110,0
GSL_B.US,5,20260218,161000,27.125,27.125,27.125,27.125,200,0
GSL_B.US,5,20260218,181000,27.1879,27.1879,27.1879,27.1879,1760,0
GSL_B.US,5,20260218,182000,27.2,27.2,27.2,27.2,150,0
GSL_B.US,5,20260218,190500,27.15,27.15,27.15,27.15,885,0
GSL_B.US,5,20260218,193500,27.13,27.13,27.13,27.13,100,0
GSL_B.US,5,20260218,203500,27.15,27.15,27.15,27.15,100,0
GSL_B.US,5,20260218,214000,27.19,27.19,27.19,27.19,145,0
GSL_B.US,5,20260219,160500,27.16,27.22,27.16,27.2199,1000,0
GSL_B.US,5,20260219,163500,27.13,27.13,27.13,27.13,100,0
GSL_B.US,5,20260219,164500,27.2499,27.2499,27.1762,27.1762,384,0
GSL_B.US,5,20260219,173000,27.1,27.2,27.1,27.2,400,0
GSL_B.US,5,20260219,175500,27.2,27.2,27.01,27.1,431,0
GSL_B.US,5,20260219,182000,27.02,27.02,27.01,27.01,420,0
GSL_B.US,5,20260220,154000,26.93,26.93,26.93,26.93,500,0
GSL_B.US,5,20260220,154500,26.93,26.93,26.86,26.86,739,0
GSL_B.US,5,20260220,163000,27,27,27,27,257,0
GSL_B.US,5,20260220,195500,27.1455,27.1455,27.1455,27.1455,900,0
GSL_B.US,5,20260220,200500,27.144031,27.144031,27.144031,27.144031,185,0
GSL_B.US,5,20260220,202000,27.1575,27.1575,27.1575,27.1575,100,0
GSL_B.US,5,20260223,155500,26.91,27.035,26.8701,26.8701,1500,0
GSL_B.US,5,20260223,163000,27,27,27,27,200,0
GSL_B.US,5,20260223,163500,26.9616,27,26.922,27,3882,0
GSL_B.US,5,20260223,174000,26.9,26.9,26.9,26.9,299,0
GSL_B.US,5,20260223,175000,27.03,27.06,27.03,27.0599,1100,0
GSL_B.US,5,20260223,180000,26.95,26.95,26.95,26.95,1500,0
GSL_B.US,5,20260223,181500,26.95,26.95,26.95,26.95,100,0
GSL_B.US,5,20260223,183000,26.95,26.95,26.95,26.95,500,0
GSL_B.US,5,20260223,190000,26.905,26.905,26.905,26.905,200,0
GSL_B.US,5,20260223,191500,26.9,26.9,26.9,26.9,1330,0
GSL_B.US,5,20260223,195500,26.9,26.9,26.9,26.9,100,0
GSL_B.US,5,20260223,211000,27.1094,27.1094,27.05,27.05,670,0
GSL_B.US,5,20260223,213000,27.05,27.05,27.05,27.05,886,0
GSL_B.US,5,20260223,214000,27.05,27.05,27.05,27.05,1355,0
GSL_B.US,5,20260224,154500,27.04,27.04,27.04,27.04,300,0
GSL_B.US,5,20260224,170500,26.98,26.98,26.98,26.98,100,0
GSL_B.US,5,20260224,171000,26.96,26.96,26.96,26.96,100,0
GSL_B.US,5,20260224,171500,26.9295,26.9295,26.9295,26.9295,150,0
GSL_B.US,5,20260224,172000,26.8902,26.8902,26.8902,26.8902,100,0
GSL_B.US,5,20260224,173000,26.923,26.9276,26.9202,26.9202,300,0
GSL_B.US,5,20260224,174000,26.951,26.951,26.951,26.951,750,0
GSL_B.US,5,20260224,180500,26.94,26.94,26.94,26.94,200,0
GSL_B.US,5,20260224,193000,26.89,26.89,26.89,26.89,100,0
GSL_B.US,5,20260224,204000,26.9232,26.9232,26.9232,26.9232,100,0
GSL_B.US,5,20260224,205000,26.9552,26.965,26.91,26.91,1000,0
GSL_B.US,5,20260224,205500,26.9,26.9125,26.9,26.9125,300,0
GSL_B.US,5,20260224,211000,26.89,26.89,26.85,26.85,500,0
GSL_B.US,5,20260225,153000,26.95,26.95,26.95,26.95,200,0
GSL_B.US,5,20260225,153500,26.9,26.9,26.9,26.9,106,0
GSL_B.US,5,20260225,164000,27.04,27.04,27.04,27.04,150,0
GSL_B.US,5,20260225,175000,27.04,27.04,27.04,27.04,100,0
GSL_B.US,5,20260225,191500,27.05,27.05,27.025,27.05,534,0
GSL_B.US,5,20260225,192000,27.0499,27.0499,27.04,27.04,232,0
GSL_B.US,5,20260225,201500,27.0225,27.0225,27.0225,27.0225,500,0
GSL_B.US,5,20260225,204500,27.05,27.15,27.05,27.095,2432,0
GSL_B.US,5,20260225,210000,27.19,27.19,27.19,27.19,738,0
GSL_B.US,5,20260226,160500,27.12,27.12,27.12,27.12,400,0
GSL_B.US,5,20260226,173500,27.24,27.24,27.24,27.24,250,0
GSL_B.US,5,20260226,194500,27.1473,27.1473,27.1473,27.1473,118,0
GSL_B.US,5,20260226,203500,27.205,27.205,27.205,27.205,300,0
GSL_B.US,5,20260226,204000,27.17,27.1701,27.17,27.1701,200,0
GSL_B.US,5,20260226,211000,27.17,27.17,27.17,27.17,100,0
GSL_B.US,5,20260227,154000,27.24,27.24,27.24,27.24,200,0
GSL_B.US,5,20260227,160000,27.01,27.01,27.0001,27.0001,1100,0
GSL_B.US,5,20260227,170500,27.12,27.12,27.12,27.12,200,0
GSL_B.US,5,20260227,172000,27.0285,27.0285,27.0285,27.0285,300,0
GSL_B.US,5,20260227,180500,27.057,27.057,27.057,27.057,203,0
GSL_B.US,5,20260227,183000,27.05,27.05,27.05,27.05,100,0
GSL_B.US,5,20260227,203000,27.1016,27.1016,27.1016,27.1016,174,0
GSL_B.US,5,20260227,205000,27.21,27.21,27.055,27.055,600,0
GSL_B.US,5,20260227,215500,26.93,27.05,26.9,27.05,9770,0
GSL_B.US,5,20260302,163000,27.16,27.16,27.16,27.16,200,0
GSL_B.US,5,20260302,191500,26.98,26.98,26.98,26.98,890,0
GSL_B.US,5,20260302,203000,26.839,26.839,26.839,26.839,100,0
GSL_B.US,5,20260302,211000,26.8101,26.8101,26.8101,26.8101,173,0
GSL_B.US,5,20260302,213000,26.98,26.98,26.98,26.98,100,0
GSL_B.US,5,20260303,154500,26.75,26.75,26.75,26.75,100,0
GSL_B.US,5,20260303,162500,26.8619,26.8619,26.8619,26.8619,500,0
GSL_B.US,5,20260303,170000,26.97,26.9899,26.9031,26.9031,1838,0
GSL_B.US,5,20260303,171500,26.7964,26.7964,26.7964,26.7964,100,0
GSL_B.US,5,20260303,190000,26.75,26.7839,26.75,26.7839,300,0
GSL_B.US,5,20260303,192500,26.79,26.84,26.79,26.84,800,0
GSL_B.US,5,20260303,194500,26.94,26.94,26.94,26.94,100,0
GSL_B.US,5,20260303,195500,27.1281,27.1281,27.1281,27.1281,100,0
GSL_B.US,5,20260303,200500,27,27,27,27,899,0
GSL_B.US,5,20260303,202500,27,27,27,27,601,0
GSL_B.US,5,20260303,212000,27.12,27.12,27.12,27.12,170,0
GSL_B.US,5,20260303,215000,27.16,27.16,27.16,27.16,100,0
GSL_B.US,5,20260304,164000,27.136,27.136,27.136,27.136,100,0
GSL_B.US,5,20260304,171500,27.01,27.01,27.01,27.01,157,0
GSL_B.US,5,20260304,174500,27.1605,27.1605,27.1605,27.1605,130,0
GSL_B.US,5,20260304,204000,27.03,27.03,27.03,27.03,112,0
GSL_B.US,5,20260304,215000,27.03,27.03,27.03,27.03,696,0
GSL_B.US,5,20260304,215500,27.01,27.01,27,27,697,0
GSL_B.US,5,20260305,153000,26.75,26.75,26.75,26.75,106,0
GSL_B.US,5,20260305,164000,27.03,27.03,26.95,27.03,392,0
GSL_B.US,5,20260305,173000,26.97,26.97,26.97,26.97,100,0
GSL_B.US,5,20260305,182500,26.89,26.89,26.89,26.89,100,0
GSL_B.US,5,20260305,184000,26.8107,26.8107,26.8107,26.8107,130,0
GSL_B.US,5,20260305,190000,26.91,26.91,26.91,26.91,671,0
GSL_B.US,5,20260305,192000,26.91,26.91,26.91,26.91,200,0
GSL_B.US,5,20260305,202500,26.91,26.91,26.91,26.91,100,0
GSL_B.US,5,20260305,204500,26.83,26.83,26.83,26.83,100,0
GSL_B.US,5,20260305,210000,26.91,26.91,26.91,26.91,200,0
GSL_B.US,5,20260305,213000,26.83,26.895,26.83,26.895,211,0
GSL_B.US,5,20260305,213500,26.895,26.895,26.895,26.895,180,0
GSL_B.US,5,20260306,181500,26.88,26.9202,26.88,26.9202,700,0
GSL_B.US,5,20260306,184000,26.94,26.94,26.94,26.94,800,0
GSL_B.US,5,20260306,185500,26.94,26.94,26.9346,26.9346,380,0
GSL_B.US,5,20260306,192000,26.87,26.87,26.85,26.85,603,0
GSL_B.US,5,20260306,195500,26.9942,26.9942,26.9942,26.9942,180,0
GSL_B.US,5,20260306,201500,27.0043,27.0043,27.0043,27.0043,303,0
GSL_B.US,5,20260306,202000,26.85,26.85,26.85,26.85,277,0
GSL_B.US,5,20260306,204000,26.9,26.9,26.9,26.9,300,0
GSL_B.US,5,20260309,153500,26.9599,26.9599,26.9599,26.9599,100,0
GSL_B.US,5,20260309,161500,26.9366,26.9366,26.9366,26.9366,365,0
GSL_B.US,5,20260309,162000,26.9,26.9,26.9,26.9,100,0
GSL_B.US,5,20260309,163500,26.93,26.93,26.93,26.93,190,0
GSL_B.US,5,20260309,170500,26.93,26.99,26.92,26.9599,2131,0
GSL_B.US,5,20260309,174500,27.139,27.139,27.139,27.139,100,0
GSL_B.US,5,20260309,182000,27.0181,27.0181,27.0181,27.0181,300,0
GSL_B.US,5,20260309,193500,26.92,26.92,26.92,26.92,300,0
GSL_B.US,5,20260309,202500,26.97,26.98,26.97,26.98,200,0
GSL_B.US,5,20260309,203500,26.96,26.96,26.96,26.96,100,0
GSL_B.US,5,20260310,153000,27,27,27,27,300,0
GSL_B.US,5,20260310,181000,27.145,27.145,27.145,27.145,500,0
GSL_B.US,5,20260310,181500,27.1721,27.1721,27.1721,27.1721,200,0
GSL_B.US,5,20260310,203500,27.14,27.14,27.14,27.14,500,0
GSL_B.US,5,20260311,144500,27.19,27.19,27.19,27.19,100,0
GSL_B.US,5,20260311,161500,27.07,27.07,26.95,27.07,1678,0
GSL_B.US,5,20260311,163500,27.01,27.01,27.01,27.01,100,0
GSL_B.US,5,20260311,164500,27.02,27.04,27.02,27.04,361,0
GSL_B.US,5,20260311,165000,27.02,27.02,27.02,27.02,100,0
GSL_B.US,5,20260311,174500,26.994,26.994,26.994,26.994,239,0
GSL_B.US,5,20260311,183500,27,27,27,27,300,0
GSL_B.US,5,20260311,193500,26.87,26.87,26.87,26.87,100,0
GSL_B.US,5,20260311,195000,26.965,26.965,26.965,26.965,326,0
GSL_B.US,5,20260311,200000,27.07,27.07,27.07,27.07,200,0
GSL_B.US,5,20260311,205000,26.91,26.91,26.91,26.91,100,0
GSL_B.US,5,20260312,143000,26.92,26.92,26.92,26.92,100,0
GSL_B.US,5,20260312,162500,27.0946,27.0946,27.0946,27.0946,260,0
GSL_B.US,5,20260312,164000,26.99,26.99,26.97,26.97,300,0
GSL_B.US,5,20260312,164500,27.0476,27.0476,27.0476,27.0476,312,0
GSL_B.US,5,20260312,165000,26.96,26.96,26.96,26.96,215,0
GSL_B.US,5,20260312,170500,27.02,27.02,27.02,27.02,463,0
GSL_B.US,5,20260312,175500,27.06,27.06,26.95,26.96,573,0
GSL_B.US,5,20260312,181000,27.1018,27.1018,27.1018,27.1018,279,0
GSL_B.US,5,20260312,182500,26.9503,26.9503,26.9503,26.9503,200,0
GSL_B.US,5,20260312,185000,27.01,27.01,27,27,286,0
GSL_B.US,5,20260312,201500,27.13,27.13,27.13,27.13,218,0
GSL_B.US,5,20260312,205500,27.12,27.12,27.12,27.12,210,0
GSL_B.US,5,20260313,151500,27.1402,27.1402,27.1402,27.1402,315,0
GSL_B.US,5,20260313,154000,27.16,27.19,27.16,27.19,680,0
GSL_B.US,5,20260313,160000,27.18,27.18,27.18,27.18,100,0
GSL_B.US,5,20260313,161000,27,27.025,26.75,26.75,3266,0
GSL_B.US,5,20260313,163500,26.925,26.925,26.925,26.925,127,0
GSL_B.US,5,20260313,164000,26.82,26.82,26.82,26.82,100,0
GSL_B.US,5,20260313,170500,26.84,26.84,26.84,26.84,100,0
GSL_B.US,5,20260313,171500,26.839,26.84,26.8265,26.8265,400,0
GSL_B.US,5,20260313,172500,26.85,26.85,26.81,26.81,643,0
GSL_B.US,5,20260313,175000,26.85,26.85,26.8,26.8,885,0
GSL_B.US,5,20260313,193500,26.84,26.84,26.84,26.84,500,0
GSL_B.US,5,20260313,194500,26.8,26.8,26.8,26.8,149,0
GSL_B.US,5,20260313,200000,26.8001,26.8001,26.77,26.8,1400,0
GSL_B.US,5,20260313,201000,26.632,26.632,26.632,26.632,200,0
GSL_B.US,5,20260313,203500,26.62,26.62,26.62,26.62,995,0
GSL_B.US,5,20260313,205500,26.65,26.65,26.5901,26.65,657,0
GSL_B.US,5,20260316,164000,26.955,26.955,26.9247,26.9247,447,0
GSL_B.US,5,20260316,165500,26.82,26.82,26.82,26.82,184,0
GSL_B.US,5,20260316,170000,26.95,26.95,26.95,26.95,200,0
GSL_B.US,5,20260316,170500,26.95,27.0799,26.95,27.0799,500,0
GSL_B.US,5,20260316,171000,26.95,26.95,26.95,26.95,200,0
GSL_B.US,5,20260316,173500,26.85,26.85,26.85,26.85,390,0
GSL_B.US,5,20260316,175000,26.85,26.85,26.85,26.85,153,0
GSL_B.US,5,20260316,180500,26.98,27.0599,26.98,27.0599,700,0
GSL_B.US,5,20260316,184500,26.85,26.95,26.85,26.95,660,0
GSL_B.US,5,20260316,191000,26.925,27.02,26.925,27.02,800,0
GSL_B.US,5,20260316,191500,26.82,26.82,26.82,26.82,141,0
GSL_B.US,5,20260316,201500,26.9116,26.9116,26.9116,26.9116,200,0
GSL_B.US,5,20260316,202000,26.92,26.92,26.92,26.92,200,0
GSL_B.US,5,20260316,203000,26.82,26.82,26.82,26.82,141,0
GSL_B.US,5,20260316,204000,26.965,26.965,26.965,26.965,100,0
GSL_B.US,5,20260316,205000,26.91,26.91,26.91,26.91,100,0
GSL_B.US,5,20260316,205500,26.92,26.92,26.92,26.92,361,0
GSL_B.US,5,20260317,163000,26.9605,26.9605,26.9605,26.9605,100,0
GSL_B.US,5,20260317,165000,27.065,27.065,27.065,27.065,100,0
GSL_B.US,5,20260317,165500,27.1525,27.1525,27.1525,27.1525,100,0
GSL_B.US,5,20260317,170000,27.065,27.065,27.065,27.065,100,0
GSL_B.US,5,20260317,173000,27.065,27.065,27.065,27.065,100,0
GSL_B.US,5,20260317,180000,27.14,27.14,27.14,27.14,191,0
GSL_B.US,5,20260317,181000,26.95,26.95,26.95,26.95,100,0
GSL_B.US,5,20260317,181500,27.0875,27.0875,27.0875,27.0875,595,0
GSL_B.US,5,20260317,183500,27.0296,27.0296,27.0296,27.0296,100,0
GSL_B.US,5,20260317,184000,26.95,26.95,26.95,26.95,100,0
GSL_B.US,5,20260317,201500,27.12,27.12,27,27,304,0
GSL_B.US,5,20260317,202500,27.065,27.065,27.065,27.065,184,0
GSL_B.US,5,20260317,204500,27.11,27.11,27.11,27.11,500,0
GSL_B.US,5,20260318,155000,27.0939,27.0939,27.0939,27.0939,500,0
GSL_B.US,5,20260318,183000,27.0846,27.0846,27.0846,27.0846,200,0
GSL_B.US,5,20260318,183500,27.085,27.085,27.085,27.085,195,0
GSL_B.US,5,20260318,193500,26.9869,26.9869,26.9869,26.9869,117,0
GSL_B.US,5,20260318,205500,27.09,27.09,27.09,27.09,150,0
GSL_B.US,5,20260319,151000,27.145,27.145,27.145,27.145,100,0
GSL_B.US,5,20260319,152500,27.2,27.2,27.145,27.145,3000,0
GSL_B.US,5,20260319,153500,27.1999,27.34,27.1999,27.24,2204,0
GSL_B.US,5,20260319,160500,27.13,27.13,27.1,27.1,500,0
GSL_B.US,5,20260319,161000,27.2063,27.2063,27.2063,27.2063,200,0
GSL_B.US,5,20260319,162500,27.39,27.4,27.39,27.4,1698,0
GSL_B.US,5,20260319,163000,27.29,27.29,27.29,27.29,250,0
GSL_B.US,5,20260319,170500,27.4299,27.4299,27.4299,27.4299,200,0
GSL_B.US,5,20260319,172000,27.3898,27.3898,27.3898,27.3898,249,0
GSL_B.US,5,20260319,182000,27.09,27.09,27.09,27.09,400,0
GSL_B.US,5,20260319,195000,27.23,27.23,27.23,27.23,200,0
GSL_B.US,5,20260319,201000,27.3,27.3,27.3,27.3,100,0
GSL_B.US,5,20260319,204500,27.1562,27.1562,27.1562,27.1562,215,0
GSL_B.US,5,20260320,150000,27.21,27.21,27.21,27.21,200,0
GSL_B.US,5,20260320,150500,27.4054,27.4054,27.4054,27.4054,100,0
GSL_B.US,5,20260320,153000,27.11,27.11,27.11,27.11,300,0
GSL_B.US,5,20260320,155500,27.28,27.4,27.26,27.4,3825,0
GSL_B.US,5,20260320,160000,27.4,27.4,27.4,27.4,100,0
GSL_B.US,5,20260320,161000,27.47,27.56,27.4517,27.55,8720,0
GSL_B.US,5,20260320,161500,27.575,27.575,27.575,27.575,400,0
GSL_B.US,5,20260320,162500,27.56,27.56,27.56,27.56,200,0
GSL_B.US,5,20260320,163000,27.57,27.57,27.57,27.57,100,0
GSL_B.US,5,20260320,172500,27.575,27.575,27.55,27.55,400,0
GSL_B.US,5,20260320,173500,27.55,27.55,27.55,27.55,400,0
GSL_B.US,5,20260320,175500,27.5,27.5,27.5,27.5,1700,0
GSL_B.US,5,20260320,192000,27.485,27.485,27.485,27.485,300,0
GSL_B.US,5,20260320,193000,27.5,27.56,27.5,27.56,2133,0
GSL_B.US,5,20260320,194000,27.485,27.485,27.485,27.485,200,0
GSL_B.US,5,20260320,195500,27.5,27.5,27.5,27.5,265,0
GSL_B.US,5,20260320,203000,27.4999,27.4999,27.4999,27.4999,100,0
GSL_B.US,5,20260320,204000,27.45,27.45,27.45,27.45,200,0
GSL_B.US,5,20260320,205000,27.5,27.5,27.5,27.5,928,0
GSL_B.US,5,20260323,150500,27.485,27.485,27.485,27.485,780,0
GSL_B.US,5,20260323,151000,27.41,27.485,27.41,27.485,600,0
GSL_B.US,5,20260323,154000,27.57,27.57,27.57,27.57,274,0
GSL_B.US,5,20260323,165500,27.54,27.54,27.54,27.54,200,0
GSL_B.US,5,20260323,180000,27.5797,27.6,27.5797,27.6,1191,0
GSL_B.US,5,20260323,184500,27.6,27.6,27.6,27.6,404,0
GSL_B.US,5,20260323,193500,27.55,27.69,27.55,27.69,335,0
GSL_B.US,5,20260323,194000,27.595,27.69,27.595,27.595,1000,0
GSL_B.US,5,20260323,200500,27.67,27.7,27.67,27.7,400,0
GSL_B.US,5,20260323,202500,27.67,27.67,27.67,27.67,404,0
GSL_B.US,5,20260323,205500,27.5902,27.5902,27.5902,27.5902,193,0
GSL_B.US,5,20260324,143000,27.625,27.625,27.625,27.625,200,0
GSL_B.US,5,20260324,160000,27.6,27.6,27.6,27.6,100,0
GSL_B.US,5,20260324,161000,27.75,27.75,27.7499,27.7499,200,0
GSL_B.US,5,20260324,185000,27.7,27.7,27.7,27.7,300,0
GSL_B.US,5,20260324,200500,27.74,27.74,27.72,27.72,300,0
GSL_B.US,5,20260324,201500,27.615,27.615,27.615,27.615,300,0
GSL_B.US,5,20260324,204500,27.6,27.6,27.6,27.6,359,0
GSL_B.US,5,20260324,205000,27.62,27.62,27.62,27.62,200,0
GSL_B.US,5,20260325,150000,27.25,27.25,27.25,27.25,100,0
GSL_B.US,5,20260325,153000,27.1301,27.1301,27.1301,27.1301,100,0
GSL_B.US,5,20260325,154500,27.2,27.25,27.007,27.007,600,0
GSL_B.US,5,20260325,200000,27.15,27.15,27.15,27.15,250,0
GSL_B.US,5,20260325,200500,27.0501,27.0501,27.0501,27.0501,100,0
GSL_B.US,5,20260325,205500,27.1,27.1,27,27.02,1735,0
GSL_B.US,5,20260326,143000,27,27,27,27,193,0
GSL_B.US,5,20260326,153000,27,27,27,27,2050,0
GSL_B.US,5,20260326,155000,27.45,27.6,27.31,27.45,8314,0
GSL_B.US,5,20260326,160000,27.41,27.41,27.4,27.4,300,0
GSL_B.US,5,20260326,171500,27.4,27.4,26.95,27.175,738,0
GSL_B.US,5,20260326,182500,27.15,27.23,27.15,27.15,306,0
GSL_B.US,5,20260326,183500,27.19,27.23,27.19,27.23,600,0
GSL_B.US,5,20260326,190500,27.23,27.23,27.22,27.23,611,0
GSL_B.US,5,20260326,191500,27.3444,27.3444,27.3444,27.3444,200,0
GSL_B.US,5,20260327,143000,27.23,27.23,27.21,27.21,350,0
GSL_B.US,5,20260327,145000,27.3,27.3,27.3,27.3,500,0
GSL_B.US,5,20260327,152000,27.2,27.2,27.2,27.2,200,0
GSL_B.US,5,20260327,153500,27.145,27.145,27.145,27.145,700,0
GSL_B.US,5,20260327,164500,27.145,27.145,27.145,27.145,2460,0
GSL_B.US,5,20260327,180000,27.13,27.13,27.13,27.13,800,0
GSL_B.US,5,20260327,181000,27.34,27.37,27.3399,27.37,1813,0
GSL_B.US,5,20260327,182500,27.15,27.15,27.15,27.15,700,0
GSL_B.US,5,20260327,190000,27.37,27.37,27.37,27.37,115,0
GSL_B.US,5,20260327,200500,27.37,27.37,27.37,27.37,277,0
GSL_B.US,5,20260327,202500,27.01,27.01,27,27,200,0
GSL_B.US,5,20260327,203000,27.15,27.15,27.15,27.15,200,0
GSL_B.US,5,20260330,154500,27.435,27.435,27.435,27.435,815,0
GSL_B.US,5,20260330,160000,27,27,27,27,500,0
GSL_B.US,5,20260330,171000,27.4,27.4,27.4,27.4,306,0
GSL_B.US,5,20260330,180000,27.3,27.3,27.3,27.3,475,0
GSL_B.US,5,20260330,195000,27.38,27.38,27.3799,27.3799,524,0
GSL_B.US,5,20260330,195500,27.165,27.165,27.165,27.165,2216,0
GSL_B.US,5,20260330,203000,27.17,27.17,27.17,27.17,516,0
GSL_B.US,5,20260330,211500,27.17,27.17,27.17,27.17,534,0
GSL_B.US,5,20260330,212000,27.21,27.21,27.21,27.21,855,0
GSL_B.US,5,20260330,214500,27.1,27.1,27.1,27.1,475,0
GSL_B.US,5,20260330,215000,27.2244,27.2244,27.2244,27.2244,183,0
GSL_B.US,5,20260331,153000,27.88,27.88,27.88,27.88,146,0
GSL_B.US,5,20260331,164500,27.0426,27.15,27.0426,27.15,200,0
GSL_B.US,5,20260331,170000,27.04,27.04,27.04,27.04,108,0
GSL_B.US,5,20260331,170500,27.25,27.25,27.25,27.25,100,0
GSL_B.US,5,20260331,175000,27.19,27.19,27.19,27.19,210,0
GSL_B.US,5,20260331,180000,27,27,27,27,122,0
GSL_B.US,5,20260331,184500,27.08,27.08,27.08,27.08,100,0
GSL_B.US,5,20260331,190000,27.09,27.09,27.09,27.09,300,0
GSL_B.US,5,20260331,193000,27.01,27.01,26.99,26.99,472,0
GSL_B.US,5,20260331,204000,26.97,26.97,26.97,26.97,100,0
GSL_B.US,5,20260331,204500,26.85,26.85,26.61,26.62,1250,0
GSL_B.US,5,20260331,205500,26.5,26.5,26.5,26.5,150,0
GSL_B.US,5,20260331,210000,26.815,26.815,26.815,26.815,1304,0
GSL_B.US,5,20260331,211000,26.815,26.815,26.815,26.815,540,0
GSL_B.US,5,20260331,214500,26.54,26.54,26.54,26.54,100,0
GSL_B.US,5,20260331,215000,26.54,26.56,26.54,26.56,378,0
GSL_B.US,5,20260331,215500,26.5,26.51,26.5,26.51,891,0
GSL_B.US,5,20260401,153000,26.6,26.6,26.6,26.6,400,0
GSL_B.US,5,20260401,165000,26.95,26.95,26.95,26.95,200,0
GSL_B.US,5,20260401,170000,26.7,26.7,26.7,26.7,1610,0
GSL_B.US,5,20260401,173500,27.125,27.125,27.125,27.125,500,0
GSL_B.US,5,20260401,174000,27.1533,27.1533,27.1533,27.1533,322,0
GSL_B.US,5,20260401,204000,26.855,27,26.855,27,716,0
GSL_B.US,5,20260401,212500,26.73,26.73,26.73,26.73,100,0
GSL_B.US,5,20260401,213000,26.855,26.855,26.855,26.855,1130,0
GSL_B.US,5,20260401,215000,26.75,26.75,26.75,26.75,400,0
GSL_B.US,5,20260402,153000,26.85,26.85,26.8,26.8,639,0
GSL_B.US,5,20260402,153500,26.75,26.75,26.75,26.75,274,0
GSL_B.US,5,20260402,155000,26.75,26.75,26.75,26.75,194,0
GSL_B.US,5,20260402,155500,26.74,26.74,26.74,26.74,100,0
GSL_B.US,5,20260402,163000,27.17,27.17,27.17,27.17,100,0
GSL_B.US,5,20260402,163500,26.8,26.8,26.8,26.8,100,0
GSL_B.US,5,20260402,164000,26.81,26.81,26.79,26.79,200,0
GSL_B.US,5,20260402,165000,26.8,26.8101,26.79,26.8101,600,0
GSL_B.US,5,20260402,180000,26.88,26.92,26.88,26.92,200,0
GSL_B.US,5,20260402,182000,26.84,26.84,26.84,26.84,100,0
GSL_B.US,5,20260402,182500,26.6601,26.6601,26.6601,26.6601,1500,0
GSL_B.US,5,20260402,183000,26.835,26.835,26.835,26.835,100,0
GSL_B.US,5,20260402,183500,26.835,26.835,26.835,26.835,300,0
GSL_B.US,5,20260402,184500,26.98,26.98,26.835,26.835,200,0
GSL_B.US,5,20260402,191500,26.835,26.835,26.835,26.835,400,0
GSL_B.US,5,20260402,200000,26.81,26.81,26.81,26.81,300,0
GSL_B.US,5,20260402,200500,26.83,26.83,26.83,26.83,100,0
GSL_B.US,5,20260402,201500,26.84,26.99,26.83,26.83,1400,0
GSL_B.US,5,20260402,202000,26.84,27,26.84,26.9899,6385,0
GSL_B.US,5,20260402,204000,26.7501,26.7501,26.7501,26.7501,400,0
GSL_B.US,5,20260402,211000,26.9187,27,26.9187,27,2000,0
GSL_B.US,5,20260402,213500,26.78,26.78,26.78,26.78,100,0
GSL_B.US,5,20260406,153000,26.74,26.74,26.74,26.74,1290,0
GSL_B.US,5,20260406,154000,26.7923,26.8,26.7923,26.8,1100,0
GSL_B.US,5,20260406,154500,26.875,26.9113,26.875,26.9113,200,0
GSL_B.US,5,20260406,155000,26.88,26.91,26.88,26.91,700,0
GSL_B.US,5,20260406,160500,26.85,26.85,26.78,26.78,938,0
GSL_B.US,5,20260406,165500,26.99,26.99,26.99,26.99,300,0
GSL_B.US,5,20260406,170000,26.95,26.95,26.95,26.95,300,0
GSL_B.US,5,20260406,173000,26.885,26.885,26.885,26.885,370,0
GSL_B.US,5,20260406,181500,26.86,26.86,26.85,26.85,500,0
GSL_B.US,5,20260406,183000,26.92,26.92,26.92,26.92,100,0
GSL_B.US,5,20260406,183500,26.99,26.99,26.99,26.99,200,0
GSL_B.US,5,20260406,191500,26.99,26.99,26.99,26.99,100,0
GSL_B.US,5,20260406,195500,26.9899,26.9899,26.9899,26.9899,120,0
GSL_B.US,5,20260406,200500,26.92,26.99,26.92,26.9899,500,0
GSL_B.US,5,20260406,210000,26.9184,26.9184,26.9184,26.9184,493,0
GSL_B.US,5,20260406,210500,27,27,27,27,100,0
GSL_B.US,5,20260406,211500,26.89,26.89,26.89,26.89,200,0
GSL_B.US,5,20260407,153000,26.8,26.8,26.8,26.8,1136,0
GSL_B.US,5,20260407,163000,26.89,26.89,26.89,26.89,200,0
GSL_B.US,5,20260407,163500,26.7,26.7,26.7,26.7,300,0
GSL_B.US,5,20260407,164500,26.7,26.7,26.7,26.7,100,0
GSL_B.US,5,20260407,192500,26.8999,26.8999,26.8,26.8,399,0
GSL_B.US,5,20260407,193000,26.8488,26.8488,26.8488,26.8488,102,0
GSL_B.US,5,20260407,200500,26.85,26.85,26.85,26.85,100,0
GSL_B.US,5,20260407,214500,26.83,26.9,26.83,26.89,400,0
GSL_B.US,5,20260407,215000,26.85,26.86,26.78,26.78,1000,0
GSL_B.US,5,20260407,215500,26.77,26.78,26.761,26.78,586,0
GSL_B.US,5,20260408,153000,26.86,27,26.86,27,826,0
GSL_B.US,5,20260408,155000,27,27,27,27,3150,0
GSL_B.US,5,20260408,164000,27.12,27.13,27.12,27.13,600,0
GSL_B.US,5,20260408,164500,27.14,27.15,27.14,27.15,200,0
GSL_B.US,5,20260408,170000,27.1,27.1,27.04,27.04,1300,0
GSL_B.US,5,20260408,175000,26.91,26.91,26.91,26.91,140,0
GSL_B.US,5,20260408,193500,27.03,27.03,27.03,27.03,300,0
GSL_B.US,5,20260408,215500,27.0066,27.01,27.0023,27.01,641,0
GSL_B.US,5,20260409,181000,27.075,27.075,27.075,27.075,115,0
GSL_B.US,5,20260409,182000,26.9,26.9,26.9,26.9,100,0
GSL_B.US,5,20260409,204000,27.08,27.08,26.92,26.92,225,0
GSL_B.US,5,20260409,214000,26.93,26.94,26.91,26.92,1620,0
GSL_B.US,5,20260410,153000,26.9,26.9,26.9,26.9,1001,0
GSL_B.US,5,20260410,174000,26.9248,26.9248,26.9248,26.9248,150,0
GSL_B.US,5,20260410,213000,27.015,27.015,27.015,27.015,100,0
GSL_B.US,5,20260410,215500,26.93,26.93,26.93,26.93,100,0
GSL_B.US,5,20260413,160000,26.83,26.83,26.83,26.83,100,0
GSL_B.US,5,20260413,170000,26.9,26.9,26.9,26.9,300,0
GSL_B.US,5,20260413,171500,26.95,26.95,26.95,26.95,110,0
GSL_B.US,5,20260413,172000,26.9,26.9,26.9,26.9,100,0
GSL_B.US,5,20260413,173500,26.87,26.87,26.87,26.87,370,0
GSL_B.US,5,20260413,184000,26.79,26.79,26.79,26.79,200,0
GSL_B.US,5,20260413,190500,26.87,26.87,26.87,26.87,200,0
GSL_B.US,5,20260413,194000,26.865,26.865,26.865,26.865,1000,0
GSL_B.US,5,20260413,203000,26.8,26.8,26.8,26.8,100,0
GSL_B.US,5,20260414,153000,26.8,26.85,26.79,26.85,1335,0
GSL_B.US,5,20260414,160500,26.99,26.99,26.99,26.99,200,0
GSL_B.US,5,20260414,161000,26.985,26.985,26.985,26.985,100,0
GSL_B.US,5,20260414,174500,27.106,27.106,27.106,27.106,217,0
GSL_B.US,5,20260414,180000,26.82,26.82,26.82,26.82,100,0
GSL_B.US,5,20260414,200000,26.99,26.99,26.96,26.96,735,0
GSL_B.US,5,20260414,201500,26.82,26.82,26.82,26.82,200,0
GSL_B.US,5,20260414,202000,27.14,27.14,27.14,27.14,259,0
GSL_B.US,5,20260414,212500,26.82,26.82,26.82,26.82,100,0
GSL_B.US,5,20260415,154500,27.02,27.02,27.02,27.02,321,0
GSL_B.US,5,20260415,161000,27.1999,27.1999,27.1999,27.1999,184,0
GSL_B.US,5,20260415,162000,26.82,26.82,26.82,26.82,100,0
GSL_B.US,5,20260415,182500,27,27,27,27,100,0
GSL_B.US,5,20260415,190000,27.04,27.04,27,27,751,0
GSL_B.US,5,20260415,193500,26.86,26.86,26.86,26.86,100,0
GSL_B.US,5,20260415,203500,26.96,26.96,26.96,26.96,389,0
GSL_B.US,5,20260416,155500,26.83,26.83,26.83,26.83,200,0
GSL_B.US,5,20260416,160500,27.015,27.015,27.015,27.015,184,0
GSL_B.US,5,20260416,162500,27.015,27.015,27.015,27.015,100,0
GSL_B.US,5,20260416,164000,27.015,27.015,27.015,27.015,144,0
GSL_B.US,5,20260416,174000,27.015,27.015,27.015,27.015,385,0
GSL_B.US,5,20260416,175000,27.015,27.015,27.015,27.015,150,0
GSL_B.US,5,20260416,181500,27.015,27.015,27.015,27.015,200,0
GSL_B.US,5,20260417,153000,27.05,27.05,27.05,27.05,384,0
GSL_B.US,5,20260417,155500,27.06,27.07,27.05,27.05,866,0
GSL_B.US,5,20260417,161000,27.1,27.25,27.1,27.12,3325,0
GSL_B.US,5,20260417,172000,27.425,27.425,27.425,27.425,200,0
GSL_B.US,5,20260417,173000,27.4199,27.4199,27.4199,27.4199,160,0
GSL_B.US,5,20260417,180000,27.386,27.386,27.386,27.386,115,0
GSL_B.US,5,20260417,182500,27.318,27.318,27.318,27.318,166,0
GSL_B.US,5,20260417,184000,27.2766,27.2766,27.2766,27.2766,200,0
GSL_B.US,5,20260417,185500,27.335,27.335,27.335,27.335,200,0
GSL_B.US,5,20260417,192000,27.275,27.275,27.275,27.275,100,0
GSL_B.US,5,20260417,193500,27.25,27.25,27.25,27.25,443,0
GSL_B.US,5,20260417,202500,27.3,27.3,27.3,27.3,200,0
GSL_B.US,5,20260417,203500,27.2999,27.2999,27.26,27.26,500,0
GSL_B.US,5,20260417,212500,27.2499,27.2499,27.2499,27.2499,200,0
GSL_B.US,5,20260417,215500,27.21,27.23,27.21,27.23,500,0
GSL_B.US,5,20260420,153000,27.3,27.3,27.3,27.3,275,0
GSL_B.US,5,20260420,161500,27.335,27.335,27.335,27.335,100,0
GSL_B.US,5,20260420,164000,27.335,27.335,27.335,27.335,348,0
GSL_B.US,5,20260420,165500,27.335,27.335,27.335,27.335,500,0
GSL_B.US,5,20260420,190000,27.42,27.42,27.34,27.42,490,0
GSL_B.US,5,20260420,203500,27.3593,27.3593,27.3593,27.3593,110,0
GSL_B.US,5,20260420,204500,27.3,27.3,27.3,27.3,150,0
GSL_B.US,5,20260420,212500,27.2967,27.2967,27.2967,27.2967,145,0
GSL_B.US,5,20260420,214000,27.26,27.385,27.26,27.385,700,0
GSL_B.US,5,20260421,153000,27.4,27.4,27.4,27.4,100,0
GSL_B.US,5,20260421,162500,27.4,27.4,27.4,27.4,100,0
GSL_B.US,5,20260421,173500,27.4001,27.4001,27.4001,27.4001,178,0
GSL_B.US,5,20260421,180000,27.4,27.4,27.4,27.4,675,0
GSL_B.US,5,20260421,182000,27.425,27.425,27.425,27.425,151,0
GSL_B.US,5,20260421,183000,27.425,27.425,27.425,27.425,150,0
GSL_B.US,5,20260421,184500,27.45,27.45,27.4,27.4,1600,0
GSL_B.US,5,20260421,185500,27.45,27.45,27.4,27.4,400,0
GSL_B.US,5,20260421,192500,27.355,27.355,27.355,27.355,200,0
GSL_B.US,5,20260421,204500,27.28,27.28,27.28,27.28,116,0
GSL_B.US,5,20260421,212000,27.29,27.29,27.29,27.29,100,0
GSL_B.US,5,20260421,213500,27.29,27.29,27.29,27.29,100,0
GSL_B.US,5,20260421,215500,27.3,27.3,27.3,27.3,429,0
GSL_B.US,5,20260422,154000,27.35,27.35,27.35,27.35,100,0
GSL_B.US,5,20260422,155000,27.3074,27.3074,27.3074,27.3074,300,0
GSL_B.US,5,20260422,184000,27.35,27.3501,27.25,27.33,1188,0
GSL_B.US,5,20260422,191000,27.3,27.3,27.3,27.3,107,0
GSL_B.US,5,20260422,191500,27.3,27.3,27.3,27.3,100,0
GSL_B.US,5,20260423,153000,27.39,27.39,27.39,27.39,210,0
GSL_B.US,5,20260423,154500,27.33,27.33,27.33,27.33,150,0
GSL_B.US,5,20260423,173500,27.45,27.4899,27.45,27.4899,750,0
GSL_B.US,5,20260423,182000,27.275,27.275,27.275,27.275,100,0
GSL_B.US,5,20260423,195500,27.25,27.25,27.25,27.25,795,0
GSL_B.US,5,20260423,200500,27.45,27.48,27.45,27.48,474,0
GSL_B.US,5,20260423,203500,27.49,27.49,27.49,27.49,100,0
GSL_B.US,5,20260423,215000,27.16,27.48,27.07,27.48,1147,0
GSL_B.US,5,20260424,171500,27.155,27.155,27.155,27.155,350,0
GSL_B.US,5,20260424,184500,27.06,27.17,27,27.1,4938,0
GSL_B.US,5,20260424,185500,27.12,27.12,27.12,27.12,100,0
GSL_B.US,5,20260424,191000,27.12,27.23,27.12,27.23,300,0
GSL_B.US,5,20260424,193500,27.296,27.296,27.296,27.296,116,0
GSL_B.US,5,20260424,215500,27.03,27.03,27.03,27.03,100,0
GSL_B.US,5,20260427,153000,27.05,27.05,27.05,27.05,688,0
GSL_B.US,5,20260427,154000,27.05,27.05,27.05,27.05,247,0
GSL_B.US,5,20260427,155000,27.1,27.1,27.1,27.1,200,0
GSL_B.US,5,20260427,155500,27.1499,27.1499,27.1499,27.1499,100,0
GSL_B.US,5,20260427,160000,27.11,27.11,27.11,27.11,100,0
GSL_B.US,5,20260427,164500,26.76,26.76,26.76,26.76,1506,0
GSL_B.US,5,20260427,172000,26.83,26.83,26.83,26.83,300,0
GSL_B.US,5,20260427,181000,26.9,26.9,26.9,26.9,200,0
GSL_B.US,5,20260427,192000,26.9664,26.9664,26.9664,26.9664,195,0
GSL_B.US,5,20260427,193500,26.975,26.975,26.975,26.975,220,0
GSL_B.US,5,20260427,194000,26.975,26.975,26.975,26.975,290,0
GSL_B.US,5,20260427,195000,26.909,26.9321,26.909,26.9321,1088,0
GSL_B.US,5,20260427,202000,26.97,26.97,26.97,26.97,1000,0
GSL_B.US,5,20260427,211500,27.1299,27.1299,27.1299,27.1299,702,0
GSL_B.US,5,20260428,170500,26.945,26.945,26.945,26.945,200,0
GSL_B.US,5,20260428,171000,27,27,27,27,200,0
GSL_B.US,5,20260428,173500,26.85,26.85,26.8,26.8,301,0
GSL_B.US,5,20260428,184500,26.975,26.975,26.975,26.975,850,0
GSL_B.US,5,20260428,201000,26.9,26.9,26.9,26.9,100,0
GSL_B.US,5,20260428,204000,26.91,26.93,26.85,26.93,1400,0
GSL_B.US,5,20260428,204500,26.84,26.8401,26.8,26.8,911,0
GSL_B.US,5,20260428,205000,26.81,26.81,26.81,26.81,300,0
GSL_B.US,5,20260428,215500,26.87,26.87,26.87,26.87,100,0
GSL_B.US,5,20260429,153000,26.79,26.79,26.79,26.79,187,0
GSL_B.US,5,20260429,164000,26.79,26.79,26.79,26.79,400,0
GSL_B.US,5,20260429,171000,26.78,26.78,26.78,26.78,100,0
GSL_B.US,5,20260429,171500,26.8,26.8,26.8,26.8,200,0
GSL_B.US,5,20260429,174500,26.76,26.76,26.76,26.76,300,0
GSL_B.US,5,20260429,175000,26.76,26.76,26.75,26.75,1290,0
GSL_B.US,5,20260429,192000,26.725,26.725,26.725,26.725,100,0
GSL_B.US,5,20260429,202000,26.65,26.725,26.65,26.65,1002,0
GSL_B.US,5,20260429,203500,26.75,26.75,26.75,26.75,100,0
GSL_B.US,5,20260429,204500,26.74,26.74,26.74,26.74,100,0
GSL_B.US,5,20260429,210000,26.76,26.76,26.76,26.76,100,0
GSL_B.US,5,20260429,211000,26.77,26.77,26.7001,26.7001,400,0
GSL_B.US,5,20260429,215000,26.7,26.7,26.7,26.7,243,0
GSL_B.US,5,20260429,215500,26.77,26.77,26.77,26.77,900,0
GSL_B.US,5,20260430,161000,26.75,26.8003,26.75,26.8003,500,0
GSL_B.US,5,20260430,171500,26.765,26.765,26.765,26.765,224,0
GSL_B.US,5,20260430,172000,26.765,26.765,26.765,26.765,253,0
GSL_B.US,5,20260430,172500,26.765,26.8287,26.765,26.8287,392,0
GSL_B.US,5,20260430,174500,26.75,26.75,26.75,26.75,641,0
GSL_B.US,5,20260430,183000,26.8199,26.8199,26.8199,26.8199,150,0
GSL_B.US,5,20260430,204000,26.81,26.81,26.81,26.81,317,0
GSL_B.US,5,20260430,205500,26.735,26.735,26.735,26.735,394,0
GSL_B.US,5,20260501,153000,26.84,26.84,26.84,26.84,341,0
GSL_B.US,5,20260501,154000,26.7226,26.7226,26.7226,26.7226,200,0
GSL_B.US,5,20260501,171000,26.75,26.75,26.75,26.75,1000,0
GSL_B.US,5,20260501,174500,26.7501,26.88,26.7501,26.88,2016,0
GSL_B.US,5,20260501,181000,26.77,26.77,26.77,26.77,100,0
GSL_B.US,5,20260501,182000,26.9587,26.9587,26.8376,26.8376,450,0
GSL_B.US,5,20260501,191000,26.77,26.77,26.76,26.76,300,0
GSL_B.US,5,20260501,192000,26.795,26.795,26.75,26.75,900,0
GSL_B.US,5,20260501,192500,26.75,26.75,26.75,26.75,490,0
GSL_B.US,5,20260501,194500,26.75,26.75,26.75,26.75,100,0
GSL_B.US,5,20260501,195000,26.83,26.83,26.795,26.795,897,0
GSL_B.US,5,20260501,203500,26.76,26.76,26.76,26.76,400,0
GSL_B.US,5,20260501,205500,26.75,26.75,26.75,26.75,100,0
GSL_B.US,5,20260501,211000,26.79,26.79,26.79,26.79,142,0
GSL_B.US,5,20260501,212000,26.79,26.79,26.79,26.79,100,0
GSL_B.US,5,20260504,153000,26.95,26.95,26.95,26.95,100,0
GSL_B.US,5,20260504,153500,27.0827,27.0827,27.0827,27.0827,100,0
GSL_B.US,5,20260504,154000,26.94,26.94,26.94,26.94,100,0
GSL_B.US,5,20260504,154500,27.04,27.0807,26.94,26.94,1595,0
GSL_B.US,5,20260504,155500,26.94,26.94,26.94,26.94,100,0
GSL_B.US,5,20260504,163000,26.82,26.82,26.82,26.82,100,0
GSL_B.US,5,20260504,164000,26.83,26.83,26.83,26.83,200,0
GSL_B.US,5,20260504,165500,26.91,26.91,26.9099,26.91,974,0
GSL_B.US,5,20260504,190000,26.8773,26.8773,26.8773,26.8773,164,0
GSL_B.US,5,20260504,204000,26.79,26.79,26.79,26.79,302,0
GSL_B.US,5,20260504,212000,26.7,26.75,26.7,26.7,1140,0
GSL_B.US,5,20260505,153000,26.82,26.82,26.82,26.82,149,0
GSL_B.US,5,20260505,154500,26.875,26.875,26.6984,26.6984,700,0
GSL_B.US,5,20260505,155000,26.85,26.85,26.85,26.85,181,0
GSL_B.US,5,20260505,155500,27,27,27,27,200,0
GSL_B.US,5,20260505,160500,26.865,26.865,26.865,26.865,176,0
GSL_B.US,5,20260505,175500,26.725,26.725,26.725,26.725,185,0
GSL_B.US,5,20260505,184000,26.725,26.725,26.725,26.725,172,0
GSL_B.US,5,20260505,201000,26.745,26.745,26.745,26.745,125,0
GSL_B.US,5,20260505,203500,26.78,26.8,26.78,26.8,516,0
GSL_B.US,5,20260506,162000,26.81,26.81,26.81,26.81,100,0
GSL_B.US,5,20260506,165000,26.8162,26.8162,26.8162,26.8162,300,0
GSL_B.US,5,20260506,170500,26.8183,26.8183,26.8183,26.8183,200,0
GSL_B.US,5,20260506,172000,27.05,27.05,27.05,27.05,248,0
GSL_B.US,5,20260506,190000,26.82,26.82,26.82,26.82,764,0
GSL_B.US,5,20260506,200500,26.83,26.83,26.83,26.83,100,0
GSL_B.US,5,20260506,203000,26.84,26.84,26.84,26.84,201,0
GSL_B.US,5,20260506,214000,26.85,26.85,26.84,26.84,299,0
GSL_B.US,5,20260507,153000,26.97,26.97,26.97,26.97,100,0
GSL_B.US,5,20260507,164000,26.935,26.935,26.935,26.935,381,0
GSL_B.US,5,20260507,165500,27.0599,27.0599,27.0599,27.0599,165,0
GSL_B.US,5,20260507,174500,26.925,26.925,26.925,26.925,131,0
GSL_B.US,5,20260507,175500,27.029,27.029,27.029,27.029,294,0
GSL_B.US,5,20260507,181000,27.0269,27.0269,27.0269,27.0269,202,0
GSL_B.US,5,20260507,183000,27.0187,27.0187,27.0187,27.0187,275,0
GSL_B.US,5,20260507,203500,27.02,27.02,27.02,27.02,300,0
GSL_B.US,5,20260507,211000,27.0418,27.0418,27.0418,27.0418,500,0
GSL_B.US,5,20260507,215500,26.925,26.925,26.925,26.925,400,0
GSL_B.US,5,20260508,175000,26.8201,26.8201,26.8201,26.8201,200,0
GSL_B.US,5,20260508,183500,26.945,26.945,26.945,26.945,477,0
GSL_B.US,5,20260508,212000,27.01,27.01,27.01,27.01,930,0
GSL_B.US,5,20260511,153000,26.99,26.99,26.99,26.99,100,0
GSL_B.US,5,20260511,160500,26.9999,26.9999,26.9999,26.9999,277,0
GSL_B.US,5,20260511,183000,26.87,26.87,26.87,26.87,500,0
GSL_B.US,5,20260511,190500,26.94,26.94,26.9399,26.9399,200,0
GSL_B.US,5,20260511,191000,26.99,27,26.99,27,323,0
GSL_B.US,5,20260511,191500,27.09,27.09,27.09,27.09,151,0
GSL_B.US,5,20260511,193500,27.1,27.1,27.1,27.1,245,0
GSL_B.US,5,20260511,194000,27.2,27.38,27.1187,27.1187,823,0
GSL_B.US,5,20260511,213000,27.245,27.245,27.245,27.245,178,0
GSL_B.US,5,20260512,153000,27.36,27.36,27.36,27.36,105,0
GSL_B.US,5,20260512,153500,27.105,27.105,27.105,27.105,791,0
GSL_B.US,5,20260512,163500,27.06,27.06,27.06,27.06,370,0
GSL_B.US,5,20260512,181000,26.94,26.94,26.9,26.9016,3000,0
GSL_B.US,5,20260512,194500,27.1,27.29,27.09,27.29,2750,0
GSL_B.US,5,20260512,210000,27.25,27.25,27.25,27.25,300,0
GSL_B.US,5,20260513,164500,27.36,27.36,27.34,27.34,219,0
GSL_B.US,5,20260513,170000,26.9001,26.9001,26.9001,26.9001,395,0
GSL_B.US,5,20260513,172000,26.9767,26.9767,26.9767,26.9767,100,0
GSL_B.US,5,20260514,155000,27.145,27.145,27.145,27.145,200,0
GSL_B.US,5,20260514,170500,27.01,27.01,26.94,26.94,400,0
GSL_B.US,5,20260514,175500,26.9542,26.9542,26.9542,26.9542,119,0
GSL_B.US,5,20260514,180000,26.9,26.9,26.9,26.9,246,0
GSL_B.US,5,20260514,180500,27.02,27.02,27.02,27.02,200,0
GSL_B.US,5,20260514,185500,26.97,26.97,26.94,26.94,800,0
GSL_B.US,5,20260515,170000,27.05,27.2,27.05,27.2,400,0
GSL_B.US,5,20260515,173500,27,27,27,27,1000,0
GSL_B.US,5,20260515,191500,27.1,27.1,27.1,27.1,303,0
GSL_B.US,5,20260515,192000,27.08,27.08,27.08,27.08,300,0
GSL_B.US,5,20260515,215000,26.99,26.99,26.99,26.99,200,0
GSL_B.US,5,20260518,184500,27,27,26.93,26.93,459,0
GSL_B.US,5,20260518,193000,27.13,27.13,27.13,27.13,183,0
GSL_B.US,5,20260518,214500,26.9301,26.9301,26.9301,26.9301,163,0
GSL_B.US,5,20260518,215000,27.2644,27.2644,27.2644,27.2644,100,0
GSL_B.US,5,20260519,153000,27.05,27.05,27.05,27.05,349,0
GSL_B.US,5,20260519,155500,27.1047,27.24,27.075,27.24,1149,0
GSL_B.US,5,20260519,160000,27.24,27.375,27.18,27.355,1754,0
GSL_B.US,5,20260519,160500,27.26,27.26,27.25,27.25,620,0
GSL_B.US,5,20260519,200500,27.26,27.26,27.25,27.25,1700,0
GSL_B.US,5,20260519,202000,27.11,27.11,27.01,27.05,1100,0
GSL_B.US,5,20260519,213500,27.1849,27.1849,27.1849,27.1849,100,0
GSL_B.US,5,20260519,214500,27.055,27.055,27.055,27.055,250,0
GSL_B.US,5,20260520,155500,27.0024,27.0024,26.9,26.9,1884,0
GSL_B.US,5,20260520,161500,26.945,26.945,26.945,26.945,100,0
GSL_B.US,5,20260520,163500,27.06,27.06,26.99,26.99,766,0
GSL_B.US,5,20260520,183000,26.9661,26.9661,26.9661,26.9661,100,0
GSL_B.US,5,20260520,192500,27,27,27,27,383,0
GSL_B.US,5,20260520,195500,27,27,27,27,151,0
GSL_B.US,5,20260520,200500,26.91,26.91,26.91,26.91,1081,0
GSL_B.US,5,20260520,201000,26.91,26.91,26.91,26.91,200,0
GSL_B.US,5,20260521,153000,26.98,26.98,26.98,26.98,100,0
GSL_B.US,5,20260521,155500,27,27,27,27,200,0
GSL_B.US,5,20260521,164500,27.08,27.08,27.05,27.05,579,0
GSL_B.US,5,20260521,170000,27.08,27.08,27,27,200,0
GSL_B.US,5,20260521,200500,27.245,27.4899,27.09,27.3,3723,0
GSL_B.US,5,20260521,204500,27.4899,27.4899,27.4899,27.4899,104,0
GSL_B.US,5,20260521,210500,27.1,27.1,27.1,27.1,132,0
GSL_B.US,5,20260521,213500,27.1,27.1,27.1,27.1,300,0
GSL_B.US,5,20260521,215500,27.168,27.168,27.168,27.168,300,0
GSL_B.US,5,20260522,153000,27.01,27.01,27.01,27.01,660,0
GSL_B.US,5,20260522,153500,27.15,27.2,27.15,27.1999,2088,0
GSL_B.US,5,20260522,161500,27.02,27.02,27.02,27.02,234,0
GSL_B.US,5,20260522,172500,27.1899,27.1899,27.1899,27.1899,550,0
GSL_B.US,5,20260522,173000,27.19,27.2,27.19,27.2,411,0
GSL_B.US,5,20260522,173500,27.15,27.2,27.15,27.2,1500,0
GSL_B.US,5,20260522,174500,27.19,27.19,27.19,27.19,200,0
GSL_B.US,5,20260522,185000,27.19,27.22,27.0001,27.02,5010,0
GSL_B.US,5,20260522,190500,27.15,27.15,27.14,27.14,500,0
GSL_B.US,5,20260526,153000,27.02,27.02,27.02,27.02,100,0
GSL_B.US,5,20260526,171000,27.12,27.12,27.12,27.12,100,0
GSL_B.US,5,20260526,184500,27.12,27.12,27.12,27.12,295,0
GSL_B.US,5,20260526,201000,27.06,27.06,27.05,27.0501,700,0
GSL_B.US,5,20260526,211000,27.0505,27.0505,27,27.0505,1354,0
GSL_B.US,5,20260526,212000,27.045,27.09,27.045,27.09,714,0
GSL_B.US,5,20260526,213000,27.08,27.08,27.055,27.055,450,0
GSL_B.US,5,20260526,214000,27.02,27.1,27.02,27.1,300,0
GSL_B.US,5,20260526,214500,27.0551,27.0551,27.01,27.01,1631,0
GSL_B.US,5,20260526,215000,27.1,27.1,27.0101,27.0101,900,0
GSL_B.US,5,20260526,215500,27.1,27.1,27.1,27.1,150,0
GSL_B.US,5,20260527,153000,27.1,27.1,27.1,27.1,101,0
GSL_B.US,5,20260527,170500,27,27,27,27,188,0
GSL_B.US,5,20260527,171500,27.167,27.167,27.167,27.167,200,0
GSL_B.US,5,20260527,173000,27.0101,27.0101,27.0101,27.0101,800,0
GSL_B.US,5,20260527,174000,27.1899,27.1899,27.1899,27.1899,800,0
GSL_B.US,5,20260527,181500,27.1,27.1,27.1,27.1,100,0
GSL_B.US,5,20260527,194500,27.09,27.1,27.085,27.085,369,0
GSL_B.US,5,20260527,201000,27.0994,27.0994,27.0994,27.0994,518,0
GSL_B.US,5,20260527,203500,27.085,27.085,27.085,27.085,260,0
GSL_B.US,5,20260528,153000,27.17,27.17,27.17,27.17,150,0
GSL_B.US,5,20260528,163500,27,27,27,27,100,0
GSL_B.US,5,20260528,165000,27.001,27.001,27.001,27.001,100,0
GSL_B.US,5,20260528,180500,27.02,27.02,27.02,27.02,172,0
GSL_B.US,5,20260528,181000,27.046,27.046,27.02,27.02,400,0
GSL_B.US,5,20260528,185000,27.02,27.02,27.02,27.02,100,0
GSL_B.US,5,20260528,194500,27.01,27.01,27.01,27.01,100,0
GSL_B.US,5,20260528,204500,27.11,27.11,27.11,27.11,400,0
GSL_B.US,5,20260528,205000,27.04,27.04,27.04,27.04,300,0
GSL_B.US,5,20260528,211000,27.06,27.06,27.06,27.06,470,0
GSL_B.US,5,20260528,211500,27,27,27,27,195,0
GSL_B.US,5,20260528,212500,27,27,27,27,227,0
GSL_B.US,5,20260529,153000,26.85,26.85,26.85,26.85,212,0
GSL_B.US,5,20260529,162000,26.9,26.9,26.9,26.9,250,0
GSL_B.US,5,20260529,173500,26.9,26.9,26.9,26.9,200,0
GSL_B.US,5,20260529,182500,26.92,26.93,26.9,26.9,500,0
GSL_B.US,5,20260529,213000,26.85,26.98,26.85,26.85,700,0
GSL_B.US,5,20260529,213500,26.98,26.98,26.98,26.98,100,0
GSL_B.US,5,20260529,214000,26.85,26.85,26.85,26.85,509,0
GSL_B.US,5,20260529,215000,26.98,26.98,26.98,26.98,100,0
GSL_B.US,5,20260601,153000,26.95,26.95,26.85,26.8501,1138,0
GSL_B.US,5,20260601,153500,26.81,26.81,26.81,26.81,110,0
GSL_B.US,5,20260601,154000,26.6628,26.6628,26.6628,26.6628,100,0
GSL_B.US,5,20260601,155000,26.66,26.67,26.66,26.67,400,0
GSL_B.US,5,20260601,160500,26.825,26.825,26.825,26.825,200,0
GSL_B.US,5,20260601,161500,26.71,26.72,26.7,26.7001,500,0
GSL_B.US,5,20260601,164500,26.83,26.83,26.83,26.83,100,0
GSL_B.US,5,20260601,173500,26.75,26.75,26.75,26.75,500,0
GSL_B.US,5,20260601,181500,26.9399,26.9399,26.9399,26.9399,500,0
GSL_B.US,5,20260601,191000,26.88,26.88,26.88,26.88,100,0
GSL_B.US,5,20260601,192000,26.9,26.9,26.9,26.9,186,0
GSL_B.US,5,20260601,205500,26.8,26.81,26.7,26.7,7345,0
GSL_B.US,5,20260601,210000,26.68,26.68,26.68,26.68,200,0
GSL_B.US,5,20260601,211000,26.71,26.71,26.69,26.69,400,0
GSL_B.US,5,20260601,214500,26.7,26.7,26.7,26.7,100,0
GSL_B.US,5,20260601,215500,26.7,26.7,26.7,26.7,100,0
GSL_B.US,5,20260602,153000,26.73,26.73,26.73,26.73,200,0
GSL_B.US,5,20260602,174000,26.675,26.675,26.675,26.675,100,0
GSL_B.US,5,20260602,175000,26.84,26.84,26.7244,26.7245,413,0
GSL_B.US,5,20260602,175500,26.675,26.675,26.675,26.675,300,0
GSL_B.US,5,20260602,193500,26.69,26.69,26.69,26.69,100,0
GSL_B.US,5,20260602,203000,26.72,26.72,26.72,26.72,200,0
GSL_B.US,5,20260603,162000,26.6954,26.6954,26.6954,26.6954,100,0
GSL_B.US,5,20260603,172000,26.739,26.739,26.739,26.739,257,0
GSL_B.US,5,20260603,190000,26.695,26.695,26.695,26.695,2000,0
GSL_B.US,5,20260603,191000,26.72,26.74,26.6725,26.6725,2132,0
GSL_B.US,5,20260603,192500,26.6501,26.6501,26.6501,26.6501,296,0
GSL_B.US,5,20260603,194500,26.6501,26.6502,26.4468,26.52,3671,0
GSL_B.US,5,20260603,214500,26.48,26.72,26.48,26.48,1310,0
GSL_B.US,5,20260603,215500,26.35,26.35,26.32,26.32,223,0
GSL_B.US,5,20260604,153000,26.65,26.65,26.65,26.65,2494,0
GSL_B.US,5,20260604,172500,26.6939,26.6939,26.66,26.66,449,0
GSL_B.US,5,20260604,173500,26.66,26.66,26.65,26.65,1416,0
GSL_B.US,5,20260604,181500,26.762,26.762,26.762,26.762,200,0
GSL_B.US,5,20260604,183000,26.7541,26.7541,26.65,26.65,312,0
GSL_B.US,5,20260604,193000,26.7164,26.7164,26.7164,26.7164,293,0
GSL_B.US,5,20260604,193500,26.6503,26.6503,26.6503,26.6503,295,0
GSL_B.US,5,20260604,195000,26.66,26.66,26.66,26.66,429,0
GSL_B.US,5,20260604,203000,26.69,26.69,26.69,26.69,100,0
GSL_B.US,5,20260604,205000,26.66,26.66,26.66,26.66,100,0
GSL_B.US,5,20260605,184000,26.7148,26.7148,26.7148,26.7148,100,0
GSL_B.US,5,20260605,184500,26.7328,26.7328,26.7328,26.7328,163,0
GSL_B.US,5,20260605,202500,26.7638,26.7638,26.7638,26.7638,100,0
GSL_B.US,5,20260605,203500,26.7352,26.7352,26.7352,26.7352,200,0
GSL_B.US,5,20260605,214000,26.89,26.89,26.89,26.89,800,0
GSL_B.US,5,20260608,191500,27.2317,27.2317,27.2317,27.2317,400,0
GSL_B.US,5,20260608,192500,26.855,26.855,26.855,26.855,200,0
GSL_B.US,5,20260608,203000,26.85,26.85,26.85,26.85,500,0
GSL_B.US,5,20260608,214500,26.85,26.85,26.85,26.85,100,0
GSL_B.US,5,20260609,153000,26.66,26.66,26.66,26.66,100,0
GSL_B.US,5,20260609,172000,27,27,27,27,1700,0
GSL_B.US,5,20260609,184500,27.05,27.05,27.05,27.05,312,0
GSL_B.US,5,20260609,203000,27.05,27.05,27.05,27.05,200,0
GSL_B.US,5,20260610,154500,26.975,26.975,26.975,26.975,2045,0
GSL_B.US,5,20260610,161500,27.05,27.05,27.05,27.05,245,0
GSL_B.US,5,20260610,163000,26.98,26.981,26.98,26.981,1502,0
GSL_B.US,5,20260610,164500,27.05,27.05,27.05,27.05,100,0
GSL_B.US,5,20260610,170000,27.05,27.05,27.05,27.05,600,0
GSL_B.US,5,20260610,175000,26.99,26.99,26.99,26.99,600,0
GSL_B.US,5,20260610,183500,26.9501,26.9501,26.95,26.95,862,0
GSL_B.US,5,20260610,184000,26.95,26.95,26.95,26.95,195,0
GSL_B.US,5,20260610,194500,26.95,26.98,26.95,26.98,300,0
GSL_B.US,5,20260610,204000,26.975,27.04,26.975,27.0125,1741,0
GSL_B.US,5,20260610,213000,26.9,26.9,26.9,26.9,129,0
GSL_B.US,5,20260610,214500,26.92,26.92,26.92,26.92,100,0
GSL_B.US,5,20260610,215000,26.93,26.93,26.93,26.93,124,0
GSL_B.US,5,20260611,184500,27.1,27.1,27.07,27.07,300,0
GSL_B.US,5,20260611,201000,27.0669,27.0669,27.0669,27.0669,291,0
GSL_B.US,5,20260611,210500,26.945,26.945,26.945,26.945,400,0
GSL_B.US,5,20260612,162000,26.95,26.95,26.95,26.95,495,0
GSL_B.US,5,20260612,190000,26.9843,26.9843,26.9843,26.9843,100,0
GSL_B.US,5,20260612,203500,27.2999,27.2999,27.2999,27.2999,100,0
GSL_B.US,5,20260612,212000,27.145,27.145,27.145,27.145,200,0
GSL_B.US,5,20260612,213500,27.0356,27.0356,27.0356,27.0356,146,0
GSL_B.US,5,20260612,215500,27.122,27.122,27.122,27.122,100,0
GSL_B.US,5,20260615,153000,27.28,27.28,27.195,27.195,400,0
GSL_B.US,5,20260615,170500,27.0027,27.0027,27.0027,27.0027,1000,0
GSL_B.US,5,20260615,203500,27.1165,27.145,27.1165,27.145,354,0
GSL_B.US,5,20260615,214500,27.1,27.1,27.1,27.1,672,0
GSL_B.US,5,20260615,215500,27.15,27.15,27.15,27.15,200,0
GSL_B.US,5,20260616,153000,27.26,27.26,27.26,27.26,100,0
GSL_B.US,5,20260616,154500,27.3823,27.3823,27.3823,27.3823,100,0
GSL_B.US,5,20260616,160000,27.28,27.28,27.28,27.28,109,0
GSL_B.US,5,20260616,162000,27.2501,27.2501,27.25,27.25,398,0
GSL_B.US,5,20260616,163000,27.25,27.25,27.25,27.25,100,0
GSL_B.US,5,20260616,164000,27.21,27.34,27.21,27.34,263,0
GSL_B.US,5,20260616,175500,27.21,27.21,27.21,27.21,185,0
GSL_B.US,5,20260616,185500,27.2829,27.2829,27.2829,27.2829,400,0
GSL_B.US,5,20260616,204500,27.16,27.16,27.16,27.16,158,0
GSL_B.US,5,20260616,205000,27.27,27.27,27.27,27.27,193,0
GSL_B.US,5,20260616,211000,27.315,27.315,27.315,27.315,485,0
GSL_B.US,5,20260616,212000,27.3,27.3,27.3,27.3,500,0
GSL_B.US,5,20260616,215500,27.225,27.225,27.225,27.225,293,0
GSL_B.US,5,20260617,153000,27.1612,27.1612,27.1612,27.1612,180,0
GSL_B.US,5,20260617,165500,27.16,27.16,27.16,27.16,928,0
GSL_B.US,5,20260617,170500,27.1,27.1,27.1,27.1,1061,0
GSL_B.US,5,20260617,171500,27.18,27.18,27.18,27.18,100,0
GSL_B.US,5,20260617,174500,27.28,27.3,27.28,27.3,1918,0
GSL_B.US,5,20260617,202000,27.3,27.3,27.275,27.275,799,0
GSL_B.US,5,20260617,202500,27.275,27.5,27.275,27.325,4720,0
GSL_B.US,5,20260617,203000,27.325,27.325,27.325,27.325,300,0
GSL_B.US,5,20260617,212000,27.32,27.32,27.3,27.3,400,0
GSL_B.US,5,20260618,153000,27.31,27.31,27.31,27.31,100,0
GSL_B.US,5,20260618,164500,27.45,27.45,27.45,27.45,365,0
GSL_B.US,5,20260618,183000,27.39,27.39,27.39,27.39,100,0
GSL_B.US,5,20260618,193500,27.42,27.42,27.42,27.42,300,0
GSL_B.US,5,20260618,202000,27.46,27.46,27.4352,27.46,400,0
GSL_B.US,5,20260622,153000,27.395,27.395,27.395,27.395,100,0
GSL_B.US,5,20260622,153500,27.4,27.41,27.4,27.41,200,0
GSL_B.US,5,20260622,154500,27.41,27.415,27.41,27.415,1680,0
GSL_B.US,5,20260622,155000,27.47,27.47,27.47,27.47,100,0
GSL_B.US,5,20260622,162500,27.415,27.415,27.407024,27.407024,800,0
GSL_B.US,5,20260622,172000,27.45,27.45,27.45,27.45,120,0
GSL_B.US,5,20260622,180500,27.43,27.43,27.39,27.39,335,0
GSL_B.US,5,20260622,202000,27.39,27.3901,27.39,27.3901,400,0
GSL_B.US,5,20260622,214500,27.47,27.47,27.47,27.47,648,0
