<TICKER>,<PER>,<DATE>,<TIME>,<OPEN>,<HIGH>,<LOW>,<CLOSE>,<VOL>,<OPENINT>
HPP_C.US,5,20260126,161000,15.3,15.3,15.3,15.3,18678,0
HPP_C.US,5,20260126,170000,15.38,15.38,15.38,15.38,500,0
HPP_C.US,5,20260126,170500,15.38,15.38,15.38,15.38,100,0
HPP_C.US,5,20260126,173000,15.47,15.47,15.47,15.47,200,0
HPP_C.US,5,20260126,185000,15.45,15.45,15.45,15.45,100,0
HPP_C.US,5,20260126,205500,15.415,15.415,15.415,15.415,100,0
HPP_C.US,5,20260127,182000,15.45,15.45,15.42,15.42,1344,0
HPP_C.US,5,20260127,203000,15.54,15.54,15.53,15.53,400,0
HPP_C.US,5,20260127,203500,15.48,15.53,15.46,15.46,2100,0
HPP_C.US,5,20260127,212000,15.5,15.5,15.5,15.5,494,0
HPP_C.US,5,20260127,213000,15.47,15.47,15.47,15.47,973,0
HPP_C.US,5,20260127,215500,15.56,15.56,15.5,15.51,500,0
HPP_C.US,5,20260128,153500,15.55,15.56,15.55,15.56,1902,0
HPP_C.US,5,20260128,190000,15.61,15.61,15.61,15.61,100,0
HPP_C.US,5,20260128,191500,15.61,15.61,15.61,15.61,500,0
HPP_C.US,5,20260128,193500,15.61,15.61,15.6,15.6,1931,0
HPP_C.US,5,20260128,194500,15.58,15.585,15.57,15.58,900,0
HPP_C.US,5,20260128,195000,15.57,15.57,15.57,15.57,220,0
HPP_C.US,5,20260128,204500,15.62,15.62,15.62,15.62,200,0
HPP_C.US,5,20260128,212000,15.62,15.62,15.62,15.62,500,0
HPP_C.US,5,20260128,215500,15.64,15.64,15.64,15.64,335,0
HPP_C.US,5,20260129,165500,15.63,15.63,15.63,15.63,674,0
HPP_C.US,5,20260129,190500,15.61,15.61,15.6,15.6,200,0
HPP_C.US,5,20260129,200000,15.6,15.63,15.6,15.6,4598,0
HPP_C.US,5,20260129,212000,15.64,15.64,15.64,15.64,100,0
HPP_C.US,5,20260129,215500,15.64,15.64,15.6,15.61,1251,0
HPP_C.US,5,20260130,154000,15.57,15.57,15.57,15.57,100,0
HPP_C.US,5,20260130,155000,15.55,15.55,15.55,15.55,200,0
HPP_C.US,5,20260130,160000,15.5499,15.5499,15.5499,15.5499,100,0
HPP_C.US,5,20260130,162500,15.54,15.54,15.54,15.54,352,0
HPP_C.US,5,20260130,175000,15.6,15.6,15.6,15.6,1700,0
HPP_C.US,5,20260130,201500,15.4509,15.4509,15.4509,15.4509,100,0
HPP_C.US,5,20260130,210500,15.55,15.59,15.55,15.59,13688,0
HPP_C.US,5,20260130,212000,15.5,15.5,15.48,15.48,1245,0
HPP_C.US,5,20260130,213000,15.5,15.5,15.5,15.5,100,0
HPP_C.US,5,20260130,213500,15.48,15.48,15.48,15.48,100,0
HPP_C.US,5,20260130,214000,15.5,15.5,15.5,15.5,200,0
HPP_C.US,5,20260130,214500,15.57,15.57,15.57,15.57,200,0
HPP_C.US,5,20260130,215000,15.66,15.66,15.66,15.66,500,0
HPP_C.US,5,20260130,215500,15.48,15.66,15.47,15.65,6064,0
HPP_C.US,5,20260202,160000,15.34,15.34,15.34,15.34,400,0
HPP_C.US,5,20260202,193500,15.4,15.4,15.4,15.4,200,0
HPP_C.US,5,20260202,211500,15.49,15.49,15.49,15.49,197,0
HPP_C.US,5,20260202,213500,15.37,15.37,15.37,15.37,410,0
HPP_C.US,5,20260202,215000,15.49,15.49,15.49,15.49,100,0
HPP_C.US,5,20260203,160000,15.66,15.66,15.52,15.52,800,0
HPP_C.US,5,20260203,193000,15.5,15.5,15.5,15.5,700,0
HPP_C.US,5,20260203,194500,15.5,15.5,15.5,15.5,100,0
HPP_C.US,5,20260203,212000,15.43,15.43,15.43,15.43,200,0
HPP_C.US,5,20260204,173000,15.41,15.41,15.41,15.41,100,0
HPP_C.US,5,20260204,195500,15.28,15.56,15.2401,15.56,1250,0
HPP_C.US,5,20260204,211500,15.49,15.49,15.49,15.49,200,0
HPP_C.US,5,20260204,213000,15.48,15.48,15.48,15.48,100,0
HPP_C.US,5,20260205,174000,15.37,15.37,15.37,15.37,1378,0
HPP_C.US,5,20260205,181500,15.47,15.47,15.47,15.47,900,0
HPP_C.US,5,20260205,193000,15.42,15.42,15.42,15.42,100,0
HPP_C.US,5,20260205,201000,15.41,15.41,15.4,15.4,300,0
HPP_C.US,5,20260205,214000,15.5,15.5,15.5,15.5,100,0
HPP_C.US,5,20260206,154000,15.0901,15.1701,15.0894,15.15,1292,0
HPP_C.US,5,20260206,162500,15.5,15.5,15.5,15.5,1500,0
HPP_C.US,5,20260206,170500,15.495,15.495,15.49,15.495,400,0
HPP_C.US,5,20260209,211500,15.4,15.4,15.4,15.4,300,0
HPP_C.US,5,20260209,214500,15.37,15.4,15.37,15.4,300,0
HPP_C.US,5,20260209,215000,15.4,15.4,15.4,15.4,100,0
HPP_C.US,5,20260209,215500,15.4,15.4,15.4,15.4,400,0
HPP_C.US,5,20260210,153000,15.42,15.45,15.4,15.45,2958,0
HPP_C.US,5,20260210,153500,15.4,15.4,15.4,15.4,829,0
HPP_C.US,5,20260210,173000,15.4,15.4,15.38,15.4,1041,0
HPP_C.US,5,20260210,190500,15.16,15.26,15.12,15.255,10524,0
HPP_C.US,5,20260210,201000,15.2,15.2,15.2,15.2,100,0
HPP_C.US,5,20260210,201500,15.2,15.2,15.2,15.2,100,0
HPP_C.US,5,20260210,210000,15.3,15.3,15.3,15.3,1807,0
HPP_C.US,5,20260210,212000,15.23,15.23,15.23,15.23,300,0
HPP_C.US,5,20260210,215000,15.24,15.24,15.24,15.24,100,0
HPP_C.US,5,20260210,215500,15.24,15.24,15.2301,15.2301,300,0
HPP_C.US,5,20260211,153000,15.01,15.01,15.01,15.01,199,0
HPP_C.US,5,20260211,175000,15.25,15.26,15.24,15.26,1838,0
HPP_C.US,5,20260211,191500,15.27,15.27,15.27,15.27,100,0
HPP_C.US,5,20260211,201000,15.27,15.27,15.27,15.27,100,0
HPP_C.US,5,20260211,205000,15.15,15.2,15.145,15.2,500,0
HPP_C.US,5,20260211,210000,15.15,15.16,15.145,15.145,800,0
HPP_C.US,5,20260211,211000,15.19,15.19,15.145,15.15,1304,0
HPP_C.US,5,20260211,211500,15.14,15.14,15.05,15.05,609,0
HPP_C.US,5,20260211,214500,15.2,15.2,15.2,15.2,500,0
HPP_C.US,5,20260211,215000,15.15,15.19,15.15,15.19,200,0
HPP_C.US,5,20260211,215500,15.02,15.02,15.01,15.02,650,0
HPP_C.US,5,20260212,163500,14.62,14.64,14.62,14.62,400,0
HPP_C.US,5,20260212,165000,14.77,14.77,14.77,14.77,400,0
HPP_C.US,5,20260212,165500,14.65,14.6501,14.65,14.6501,400,0
HPP_C.US,5,20260212,170000,14.77,14.77,14.65,14.7267,1500,0
HPP_C.US,5,20260212,174500,14.65,14.65,14.65,14.65,1000,0
HPP_C.US,5,20260212,191000,14.68,14.68,14.68,14.68,500,0
HPP_C.US,5,20260212,193500,14.7,14.7,14.7,14.7,100,0
HPP_C.US,5,20260212,194500,14.8,14.8,14.8,14.8,100,0
HPP_C.US,5,20260212,211500,14.86,14.86,14.86,14.86,215,0
HPP_C.US,5,20260212,215000,14.93,14.93,14.89,14.89,483,0
HPP_C.US,5,20260213,190000,14.8,14.8,14.8,14.8,600,0
HPP_C.US,5,20260213,191500,14.62,14.6642,14.62,14.6642,400,0
HPP_C.US,5,20260213,192000,14.95,14.95,14.95,14.95,1000,0
HPP_C.US,5,20260217,160500,15,15,15,15,200,0
HPP_C.US,5,20260217,161000,15,15,14.99,15,500,0
HPP_C.US,5,20260217,174000,14.81,14.81,14.81,14.81,400,0
HPP_C.US,5,20260217,174500,14.81,14.81,14.81,14.81,100,0
HPP_C.US,5,20260217,183000,14.855,14.855,14.855,14.855,291,0
HPP_C.US,5,20260217,183500,14.8,14.8,14.8,14.8,709,0
HPP_C.US,5,20260217,185000,14.88,14.88,14.8,14.8,945,0
HPP_C.US,5,20260217,192000,14.99,14.99,14.99,14.99,200,0
HPP_C.US,5,20260217,212500,15.05,15.05,15.05,15.05,384,0
HPP_C.US,5,20260217,214000,15.11,15.11,15.05,15.05,400,0
HPP_C.US,5,20260217,215500,15.05,15.3,15.05,15.07,4058,0
HPP_C.US,5,20260218,155500,15.16,15.16,15.16,15.16,500,0
HPP_C.US,5,20260218,162500,15.07,15.07,15.07,15.07,100,0
HPP_C.US,5,20260218,185500,15.19,15.19,15.06,15.1,9912,0
HPP_C.US,5,20260218,190000,15.07,15.1,15.06,15.065,1700,0
HPP_C.US,5,20260218,211500,15.11,15.11,15.1,15.1,3400,0
HPP_C.US,5,20260218,212500,15.05,15.07,15.03,15.03,700,0
HPP_C.US,5,20260218,213000,15.01,15.01,15,15.0005,500,0
HPP_C.US,5,20260218,213500,15,15,15,15,1300,0
HPP_C.US,5,20260219,171000,15,15,15,15,400,0
HPP_C.US,5,20260219,172000,15,15,15,15,100,0
HPP_C.US,5,20260219,172500,14.96,14.96,14.96,14.96,100,0
HPP_C.US,5,20260219,174500,14.99,14.99,14.99,14.99,100,0
HPP_C.US,5,20260219,195000,14.99,14.99,14.99,14.99,100,0
HPP_C.US,5,20260219,195500,15,15,15,15,100,0
HPP_C.US,5,20260219,201000,14.96,14.96,14.96,14.96,220,0
HPP_C.US,5,20260219,204500,14.99,14.99,14.99,14.99,2374,0
HPP_C.US,5,20260219,205000,14.99,14.99,14.99,14.99,300,0
HPP_C.US,5,20260219,213000,14.95,14.95,14.95,14.95,357,0
HPP_C.US,5,20260219,215000,14.95,14.95,14.95,14.95,655,0
HPP_C.US,5,20260220,190500,14.67,14.6801,14.4,14.4,4746,0
HPP_C.US,5,20260220,191500,14.69,14.69,14.69,14.69,100,0
HPP_C.US,5,20260220,214500,14.92,14.93,14.92,14.92,1200,0
HPP_C.US,5,20260223,153500,14.95,14.95,14.9,14.9,6000,0
HPP_C.US,5,20260223,171000,14.75,14.75,14.75,14.75,100,0
HPP_C.US,5,20260223,191000,14.8001,14.8001,14.8001,14.8001,167,0
HPP_C.US,5,20260223,193500,14.875,14.875,14.875,14.875,150,0
HPP_C.US,5,20260223,212500,14.95,14.95,14.95,14.95,433,0
HPP_C.US,5,20260223,215500,14.88,14.88,14.88,14.88,100,0
HPP_C.US,5,20260224,180000,14.69,14.69,14.69,14.69,400,0
HPP_C.US,5,20260224,192500,14.7,14.7,14.7,14.7,200,0
HPP_C.US,5,20260225,153000,14.7,14.7,14.7,14.7,200,0
HPP_C.US,5,20260225,172500,14.68,14.7,14.5,14.5,363,0
HPP_C.US,5,20260225,180000,14.6,14.6,14.6,14.6,100,0
HPP_C.US,5,20260225,195000,14.6,14.6,14.5,14.5,900,0
HPP_C.US,5,20260225,200500,14.53,14.53,14.49,14.5,2708,0
HPP_C.US,5,20260225,201000,14.48,14.48,14.48,14.48,163,0
HPP_C.US,5,20260225,203500,14.38,14.38,14.38,14.38,200,0
HPP_C.US,5,20260225,212000,14.48,14.5,14.38,14.5,6891,0
HPP_C.US,5,20260225,214500,14.5,14.5,14.49,14.49,285,0
HPP_C.US,5,20260225,215000,14.4,14.4,14.4,14.4,100,0
HPP_C.US,5,20260226,160500,14.85,14.85,14.85,14.85,2900,0
HPP_C.US,5,20260226,161000,14.84,14.85,14.84,14.85,500,0
HPP_C.US,5,20260226,161500,14.85,14.85,14.85,14.85,100,0
HPP_C.US,5,20260226,162000,14.85,14.85,14.84,14.85,1100,0
HPP_C.US,5,20260226,162500,14.85,14.85,14.84,14.85,600,0
HPP_C.US,5,20260226,163500,14.84,14.84,14.84,14.84,800,0
HPP_C.US,5,20260226,165000,14.8,14.94,14.79,14.94,1865,0
HPP_C.US,5,20260226,170000,14.79,14.79,14.79,14.79,300,0
HPP_C.US,5,20260226,171500,14.76,14.76,14.74,14.76,400,0
HPP_C.US,5,20260226,172500,14.73,14.73,14.73,14.73,200,0
HPP_C.US,5,20260226,174000,14.72,14.72,14.72,14.72,100,0
HPP_C.US,5,20260226,183500,14.56,14.56,14.56,14.56,350,0
HPP_C.US,5,20260226,185500,14.68,14.68,14.68,14.68,9665,0
HPP_C.US,5,20260226,190000,14.68,14.68,14.68,14.68,100,0
HPP_C.US,5,20260226,190500,14.6811,14.6811,14.6811,14.6811,150,0
HPP_C.US,5,20260226,201500,14.62,14.63,14.62,14.62,500,0
HPP_C.US,5,20260226,202000,14.58,14.58,14.58,14.58,100,0
HPP_C.US,5,20260226,212000,14.5,14.5,14.5,14.5,300,0
HPP_C.US,5,20260226,213000,14.57,14.57,14.57,14.57,100,0
HPP_C.US,5,20260226,215500,14.58,14.58,14.58,14.58,200,0
HPP_C.US,5,20260227,154000,14.5,14.5,14.5,14.5,100,0
HPP_C.US,5,20260227,160000,14.35,14.35,14.35,14.35,100,0
HPP_C.US,5,20260227,160500,14.45,14.45,14.45,14.45,4832,0
HPP_C.US,5,20260227,161500,14.37,14.37,14.37,14.37,100,0
HPP_C.US,5,20260227,162000,14.37,14.37,14.37,14.37,200,0
HPP_C.US,5,20260227,163000,14.47,14.47,14.47,14.47,100,0
HPP_C.US,5,20260227,172500,14.41,14.41,14.41,14.41,100,0
HPP_C.US,5,20260227,175000,14.41,14.41,14.41,14.41,100,0
HPP_C.US,5,20260227,181000,14.43,14.43,14.4,14.4,3408,0
HPP_C.US,5,20260227,183000,14.37,14.37,14.35,14.35,700,0
HPP_C.US,5,20260227,184500,14.35,14.35,14.35,14.35,700,0
HPP_C.US,5,20260227,190500,14.35,14.35,14.3,14.3,4074,0
HPP_C.US,5,20260227,191000,14.31,14.31,14.3,14.3,3026,0
HPP_C.US,5,20260227,191500,14.3,14.3,14.3,14.3,1600,0
HPP_C.US,5,20260227,192500,14.25,14.25,14.25,14.25,400,0
HPP_C.US,5,20260227,193000,14.21,14.21,14.2,14.2,200,0
HPP_C.US,5,20260227,193500,14.2,14.2,14.2,14.2,300,0
HPP_C.US,5,20260227,194000,14.2,14.2,14.2,14.2,437,0
HPP_C.US,5,20260227,194500,14.2,14.2,14.2,14.2,700,0
HPP_C.US,5,20260227,195500,14.22,14.22,14.22,14.22,300,0
HPP_C.US,5,20260227,200000,14.21,14.21,14.2,14.2,1260,0
HPP_C.US,5,20260227,201000,14.21,14.25,14.21,14.25,4212,0
HPP_C.US,5,20260227,201500,14.25,14.26,14.25,14.26,2378,0
HPP_C.US,5,20260227,205000,14.21,14.22,14.21,14.21,700,0
HPP_C.US,5,20260227,210000,14.24,14.24,14.21,14.22,500,0
HPP_C.US,5,20260227,210500,14.23,14.23,14.21,14.21,800,0
HPP_C.US,5,20260227,212000,14.22,14.22,14.21,14.21,800,0
HPP_C.US,5,20260227,213000,14.23,14.23,14.21,14.22,1300,0
HPP_C.US,5,20260227,213500,14.23,14.23,14.22,14.22,600,0
HPP_C.US,5,20260227,214000,14.23,14.35,14.08,14.08,10314,0
HPP_C.US,5,20260227,214500,14.025,14.1312,14,14,6684,0
HPP_C.US,5,20260227,215000,14,14.0175,13.85,13.88,7168,0
HPP_C.US,5,20260227,215500,13.86,13.955,13.81,13.81,93922,0
HPP_C.US,5,20260302,154000,13.74,13.74,13.72,13.72,300,0
HPP_C.US,5,20260302,161000,13.95,14.05,13.95,13.96,2200,0
HPP_C.US,5,20260302,162000,13.96,13.98,13.95,13.98,1300,0
HPP_C.US,5,20260302,162500,14,14.01,13.98,14,2000,0
HPP_C.US,5,20260302,164500,13.96,13.96,13.85,13.85,1000,0
HPP_C.US,5,20260302,173000,14.03,14.04,14.03,14.04,200,0
HPP_C.US,5,20260302,190000,13.95,13.95,13.95,13.95,100,0
HPP_C.US,5,20260302,202000,14.05,14.05,14.05,14.05,100,0
HPP_C.US,5,20260302,213000,14.03,14.04,14.03,14.035,300,0
HPP_C.US,5,20260302,213500,13.9,13.9,13.9,13.9,150,0
HPP_C.US,5,20260302,215000,13.98,13.99,13.98,13.99,300,0
HPP_C.US,5,20260302,215500,14.03,14.03,14.03,14.03,300,0
HPP_C.US,5,20260303,185500,13.71,13.76,13.7,13.7,32331,0
HPP_C.US,5,20260303,190000,13.7,13.81,13.7,13.755,3000,0
HPP_C.US,5,20260303,190500,13.7,13.7,13.7,13.7,600,0
HPP_C.US,5,20260303,191000,13.7,13.7,13.7,13.7,600,0
HPP_C.US,5,20260303,201500,13.785,13.785,13.785,13.785,100,0
HPP_C.US,5,20260303,204000,13.68,13.68,13.68,13.68,2000,0
HPP_C.US,5,20260303,204500,13.7,13.7,13.7,13.7,166,0
HPP_C.US,5,20260303,211000,13.69,13.7,13.69,13.7,200,0
HPP_C.US,5,20260303,214000,13.655,13.655,13.655,13.655,100,0
HPP_C.US,5,20260303,214500,13.69,13.69,13.69,13.69,200,0
HPP_C.US,5,20260303,215000,13.68,13.68,13.65,13.65,300,0
HPP_C.US,5,20260303,215500,13.65,13.66,13.65,13.66,200,0
HPP_C.US,5,20260304,155000,13.75,13.75,13.7,13.75,674,0
HPP_C.US,5,20260304,162500,13.7,13.75,13.7,13.71,2174,0
HPP_C.US,5,20260304,163000,13.7,13.7,13.7,13.7,100,0
HPP_C.US,5,20260304,163500,13.7,13.7,13.7,13.7,500,0
HPP_C.US,5,20260304,164500,13.7,13.7,13.7,13.7,300,0
HPP_C.US,5,20260304,182000,13.69,13.69,13.69,13.69,100,0
HPP_C.US,5,20260304,202000,13.645,13.65,13.6,13.6,700,0
HPP_C.US,5,20260304,212500,13.66,13.69,13.595,13.69,1100,0
HPP_C.US,5,20260304,215000,13.59,13.59,13.585,13.585,200,0
HPP_C.US,5,20260304,215500,13.61,13.61,13.61,13.61,100,0
HPP_C.US,5,20260305,153500,13.765,13.765,13.7,13.7,200,0
HPP_C.US,5,20260305,161000,13.7,13.7,13.7,13.7,500,0
HPP_C.US,5,20260305,162000,13.775,13.775,13.775,13.775,100,0
HPP_C.US,5,20260305,192000,13.73,13.75,13.68,13.73,15062,0
HPP_C.US,5,20260305,192500,13.71,13.71,13.7,13.7,4915,0
HPP_C.US,5,20260305,193500,13.7,13.7,13.7,13.7,946,0
HPP_C.US,5,20260305,194000,13.7,13.7,13.7,13.7,146,0
HPP_C.US,5,20260305,195500,13.79,13.85,13.79,13.85,610,0
HPP_C.US,5,20260305,201500,13.78,13.81,13.78,13.81,1319,0
HPP_C.US,5,20260305,202500,13.8,13.8,13.8,13.8,500,0
HPP_C.US,5,20260305,203500,13.82,13.82,13.82,13.82,174,0
HPP_C.US,5,20260305,204000,13.82,13.82,13.82,13.82,300,0
HPP_C.US,5,20260305,204500,13.82,13.82,13.82,13.82,100,0
HPP_C.US,5,20260305,205500,13.85,13.85,13.85,13.85,100,0
HPP_C.US,5,20260305,212000,13.96,13.96,13.96,13.96,200,0
HPP_C.US,5,20260305,215500,13.98,13.98,13.98,13.98,100,0
HPP_C.US,5,20260306,154000,13.59,13.59,13.59,13.59,100,0
HPP_C.US,5,20260306,160500,13.82,13.9,13.8,13.8,1052,0
HPP_C.US,5,20260306,161000,14,14.01,13.8,14,5413,0
HPP_C.US,5,20260306,161500,13.82,13.82,13.82,13.82,100,0
HPP_C.US,5,20260306,170000,13.9781,13.9781,13.9781,13.9781,400,0
HPP_C.US,5,20260306,215500,13.93,13.93,13.93,13.93,372,0
HPP_C.US,5,20260309,161500,13.67,13.67,13.67,13.67,415,0
HPP_C.US,5,20260309,165000,13.83,13.83,13.815,13.815,200,0
HPP_C.US,5,20260309,173000,13.815,13.815,13.815,13.815,310,0
HPP_C.US,5,20260309,200000,13.8,13.8,13.79,13.79,600,0
HPP_C.US,5,20260309,202500,13.83,13.84,13.83,13.84,403,0
HPP_C.US,5,20260310,145500,13.65,13.65,13.65,13.65,100,0
HPP_C.US,5,20260310,152000,13.95,14.03,13.95,13.99,374,0
HPP_C.US,5,20260310,161500,13.99,13.99,13.98,13.985,300,0
HPP_C.US,5,20260310,193000,13.9,14,13.85,13.85,10593,0
HPP_C.US,5,20260310,201500,13.85,13.85,13.85,13.85,502,0
HPP_C.US,5,20260311,145500,13.9,13.9,13.9,13.9,100,0
HPP_C.US,5,20260311,162500,13.72,13.72,13.72,13.72,100,0
HPP_C.US,5,20260311,184500,13.795,13.795,13.795,13.795,100,0
HPP_C.US,5,20260311,194000,13.88,13.88,13.88,13.88,100,0
HPP_C.US,5,20260311,203500,13.77,13.77,13.77,13.77,137,0
HPP_C.US,5,20260311,205500,13.84,13.84,13.84,13.84,251,0
HPP_C.US,5,20260312,143500,13.9,13.9,13.9,13.9,720,0
HPP_C.US,5,20260312,152000,13.89,13.9,13.89,13.9,494,0
HPP_C.US,5,20260312,160000,13.9,13.9,13.9,13.9,250,0
HPP_C.US,5,20260312,183000,13.81,13.84,13.8,13.8,6145,0
HPP_C.US,5,20260312,201500,13.7,13.74,13.47,13.47,4647,0
HPP_C.US,5,20260312,202500,13.68,13.68,13.68,13.68,100,0
HPP_C.US,5,20260312,203500,13.68,13.68,13.68,13.68,100,0
HPP_C.US,5,20260312,205500,13.62,13.62,13.62,13.62,148,0
HPP_C.US,5,20260313,160500,13.61,13.61,13.59,13.59,2528,0
HPP_C.US,5,20260313,170000,13.6,13.6,13.545,13.545,1750,0
HPP_C.US,5,20260313,181500,13.49,13.49,13.49,13.49,355,0
HPP_C.US,5,20260313,190500,13.38,13.38,13.38,13.38,100,0
HPP_C.US,5,20260313,191000,13.28,13.28,13.28,13.28,100,0
HPP_C.US,5,20260313,193500,13.33,13.33,13.33,13.33,500,0
HPP_C.US,5,20260313,202000,13.37,13.37,13.37,13.37,174,0
HPP_C.US,5,20260313,203000,13.37,13.4,13.37,13.4,2211,0
HPP_C.US,5,20260313,205500,13.4,13.4,13.4,13.4,101,0
HPP_C.US,5,20260316,151500,13.48,13.48,13.46,13.46,300,0
HPP_C.US,5,20260316,160500,13.36,13.36,13.36,13.36,100,0
HPP_C.US,5,20260316,161500,13.3,13.3,13.3,13.3,200,0
HPP_C.US,5,20260316,172500,13.38,13.38,13.38,13.38,200,0
HPP_C.US,5,20260316,183500,13.59,13.8,13.4,13.4001,10617,0
HPP_C.US,5,20260316,184000,13.4,13.4,13.4,13.4,200,0
HPP_C.US,5,20260316,192000,13.3,13.3,13.3,13.3,549,0
HPP_C.US,5,20260316,200000,13.3,13.3,13.3,13.3,900,0
HPP_C.US,5,20260316,200500,13.3,13.3,13.3,13.3,274,0
HPP_C.US,5,20260316,203000,13.3,13.3,13.3,13.3,1372,0
HPP_C.US,5,20260316,204500,13.3,13.3,13.3,13.3,823,0
HPP_C.US,5,20260317,160500,13.55,13.55,13.55,13.55,900,0
HPP_C.US,5,20260317,165500,13.55,13.55,13.55,13.55,3000,0
HPP_C.US,5,20260317,183500,13.37,13.37,13.37,13.37,200,0
HPP_C.US,5,20260317,201000,13.365,13.41,13.365,13.41,500,0
HPP_C.US,5,20260317,205000,13.41,13.44,13.41,13.43,3789,0
HPP_C.US,5,20260317,205500,13.53,13.55,13.5,13.55,1468,0
HPP_C.US,5,20260318,144000,13.46,13.46,13.46,13.46,750,0
HPP_C.US,5,20260318,154000,13.5005,13.5005,13.44,13.44,3400,0
HPP_C.US,5,20260318,154500,13.44,13.44,13.44,13.44,100,0
HPP_C.US,5,20260318,185000,13.47,13.47,13.47,13.47,100,0
HPP_C.US,5,20260318,185500,13.46,13.46,13.46,13.46,100,0
HPP_C.US,5,20260318,194500,13.46,13.46,13.45,13.45,3608,0
HPP_C.US,5,20260318,200500,13.46,13.46,13.46,13.46,237,0
HPP_C.US,5,20260318,201000,13.36,13.36,13.36,13.36,100,0
HPP_C.US,5,20260318,205500,13.38,13.38,13.38,13.38,137,0
HPP_C.US,5,20260319,185500,13.31,13.31,13.31,13.31,306,0
HPP_C.US,5,20260319,190000,13.31,13.31,13.31,13.31,100,0
HPP_C.US,5,20260319,195500,13.34,13.34,13.34,13.34,237,0
HPP_C.US,5,20260319,200500,13.4,13.4,13.4,13.4,100,0
HPP_C.US,5,20260319,201000,13.44,13.44,13.44,13.44,374,0
HPP_C.US,5,20260320,145000,13.15,13.15,13.15,13.15,216,0
HPP_C.US,5,20260320,153500,13.325,13.325,13.15,13.325,1010,0
HPP_C.US,5,20260320,173000,13.19,13.19,13.19,13.19,103,0
HPP_C.US,5,20260320,191000,13.15,13.15,13.15,13.15,300,0
HPP_C.US,5,20260320,192500,13.15,13.15,13.15,13.15,102,0
HPP_C.US,5,20260320,195500,13.15,13.15,13.15,13.15,195,0
HPP_C.US,5,20260320,200500,13.15,13.15,13.15,13.15,100,0
HPP_C.US,5,20260320,201500,13.15,13.15,13.15,13.15,2221,0
HPP_C.US,5,20260320,202000,13.15,13.15,13.15,13.15,335,0
HPP_C.US,5,20260323,162500,13.37,13.3734,13.37,13.3734,1232,0
HPP_C.US,5,20260323,173000,13.4,13.4,13.39,13.4,300,0
HPP_C.US,5,20260323,180500,13.4,13.4,13.37,13.37,215,0
HPP_C.US,5,20260325,145500,13.4818,13.4818,13.4818,13.4818,100,0
HPP_C.US,5,20260325,150500,13.4,13.4,13.4,13.4,100,0
HPP_C.US,5,20260325,175000,13.4848,13.4848,13.4848,13.4848,150,0
HPP_C.US,5,20260325,180500,13.42,13.42,13.42,13.42,100,0
HPP_C.US,5,20260325,184500,13.4472,13.4472,13.4472,13.4472,100,0
HPP_C.US,5,20260325,185000,13.43,13.43,13.43,13.43,200,0
HPP_C.US,5,20260325,193000,13.444,13.444,13.444,13.444,100,0
HPP_C.US,5,20260325,195000,13.42,13.43,13.42,13.43,600,0
HPP_C.US,5,20260326,155500,13.5,13.5,13.5,13.5,1000,0
HPP_C.US,5,20260326,182500,13.45,13.45,13.44,13.44,400,0
HPP_C.US,5,20260326,185500,13.4,13.43,13.4,13.43,2380,0
HPP_C.US,5,20260326,191000,13.425,13.45,13.425,13.45,3100,0
HPP_C.US,5,20260326,193500,13.4,13.41,13.4,13.41,500,0
HPP_C.US,5,20260326,200500,13.4,13.4,13.4,13.4,1578,0
HPP_C.US,5,20260326,204000,13.43,13.43,13.43,13.43,100,0
HPP_C.US,5,20260326,205000,13.415,13.43,13.415,13.43,200,0
HPP_C.US,5,20260326,205500,13.4,13.4,13.4,13.4,412,0
HPP_C.US,5,20260327,144000,13.36,13.36,13.35,13.35,600,0
HPP_C.US,5,20260327,163000,13.5,13.5,13.5,13.5,100,0
HPP_C.US,5,20260327,184000,13.455,13.455,13.455,13.455,232,0
HPP_C.US,5,20260327,203000,13.41,13.41,13.41,13.41,100,0
HPP_C.US,5,20260330,174500,13.6179,13.6179,13.6179,13.6179,176,0
HPP_C.US,5,20260330,210500,13.44,13.44,13.44,13.44,100,0
HPP_C.US,5,20260331,153000,13.74,13.75,13.74,13.75,1003,0
HPP_C.US,5,20260331,155500,13.52,13.52,13.5,13.5,1609,0
HPP_C.US,5,20260331,160000,13.47,13.47,13.47,13.47,200,0
HPP_C.US,5,20260331,161000,13.47,13.47,13.47,13.47,100,0
HPP_C.US,5,20260331,162500,13.45,13.45,13.45,13.45,100,0
HPP_C.US,5,20260331,164000,13.45,13.45,13.45,13.45,100,0
HPP_C.US,5,20260331,165500,13.45,13.45,13.45,13.45,100,0
HPP_C.US,5,20260331,171000,13.45,13.45,13.45,13.45,100,0
HPP_C.US,5,20260331,173000,13.45,13.45,13.45,13.45,300,0
HPP_C.US,5,20260331,175000,13.45,13.45,13.45,13.45,100,0
HPP_C.US,5,20260331,181000,13.45,13.45,13.45,13.45,200,0
HPP_C.US,5,20260331,183500,13.47,13.47,13.47,13.47,200,0
HPP_C.US,5,20260331,190500,13.45,13.47,13.45,13.45,600,0
HPP_C.US,5,20260331,191000,13.46,13.46,13.46,13.46,399,0
HPP_C.US,5,20260331,192000,13.46,13.54,13.45,13.54,3061,0
HPP_C.US,5,20260331,192500,13.31,13.45,13.285,13.45,4022,0
HPP_C.US,5,20260331,193000,13.45,13.45,13.45,13.45,1000,0
HPP_C.US,5,20260331,194000,13.45,13.45,13.45,13.45,100,0
HPP_C.US,5,20260331,195000,13.45,13.47,13.23,13.45,2384,0
HPP_C.US,5,20260331,200000,13.45,13.45,13.4,13.4,600,0
HPP_C.US,5,20260331,200500,13.45,13.45,13.45,13.45,100,0
HPP_C.US,5,20260331,201000,13.45,13.45,13.285,13.285,1300,0
HPP_C.US,5,20260331,201500,13.39,13.39,13.39,13.39,100,0
HPP_C.US,5,20260331,202000,13.35,13.35,13.35,13.35,900,0
HPP_C.US,5,20260331,203000,13.36,13.36,13.36,13.36,100,0
HPP_C.US,5,20260331,204000,13.36,13.36,13.3,13.3,1100,0
HPP_C.US,5,20260331,204500,13.36,13.36,13.36,13.36,500,0
HPP_C.US,5,20260331,205500,13.35,13.36,13.22,13.22,1000,0
HPP_C.US,5,20260331,210000,13.35,13.35,13.35,13.35,100,0
HPP_C.US,5,20260331,211000,13.35,13.35,13.22,13.35,1600,0
HPP_C.US,5,20260331,211500,13.35,13.35,13.35,13.35,100,0
HPP_C.US,5,20260331,212000,13.35,13.35,13.04,13.04,2769,0
HPP_C.US,5,20260331,212500,13.115,13.25,13.115,13.25,1200,0
HPP_C.US,5,20260331,213500,13.25,13.25,13.25,13.25,900,0
HPP_C.US,5,20260331,214000,13.25,13.25,13.25,13.25,100,0
HPP_C.US,5,20260331,214500,13.25,13.25,13.25,13.25,1110,0
HPP_C.US,5,20260331,215000,13.25,13.2501,12.85,13.1,16625,0
HPP_C.US,5,20260331,215500,13.11,13.27,13.105,13.25,2619,0
HPP_C.US,5,20260401,153000,12.97,12.97,12.97,12.97,100,0
HPP_C.US,5,20260401,153500,13,13,13,13,330,0
HPP_C.US,5,20260401,162500,12.98,13,12.98,13,3129,0
HPP_C.US,5,20260401,165500,13,13.005,13,13.005,300,0
HPP_C.US,5,20260401,214000,13.15,13.15,13.15,13.15,100,0
HPP_C.US,5,20260401,214500,13.18,13.185,13.14,13.18,2800,0
HPP_C.US,5,20260401,215000,13.18,13.18,13.18,13.18,169,0
HPP_C.US,5,20260401,215500,13.18,13.19,13.18,13.18,774,0
HPP_C.US,5,20260402,162000,13.02,13.02,13,13,3828,0
HPP_C.US,5,20260402,165000,13.01,13.02,13,13,2240,0
HPP_C.US,5,20260402,171000,13.12,13.12,13.12,13.12,629,0
HPP_C.US,5,20260402,173500,13.01,13.01,13,13.01,973,0
HPP_C.US,5,20260402,181000,12.9,12.9,12.9,12.9,1250,0
HPP_C.US,5,20260402,183500,12.745,12.875,12.745,12.875,2800,0
HPP_C.US,5,20260402,190000,12.85,12.85,12.85,12.85,2600,0
HPP_C.US,5,20260402,190500,12.85,12.85,12.85,12.85,500,0
HPP_C.US,5,20260402,193500,12.73,12.73,12.73,12.73,600,0
HPP_C.US,5,20260402,194000,12.73,12.76,12.73,12.76,1400,0
HPP_C.US,5,20260402,195000,12.75,12.75,12.75,12.75,100,0
HPP_C.US,5,20260402,195500,12.76,12.76,12.76,12.76,100,0
HPP_C.US,5,20260402,205000,12.77,12.77,12.77,12.77,500,0
HPP_C.US,5,20260402,205500,12.7899,12.79,12.7899,12.79,400,0
HPP_C.US,5,20260402,212000,12.78,12.78,12.78,12.78,300,0
HPP_C.US,5,20260402,213000,12.77,12.77,12.75,12.75,3422,0
HPP_C.US,5,20260402,215000,12.78,12.78,12.78,12.78,500,0
HPP_C.US,5,20260402,215500,12.78,12.78,12.78,12.78,200,0
HPP_C.US,5,20260406,175000,12.79,12.8,12.79,12.8,289,0
HPP_C.US,5,20260406,183500,12.75,12.75,12.75,12.75,100,0
HPP_C.US,5,20260406,185500,12.73,12.73,12.73,12.73,100,0
HPP_C.US,5,20260406,191500,12.7,12.72,12.7,12.7,1464,0
HPP_C.US,5,20260406,200500,12.7,12.7,12.7,12.7,104,0
HPP_C.US,5,20260406,210000,12.67,12.67,12.67,12.67,100,0
HPP_C.US,5,20260406,211000,12.57,12.57,12.57,12.57,100,0
HPP_C.US,5,20260406,215500,12.55,12.55,12.55,12.55,100,0
HPP_C.US,5,20260407,171500,12.45,12.48,12.45,12.48,200,0
HPP_C.US,5,20260407,173000,12.34,12.34,12.34,12.34,200,0
HPP_C.US,5,20260407,173500,12.38,12.39,12.34,12.35,1922,0
HPP_C.US,5,20260407,190000,12.54,12.54,12.54,12.54,100,0
HPP_C.US,5,20260407,190500,12.55,12.55,12.55,12.55,2334,0
HPP_C.US,5,20260407,194500,12.62,12.7285,12.5,12.5,750,0
HPP_C.US,5,20260407,195000,12.62,12.62,12.62,12.62,262,0
HPP_C.US,5,20260407,215000,12.52,12.52,12.52,12.52,159,0
HPP_C.US,5,20260407,215500,12.63,12.63,12.63,12.63,103,0
HPP_C.US,5,20260408,155000,12.95,12.95,12.95,12.95,500,0
HPP_C.US,5,20260408,155500,12.95,12.95,12.95,12.95,200,0
HPP_C.US,5,20260408,160000,12.95,12.95,12.95,12.95,200,0
HPP_C.US,5,20260408,162500,12.94,12.94,12.94,12.94,100,0
HPP_C.US,5,20260408,163000,12.97,12.97,12.97,12.97,100,0
HPP_C.US,5,20260408,164000,12.94,12.94,12.94,12.94,100,0
HPP_C.US,5,20260408,164500,12.94,12.94,12.94,12.94,100,0
HPP_C.US,5,20260408,165000,12.94,12.94,12.94,12.94,100,0
HPP_C.US,5,20260408,170000,12.97,12.97,12.97,12.97,100,0
HPP_C.US,5,20260408,171000,12.94,12.94,12.94,12.94,100,0
HPP_C.US,5,20260408,172000,12.94,12.94,12.94,12.94,100,0
HPP_C.US,5,20260408,172500,12.88,12.88,12.88,12.88,100,0
HPP_C.US,5,20260408,173500,12.87,12.87,12.87,12.87,100,0
HPP_C.US,5,20260408,174500,12.87,12.87,12.85,12.855,800,0
HPP_C.US,5,20260408,175000,12.87,12.87,12.87,12.87,100,0
HPP_C.US,5,20260408,180500,12.9,12.9,12.9,12.9,100,0
HPP_C.US,5,20260408,181500,12.9,12.9,12.9,12.9,100,0
HPP_C.US,5,20260408,182500,12.9,12.9,12.85,12.9,3698,0
HPP_C.US,5,20260408,185000,13.1,13.1,13.1,13.1,100,0
HPP_C.US,5,20260408,185500,13.1,13.1,13.1,13.1,100,0
HPP_C.US,5,20260408,190500,13.1,13.1,13.1,13.1,100,0
HPP_C.US,5,20260408,191500,13.1,13.1,13.1,13.1,100,0
HPP_C.US,5,20260408,192500,13.1,13.1,13.1,13.1,100,0
HPP_C.US,5,20260408,193000,13.1,13.1,13.1,13.1,100,0
HPP_C.US,5,20260408,194000,13.1,13.1,13.1,13.1,100,0
HPP_C.US,5,20260408,194500,13.085,13.085,13.085,13.085,100,0
HPP_C.US,5,20260408,195000,13,13,13,13,100,0
HPP_C.US,5,20260408,195500,13.1,13.1,13.08,13.085,800,0
HPP_C.US,5,20260408,200500,13.205,13.205,13.205,13.205,100,0
HPP_C.US,5,20260408,201500,13.2,13.2,13.17,13.185,900,0
HPP_C.US,5,20260408,203000,13.185,13.185,13.185,13.185,100,0
HPP_C.US,5,20260408,203500,13.19,13.19,13.19,13.19,100,0
HPP_C.US,5,20260408,204500,13.19,13.19,13.19,13.19,100,0
HPP_C.US,5,20260408,205000,12.9852,13.19,12.9852,13.19,767,0
HPP_C.US,5,20260408,210000,13.19,13.19,13.19,13.19,100,0
HPP_C.US,5,20260408,210500,13.19,13.19,13.19,13.19,100,0
HPP_C.US,5,20260408,211500,13.18,13.19,13.17,13.18,712,0
HPP_C.US,5,20260408,212000,13.19,13.19,13.19,13.19,200,0
HPP_C.US,5,20260408,212500,13.18,13.18,13.18,13.18,100,0
HPP_C.US,5,20260408,213000,13.18,13.18,13.18,13.18,478,0
HPP_C.US,5,20260408,213500,13.18,13.18,13.18,13.18,100,0
HPP_C.US,5,20260408,214500,13.18,13.18,13.18,13.18,200,0
HPP_C.US,5,20260408,215000,13.18,13.18,13.16,13.17,1100,0
HPP_C.US,5,20260408,215500,13.18,13.43,13.18,13.35,6714,0
HPP_C.US,5,20260409,203500,13.43,13.43,13.43,13.43,100,0
HPP_C.US,5,20260409,204000,13.355,13.355,13.355,13.355,400,0
HPP_C.US,5,20260409,215500,13.46,13.46,13.46,13.46,100,0
HPP_C.US,5,20260410,153000,13.46,13.46,13.46,13.46,100,0
HPP_C.US,5,20260410,171000,13.48,13.48,13.48,13.48,100,0
HPP_C.US,5,20260410,172000,13.5,13.51,13.5,13.51,524,0
HPP_C.US,5,20260413,175000,13.77,13.77,13.77,13.77,100,0
HPP_C.US,5,20260413,184000,13.85,13.99,13.8,13.99,778,0
HPP_C.US,5,20260413,210500,13.93,13.93,13.93,13.93,172,0
HPP_C.US,5,20260413,215500,13.94,13.94,13.94,13.94,100,0
HPP_C.US,5,20260414,153000,13.94,13.94,13.94,13.94,423,0
HPP_C.US,5,20260414,155000,13.95,13.95,13.95,13.95,103,0
HPP_C.US,5,20260414,162500,14,14,14,14,272,0
HPP_C.US,5,20260414,164000,13.9,13.9,13.9,13.9,100,0
HPP_C.US,5,20260414,164500,14,14,14,14,2087,0
HPP_C.US,5,20260414,165000,14.78,14.78,14.78,14.78,173,0
HPP_C.US,5,20260414,165500,14.3,14.3,14.3,14.3,159,0
HPP_C.US,5,20260414,173000,14.27,14.27,14.27,14.27,100,0
HPP_C.US,5,20260414,182500,14.29,14.29,14.29,14.29,100,0
HPP_C.US,5,20260414,183500,14.3,14.3,14.3,14.3,253,0
HPP_C.US,5,20260414,184000,14.3,14.3,14.3,14.3,200,0
HPP_C.US,5,20260414,184500,14.3,14.3,14.3,14.3,1800,0
HPP_C.US,5,20260414,185000,14.3,14.3,14.3,14.3,100,0
HPP_C.US,5,20260414,191000,14.3,14.3,14.3,14.3,223,0
HPP_C.US,5,20260414,202000,14.4,14.4,14.4,14.4,158,0
HPP_C.US,5,20260414,214500,14.4,14.4,14.4,14.4,134,0
HPP_C.US,5,20260415,170500,13.81,13.81,13.81,13.81,100,0
HPP_C.US,5,20260415,193000,14.3,14.3,14.3,14.3,367,0
HPP_C.US,5,20260415,194000,14.3,14.3,14.3,14.3,454,0
HPP_C.US,5,20260415,200500,14.3,14.3,14.3,14.3,156,0
HPP_C.US,5,20260415,201000,14.3,14.3,14.3,14.3,182,0
HPP_C.US,5,20260415,202500,14.48,14.48,14.48,14.48,102,0
HPP_C.US,5,20260415,203000,14.4,14.4,14.4,14.4,100,0
HPP_C.US,5,20260415,213500,14.35,14.35,14.35,14.35,200,0
HPP_C.US,5,20260415,214000,14.35,14.49,14.35,14.49,530,0
HPP_C.US,5,20260415,215000,14.49,14.5,14.49,14.5,1979,0
HPP_C.US,5,20260416,163000,14.3,14.3,14.3,14.3,500,0
HPP_C.US,5,20260416,171000,14.25,14.25,14.25,14.25,1067,0
HPP_C.US,5,20260416,171500,14.25,14.25,14.25,14.25,300,0
HPP_C.US,5,20260416,172000,14.25,14.25,14.25,14.25,300,0
HPP_C.US,5,20260416,172500,14.25,14.25,14.25,14.25,1046,0
HPP_C.US,5,20260416,190000,14.24,14.25,14.24,14.25,600,0
HPP_C.US,5,20260416,195500,14.25,14.25,14.25,14.25,100,0
HPP_C.US,5,20260416,200500,14.25,14.25,14.25,14.25,400,0
HPP_C.US,5,20260416,201000,14.25,14.25,14.25,14.25,400,0
HPP_C.US,5,20260416,202000,14.25,14.25,14.25,14.25,300,0
HPP_C.US,5,20260416,203500,14.25,14.25,14.25,14.25,300,0
HPP_C.US,5,20260416,204000,14.25,14.25,14.25,14.25,300,0
HPP_C.US,5,20260416,205500,14.25,14.25,14.25,14.25,600,0
HPP_C.US,5,20260416,210500,14.25,14.25,14.25,14.25,300,0
HPP_C.US,5,20260416,211000,14.25,14.25,14.25,14.25,100,0
HPP_C.US,5,20260416,213000,14.25,14.35,14.25,14.35,4040,0
HPP_C.US,5,20260416,213500,14.25,14.25,14.25,14.25,100,0
HPP_C.US,5,20260416,214500,14.25,14.26,14.25,14.25,2097,0
HPP_C.US,5,20260416,215500,14.25,14.26,14.25,14.25,700,0
HPP_C.US,5,20260417,181500,14.52,14.52,14.52,14.52,100,0
HPP_C.US,5,20260417,182000,14.78,14.78,14.78,14.78,200,0
HPP_C.US,5,20260417,183000,14.79,14.79,14.79,14.79,100,0
HPP_C.US,5,20260417,185500,14.81,14.81,14.81,14.81,100,0
HPP_C.US,5,20260417,213000,14.77,14.77,14.77,14.77,100,0
HPP_C.US,5,20260417,215000,14.52,14.54,14.52,14.53,1100,0
HPP_C.US,5,20260417,215500,14.55,14.55,14.52,14.55,1281,0
HPP_C.US,5,20260420,153000,14.48,14.48,14.48,14.48,227,0
HPP_C.US,5,20260420,165000,14.52,14.52,14.52,14.52,103,0
HPP_C.US,5,20260420,173000,14.5,14.5,14.5,14.5,4500,0
HPP_C.US,5,20260420,173500,14.5,14.5,14.5,14.5,500,0
HPP_C.US,5,20260420,175500,14.5,14.55,14.5,14.52,1400,0
HPP_C.US,5,20260420,202500,14.52,14.52,14.5,14.51,3100,0
HPP_C.US,5,20260420,203000,14.52,14.52,14.52,14.52,409,0
HPP_C.US,5,20260420,205000,14.485,14.485,14.485,14.485,400,0
HPP_C.US,5,20260420,205500,14.485,14.485,14.485,14.485,100,0
HPP_C.US,5,20260420,210000,14.485,14.485,14.485,14.485,100,0
HPP_C.US,5,20260420,211500,14.435,14.435,14.435,14.435,200,0
HPP_C.US,5,20260420,212000,14.435,14.435,14.435,14.435,500,0
HPP_C.US,5,20260420,213000,14.37,14.3837,14.37,14.3837,300,0
HPP_C.US,5,20260420,214000,14.29,14.29,14.29,14.29,108,0
HPP_C.US,5,20260420,215000,14.5,14.5,14.395,14.395,4096,0
HPP_C.US,5,20260421,153000,14.32,14.32,14.32,14.32,100,0
HPP_C.US,5,20260421,155000,14.5,14.54,14.5,14.54,3285,0
HPP_C.US,5,20260421,170500,14.23,14.24,14.23,14.24,600,0
HPP_C.US,5,20260421,171000,14.25,14.25,14.25,14.25,516,0
HPP_C.US,5,20260421,175000,14.25,14.25,14.25,14.25,4784,0
HPP_C.US,5,20260421,182500,14.16,14.16,14.16,14.16,100,0
HPP_C.US,5,20260421,185000,14.16,14.16,14.16,14.16,100,0
HPP_C.US,5,20260421,201500,14.16,14.16,14.16,14.16,760,0
HPP_C.US,5,20260421,202500,14.2176,14.2176,14.2176,14.2176,100,0
HPP_C.US,5,20260421,211500,14.16,14.16,14.16,14.16,400,0
HPP_C.US,5,20260421,212000,14.16,14.16,14.16,14.16,900,0
HPP_C.US,5,20260421,215500,14.16,14.16,14.16,14.16,362,0
HPP_C.US,5,20260422,163500,14.26,14.26,14.26,14.26,172,0
HPP_C.US,5,20260422,170000,14.26,14.26,14.26,14.26,200,0
HPP_C.US,5,20260422,172000,14.26,14.26,14.26,14.26,100,0
HPP_C.US,5,20260422,173500,14.26,14.26,14.26,14.26,100,0
HPP_C.US,5,20260422,175000,14.26,14.26,14.26,14.26,100,0
HPP_C.US,5,20260422,182000,14.28,14.28,14.28,14.28,100,0
HPP_C.US,5,20260422,183500,14.28,14.28,14.28,14.28,100,0
HPP_C.US,5,20260422,185000,14.28,14.28,14.28,14.28,100,0
HPP_C.US,5,20260422,190500,14.28,14.28,14.28,14.28,100,0
HPP_C.US,5,20260422,192500,14.19,14.19,14.19,14.19,100,0
HPP_C.US,5,20260422,194000,14.28,14.28,14.28,14.28,100,0
HPP_C.US,5,20260422,202000,14.3,14.3,14.3,14.3,100,0
HPP_C.US,5,20260422,203500,14.19,14.19,14.19,14.19,100,0
HPP_C.US,5,20260422,210500,14.3,14.3,14.3,14.3,100,0
HPP_C.US,5,20260422,211000,14.3,14.3,14.3,14.3,100,0
HPP_C.US,5,20260422,212500,14.3,14.3,14.3,14.3,200,0
HPP_C.US,5,20260422,213000,14.24,14.24,14.24,14.24,900,0
HPP_C.US,5,20260422,214000,14.16,14.16,14.14,14.14,300,0
HPP_C.US,5,20260422,215000,14.09,14.09,14.09,14.09,496,0
HPP_C.US,5,20260423,164000,14.1,14.1,14.1,14.1,169,0
HPP_C.US,5,20260423,164500,14.275,14.275,14.275,14.275,200,0
HPP_C.US,5,20260423,165000,14.275,14.275,14.275,14.275,250,0
HPP_C.US,5,20260423,170500,14.285,14.285,14.28,14.28,400,0
HPP_C.US,5,20260423,171000,14.13,14.28,14.13,14.28,369,0
HPP_C.US,5,20260423,173500,14.285,14.285,14.285,14.285,200,0
HPP_C.US,5,20260423,174500,14.13,14.13,14.11,14.11,400,0
HPP_C.US,5,20260423,180000,14.245,14.245,14.245,14.245,200,0
HPP_C.US,5,20260423,183500,14.245,14.245,14.245,14.245,200,0
HPP_C.US,5,20260423,203000,14.25,14.25,14.25,14.25,100,0
HPP_C.US,5,20260423,205500,14.25,14.25,14.25,14.25,100,0
HPP_C.US,5,20260423,212000,14.2499,14.2499,14.2499,14.2499,100,0
HPP_C.US,5,20260423,212500,14.25,14.25,14.25,14.25,100,0
HPP_C.US,5,20260423,213000,14.25,14.25,14.25,14.25,883,0
HPP_C.US,5,20260423,214500,14.25,14.25,14.25,14.25,100,0
HPP_C.US,5,20260423,215000,14.25,14.25,14.25,14.25,100,0
HPP_C.US,5,20260423,215500,14.25,14.25,14.25,14.25,500,0
HPP_C.US,5,20260424,153000,14.13,14.13,14.13,14.13,100,0
HPP_C.US,5,20260424,162000,13.9501,13.9501,13.9501,13.9501,1111,0
HPP_C.US,5,20260424,164000,14.16,14.16,14.16,14.16,100,0
HPP_C.US,5,20260424,182500,14.165,14.165,14.165,14.165,885,0
HPP_C.US,5,20260424,215000,14.16,14.16,14.16,14.16,2000,0
HPP_C.US,5,20260427,153000,13.95,13.95,13.95,13.95,4026,0
HPP_C.US,5,20260427,153500,13.67,13.98,13.67,13.95,1300,0
HPP_C.US,5,20260427,154000,14.07,14.07,14.07,14.07,100,0
HPP_C.US,5,20260427,171500,13.97,13.97,13.96,13.96,200,0
HPP_C.US,5,20260427,175000,14.03,14.03,14.03,14.03,100,0
HPP_C.US,5,20260427,182500,14.03,14.03,14,14.03,1016,0
HPP_C.US,5,20260427,204000,14.05,14.05,14.05,14.05,200,0
HPP_C.US,5,20260427,211500,14.0001,14.0001,14.0001,14.0001,167,0
HPP_C.US,5,20260427,212500,14.05,14.05,14.05,14.05,200,0
HPP_C.US,5,20260427,214000,14.01,14.01,14.01,14.01,122,0
HPP_C.US,5,20260427,215000,14.04,14.04,14.04,14.04,148,0
HPP_C.US,5,20260427,215500,14.04,14.05,14.04,14.05,6857,0
HPP_C.US,5,20260428,153000,14.0125,14.025,14.0125,14.025,1100,0
HPP_C.US,5,20260428,171000,14.025,14.025,14.025,14.025,126,0
HPP_C.US,5,20260428,182500,14.05,14.05,14.05,14.05,925,0
HPP_C.US,5,20260428,205500,14.04,14.04,14.04,14.04,300,0
HPP_C.US,5,20260428,215500,14.02,14.07,14.02,14.05,2600,0
HPP_C.US,5,20260429,153000,14.05,14.05,14.0491,14.0491,900,0
HPP_C.US,5,20260429,153500,14.05,14.05,14.05,14.05,1700,0
HPP_C.US,5,20260429,160000,14.03,14.03,14.02,14.02,250,0
HPP_C.US,5,20260429,160500,14.04,14.04,14.04,14.04,264,0
HPP_C.US,5,20260429,162000,14.03,14.03,14.03,14.03,100,0
HPP_C.US,5,20260429,165000,14.03,14.03,14.03,14.03,132,0
HPP_C.US,5,20260429,170500,14.03,14.03,14.03,14.03,108,0
HPP_C.US,5,20260429,172000,14.02,14.03,14.02,14.03,600,0
HPP_C.US,5,20260429,175500,14.04,14.04,14.04,14.04,500,0
HPP_C.US,5,20260429,185000,14.0104,14.0104,14.0104,14.0104,130,0
HPP_C.US,5,20260429,190000,14.04,14.04,14.04,14.04,200,0
HPP_C.US,5,20260429,191000,14.01,14.01,14.01,14.01,180,0
HPP_C.US,5,20260429,203000,14.05,14.05,14.05,14.05,997,0
HPP_C.US,5,20260429,215500,14.05,14.28,14.05,14.06,2148,0
HPP_C.US,5,20260430,153000,14.16,14.16,14.16,14.16,100,0
HPP_C.US,5,20260430,215000,14.23,14.25,14.23,14.24,1226,0
HPP_C.US,5,20260430,215500,14.25,14.25,14.19,14.19,4831,0
HPP_C.US,5,20260501,165000,14.2,14.2,14.0101,14.0101,605,0
HPP_C.US,5,20260501,170000,14.2,14.2,14.2,14.2,300,0
HPP_C.US,5,20260501,170500,14.2,14.2,14.2,14.2,200,0
HPP_C.US,5,20260501,171000,14.2,14.2,14.0704,14.0704,600,0
HPP_C.US,5,20260501,171500,14.2,14.2,14.2,14.2,200,0
HPP_C.US,5,20260501,173500,14.2,14.2,14.2,14.2,100,0
HPP_C.US,5,20260501,181000,14.18,14.18,14.18,14.18,100,0
HPP_C.US,5,20260501,184500,14.2,14.2,14.2,14.2,301,0
HPP_C.US,5,20260501,185000,14.265,14.265,14.265,14.265,100,0
HPP_C.US,5,20260501,191000,14.2,14.2,14.2,14.2,100,0
HPP_C.US,5,20260501,210000,14.2,14.2,14.2,14.2,107,0
HPP_C.US,5,20260501,212500,14.2,14.2,14.2,14.2,1601,0
HPP_C.US,5,20260501,215000,14.17,14.2,14.17,14.2,4093,0
HPP_C.US,5,20260504,171500,14.39,14.39,14.39,14.39,105,0
HPP_C.US,5,20260504,175500,14.23,14.23,14.23,14.23,102,0
HPP_C.US,5,20260504,180500,14.05,14.05,14.05,14.05,100,0
HPP_C.US,5,20260504,185000,14.05,14.05,14.05,14.05,200,0
HPP_C.US,5,20260504,191500,14.23,14.23,14.23,14.23,200,0
HPP_C.US,5,20260504,212500,14.38,14.38,14.38,14.38,146,0
HPP_C.US,5,20260504,215500,14.39,14.42,14.38,14.42,1500,0
HPP_C.US,5,20260505,195500,14.275,14.275,14.275,14.275,1000,0
HPP_C.US,5,20260505,212000,14.28,14.28,14.28,14.28,100,0
HPP_C.US,5,20260505,214000,14.46,14.46,14.46,14.46,100,0
HPP_C.US,5,20260505,215000,14.53,14.53,14.35,14.49,800,0
HPP_C.US,5,20260506,153000,14.7,14.7,14.7,14.7,100,0
HPP_C.US,5,20260506,161000,14.66,14.66,14.66,14.66,100,0
HPP_C.US,5,20260506,173000,14.66,14.66,14.66,14.66,3751,0
HPP_C.US,5,20260506,173500,14.66,14.715,14.66,14.715,214,0
HPP_C.US,5,20260506,174000,14.71,14.71,14.71,14.71,1400,0
HPP_C.US,5,20260506,194500,14.65,14.65,14.65,14.65,1000,0
HPP_C.US,5,20260506,195000,14.65,14.65,14.65,14.65,396,0
HPP_C.US,5,20260506,200000,14.65,14.65,14.65,14.65,300,0
HPP_C.US,5,20260506,210500,14.65,14.65,14.65,14.65,200,0
HPP_C.US,5,20260506,215500,14.5,14.5,14.5,14.5,103,0
HPP_C.US,5,20260507,161000,14.16,14.16,14.16,14.16,360,0
HPP_C.US,5,20260507,163000,15.15,15.15,14.83,14.84,700,0
HPP_C.US,5,20260507,164500,15.09,15.09,15.09,15.09,2127,0
HPP_C.US,5,20260507,170000,15.035,15.035,14.9611,15.01,500,0
HPP_C.US,5,20260507,171000,14.96,14.96,14.96,14.96,500,0
HPP_C.US,5,20260507,182500,14.75,14.75,14.75,14.75,1534,0
HPP_C.US,5,20260507,200000,14.96,14.96,14.96,14.96,1667,0
HPP_C.US,5,20260507,201500,14.96,14.96,14.96,14.96,100,0
HPP_C.US,5,20260507,205500,14.9585,14.9585,14.9585,14.9585,150,0
HPP_C.US,5,20260507,215500,14.95,14.95,14.95,14.95,100,0
HPP_C.US,5,20260508,180500,15.1,15.1,15.1,15.1,100,0
HPP_C.US,5,20260508,192000,15.12,15.12,15.12,15.12,117,0
HPP_C.US,5,20260508,192500,15.15,15.21,15.15,15.21,252,0
HPP_C.US,5,20260508,193500,15.67,15.67,15.67,15.67,100,0
HPP_C.US,5,20260508,195500,15.48,15.48,15.48,15.48,100,0
HPP_C.US,5,20260508,201500,15.6,15.6,15.6,15.6,100,0
HPP_C.US,5,20260508,203000,14.92,14.92,14.92,14.92,380,0
HPP_C.US,5,20260508,203500,15.59,15.59,15.59,15.59,100,0
HPP_C.US,5,20260508,205000,15.55,15.55,15.55,15.55,100,0
HPP_C.US,5,20260508,210500,15.5,15.5,15.5,15.5,100,0
HPP_C.US,5,20260508,212000,15.49,15.49,15.49,15.49,100,0
HPP_C.US,5,20260508,213000,15.49,15.49,15.49,15.49,100,0
HPP_C.US,5,20260508,213500,15.59,15.59,15.59,15.59,100,0
HPP_C.US,5,20260508,214000,15.58,15.58,15.58,15.58,100,0
HPP_C.US,5,20260508,215000,15.55,15.58,15.49,15.58,558,0
HPP_C.US,5,20260508,215500,15.57,15.69,15.48,15.69,2645,0
HPP_C.US,5,20260511,153000,15.53,15.6,15.5,15.5,1600,0
HPP_C.US,5,20260511,154500,15.5,15.5,15.5,15.5,919,0
HPP_C.US,5,20260511,160000,15.5,15.5,15.5,15.5,100,0
HPP_C.US,5,20260511,165000,15.5,15.5,15.5,15.5,100,0
HPP_C.US,5,20260511,170500,15.5,15.5,15.5,15.5,100,0
HPP_C.US,5,20260511,172500,15.5,15.5,15.5,15.5,100,0
HPP_C.US,5,20260511,174000,15.5,15.5,15.5,15.5,100,0
HPP_C.US,5,20260511,180000,15.5,15.5,15.5,15.5,100,0
HPP_C.US,5,20260511,182000,15.49,15.49,15.49,15.49,100,0
HPP_C.US,5,20260511,190500,15.5,15.5,15.5,15.5,100,0
HPP_C.US,5,20260511,192500,15.49,15.49,15.49,15.49,100,0
HPP_C.US,5,20260511,194500,15.49,15.49,15.49,15.49,100,0
HPP_C.US,5,20260511,201500,15.45,15.45,15.45,15.45,156,0
HPP_C.US,5,20260511,204000,15.45,15.45,15.45,15.45,156,0
HPP_C.US,5,20260511,205500,15.45,15.45,15.45,15.45,100,0
HPP_C.US,5,20260511,211500,15.44,15.44,15.44,15.44,100,0
HPP_C.US,5,20260511,213500,15.45,15.45,15.45,15.45,500,0
HPP_C.US,5,20260511,215000,15.45,15.45,15.45,15.45,108,0
HPP_C.US,5,20260512,153000,15.29,15.29,15.29,15.29,882,0
HPP_C.US,5,20260512,195500,15.28,15.28,15.28,15.28,145,0
HPP_C.US,5,20260512,203500,15.28,15.55,15.28,15.55,1954,0
HPP_C.US,5,20260512,204000,15.57,15.57,15.57,15.57,2275,0
HPP_C.US,5,20260512,210500,15.57,15.57,15.57,15.57,600,0
HPP_C.US,5,20260512,213000,15.56,15.56,15.56,15.56,200,0
HPP_C.US,5,20260512,213500,15.56,15.57,15.56,15.56,1155,0
HPP_C.US,5,20260512,214000,15.56,15.58,15.56,15.57,832,0
HPP_C.US,5,20260512,214500,15.57,15.57,15.57,15.57,289,0
HPP_C.US,5,20260512,215000,15.57,15.57,15.57,15.57,1008,0
HPP_C.US,5,20260512,215500,15.58,15.58,15.58,15.58,788,0
HPP_C.US,5,20260513,164500,14.29,14.29,14.29,14.29,380,0
HPP_C.US,5,20260513,165500,14.78,14.78,14.77,14.77,300,0
HPP_C.US,5,20260513,174000,15.5,15.5,15.5,15.5,100,0
HPP_C.US,5,20260513,192000,15.56,15.56,15.56,15.56,400,0
HPP_C.US,5,20260513,200500,15.1289,15.1289,15.1289,15.1289,400,0
HPP_C.US,5,20260513,215500,15.3,15.55,15.3,15.55,566,0
HPP_C.US,5,20260514,153000,15.33,15.33,15.33,15.33,100,0
HPP_C.US,5,20260514,162000,15.385,15.385,15.385,15.385,400,0
HPP_C.US,5,20260514,190500,15.355,15.355,15.355,15.355,330,0
HPP_C.US,5,20260514,211000,15.36,15.36,15.36,15.36,400,0
HPP_C.US,5,20260514,213000,15.405,15.405,15.405,15.405,100,0
HPP_C.US,5,20260514,213500,15.465,15.49,15.36,15.36,1563,0
HPP_C.US,5,20260514,214000,15.49,15.5,15.36,15.36,1396,0
HPP_C.US,5,20260514,214500,15.49,15.51,15.36,15.36,700,0
HPP_C.US,5,20260514,215000,15.41,15.41,15.4,15.4,200,0
HPP_C.US,5,20260514,215500,15.38,15.39,15.38,15.39,200,0
HPP_C.US,5,20260515,153000,15.31,15.31,15.31,15.31,140,0
HPP_C.US,5,20260515,160500,14.94,14.94,14.94,14.94,560,0
HPP_C.US,5,20260515,203500,15.015,15.015,15.015,15.015,275,0
HPP_C.US,5,20260515,215000,15.015,15.015,15.015,15.015,100,0
HPP_C.US,5,20260518,153000,14.6,14.6,14.58,14.58,2700,0
HPP_C.US,5,20260518,161000,14.65,14.65,14.65,14.65,1000,0
HPP_C.US,5,20260518,161500,14.75,14.75,14.75,14.75,200,0
HPP_C.US,5,20260518,182500,14.75,14.75,14.75,14.75,320,0
HPP_C.US,5,20260518,184000,14.75,14.75,14.75,14.75,200,0
HPP_C.US,5,20260518,200000,14.83,14.83,14.83,14.83,160,0
HPP_C.US,5,20260518,203500,14.6501,14.6501,14.6501,14.6501,135,0
HPP_C.US,5,20260518,210000,14.81,14.81,14.81,14.81,147,0
HPP_C.US,5,20260518,215500,14.68,14.68,14.65,14.65,983,0
HPP_C.US,5,20260519,153000,14.57,14.57,14.57,14.57,111,0
HPP_C.US,5,20260519,155500,14.61,14.61,14.61,14.61,1000,0
HPP_C.US,5,20260519,165000,14.295,14.4,14.295,14.4,472,0
HPP_C.US,5,20260519,170000,14.41,14.41,14.41,14.41,200,0
HPP_C.US,5,20260519,175000,14.4629,14.4629,14.33,14.33,348,0
HPP_C.US,5,20260519,180000,14.35,14.35,14.34,14.34,483,0
HPP_C.US,5,20260519,180500,14.33,14.33,14.33,14.33,200,0
HPP_C.US,5,20260519,184500,14.19,14.19,14.08,14.08,1646,0
HPP_C.US,5,20260519,185500,14.125,14.13,14.1,14.1,700,0
HPP_C.US,5,20260519,191000,14.17,14.17,14.17,14.17,613,0
HPP_C.US,5,20260519,202500,14.49,14.9,14.31,14.31,1600,0
HPP_C.US,5,20260520,155000,14.07,14.16,14.07,14.16,200,0
HPP_C.US,5,20260520,161500,14.21,14.21,14.21,14.21,400,0
HPP_C.US,5,20260520,162500,14.5,14.5,14.5,14.5,1487,0
HPP_C.US,5,20260520,163000,14.51,14.51,14.5,14.5,700,0
HPP_C.US,5,20260520,195000,14.625,14.625,14.625,14.625,350,0
HPP_C.US,5,20260520,213500,14.63,14.63,14.63,14.63,1500,0
HPP_C.US,5,20260520,215500,14.87,14.87,14.42,14.42,1000,0
HPP_C.US,5,20260521,193000,14.9,14.9,14.9,14.9,100,0
HPP_C.US,5,20260521,195500,14.85,14.85,14.85,14.85,100,0
HPP_C.US,5,20260521,204500,14.4313,14.4313,14.4313,14.4313,500,0
HPP_C.US,5,20260522,153000,14.48,14.48,14.48,14.48,146,0
HPP_C.US,5,20260526,153000,14.48,14.48,14.48,14.48,310,0
HPP_C.US,5,20260527,153000,14.48,14.48,14.48,14.48,691,0
HPP_C.US,5,20260527,162500,14.5945,14.5945,14.5945,14.5945,1000,0
HPP_C.US,5,20260527,215500,14.97,14.99,14.96,14.97,1028,0
HPP_C.US,5,20260528,153000,14.77,14.77,14.77,14.77,155,0
HPP_C.US,5,20260528,161500,14.75,14.75,14.72,14.75,1154,0
HPP_C.US,5,20260528,163000,14.59,14.59,14.59,14.59,100,0
HPP_C.US,5,20260528,164000,14.7,14.75,14.7,14.74,895,0
HPP_C.US,5,20260528,165000,14.725,14.725,14.725,14.725,100,0
HPP_C.US,5,20260528,173500,14.725,14.725,14.71,14.725,603,0
HPP_C.US,5,20260528,175000,14.72,14.735,14.72,14.735,200,0
HPP_C.US,5,20260528,181500,14.72,14.72,14.72,14.72,100,0
HPP_C.US,5,20260528,185500,14.75,14.75,14.75,14.75,982,0
HPP_C.US,5,20260528,195000,14.73,14.73,14.72,14.72,200,0
HPP_C.US,5,20260529,153000,14.72,14.72,14.72,14.72,697,0
HPP_C.US,5,20260529,171000,14.625,14.625,14.26,14.26,896,0
HPP_C.US,5,20260529,173000,14.75,14.75,14.75,14.75,100,0
HPP_C.US,5,20260529,190000,14.81,14.81,14.81,14.81,1500,0
HPP_C.US,5,20260529,200000,14.65,14.65,14.65,14.65,100,0
HPP_C.US,5,20260529,211000,14.81,14.81,14.81,14.81,496,0
HPP_C.US,5,20260529,214500,14.73,14.78,14.73,14.78,200,0
HPP_C.US,5,20260601,153000,14.55,14.55,14.55,14.55,105,0
HPP_C.US,5,20260601,172500,14.51,14.51,14.47,14.5,7830,0
HPP_C.US,5,20260601,173000,14.5,14.5,14.5,14.5,100,0
HPP_C.US,5,20260601,173500,14.5,14.5,14.5,14.5,100,0
HPP_C.US,5,20260601,174000,14.5,14.5,14.495,14.495,300,0
HPP_C.US,5,20260601,180000,14.36,14.36,14.36,14.36,600,0
HPP_C.US,5,20260601,185500,14.49,14.5,14.36,14.36,1200,0
HPP_C.US,5,20260601,190000,14.36,14.36,14.36,14.36,800,0
HPP_C.US,5,20260601,192500,14.36,14.36,14.36,14.36,100,0
HPP_C.US,5,20260601,213500,14.49,14.49,14.49,14.49,199,0
HPP_C.US,5,20260601,214000,14.5,14.5,14.5,14.5,100,0
HPP_C.US,5,20260601,215500,14.5,14.72,14.47,14.72,2908,0
HPP_C.US,5,20260602,175500,14.31,14.31,14.31,14.31,380,0
HPP_C.US,5,20260602,185500,14.31,14.31,14.22,14.22,250,0
HPP_C.US,5,20260602,191000,14.675,14.675,14.675,14.675,100,0
HPP_C.US,5,20260602,192000,14.7,14.7,14.7,14.7,500,0
HPP_C.US,5,20260602,195000,14.68,14.6801,14.68,14.68,430,0
HPP_C.US,5,20260602,204500,14.68,14.68,14.68,14.68,100,0
HPP_C.US,5,20260602,211000,14.675,14.675,14.675,14.675,106,0
HPP_C.US,5,20260602,212500,14.7,14.7,14.7,14.7,500,0
HPP_C.US,5,20260602,215500,14.7,14.7,14.7,14.7,1700,0
HPP_C.US,5,20260603,153000,14.53,14.53,14.53,14.53,127,0
HPP_C.US,5,20260603,154500,14.95,14.95,14.95,14.95,100,0
HPP_C.US,5,20260603,173000,14.94,14.99,14.8795,14.8795,1977,0
HPP_C.US,5,20260603,201500,14.75,14.75,14.75,14.75,1000,0
HPP_C.US,5,20260603,204500,14.68,14.68,14.68,14.68,100,0
HPP_C.US,5,20260603,212500,14.82,14.82,14.82,14.82,500,0
HPP_C.US,5,20260603,215500,14.5,14.5,14.5,14.5,500,0
HPP_C.US,5,20260604,153000,14.61,14.61,14.61,14.61,115,0
HPP_C.US,5,20260604,173000,14.75,14.75,14.75,14.75,200,0
HPP_C.US,5,20260604,174000,14.8,14.8,14.8,14.8,800,0
HPP_C.US,5,20260604,183500,14.77,14.78,14.765,14.77,1064,0
HPP_C.US,5,20260604,190000,14.77,14.77,14.77,14.77,400,0
HPP_C.US,5,20260604,193500,14.76,14.77,14.71,14.71,3508,0
HPP_C.US,5,20260604,202000,14.61,14.61,14.61,14.61,400,0
HPP_C.US,5,20260604,205500,14.61,14.61,14.61,14.61,200,0
HPP_C.US,5,20260604,212500,14.61,14.61,14.61,14.61,300,0
HPP_C.US,5,20260604,215000,14.57,14.57,14.57,14.57,100,0
HPP_C.US,5,20260604,215500,14.64,14.64,14.64,14.64,100,0
HPP_C.US,5,20260605,153000,14.5,14.5,14.5,14.5,102,0
HPP_C.US,5,20260605,174000,14.53,14.53,14.53,14.53,100,0
HPP_C.US,5,20260605,185000,14.5,14.53,14.5,14.53,200,0
HPP_C.US,5,20260605,193000,14.54,14.54,14.54,14.54,100,0
HPP_C.US,5,20260605,204000,14.7297,14.7297,14.7297,14.7297,258,0
HPP_C.US,5,20260605,205000,14.5,14.5,14.5,14.5,391,0
HPP_C.US,5,20260605,211500,14.5,14.5,14.5,14.5,5996,0
HPP_C.US,5,20260608,153000,14.53,14.53,14.53,14.53,103,0
HPP_C.US,5,20260608,164500,14.5,14.6,14.5,14.6,636,0
HPP_C.US,5,20260608,174500,14.7,14.7,14.7,14.7,15000,0
HPP_C.US,5,20260608,184000,14.5001,14.5001,14.5001,14.5001,200,0
HPP_C.US,5,20260608,194500,14.654,14.654,14.654,14.654,325,0
HPP_C.US,5,20260608,215500,14.65,14.65,14.59,14.59,300,0
HPP_C.US,5,20260609,175500,14.5,14.5,14.5,14.5,419,0
HPP_C.US,5,20260609,182000,14.6019,14.6019,14.6019,14.6019,204,0
HPP_C.US,5,20260609,192000,14.69,14.79,14.69,14.79,204,0
HPP_C.US,5,20260609,200500,14.68,14.68,14.68,14.68,100,0
HPP_C.US,5,20260609,204500,14.68,14.68,14.68,14.68,100,0
HPP_C.US,5,20260609,215000,14.78,14.78,14.78,14.78,200,0
HPP_C.US,5,20260609,215500,14.94,14.94,14.93,14.93,200,0
HPP_C.US,5,20260610,155500,14.6001,14.6001,14.6001,14.6001,101,0
HPP_C.US,5,20260610,163500,14.94,15.08,14.84,14.84,1914,0
HPP_C.US,5,20260610,165500,15.24,15.24,15.24,15.24,100,0
HPP_C.US,5,20260610,170000,14.985,14.985,14.985,14.985,160,0
HPP_C.US,5,20260610,191500,14.97,15,14.97,15,1767,0
HPP_C.US,5,20260610,192500,14.95,14.95,14.95,14.95,100,0
HPP_C.US,5,20260610,200000,14.99,14.99,14.99,14.99,100,0
HPP_C.US,5,20260610,205500,15,15,15,15,1000,0
HPP_C.US,5,20260610,215500,15.04,15.04,15.04,15.04,132,0
HPP_C.US,5,20260611,153000,14.86,14.86,14.86,14.86,100,0
HPP_C.US,5,20260611,173000,14.925,14.925,14.925,14.925,291,0
HPP_C.US,5,20260611,174000,14.925,14.925,14.925,14.925,127,0
HPP_C.US,5,20260611,180000,14.925,14.925,14.925,14.925,139,0
HPP_C.US,5,20260611,182000,14.8228,15.03,14.8228,15.03,1104,0
HPP_C.US,5,20260611,183000,14.955,14.955,14.955,14.955,377,0
HPP_C.US,5,20260611,185000,14.88,14.88,14.88,14.88,100,0
HPP_C.US,5,20260611,200000,14.99,14.99,14.99,14.99,180,0
HPP_C.US,5,20260611,201000,15,15.04,15,15.04,30752,0
HPP_C.US,5,20260611,204500,14.99,14.99,14.99,14.99,200,0
HPP_C.US,5,20260611,215500,15.115,15.115,14.99,14.99,608,0
HPP_C.US,5,20260612,153000,14.88,15.065,14.88,15.065,200,0
HPP_C.US,5,20260612,170500,15.08,15.08,15.08,15.08,300,0
HPP_C.US,5,20260612,172000,14.9,14.9,14.9,14.9,100,0
HPP_C.US,5,20260612,200500,14.99,14.99,14.99,14.99,264,0
HPP_C.US,5,20260612,202500,14.99,14.99,14.99,14.99,100,0
HPP_C.US,5,20260612,215500,14.89,14.92,14.89,14.92,1381,0
HPP_C.US,5,20260615,160000,15.23,15.23,15.23,15.23,100,0
HPP_C.US,5,20260615,213500,15.02,15.03,14.95,14.95,1300,0
HPP_C.US,5,20260615,214000,14.94,14.95,14.94,14.94,1806,0
HPP_C.US,5,20260615,215500,14.96,14.96,14.88,14.88,635,0
HPP_C.US,5,20260616,184000,14.95,15.02,14.95,15.02,40000,0
HPP_C.US,5,20260616,191000,14.85,14.85,14.85,14.85,100,0
HPP_C.US,5,20260616,194000,14.88,14.9,14.88,14.9,300,0
HPP_C.US,5,20260616,200500,15,15,14.88,14.88,1629,0
HPP_C.US,5,20260616,201000,14.955,14.955,14.955,14.955,400,0
HPP_C.US,5,20260616,202500,15,15,15,15,650,0
HPP_C.US,5,20260616,204000,15.025,15.025,15,15,625,0
HPP_C.US,5,20260616,210500,14.92,14.92,14.92,14.92,100,0
HPP_C.US,5,20260616,211500,15.06,15.06,15,15,1101,0
HPP_C.US,5,20260616,213000,14.95,14.95,14.95,14.95,100,0
HPP_C.US,5,20260616,215500,15.015,15.015,15.015,15.015,100,0
HPP_C.US,5,20260617,153000,15.05,15.05,15.05,15.05,139,0
HPP_C.US,5,20260617,154500,15.15,15.15,15.15,15.15,1655,0
HPP_C.US,5,20260617,155000,15.15,15.15,15.15,15.15,805,0
HPP_C.US,5,20260617,162500,15.08,15.08,15.08,15.08,100,0
HPP_C.US,5,20260617,164500,15.09,15.09,15.05,15.05,922,0
HPP_C.US,5,20260617,171000,15.02,15.02,15.02,15.02,100,0
HPP_C.US,5,20260617,173500,15.02,15.02,15.02,15.02,100,0
HPP_C.US,5,20260617,174000,15.02,15.02,15.02,15.02,100,0
HPP_C.US,5,20260617,175000,14.96,15,14.96,15,700,0
HPP_C.US,5,20260617,181500,15,15,15,15,121,0
HPP_C.US,5,20260617,190000,14.99,14.99,14.86,14.86,535,0
HPP_C.US,5,20260618,160500,14.79,14.81,14.79,14.81,299,0
HPP_C.US,5,20260618,161000,14.81,14.93,14.81,14.93,262,0
HPP_C.US,5,20260618,161500,14.9,14.9,14.9,14.9,100,0
HPP_C.US,5,20260618,162000,14.92,14.92,14.92,14.92,151,0
HPP_C.US,5,20260618,162500,14.8,14.8,14.8,14.8,675,0
HPP_C.US,5,20260618,163000,14.93,14.93,14.75,14.75,1082,0
HPP_C.US,5,20260618,163500,14.89,14.89,14.8,14.8,200,0
HPP_C.US,5,20260618,164500,14.89,14.89,14.8,14.88,604,0
HPP_C.US,5,20260618,165000,14.81,14.9,14.81,14.9,647,0
HPP_C.US,5,20260618,165500,14.7,14.87,14.7,14.87,200,0
HPP_C.US,5,20260618,172500,14.8,14.8,14.79,14.8,500,0
HPP_C.US,5,20260618,174500,14.88,14.88,14.84,14.84,200,0
HPP_C.US,5,20260618,181500,14.84,14.84,14.78,14.78,300,0
HPP_C.US,5,20260618,195500,14.85,14.9,14.8,14.85,3918,0
HPP_C.US,5,20260618,200500,14.85,14.85,14.85,14.85,119,0
HPP_C.US,5,20260618,202500,14.85,14.85,14.81,14.81,600,0
HPP_C.US,5,20260618,205500,14.86,14.86,14.86,14.86,1200,0
HPP_C.US,5,20260618,215000,14.86,14.86,14.86,14.86,100,0
HPP_C.US,5,20260618,215500,14.885,14.885,14.85,14.85,1041,0
HPP_C.US,5,20260622,165000,14.85,14.85,14.85,14.85,1000,0
HPP_C.US,5,20260622,165500,14.64,14.73,14.61,14.64,800,0
HPP_C.US,5,20260622,171500,14.82,14.82,14.82,14.82,100,0
HPP_C.US,5,20260622,180500,14.71,14.71,14.71,14.71,100,0
HPP_C.US,5,20260622,214000,14.57,14.71,14.565,14.71,1218,0
HPP_C.US,5,20260622,215000,14.78,14.78,14.775,14.78,900,0
HPP_C.US,5,20260622,215500,14.61,14.61,14.4,14.43,2131,0
