<TICKER>,<PER>,<DATE>,<TIME>,<OPEN>,<HIGH>,<LOW>,<CLOSE>,<VOL>,<OPENINT>
JEMB.US,5,20260126,173000,54.47,54.47,54.38,54.38,600,0
JEMB.US,5,20260126,174000,54.085,54.085,53.66,53.77,500,0
JEMB.US,5,20260126,213500,53.69,53.69,53.69,53.69,100,0
JEMB.US,5,20260127,183000,54.56,54.56,53.75,53.75,200,0
JEMB.US,5,20260128,174500,53.78,53.78,53.78,53.78,147,0
JEMB.US,5,20260128,185500,54.26,54.27,54.26,54.27,407,0
JEMB.US,5,20260128,194500,53.75,53.75,53.75,53.75,100,0
JEMB.US,5,20260128,195000,53.8,53.8,53.8,53.8,100,0
JEMB.US,5,20260128,213000,53.825,53.825,53.825,53.825,100,0
JEMB.US,5,20260128,213500,53.8662,53.8662,53.825,53.825,200,0
JEMB.US,5,20260128,215000,54.08,54.08,54.08,54.08,590,0
JEMB.US,5,20260129,160000,54.07,54.07,54.07,54.07,137,0
JEMB.US,5,20260129,184500,53.58,53.58,53.58,53.58,100,0
JEMB.US,5,20260129,193500,54.11,54.11,54.11,54.11,120,0
JEMB.US,5,20260129,205500,53.52,53.52,53.52,53.52,100,0
JEMB.US,5,20260130,155500,54.01,54.01,54.01,54.01,1234,0
JEMB.US,5,20260130,181500,53.63,53.63,53.63,53.63,512,0
JEMB.US,5,20260130,191000,53.33,53.33,53.33,53.33,100,0
JEMB.US,5,20260202,153500,53.68,53.68,53.68,53.68,100,0
JEMB.US,5,20260202,154000,53.41,53.41,53.41,53.41,100,0
JEMB.US,5,20260202,163500,53.43,53.43,53.43,53.43,100,0
JEMB.US,5,20260202,175500,53.44,53.44,53.44,53.44,100,0
JEMB.US,5,20260202,183000,53.39,53.39,53.39,53.39,100,0
JEMB.US,5,20260202,192500,53.68,53.68,53.68,53.68,631,0
JEMB.US,5,20260203,163000,53.695,53.695,53.695,53.695,197,0
JEMB.US,5,20260203,174000,53.3801,53.3801,53.3801,53.3801,176,0
JEMB.US,5,20260203,175000,53.695,54.01,53.695,54.01,300,0
JEMB.US,5,20260203,180000,53.695,53.695,53.695,53.695,100,0
JEMB.US,5,20260203,204000,53.88,54.0099,53.38,54.0099,2680,0
JEMB.US,5,20260204,172000,53.49,53.49,53.47,53.47,245,0
JEMB.US,5,20260204,174000,53.47,53.47,53.47,53.47,100,0
JEMB.US,5,20260204,201000,53.68,53.74,53.6482,53.6482,588,0
JEMB.US,5,20260204,202000,53.8,53.8,53.8,53.8,100,0
JEMB.US,5,20260205,210500,54.36,54.47,54.36,54.47,1877,0
JEMB.US,5,20260205,215000,54.37,54.37,54.37,54.37,100,0
JEMB.US,5,20260206,160500,54.49,54.49,54.49,54.49,123,0
JEMB.US,5,20260206,164500,54.4,54.4,54.18,54.18,500,0
JEMB.US,5,20260206,170500,54.18,54.18,54.18,54.18,100,0
JEMB.US,5,20260209,165500,53.93,53.93,53.93,53.93,200,0
JEMB.US,5,20260209,171000,53.91,53.91,53.91,53.91,100,0
JEMB.US,5,20260209,171500,54.25,54.25,54.25,54.25,275,0
JEMB.US,5,20260210,160500,54.64,54.64,54.64,54.64,100,0
JEMB.US,5,20260210,161500,54.64,54.64,54.64,54.64,300,0
JEMB.US,5,20260210,183000,54.6,54.6,54.6,54.6,7555,0
JEMB.US,5,20260210,185000,54.32,54.32,54.32,54.32,500,0
JEMB.US,5,20260210,195500,54.5627,54.5627,54.5627,54.5627,398,0
JEMB.US,5,20260211,155500,54.63,54.63,54.63,54.63,200,0
JEMB.US,5,20260211,165000,54.69,54.69,54.58,54.58,3250,0
JEMB.US,5,20260211,174500,54.365,54.365,54.365,54.365,200,0
JEMB.US,5,20260211,191500,54.36,54.36,54.36,54.36,100,0
JEMB.US,5,20260211,201000,54.65,54.65,54.65,54.65,100,0
JEMB.US,5,20260212,160500,54.64,54.64,54.64,54.64,1101,0
JEMB.US,5,20260212,164500,54.88,54.88,54.88,54.88,190,0
JEMB.US,5,20260212,180000,54.76,54.76,54.49,54.76,2095,0
JEMB.US,5,20260213,173000,54.75,54.75,54.61,54.61,414,0
JEMB.US,5,20260213,182500,54.98,54.98,54.542,54.542,498,0
JEMB.US,5,20260213,194500,55.01,55.01,55.01,55.01,500,0
JEMB.US,5,20260213,195500,54.72,54.72,54.72,54.72,100,0
JEMB.US,5,20260213,202500,54.3701,54.3701,54.3701,54.3701,131,0
JEMB.US,5,20260217,155500,54.8,54.8,54.8,54.8,200,0
JEMB.US,5,20260217,164000,54.9,54.9,54.9,54.9,100,0
JEMB.US,5,20260217,175000,54.57,54.57,54.54,54.54,300,0
JEMB.US,5,20260217,211000,54.3,54.3,54.3,54.3,100,0
JEMB.US,5,20260217,214000,54.75,54.75,54.75,54.75,100,0
JEMB.US,5,20260218,181000,55.15,55.15,55.15,55.15,200,0
JEMB.US,5,20260218,193000,54.795,54.795,54.795,54.795,599,0
JEMB.US,5,20260219,172000,54.68,55.01,54.53,54.67,1450,0
JEMB.US,5,20260219,174500,54.65,54.65,54.65,54.65,100,0
JEMB.US,5,20260219,192000,54.64,54.64,54.6,54.6,600,0
JEMB.US,5,20260219,203000,54.64,54.64,54.6399,54.6399,200,0
JEMB.US,5,20260219,204500,54.6399,54.6399,54.6399,54.6399,100,0
JEMB.US,5,20260220,154500,54.75,54.75,54.75,54.75,146,0
JEMB.US,5,20260220,184000,54.69,54.69,54.6206,54.6206,400,0
JEMB.US,5,20260220,195000,54.555,54.555,54.5,54.5,200,0
JEMB.US,5,20260220,202000,54.45,54.45,54.4499,54.4499,200,0
JEMB.US,5,20260223,154500,54.42,54.42,54.42,54.42,386,0
JEMB.US,5,20260223,173500,54.4,54.4,54.4,54.4,100,0
JEMB.US,5,20260224,155500,54.4697,54.4697,54.4697,54.4697,179,0
JEMB.US,5,20260224,180500,54.35,54.46,54.35,54.46,298,0
JEMB.US,5,20260224,181500,54.609,54.61,54.609,54.6099,390,0
JEMB.US,5,20260224,200500,54.2,54.2,54.2,54.2,100,0
JEMB.US,5,20260225,172500,54.52,54.52,54.3873,54.3873,200,0
JEMB.US,5,20260225,180000,54.13,54.13,54.13,54.13,100,0
JEMB.US,5,20260225,194000,54.65,54.65,54.65,54.65,100,0
JEMB.US,5,20260225,204000,54.72,54.72,54.72,54.72,165,0
JEMB.US,5,20260225,205500,55.01,55.01,55.01,55.01,100,0
JEMB.US,5,20260226,160000,54.69,55.042,54.69,55.042,450,0
JEMB.US,5,20260226,212000,54.93,54.93,54.93,54.93,100,0
JEMB.US,5,20260227,154500,53.78,53.78,53.78,53.78,46272,0
JEMB.US,5,20260227,173000,53.81,53.81,53.81,53.81,100,0
JEMB.US,5,20260227,173500,54.49,54.49,54.305,54.305,200,0
JEMB.US,5,20260227,175500,54.82,54.82,54.82,54.82,1525,0
JEMB.US,5,20260302,195000,54.41,54.41,54.41,54.41,100,0
JEMB.US,5,20260303,162000,53.05,53.07,52.99,52.99,2799,0
JEMB.US,5,20260303,170500,53.47,53.47,53.47,53.47,100,0
JEMB.US,5,20260303,180000,53.14,53.14,53.14,53.14,100,0
JEMB.US,5,20260303,180500,53.4256,53.4256,53.4256,53.4256,100,0
JEMB.US,5,20260303,202500,53.74,53.74,53.74,53.74,1285,0
JEMB.US,5,20260303,210000,53.81,53.81,53.81,53.81,100,0
JEMB.US,5,20260303,214000,53.54,53.54,53.54,53.54,920,0
JEMB.US,5,20260304,154000,53.53,53.53,53.53,53.53,850,0
JEMB.US,5,20260304,210000,54.49,54.49,54.49,54.49,120,0
JEMB.US,5,20260305,154000,53.77,53.77,53.77,53.77,100,0
JEMB.US,5,20260305,154500,53.77,53.77,53.77,53.77,282,0
JEMB.US,5,20260305,155000,53.7976,53.7976,53.77,53.77,200,0
JEMB.US,5,20260305,191500,53.43,53.43,53.43,53.43,119756,0
JEMB.US,5,20260305,192500,53.34,53.41,53.13,53.13,1400,0
JEMB.US,5,20260305,214500,53.19,53.19,52.81,52.81,1977,0
JEMB.US,5,20260306,153500,52.95,52.95,52.95,52.95,100,0
JEMB.US,5,20260306,163000,53.26,53.26,53.26,53.26,189,0
JEMB.US,5,20260306,164000,53.05,53.05,53.05,53.05,751,0
JEMB.US,5,20260306,165000,53.06,53.06,53.06,53.06,100,0
JEMB.US,5,20260306,172500,53.0501,53.0501,53.0501,53.0501,650,0
JEMB.US,5,20260306,201500,53.98,53.98,53.98,53.98,300,0
JEMB.US,5,20260309,150000,53.2956,53.2956,53.2956,53.2956,500,0
JEMB.US,5,20260309,152500,53.02,53.02,53.02,53.02,100,0
JEMB.US,5,20260309,154000,53.405,53.405,53.405,53.405,192,0
JEMB.US,5,20260309,163000,53.505,54,53.505,53.95,2598,0
JEMB.US,5,20260309,194000,53.555,53.555,53.555,53.555,200,0
JEMB.US,5,20260309,194500,53.555,53.5788,53.38,53.555,1200,0
JEMB.US,5,20260309,200000,53.51,53.51,53.51,53.51,100,0
JEMB.US,5,20260309,205000,53.42,53.42,53.32,53.32,400,0
JEMB.US,5,20260310,151000,53.53,53.53,53.53,53.53,100,0
JEMB.US,5,20260310,151500,53.77,53.77,53.54,53.54,200,0
JEMB.US,5,20260310,160000,53.755,54.0999,53.755,54.0999,675,0
JEMB.US,5,20260310,184500,53.635,53.635,53.62,53.62,452,0
JEMB.US,5,20260310,185000,53.63,53.63,53.63,53.63,200,0
JEMB.US,5,20260310,200500,54.03,54.03,54.03,54.03,111,0
JEMB.US,5,20260311,143500,53.66,53.66,53.66,53.66,729,0
JEMB.US,5,20260311,162000,53.1501,53.1501,53.1501,53.1501,359,0
JEMB.US,5,20260311,170000,53.96,54.1,53.86,53.99,2055,0
JEMB.US,5,20260311,202500,53.93,53.93,53.93,53.93,100,0
JEMB.US,5,20260312,160500,53.61,53.61,53.61,53.61,403658,0
JEMB.US,5,20260312,162500,53.275,53.275,53.275,53.275,100,0
JEMB.US,5,20260312,164000,53.37,53.64,53.37,53.64,178300,0
JEMB.US,5,20260312,164500,53.7,53.86,53.64,53.8599,2898,0
JEMB.US,5,20260312,165000,53.22,53.22,53.22,53.22,500,0
JEMB.US,5,20260312,165500,53.63,53.86,53.63,53.7,5265,0
JEMB.US,5,20260312,170000,53.34,53.34,53.34,53.34,900,0
JEMB.US,5,20260312,170500,53.34,53.34,53.34,53.34,100,0
JEMB.US,5,20260312,171000,53.4,53.67,53.3,53.61,1625,0
JEMB.US,5,20260312,172000,53.6,53.6,53.6,53.6,100,0
JEMB.US,5,20260312,183000,53.35,53.35,53.35,53.35,22711,0
JEMB.US,5,20260312,184000,53.8099,53.8099,53.29,53.29,6853,0
JEMB.US,5,20260312,184500,53.8099,53.81,53.29,53.4193,19136,0
JEMB.US,5,20260312,185000,53.8,53.805,53.186,53.4499,12717,0
JEMB.US,5,20260312,185500,53.64,53.64,53.64,53.64,100,0
JEMB.US,5,20260312,190000,53.465,53.65,53.42,53.42,1200,0
JEMB.US,5,20260312,190500,53.63,53.65,53.44,53.65,1699,0
JEMB.US,5,20260312,191000,53.44,53.63,53.42,53.42,1200,0
JEMB.US,5,20260312,191500,53.55,53.55,53.075,53.285,3000,0
JEMB.US,5,20260312,192000,53.37,53.38,53.105,53.35,600,0
JEMB.US,5,20260312,192500,53.235,53.33,53.075,53.0999,800,0
JEMB.US,5,20260312,193000,53.045,53.43,53.045,53.0699,500,0
JEMB.US,5,20260312,193500,53.2001,53.37,53.06,53.06,1000,0
JEMB.US,5,20260312,194500,53.16,53.25,53.035,53.0499,1000,0
JEMB.US,5,20260312,195000,53.035,53.0499,53.01,53.0299,400,0
JEMB.US,5,20260312,195500,53.0099,53.0099,52.98,52.98,200,0
JEMB.US,5,20260312,200000,52.975,53.11,52.975,53.11,333,0
JEMB.US,5,20260312,200500,52.955,53.25,52.955,53.25,300,0
JEMB.US,5,20260312,201000,53.17,53.17,53.01,53.0299,1224,0
JEMB.US,5,20260312,201500,52.99,53.25,52.965,52.965,700,0
JEMB.US,5,20260312,202000,52.99,53.16,52.97,53.16,600,0
JEMB.US,5,20260312,202500,53.08,53.08,52.965,52.9799,500,0
JEMB.US,5,20260312,203500,53.3,53.3,52.965,52.9799,762,0
JEMB.US,5,20260312,204000,52.965,53.2,52.965,53.2,2468,0
JEMB.US,5,20260312,204500,53.2,53.2,53.2,53.2,100,0
JEMB.US,5,20260312,205000,52.9999,53.19,52.96,53.19,600,0
JEMB.US,5,20260312,205500,52.965,52.9999,52.965,52.965,400,0
JEMB.US,5,20260313,144500,53.5,53.77,53.5,53.77,301,0
JEMB.US,5,20260313,150500,53.485,53.485,53.485,53.485,141,0
JEMB.US,5,20260313,154500,53.32,53.57,53.32,53.57,596,0
JEMB.US,5,20260313,161000,53.76,53.76,53.03,53.03,4485,0
JEMB.US,5,20260313,161500,52.99,53.08,52.99,53.08,200,0
JEMB.US,5,20260313,163000,53.1,53.38,53.1,53.38,800,0
JEMB.US,5,20260313,171000,53.48,53.5,53.185,53.5,877,0
JEMB.US,5,20260313,171500,53.01,53.0599,53.01,53.0599,200,0
JEMB.US,5,20260313,172000,53.05,53.05,52.985,52.9999,1254,0
JEMB.US,5,20260313,184500,52.98,53.06,52.98,53.06,1051,0
JEMB.US,5,20260313,190500,53.56,53.56,53.135,53.135,19882,0
JEMB.US,5,20260313,192500,52.8,52.8,52.79,52.79,200,0
JEMB.US,5,20260313,195500,53.075,53.075,53.075,53.075,117,0
JEMB.US,5,20260313,203500,53.075,53.075,53.075,53.075,109,0
JEMB.US,5,20260316,170500,53.36,53.8099,53.36,53.8099,1600,0
JEMB.US,5,20260316,173500,53.36,53.45,53.36,53.45,231,0
JEMB.US,5,20260316,195500,53.29,53.29,53.29,53.29,194,0
JEMB.US,5,20260316,205500,53.76,53.76,53.76,53.76,100,0
JEMB.US,5,20260317,144500,53.25,53.25,53.25,53.25,124,0
JEMB.US,5,20260317,164500,52.76,52.76,52.76,52.76,1510,0
JEMB.US,5,20260317,165000,53.28,53.28,53.28,53.28,770,0
JEMB.US,5,20260317,165500,53.4,53.4,53.2,53.2,926,0
JEMB.US,5,20260317,170000,53.05,53.05,53.05,53.05,200,0
JEMB.US,5,20260317,170500,53.1,53.1,53.08,53.08,211,0
JEMB.US,5,20260317,182000,53.22,53.22,53.22,53.22,100,0
JEMB.US,5,20260317,204000,53.19,53.19,53.19,53.19,100,0
JEMB.US,5,20260318,144500,53.05,53.05,53.05,53.05,338,0
JEMB.US,5,20260318,155500,53.2687,53.2687,52.96,52.96,730,0
JEMB.US,5,20260318,160500,53.2,53.2,53.2,53.2,100,0
JEMB.US,5,20260318,161000,53.06,53.085,53.06,53.06,900,0
JEMB.US,5,20260318,161500,52.94,52.94,52.94,52.94,300,0
JEMB.US,5,20260318,163000,53.13,53.13,53.02,53.02,200,0
JEMB.US,5,20260318,172500,53.02,53.28,53.02,53.28,766,0
JEMB.US,5,20260318,173500,53.34,53.34,53.34,53.34,100,0
JEMB.US,5,20260318,181500,52.99,52.9903,52.99,52.9903,304,0
JEMB.US,5,20260318,192000,53.15,53.15,53.15,53.15,100,0
JEMB.US,5,20260318,192500,53.108,53.108,53.108,53.108,112,0
JEMB.US,5,20260318,201000,53.14,53.1458,53.08,53.14,1199,0
JEMB.US,5,20260318,201500,53.17,53.17,53.17,53.17,100,0
JEMB.US,5,20260319,145000,54.25,54.25,54.25,54.25,168,0
JEMB.US,5,20260319,155000,53.35,53.35,53.35,53.35,875,0
JEMB.US,5,20260319,175000,52.955,52.955,52.955,52.955,147,0
JEMB.US,5,20260319,192000,52.88,52.88,52.88,52.88,493,0
JEMB.US,5,20260319,202000,53.2,53.2,53.2,53.2,100,0
JEMB.US,5,20260319,202500,52.82,52.82,52.82,52.82,385,0
JEMB.US,5,20260319,203000,53.25,53.25,53.25,53.25,385,0
JEMB.US,5,20260320,143500,53.05,53.05,53.05,53.05,140,0
JEMB.US,5,20260320,165000,52.7,52.7,52.7,52.7,400,0
JEMB.US,5,20260320,180500,52.76,52.76,52.76,52.76,100,0
JEMB.US,5,20260320,190500,52.2,52.2,52.2,52.2,100,0
JEMB.US,5,20260323,163000,53.04,53.04,53.04,53.04,100,0
JEMB.US,5,20260323,170000,53.3199,53.3199,53.3199,53.3199,129,0
JEMB.US,5,20260323,183000,53.15,53.25,52.92,52.92,456,0
JEMB.US,5,20260323,191000,53.38,53.38,53.38,53.38,200,0
JEMB.US,5,20260324,153000,52.32,52.32,52.32,52.32,295,0
JEMB.US,5,20260324,154000,52.32,52.32,52.32,52.32,201,0
JEMB.US,5,20260324,161500,52.88,52.88,52.88,52.88,100,0
JEMB.US,5,20260324,181000,51.83,52.685,51.83,52.685,956,0
JEMB.US,5,20260325,152000,53.3499,53.3499,53.3499,53.3499,282,0
JEMB.US,5,20260325,174500,53,53,53,53,157,0
JEMB.US,5,20260325,200000,52.91,52.91,52.91,52.91,944,0
JEMB.US,5,20260326,144500,52.66,53.01,52.66,53.01,606,0
JEMB.US,5,20260326,145000,52.66,52.66,52.66,52.66,194,0
JEMB.US,5,20260326,145500,53.02,53.02,52.665,52.665,200,0
JEMB.US,5,20260326,164000,53.06,53.06,53.06,53.06,247,0
JEMB.US,5,20260326,190000,51.92,51.92,51.92,51.92,945,0
JEMB.US,5,20260326,193500,52.76,52.76,52.76,52.76,100,0
JEMB.US,5,20260326,203000,52.32,52.33,51.77,52.31,994,0
JEMB.US,5,20260327,144500,52.31,52.31,52.31,52.31,176,0
JEMB.US,5,20260327,155500,52.295,52.295,52.295,52.295,328,0
JEMB.US,5,20260327,160500,51.8,51.8,51.8,51.8,100,0
JEMB.US,5,20260327,172000,52.38,52.38,52.38,52.38,135,0
JEMB.US,5,20260327,173000,52.28,52.28,52.28,52.28,100,0
JEMB.US,5,20260327,180500,52.8999,52.8999,52,52,16630,0
JEMB.US,5,20260327,183000,52.8399,52.8399,52.31,52.31,321,0
JEMB.US,5,20260327,190000,51.82,51.82,51.82,51.82,4187,0
JEMB.US,5,20260327,191500,51.95,51.95,51.95,51.95,100,0
JEMB.US,5,20260327,200500,51.83,51.84,51.83,51.84,200,0
JEMB.US,5,20260327,201000,51.83,51.83,51.83,51.83,100,0
JEMB.US,5,20260327,201500,51.83,51.83,51.83,51.83,100,0
JEMB.US,5,20260327,202000,51.83,51.83,51.83,51.83,200,0
JEMB.US,5,20260327,202500,51.83,51.83,51.83,51.83,100,0
JEMB.US,5,20260327,204500,51.83,51.83,51.83,51.83,100,0
JEMB.US,5,20260330,155500,51.9,51.9,51.9,51.9,173,0
JEMB.US,5,20260330,161000,52.4,52.4,51.9,51.9,311,0
JEMB.US,5,20260330,174000,51.92,51.92,51.92,51.92,100,0
JEMB.US,5,20260330,183000,52.86,52.86,52.86,52.86,2230,0
JEMB.US,5,20260330,184500,52.61,52.61,52.61,52.61,39126,0
JEMB.US,5,20260330,194000,52.79,52.79,52.79,52.79,4794,0
JEMB.US,5,20260330,200500,52.31,52.31,52.31,52.31,100,0
JEMB.US,5,20260330,202500,52.33,52.65,52.33,52.65,200,0
JEMB.US,5,20260330,205500,52.34,52.34,52.34,52.34,150,0
JEMB.US,5,20260330,211500,51.96,51.96,51.96,51.96,100,0
JEMB.US,5,20260330,215000,52.52,52.52,52.52,52.52,300,0
JEMB.US,5,20260331,163000,52.22,52.235,52.22,52.235,8778,0
JEMB.US,5,20260331,174500,52.21,52.21,52.21,52.21,100,0
JEMB.US,5,20260331,180500,51.82,52.4,51.73,51.73,1738,0
JEMB.US,5,20260331,181000,52.24,52.49,52.221,52.49,500,0
JEMB.US,5,20260331,182000,52.47,52.47,52.47,52.47,100,0
JEMB.US,5,20260331,182500,52.29,52.29,52.29,52.29,100,0
JEMB.US,5,20260331,183500,52.35,52.35,52.35,52.35,100,0
JEMB.US,5,20260331,185500,52.065,52.37,52.065,52.37,1467,0
JEMB.US,5,20260331,211000,52.155,52.155,52.155,52.155,267,0
JEMB.US,5,20260401,162500,52.6303,52.6303,52.6303,52.6303,192,0
JEMB.US,5,20260401,182500,51.835,51.98,51.835,51.94,500,0
JEMB.US,5,20260401,210000,52.7,52.82,52.7,52.79,412,0
JEMB.US,5,20260402,164500,52.525,52.525,52.525,52.525,336,0
JEMB.US,5,20260402,170000,52.96,52.96,52.96,52.96,100,0
JEMB.US,5,20260402,171000,52.7999,52.7999,52.7999,52.7999,307,0
JEMB.US,5,20260402,192000,52.9799,52.9799,52.9799,52.9799,211,0
JEMB.US,5,20260402,193000,52.9799,52.9799,52.9799,52.9799,312,0
JEMB.US,5,20260402,200000,52.495,52.495,52.495,52.495,291,0
JEMB.US,5,20260402,201500,52.97,52.97,52.97,52.97,2750,0
JEMB.US,5,20260402,202000,52.9799,52.9799,52.9799,52.9799,115,0
JEMB.US,5,20260406,161000,52.51,52.51,52.51,52.51,100,0
JEMB.US,5,20260406,185500,52.85,52.85,52.85,52.85,100,0
JEMB.US,5,20260406,192000,52.1413,52.1413,52.1413,52.1413,152,0
JEMB.US,5,20260406,193500,52.58,52.58,52.58,52.58,310,0
JEMB.US,5,20260406,200000,52.42,52.42,52.42,52.42,168,0
JEMB.US,5,20260407,154500,52.245,52.548,52.245,52.548,727,0
JEMB.US,5,20260407,161000,51.9544,51.9544,51.9544,51.9544,103,0
JEMB.US,5,20260407,173000,51.72,51.72,51.72,51.72,1000,0
JEMB.US,5,20260407,174500,52.205,52.205,52.205,52.205,1710,0
JEMB.US,5,20260407,175500,52.54,52.54,52.54,52.54,200,0
JEMB.US,5,20260407,181000,53.49,53.49,53.49,53.49,100,0
JEMB.US,5,20260407,193500,52.69,52.69,52.69,52.69,100,0
JEMB.US,5,20260407,204000,52.69,52.69,52.35,52.69,3215,0
JEMB.US,5,20260408,171500,53.47,53.47,53.47,53.47,200,0
JEMB.US,5,20260408,174000,52.74,52.74,52.74,52.74,100,0
JEMB.US,5,20260408,182500,52.71,52.71,52.6901,52.6901,286,0
JEMB.US,5,20260408,210000,52.995,52.995,52.995,52.995,250,0
JEMB.US,5,20260408,211000,52.995,52.995,52.995,52.995,150,0
JEMB.US,5,20260408,213500,53.025,53.34,53.025,53.34,846,0
JEMB.US,5,20260408,215000,52.53,52.53,52.53,52.53,139,0
JEMB.US,5,20260409,154500,52.39,52.39,52.39,52.39,189,0
JEMB.US,5,20260409,162500,52.39,52.39,52.39,52.39,537,0
JEMB.US,5,20260409,172000,52.46,52.46,52.46,52.46,175,0
JEMB.US,5,20260409,182500,52.8499,52.85,52.8499,52.85,391,0
JEMB.US,5,20260409,192500,53.26,53.27,53.22,53.24,500,0
JEMB.US,5,20260410,155000,53.27,53.27,53.27,53.27,219,0
JEMB.US,5,20260410,155500,53.27,53.27,53.27,53.27,681,0
JEMB.US,5,20260410,173000,53.73,53.73,53.73,53.73,208,0
JEMB.US,5,20260410,182500,53.21,53.21,53.21,53.21,142,0
JEMB.US,5,20260410,185000,53.21,53.21,53.21,53.21,250,0
JEMB.US,5,20260410,203500,53.205,53.21,53.205,53.205,664,0
JEMB.US,5,20260410,212500,53.68,53.68,53.68,53.68,200,0
JEMB.US,5,20260413,154000,53.26,53.26,53.26,53.26,153,0
JEMB.US,5,20260414,160500,53.59,53.59,53.59,53.59,200,0
JEMB.US,5,20260414,172500,54.12,54.12,53.17,53.23,593,0
JEMB.US,5,20260414,192500,54,54,54,54,185,0
JEMB.US,5,20260414,210000,53.8001,54.08,53.6,54.08,964,0
JEMB.US,5,20260415,180500,53.9161,53.9161,53.9161,53.9161,101,0
JEMB.US,5,20260415,191000,53.21,53.21,53.21,53.21,206,0
JEMB.US,5,20260415,191500,53.49,53.49,53.49,53.49,207,0
JEMB.US,5,20260415,213500,53.49,53.49,53.49,53.49,255,0
JEMB.US,5,20260415,215500,53.71,54.16,53.295,53.71,4300,0
JEMB.US,5,20260416,160000,53.1,53.1,53.1,53.1,1834,0
JEMB.US,5,20260416,162000,53.99,53.99,53.7,53.99,611,0
JEMB.US,5,20260416,163000,53.16,53.26,53.1,53.25,600,0
JEMB.US,5,20260416,163500,53.625,54.15,53.16,53.625,2596,0
JEMB.US,5,20260416,164000,53.625,53.625,53.625,53.625,100,0
JEMB.US,5,20260416,164500,53.625,53.625,53.14,53.14,432,0
JEMB.US,5,20260416,171500,53.99,54.14,53.1,53.1,1472,0
JEMB.US,5,20260416,173000,56.385,56.385,53.99,53.99,1238,0
JEMB.US,5,20260416,173500,54.085,54.085,54.085,54.085,300,0
JEMB.US,5,20260416,174000,53.96,54.13,53.09,53.09,1123,0
JEMB.US,5,20260416,175000,53.615,53.615,53.09,53.09,830,0
JEMB.US,5,20260416,180500,53.615,54.08,53.615,54.08,6100,0
JEMB.US,5,20260416,181000,53.9165,53.9165,53.9165,53.9165,358,0
JEMB.US,5,20260416,192000,53.515,53.515,53.515,53.515,115,0
JEMB.US,5,20260416,204000,53.03,53.03,53.03,53.03,655,0
JEMB.US,5,20260416,211500,54.73,54.73,54.73,54.73,200,0
JEMB.US,5,20260416,212000,54.55,54.7,53,53,7960,0
JEMB.US,5,20260416,215500,54.08,54.08,54.08,54.08,178,0
JEMB.US,5,20260417,161000,54.46,54.46,54.09,54.09,600,0
JEMB.US,5,20260417,173000,53.73,53.73,53.73,53.73,100,0
JEMB.US,5,20260417,193500,54.4899,54.4899,53.65,53.65,987,0
JEMB.US,5,20260417,194500,54.2,54.2,54.2,54.2,100,0
JEMB.US,5,20260420,161000,54.1168,54.44,54.1168,54.44,1754,0
JEMB.US,5,20260420,161500,54.35,54.35,54.35,54.35,100,0
JEMB.US,5,20260420,163500,54.4182,54.4182,54.4182,54.4182,225,0
JEMB.US,5,20260420,170500,54.206,54.206,54.206,54.206,814,0
JEMB.US,5,20260420,171500,54.206,54.206,54.206,54.206,164,0
JEMB.US,5,20260420,185500,53.945,53.945,53.945,53.945,1000,0
JEMB.US,5,20260420,191000,53.47,53.47,53.47,53.47,248,0
JEMB.US,5,20260420,191500,53.84,53.84,53.84,53.84,100,0
JEMB.US,5,20260420,204000,54.1168,54.1168,54.1168,54.1168,100,0
JEMB.US,5,20260420,205500,54.44,54.44,54.44,54.44,102,0
JEMB.US,5,20260420,213000,53.84,53.84,53.84,53.84,200,0
JEMB.US,5,20260421,154500,53.88,53.88,53.88,53.88,109,0
JEMB.US,5,20260421,161000,54.4,54.4,53.35,54.25,765,0
JEMB.US,5,20260421,174500,54.25,54.25,54.25,54.25,317,0
JEMB.US,5,20260421,175500,53.59,53.59,53.59,53.59,1014,0
JEMB.US,5,20260421,182500,53.72,53.72,53.72,53.72,100,0
JEMB.US,5,20260421,194000,54.09,54.09,54.09,54.09,100,0
JEMB.US,5,20260422,154000,54.015,54.015,54.015,54.015,267,0
JEMB.US,5,20260422,160500,54.2479,54.2479,54.2479,54.2479,134,0
JEMB.US,5,20260422,162000,53.61,53.61,53.61,53.61,100,0
JEMB.US,5,20260422,180000,54.38,54.38,53.8,53.8,300,0
JEMB.US,5,20260422,213500,53.8,53.8,53.8,53.8,100,0
JEMB.US,5,20260423,153000,54.23,54.23,54.23,54.23,100,0
JEMB.US,5,20260423,161000,53.983,53.983,53.983,53.983,200,0
JEMB.US,5,20260423,174500,54.25,54.25,54.1,54.1,200,0
JEMB.US,5,20260423,182000,53.83,53.83,53.83,53.83,200,0
JEMB.US,5,20260423,194500,53.66,53.66,53.66,53.66,1190,0
JEMB.US,5,20260423,213000,53.88,53.88,53.88,53.88,440,0
JEMB.US,5,20260424,162500,54.08,54.08,54.08,54.08,100,0
JEMB.US,5,20260424,163000,53.775,53.775,53.775,53.775,1227,0
JEMB.US,5,20260427,153000,53.46,53.46,53.46,53.46,200,0
JEMB.US,5,20260427,161000,54.077,54.077,54.077,54.077,346,0
JEMB.US,5,20260427,175500,53.635,53.635,53.635,53.635,100,0
JEMB.US,5,20260427,183500,54,54.15,53.635,53.635,2548,0
JEMB.US,5,20260427,201000,53.665,53.665,53.665,53.665,100,0
JEMB.US,5,20260427,211000,53.675,53.675,53.675,53.675,100,0
JEMB.US,5,20260428,173500,53.75,53.75,53.75,53.75,21069,0
JEMB.US,5,20260428,185500,53.93,54.0899,53.05,53.65,13711,0
JEMB.US,5,20260428,190500,53.9706,53.9706,53.9706,53.9706,100,0
JEMB.US,5,20260428,202500,53.52,53.52,53.52,53.52,360,0
JEMB.US,5,20260428,203000,53,53.88,53,53.416,1685,0
JEMB.US,5,20260429,160000,53.36,53.36,53.36,53.36,934,0
JEMB.US,5,20260430,155500,53.68,53.68,53.68,53.68,100,0
JEMB.US,5,20260430,162000,53.632,53.632,53.632,53.632,187,0
JEMB.US,5,20260430,171000,53.8399,53.8399,53.3,53.3,10047,0
JEMB.US,5,20260430,183500,53.12,53.12,53.07,53.07,253,0
JEMB.US,5,20260430,214500,53.43,53.43,53.43,53.43,100,0
JEMB.US,5,20260501,154000,53.93,53.93,53.93,53.93,756,0
JEMB.US,5,20260501,160000,53.77,53.77,53.77,53.77,200,0
JEMB.US,5,20260501,164000,53.86,53.86,53.86,53.86,100,0
JEMB.US,5,20260501,172000,53.48,53.48,53.23,53.25,6893,0
JEMB.US,5,20260501,184500,52.98,53.06,52.975,53,400,0
JEMB.US,5,20260501,204500,53.425,53.425,53.425,53.425,936,0
JEMB.US,5,20260504,154000,53.4,53.712,53.4,53.712,519,0
JEMB.US,5,20260504,154500,53.76,53.76,53.76,53.76,100,0
JEMB.US,5,20260504,164000,52.94,52.94,52.94,52.94,132,0
JEMB.US,5,20260504,171000,53.674,53.674,53.674,53.674,819,0
JEMB.US,5,20260504,185500,53.62,53.62,52.91,53.26,3500,0
JEMB.US,5,20260504,202000,53.25,53.25,53.25,53.25,980,0
JEMB.US,5,20260504,210000,53.4432,53.4432,53.4432,53.4432,140,0
JEMB.US,5,20260505,155000,53.79,53.79,53.445,53.445,207,0
JEMB.US,5,20260505,172000,53.05,53.05,53.05,53.05,4328,0
JEMB.US,5,20260505,173000,53.49,53.49,53.49,53.49,183,0
JEMB.US,5,20260505,173500,53.7,53.7,53.7,53.7,11148,0
JEMB.US,5,20260505,174000,53.66,53.66,53.66,53.66,3100,0
JEMB.US,5,20260505,182000,53.6,53.6,53.6,53.6,100,0
JEMB.US,5,20260505,204500,53.7,53.7,53.7,53.7,100,0
JEMB.US,5,20260505,211000,53.7,53.7,53.7,53.7,575,0
JEMB.US,5,20260505,215000,53.96,53.98,53.96,53.98,200,0
JEMB.US,5,20260506,155500,53.81,53.81,53.81,53.81,143,0
JEMB.US,5,20260506,170000,53.39,53.8199,53.3801,53.3801,1151,0
JEMB.US,5,20260506,175000,53.9107,53.9107,53.9107,53.9107,104,0
JEMB.US,5,20260506,183000,53.3801,53.3801,53.3801,53.3801,525,0
JEMB.US,5,20260506,185000,53.908,53.908,53.52,53.52,1470,0
JEMB.US,5,20260506,193500,53.82,53.82,53.82,53.82,374,0
JEMB.US,5,20260506,201500,53.84,53.84,53.84,53.84,819,0
JEMB.US,5,20260507,185000,53.68,53.68,53.68,53.68,1585,0
JEMB.US,5,20260507,193500,53.35,53.35,53.35,53.35,100,0
JEMB.US,5,20260507,195500,53.35,53.645,53.35,53.645,900,0
JEMB.US,5,20260507,200000,53.65,53.65,53.65,53.65,430,0
JEMB.US,5,20260507,204500,53.65,53.65,53.65,53.65,186,0
JEMB.US,5,20260507,205500,53.65,53.65,53.65,53.65,483,0
JEMB.US,5,20260507,210500,53.65,53.65,53.65,53.65,120,0
JEMB.US,5,20260508,181000,53.59,53.59,53.59,53.59,1300,0
JEMB.US,5,20260508,182500,53.865,53.865,53.865,53.865,100,0
JEMB.US,5,20260508,191000,53.865,53.865,53.865,53.865,325,0
JEMB.US,5,20260508,195000,53.89,53.89,53.89,53.89,100,0
JEMB.US,5,20260511,181500,53.82,53.82,53.82,53.82,226,0
JEMB.US,5,20260511,204000,53.9043,53.9043,53.9043,53.9043,161,0
JEMB.US,5,20260511,214500,53.835,53.835,53.835,53.835,109,0
JEMB.US,5,20260512,154000,53.94,53.94,53.94,53.94,100,0
JEMB.US,5,20260512,155000,53.75,54.0227,53.75,54.0227,458,0
JEMB.US,5,20260512,161500,53.725,53.725,53.725,53.725,225,0
JEMB.US,5,20260512,162500,53.89,53.89,53.89,53.89,159,0
JEMB.US,5,20260512,164000,53.73,53.73,53.73,53.73,200,0
JEMB.US,5,20260512,181500,53.745,53.745,53.46,53.46,321,0
JEMB.US,5,20260512,210500,53.76,53.76,53.76,53.76,185,0
JEMB.US,5,20260513,184500,53.17,53.17,53.17,53.17,555,0
JEMB.US,5,20260513,192500,52.9,52.9,52.9,52.9,448,0
JEMB.US,5,20260513,201500,53.405,53.405,53.02,53.2092,330,0
JEMB.US,5,20260513,215000,53.8,53.8,53.8,53.8,100,0
JEMB.US,5,20260514,154000,53.94,53.94,53.94,53.94,100,0
JEMB.US,5,20260514,165500,53.86,54.02,53.515,53.75,2924,0
JEMB.US,5,20260514,171000,54.07,54.07,54.07,54.07,180,0
JEMB.US,5,20260514,180000,53.64,53.64,53.64,53.64,295,0
JEMB.US,5,20260514,203500,53.63,53.63,53.63,53.63,138,0
JEMB.US,5,20260514,211000,54.0199,54.0199,54.0199,54.0199,466,0
JEMB.US,5,20260514,213000,53.63,53.63,53.63,53.63,128,0
JEMB.US,5,20260514,215000,53.5,53.5,53.5,53.5,350,0
JEMB.US,5,20260515,155500,53.34,53.34,53.34,53.34,1027,0
JEMB.US,5,20260515,160000,53.4,53.5599,53.39,53.39,1000,0
JEMB.US,5,20260515,172000,52.5901,52.5901,52.5901,52.5901,612,0
JEMB.US,5,20260515,203500,53.1657,53.1657,53.08,53.08,491,0
JEMB.US,5,20260515,205500,53.08,53.08,53.08,53.08,200,0
JEMB.US,5,20260515,210500,53.32,53.32,53.32,53.32,1610,0
JEMB.US,5,20260515,211500,53.08,53.08,53.07,53.07,547,0
JEMB.US,5,20260518,155500,53.21,53.21,53.21,53.21,101,0
JEMB.US,5,20260518,175500,52.62,52.62,52.62,52.62,177,0
JEMB.US,5,20260519,153500,53.11,53.11,52.24,52.24,486,0
JEMB.US,5,20260519,174500,52.695,52.695,52.695,52.695,400,0
JEMB.US,5,20260519,182000,52.34,52.34,52.34,52.34,100,0
JEMB.US,5,20260519,205500,53.21,53.21,53.21,53.21,776,0
JEMB.US,5,20260520,154000,53.29,53.29,53.29,53.29,149,0
JEMB.US,5,20260520,170000,53.02,53.02,53.02,53.02,537,0
JEMB.US,5,20260520,171500,53.18,53.18,53.18,53.18,1237,0
JEMB.US,5,20260520,180000,53.15,53.15,53.15,53.15,112,0
JEMB.US,5,20260520,201000,53.085,53.085,53.085,53.085,100,0
JEMB.US,5,20260520,202000,53.5081,53.5081,53.5081,53.5081,147,0
JEMB.US,5,20260520,215000,52.6301,52.6301,52.6301,52.6301,204,0
JEMB.US,5,20260521,174500,52.7,52.7,52.7,52.7,1666,0
JEMB.US,5,20260521,180000,53.045,53.045,53.045,53.045,100,0
JEMB.US,5,20260521,194500,53.05,53.05,53.05,53.05,113,0
JEMB.US,5,20260521,195500,52.87,52.87,52.87,52.87,175,0
JEMB.US,5,20260521,203500,52.7001,52.7001,52.7001,52.7001,162,0
JEMB.US,5,20260521,210000,52.71,52.71,52.71,52.71,100,0
JEMB.US,5,20260521,211500,53.42,53.42,53.42,53.42,215,0
JEMB.US,5,20260522,163500,53.155,53.155,53.155,53.155,147,0
JEMB.US,5,20260522,164500,53.5599,53.5599,53.5599,53.5599,564,0
JEMB.US,5,20260522,170000,53.155,53.155,53.155,53.155,652,0
JEMB.US,5,20260522,172500,52.76,52.76,52.76,52.76,850,0
JEMB.US,5,20260526,153000,52.86,52.86,52.86,52.86,852,0
JEMB.US,5,20260526,171000,53.295,53.295,53.295,53.295,291,0
JEMB.US,5,20260526,174000,52.8601,52.8601,52.8601,52.8601,111,0
JEMB.US,5,20260526,183500,53.35,53.35,53.35,53.35,525,0
JEMB.US,5,20260526,204500,53.34,53.34,53.34,53.34,166,0
JEMB.US,5,20260527,165500,53.505,53.505,53.505,53.505,113,0
JEMB.US,5,20260527,173500,53.505,53.505,53.505,53.505,354,0
JEMB.US,5,20260527,195000,53.32,53.32,53.32,53.32,1406,0
JEMB.US,5,20260527,201500,52.98,52.98,52.98,52.98,168,0
JEMB.US,5,20260528,180500,53.11,53.11,53.11,53.11,116,0
JEMB.US,5,20260528,182500,54.16,54.16,54.16,54.16,186,0
JEMB.US,5,20260528,194500,53.635,53.635,53.635,53.635,256,0
JEMB.US,5,20260528,205500,53.1101,53.1101,53.1101,53.1101,536,0
JEMB.US,5,20260529,154000,53.9699,53.9699,53.9699,53.9699,138,0
JEMB.US,5,20260529,165000,53.445,53.445,53.445,53.445,264,0
JEMB.US,5,20260529,165500,53.445,53.445,52.93,53.445,2241,0
JEMB.US,5,20260529,173000,52.98,53.505,52.98,52.98,600,0
JEMB.US,5,20260529,185500,54.02,54.02,54.02,54.02,115,0
JEMB.US,5,20260529,195500,53.505,53.505,53.505,53.505,127,0
JEMB.US,5,20260529,215500,53.96,53.96,53.96,53.96,100,0
JEMB.US,5,20260601,171000,53.48,53.48,53.48,53.48,433,0
JEMB.US,5,20260601,183500,53.08,53.08,53.08,53.08,100,0
JEMB.US,5,20260601,190500,53.0801,53.0801,53.0801,53.0801,172,0
JEMB.US,5,20260601,191000,53.41,53.41,53.41,53.41,307,0
JEMB.US,5,20260601,204500,53.53,53.53,53.53,53.53,302,0
JEMB.US,5,20260601,211000,53.96,53.96,53.96,53.96,131,0
JEMB.US,5,20260602,162500,53.75,53.75,53.75,53.75,250,0
JEMB.US,5,20260602,164500,53.6534,53.6534,53.6534,53.6534,258,0
JEMB.US,5,20260602,184500,54.15,54.15,54.15,54.15,400,0
JEMB.US,5,20260602,185500,54.05,54.05,54.05,54.05,117661,0
JEMB.US,5,20260602,201500,53.685,53.685,53.685,53.685,100,0
JEMB.US,5,20260602,212000,53.71,53.71,53.71,53.71,186,0
JEMB.US,5,20260603,154000,54,54,54,54,150,0
JEMB.US,5,20260603,155000,54,54,54,54,540,0
JEMB.US,5,20260603,171500,53.21,53.21,53.21,53.21,100,0
JEMB.US,5,20260603,175500,53.845,53.845,53.845,53.845,100,0
JEMB.US,5,20260603,213500,53.6,53.6,53.6,53.6,164,0
JEMB.US,5,20260604,155500,54.21,54.21,54.21,54.21,777,0
JEMB.US,5,20260604,164000,53.92,53.92,53.92,53.92,546,0
JEMB.US,5,20260604,172000,53.725,53.725,53.725,53.725,100,0
JEMB.US,5,20260604,185500,53.755,53.755,53.755,53.755,120,0
JEMB.US,5,20260604,191500,54.0958,54.0958,54.0958,54.0958,303,0
JEMB.US,5,20260604,194500,54.19,54.19,54.19,54.19,100,0
JEMB.US,5,20260604,203000,53.745,53.745,53.745,53.745,986,0
JEMB.US,5,20260604,204000,53.745,53.745,53.745,53.745,100,0
JEMB.US,5,20260605,192000,53.395,53.395,53.395,53.395,114,0
JEMB.US,5,20260605,194000,53.395,53.89,53.395,53.395,5344,0
JEMB.US,5,20260608,180500,54.0599,54.0599,54.0599,54.0599,154,0
JEMB.US,5,20260608,192500,54,54,54,54,10915,0
JEMB.US,5,20260608,193000,53.55,53.91,53.46,53.46,2891,0
JEMB.US,5,20260608,194000,53.28,53.28,53.28,53.28,171,0
JEMB.US,5,20260608,202000,53.38,53.38,53.38,53.38,214,0
JEMB.US,5,20260608,214000,53.86,53.86,53.86,53.86,100,0
JEMB.US,5,20260609,165000,53.55,53.55,53.55,53.55,243,0
JEMB.US,5,20260609,193000,53.545,54,53.08,53.545,7615,0
JEMB.US,5,20260609,193500,53.1161,53.1161,53.1161,53.1161,122,0
JEMB.US,5,20260609,204000,53.42,53.42,53.42,53.42,425,0
JEMB.US,5,20260609,210500,53.11,53.11,53.11,53.11,108,0
JEMB.US,5,20260609,214000,53.42,53.42,53.42,53.42,102,0
JEMB.US,5,20260609,214500,53.22,53.22,53.22,53.22,5167,0
JEMB.US,5,20260610,164500,53.09,53.09,53.09,53.09,13666,0
JEMB.US,5,20260610,181500,53.385,53.385,53.385,53.385,149,0
JEMB.US,5,20260610,184500,53.385,53.385,53.385,53.385,216,0
JEMB.US,5,20260610,192000,53.5379,53.5379,53.5379,53.5379,131,0
JEMB.US,5,20260610,193500,53.325,53.5794,52.8,53.325,4011,0
JEMB.US,5,20260610,195500,53.17,53.17,53.17,53.17,100,0
JEMB.US,5,20260610,203500,53.69,53.69,53.69,53.69,100,0
JEMB.US,5,20260611,162500,53.655,53.655,53.655,53.655,1500,0
JEMB.US,5,20260611,170000,53.655,53.655,53.655,53.655,415,0
JEMB.US,5,20260611,171000,53.655,53.66,53.655,53.66,1359,0
JEMB.US,5,20260611,180000,54.1799,54.1799,54.1799,54.1799,173,0
JEMB.US,5,20260611,182000,53.14,53.14,53.14,53.14,162,0
JEMB.US,5,20260611,192500,53.0701,53.0701,53.0701,53.0701,283,0
JEMB.US,5,20260611,193500,53.27,53.27,53.27,53.27,100,0
JEMB.US,5,20260611,195000,53.3001,53.3001,53.3001,53.3001,136,0
JEMB.US,5,20260611,204000,53.71,54.12,53.3,53.3,3994,0
JEMB.US,5,20260611,210000,53.74,53.74,53.74,53.74,569,0
JEMB.US,5,20260611,215000,53.46,53.46,53.46,53.46,100,0
JEMB.US,5,20260611,215500,53.44,53.44,53.44,53.44,100,0
JEMB.US,5,20260612,165500,53.665,53.665,53.665,53.665,800,0
JEMB.US,5,20260612,173500,53.755,53.755,53.755,53.755,307,0
JEMB.US,5,20260615,165500,54.08,54.08,54.08,54.08,100,0
JEMB.US,5,20260615,183500,54.35,54.61,54.35,54.61,632,0
JEMB.US,5,20260615,202500,54.05,54.05,54.05,54.05,100,0
JEMB.US,5,20260616,165000,54.16,54.16,54.16,54.16,191,0
JEMB.US,5,20260616,171000,54.2448,54.2448,54.2448,54.2448,137,0
JEMB.US,5,20260616,185000,54.01,54.01,54.01,54.01,208,0
JEMB.US,5,20260616,192000,54.2478,54.2478,54.2478,54.2478,144,0
JEMB.US,5,20260616,192500,54.16,54.16,54.16,54.16,201,0
JEMB.US,5,20260616,203500,54.16,54.16,54.16,54.16,100,0
JEMB.US,5,20260616,204500,54.16,54.16,54.16,54.16,100,0
JEMB.US,5,20260616,205000,54.16,54.16,54.16,54.16,100,0
JEMB.US,5,20260616,214000,54.185,54.53,54.185,54.53,663,0
JEMB.US,5,20260617,155000,54.16,54.16,54.16,54.16,1800,0
JEMB.US,5,20260617,155500,54.19,54.19,54.19,54.19,238,0
JEMB.US,5,20260617,160000,54.56,54.56,54.56,54.56,100,0
JEMB.US,5,20260617,182500,53.85,53.85,53.85,53.85,1008,0
JEMB.US,5,20260617,190000,54.165,54.5002,54.165,54.5002,409,0
JEMB.US,5,20260617,205500,53.65,53.65,53.65,53.65,250,0
JEMB.US,5,20260618,162500,54.33,54.33,54.33,54.33,500,0
JEMB.US,5,20260618,194000,54.335,54.7,53.81,54.7,687,0
JEMB.US,5,20260622,180000,53.4201,53.4201,53.4201,53.4201,179,0
JEMB.US,5,20260622,191500,53.64,53.64,53.52,53.52,200,0
JEMB.US,5,20260622,201000,53.95,53.95,53.95,53.95,149,0
