<TICKER>,<PER>,<DATE>,<TIME>,<OPEN>,<HIGH>,<LOW>,<CLOSE>,<VOL>,<OPENINT>
KJUN.US,5,20260126,163500,28.401,28.401,28.401,28.401,189,0
KJUN.US,5,20260126,175500,28.3883,28.3883,28.38,28.38,560,0
KJUN.US,5,20260126,210000,28.4,28.4,28.4,28.4,300,0
KJUN.US,5,20260126,211500,28.42,28.42,28.42,28.42,700,0
KJUN.US,5,20260126,215500,28.38,28.38,28.38,28.38,400,0
KJUN.US,5,20260127,213000,28.42,28.42,28.42,28.42,100,0
KJUN.US,5,20260128,153000,28.44,28.44,28.44,28.44,500,0
KJUN.US,5,20260129,172000,28.34,28.34,28.34,28.34,100,0
KJUN.US,5,20260129,174500,28.35,28.35,28.35,28.35,100,0
KJUN.US,5,20260129,185000,28.35,28.35,28.35,28.35,100,0
KJUN.US,5,20260129,205500,28.37,28.37,28.37,28.37,400,0
KJUN.US,5,20260129,215500,28.38,28.38,28.38,28.38,185,0
KJUN.US,5,20260130,200000,28.34,28.34,28.34,28.34,100,0
KJUN.US,5,20260202,212500,28.4599,28.4599,28.4599,28.4599,300,0
KJUN.US,5,20260202,214000,28.42,28.42,28.42,28.42,300,0
KJUN.US,5,20260203,185000,28.34,28.34,28.34,28.34,200,0
KJUN.US,5,20260204,163500,28.341,28.341,28.34,28.3401,900,0
KJUN.US,5,20260204,205000,28.35,28.35,28.35,28.35,100,0
KJUN.US,5,20260205,172500,28.26,28.26,28.26,28.26,100,0
KJUN.US,5,20260205,212500,28.201,28.201,28.201,28.201,439,0
KJUN.US,5,20260205,215500,28.2,28.2,28.2,28.2,100,0
KJUN.US,5,20260206,180500,28.43,28.43,28.43,28.43,100,0
KJUN.US,5,20260206,184500,28.42,28.42,28.42,28.42,200,0
KJUN.US,5,20260206,194000,28.421,28.4301,28.42,28.43,3316,0
KJUN.US,5,20260206,195500,28.43,28.45,28.42,28.4327,4764,0
KJUN.US,5,20260206,212500,28.48,28.48,28.4799,28.4799,300,0
KJUN.US,5,20260206,213000,28.4627,28.4627,28.4627,28.4627,300,0
KJUN.US,5,20260206,215000,28.4501,28.4501,28.4501,28.4501,139,0
KJUN.US,5,20260209,164500,28.49,28.49,28.49,28.49,400,0
KJUN.US,5,20260209,195000,28.51,28.51,28.51,28.51,1380,0
KJUN.US,5,20260210,163000,28.52,28.52,28.52,28.52,200,0
KJUN.US,5,20260210,192500,28.5,28.5,28.5,28.5,200,0
KJUN.US,5,20260210,215500,28.495,28.495,28.495,28.495,300,0
KJUN.US,5,20260211,153000,28.5,28.5,28.5,28.5,4350,0
KJUN.US,5,20260211,171500,28.44,28.44,28.44,28.44,200,0
KJUN.US,5,20260211,191000,28.44,28.44,28.44,28.44,100,0
KJUN.US,5,20260212,185500,28.35,28.35,28.35,28.35,100,0
KJUN.US,5,20260213,171000,28.42,28.42,28.42,28.42,100,0
KJUN.US,5,20260213,192500,28.46,28.46,28.46,28.46,300,0
KJUN.US,5,20260217,185500,28.39,28.39,28.38,28.39,9487,0
KJUN.US,5,20260217,190500,28.3908,28.3908,28.3908,28.3908,134,0
KJUN.US,5,20260217,191000,28.38,28.39,28.38,28.39,800,0
KJUN.US,5,20260217,191500,28.39,28.4,28.39,28.39,1914,0
KJUN.US,5,20260217,193000,28.435,28.435,28.4101,28.4101,382,0
KJUN.US,5,20260217,193500,28.435,28.4365,28.42,28.42,5008,0
KJUN.US,5,20260217,194000,28.43,28.46,28.43,28.431,792,0
KJUN.US,5,20260219,174000,28.45,28.45,28.45,28.45,400,0
KJUN.US,5,20260219,174500,28.44,28.44,28.44,28.44,200,0
KJUN.US,5,20260219,195000,28.42,28.42,28.42,28.42,200,0
KJUN.US,5,20260220,171500,28.48,28.48,28.48,28.48,200,0
KJUN.US,5,20260220,181500,28.46,28.46,28.46,28.46,200,0
KJUN.US,5,20260220,192000,28.45,28.45,28.45,28.45,200,0
KJUN.US,5,20260220,193000,28.46,28.46,28.44,28.45,959,0
KJUN.US,5,20260220,193500,28.46,28.46,28.46,28.46,200,0
KJUN.US,5,20260220,195000,28.49,28.49,28.49,28.49,100,0
KJUN.US,5,20260223,164500,28.37,28.37,28.37,28.37,300,0
KJUN.US,5,20260224,165000,28.44,28.44,28.44,28.44,100,0
KJUN.US,5,20260224,194000,28.47,28.47,28.47,28.47,100,0
KJUN.US,5,20260224,203000,28.49,28.49,28.49,28.49,150,0
KJUN.US,5,20260224,212500,28.48,28.48,28.45,28.45,900,0
KJUN.US,5,20260224,215500,28.46,28.46,28.46,28.46,1800,0
KJUN.US,5,20260225,162000,28.4406,28.4406,28.4406,28.4406,3820,0
KJUN.US,5,20260226,165000,28.52,28.52,28.52,28.52,200,0
KJUN.US,5,20260226,215000,28.55,28.55,28.55,28.55,774,0
KJUN.US,5,20260226,215500,28.54,28.54,28.54,28.54,700,0
KJUN.US,5,20260227,160000,28.41,28.41,28.41,28.41,400,0
KJUN.US,5,20260227,161500,28.42,28.43,28.42,28.42,3519,0
KJUN.US,5,20260227,202000,28.43,28.4402,28.41,28.4402,1658,0
KJUN.US,5,20260227,212500,28.45,28.4636,28.45,28.4636,300,0
KJUN.US,5,20260302,163000,28.43,28.43,28.43,28.43,433,0
KJUN.US,5,20260304,184500,28.51,28.51,28.51,28.51,106,0
KJUN.US,5,20260305,210500,28.295,28.295,28.295,28.295,600,0
KJUN.US,5,20260305,212000,28.32,28.32,28.32,28.32,200,0
KJUN.US,5,20260306,162000,28.21,28.21,28.21,28.21,100,0
KJUN.US,5,20260306,164500,28.21,28.21,28.2,28.2,400,0
KJUN.US,5,20260306,192000,28.2017,28.2017,28.2017,28.2017,160,0
KJUN.US,5,20260306,201000,28.18,28.18,28.18,28.18,600,0
KJUN.US,5,20260306,205000,28.18,28.18,28.17,28.17,600,0
KJUN.US,5,20260309,150500,27.9473,27.9473,27.9473,27.9473,400,0
KJUN.US,5,20260309,151000,27.955,27.955,27.955,27.955,400,0
KJUN.US,5,20260309,152500,27.94,27.94,27.94,27.94,928,0
KJUN.US,5,20260309,172500,28.1,28.1,28.1,28.1,100,0
KJUN.US,5,20260309,182500,28.1,28.105,28.1,28.105,600,0
KJUN.US,5,20260309,192000,28.11,28.11,28.11,28.11,100,0
KJUN.US,5,20260309,194000,28.12,28.1201,28.12,28.12,600,0
KJUN.US,5,20260309,202000,28.17,28.17,28.17,28.17,100,0
KJUN.US,5,20260310,162500,28.38,28.38,28.38,28.38,100,0
KJUN.US,5,20260310,183500,28.4,28.4,28.4,28.4,100,0
KJUN.US,5,20260311,153500,28.28,28.28,28.28,28.28,100,0
KJUN.US,5,20260311,163000,28.22,28.22,28.21,28.21,200,0
KJUN.US,5,20260311,173500,28.22,28.22,28.22,28.22,100,0
KJUN.US,5,20260311,183500,28.24,28.24,28.24,28.24,200,0
KJUN.US,5,20260311,185000,28.22,28.22,28.22,28.22,100,0
KJUN.US,5,20260311,204500,28.27,28.27,28.25,28.2636,400,0
KJUN.US,5,20260312,154500,28.09,28.09,28.09,28.09,200,0
KJUN.US,5,20260313,151500,28.1,28.1,28.1,28.1,562,0
KJUN.US,5,20260313,153000,28.12,28.12,28.12,28.12,100,0
KJUN.US,5,20260313,154500,28.07,28.07,28.07,28.07,500,0
KJUN.US,5,20260313,164500,28.03,28.03,28.03,28.03,100,0
KJUN.US,5,20260313,183500,28.02,28.0302,28.02,28.0302,400,0
KJUN.US,5,20260313,184000,28.01,28.01,28.01,28.01,400,0
KJUN.US,5,20260313,193000,28.03,28.03,28.03,28.03,100,0
KJUN.US,5,20260316,165000,28.19,28.19,28.19,28.19,100,0
KJUN.US,5,20260316,174500,28.16,28.16,28.16,28.16,600,0
KJUN.US,5,20260316,183000,28.19,28.19,28.19,28.19,100,0
KJUN.US,5,20260316,193500,28.22,28.22,28.22,28.22,400,0
KJUN.US,5,20260316,194000,28.22,28.22,28.22,28.22,400,0
KJUN.US,5,20260316,194500,28.22,28.22,28.21,28.21,538,0
KJUN.US,5,20260316,201000,28.23,28.23,28.23,28.23,100,0
KJUN.US,5,20260316,205500,28.215,28.215,28.18,28.18,1100,0
KJUN.US,5,20260317,191000,28.29,28.29,28.29,28.29,100,0
KJUN.US,5,20260317,191500,28.29,28.29,28.29,28.29,100,0
KJUN.US,5,20260317,202500,28.271,28.28,28.27,28.28,321,0
KJUN.US,5,20260319,155500,28.0801,28.0801,28.08,28.08,200,0
KJUN.US,5,20260319,174000,28.11,28.11,28.11,28.11,100,0
KJUN.US,5,20260319,191000,28.1,28.1,28.1,28.1,100,0
KJUN.US,5,20260320,205500,27.91,27.91,27.91,27.91,100,0
KJUN.US,5,20260323,174500,28.17,28.17,28.17,28.17,100,0
KJUN.US,5,20260323,193500,28.23,28.23,28.23,28.23,100,0
KJUN.US,5,20260323,202000,28.2,28.2,28.2,28.2,314,0
KJUN.US,5,20260323,205500,28.16,28.16,28.16,28.16,314,0
KJUN.US,5,20260324,192500,28.18,28.18,28.18,28.18,100,0
KJUN.US,5,20260325,184500,28.29,28.29,28.29,28.29,100,0
KJUN.US,5,20260330,170000,27.97,27.97,27.97,27.97,100,0
KJUN.US,5,20260330,184500,27.93,27.93,27.93,27.93,100,0
KJUN.US,5,20260330,205500,27.86,27.86,27.86,27.86,200,0
KJUN.US,5,20260331,170500,28.06,28.06,28.06,28.06,100,0
KJUN.US,5,20260331,173000,28.06,28.06,28.06,28.06,500,0
KJUN.US,5,20260331,184500,28.22,28.22,28.22,28.22,100,0
KJUN.US,5,20260331,190000,28.21,28.21,28.21,28.21,100,0
KJUN.US,5,20260401,154500,28.38,28.38,28.38,28.38,200,0
KJUN.US,5,20260401,170500,28.39,28.39,28.39,28.39,100,0
KJUN.US,5,20260401,211000,28.37,28.37,28.37,28.37,159,0
KJUN.US,5,20260401,214000,28.375,28.375,28.375,28.375,164,0
KJUN.US,5,20260402,160000,28.28,28.28,28.28,28.28,250,0
KJUN.US,5,20260402,163500,28.3,28.3,28.3,28.3,100,0
KJUN.US,5,20260406,192000,28.472,28.472,28.472,28.472,500,0
KJUN.US,5,20260406,195000,28.46,28.46,28.46,28.46,100,0
KJUN.US,5,20260406,202000,28.49,28.49,28.49,28.49,100,0
KJUN.US,5,20260407,174000,28.39,28.39,28.39,28.39,100,0
KJUN.US,5,20260407,180000,28.41,28.41,28.41,28.41,100,0
KJUN.US,5,20260408,153000,28.69,28.69,28.69,28.69,3500,0
KJUN.US,5,20260408,172500,28.68,28.68,28.68,28.68,100,0
KJUN.US,5,20260408,174000,28.69,28.69,28.69,28.69,100,0
KJUN.US,5,20260408,182500,28.725,28.74,28.725,28.74,350,0
KJUN.US,5,20260408,183000,28.75,28.75,28.75,28.75,967,0
KJUN.US,5,20260408,184000,28.7484,28.7484,28.7484,28.7484,381,0
KJUN.US,5,20260408,190500,28.75,28.77,28.75,28.77,551,0
KJUN.US,5,20260409,153000,28.68,28.68,28.68,28.68,458,0
KJUN.US,5,20260409,171000,28.711,28.711,28.711,28.711,348,0
KJUN.US,5,20260409,185000,28.81,28.81,28.8099,28.8099,1200,0
KJUN.US,5,20260409,204000,28.8,28.8,28.8,28.8,100,0
KJUN.US,5,20260409,204500,28.79,28.79,28.79,28.79,200,0
KJUN.US,5,20260409,211000,28.8,28.8,28.8,28.8,115,0
KJUN.US,5,20260413,202500,28.85,28.85,28.84,28.84,4420,0
KJUN.US,5,20260413,203500,28.86,28.86,28.86,28.86,248,0
KJUN.US,5,20260413,215500,28.9,28.9,28.9,28.9,300,0
KJUN.US,5,20260414,163000,28.945,28.945,28.945,28.945,475,0
KJUN.US,5,20260414,165500,28.92,28.92,28.92,28.92,270,0
KJUN.US,5,20260414,172000,28.91,28.91,28.91,28.91,300,0
KJUN.US,5,20260416,200500,28.95,28.95,28.95,28.95,100,0
KJUN.US,5,20260420,215500,28.99,28.99,28.99,28.99,155,0
KJUN.US,5,20260421,215000,28.96,28.96,28.96,28.96,100,0
KJUN.US,5,20260422,212000,29.02,29.02,29.02,29.02,175,0
KJUN.US,5,20260424,215500,29.02,29.02,29.02,29.02,600,0
KJUN.US,5,20260428,210500,29.08,29.08,29.08,29.08,600,0
KJUN.US,5,20260429,161000,29.06,29.06,29.06,29.06,500,0
KJUN.US,5,20260429,205000,29.0899,29.0899,29.0899,29.0899,397,0
KJUN.US,5,20260501,171500,29.07,29.075,29.07,29.07,1000,0
KJUN.US,5,20260504,155000,29.08,29.08,29.08,29.08,500,0
KJUN.US,5,20260504,163000,29.09,29.09,29.09,29.09,873,0
KJUN.US,5,20260504,174500,29.08,29.08,29.08,29.08,200,0
KJUN.US,5,20260504,215000,29.08,29.09,29.08,29.09,532,0
KJUN.US,5,20260504,215500,29.08,29.08,29.08,29.08,873,0
KJUN.US,5,20260505,162000,29.09,29.09,29.09,29.09,764,0
KJUN.US,5,20260506,170500,29.1,29.1,29.1,29.1,7626,0
KJUN.US,5,20260508,211500,29.13,29.13,29.13,29.13,1185,0
KJUN.US,5,20260508,215500,29.121,29.121,29.121,29.121,100,0
KJUN.US,5,20260512,214500,29.121,29.121,29.121,29.121,500,0
KJUN.US,5,20260513,154500,29.13,29.13,29.121,29.121,600,0
KJUN.US,5,20260513,165500,29.14,29.14,29.14,29.14,170,0
KJUN.US,5,20260513,172500,29.1301,29.14,29.13,29.13,3157,0
KJUN.US,5,20260514,160500,29.14,29.14,29.14,29.14,100,0
KJUN.US,5,20260514,182000,29.131,29.131,29.13,29.13,800,0
KJUN.US,5,20260515,181000,29.141,29.141,29.14,29.14,755,0
KJUN.US,5,20260515,181500,29.141,29.141,29.141,29.141,133,0
KJUN.US,5,20260515,201000,29.15,29.15,29.1499,29.1499,594,0
KJUN.US,5,20260515,201500,29.145,29.145,29.145,29.145,637,0
KJUN.US,5,20260515,203500,29.15,29.15,29.15,29.15,100,0
KJUN.US,5,20260515,213500,29.15,29.19,29.15,29.19,35170,0
KJUN.US,5,20260518,185000,29.19,29.19,29.19,29.19,216,0
KJUN.US,5,20260519,194500,29.21,29.21,29.2099,29.2099,1094,0
KJUN.US,5,20260519,211000,29.21,29.21,29.21,29.21,100,0
KJUN.US,5,20260520,153000,29.19,29.19,29.19,29.19,1000,0
KJUN.US,5,20260520,161000,29.2,29.2,29.2,29.2,100,0
KJUN.US,5,20260521,165500,29.21,29.21,29.21,29.21,204,0
KJUN.US,5,20260521,171000,29.2,29.2,29.2,29.2,308,0
KJUN.US,5,20260522,214000,29.19,29.19,29.19,29.19,465,0
KJUN.US,5,20260526,170000,29.23,29.23,29.23,29.23,600,0
KJUN.US,5,20260526,172000,29.23,29.23,29.23,29.23,1800,0
KJUN.US,5,20260526,180000,29.23,29.23,29.23,29.23,340,0
KJUN.US,5,20260526,180500,29.23,29.23,29.23,29.23,340,0
KJUN.US,5,20260526,182500,29.23,29.23,29.23,29.23,320,0
KJUN.US,5,20260526,201000,29.22,29.22,29.22,29.22,171,0
KJUN.US,5,20260526,214500,29.23,29.23,29.23,29.23,100,0
KJUN.US,5,20260527,183000,29.219,29.219,29.219,29.219,171,0
KJUN.US,5,20260527,200500,29.2199,29.2199,29.2199,29.2199,171,0
KJUN.US,5,20260527,204500,29.22,29.22,29.22,29.22,880,0
KJUN.US,5,20260527,213000,29.22,29.22,29.22,29.22,350,0
KJUN.US,5,20260528,153000,29.2,29.2,29.2,29.2,200,0
KJUN.US,5,20260528,160000,29.23,29.23,29.23,29.23,615,0
KJUN.US,5,20260528,160500,29.2,29.2,29.2,29.2,500,0
KJUN.US,5,20260528,170000,29.22,29.22,29.22,29.22,2466,0
KJUN.US,5,20260528,171000,29.23,29.23,29.23,29.23,200,0
KJUN.US,5,20260528,171500,29.23,29.23,29.22,29.22,1433,0
KJUN.US,5,20260528,174500,29.23,29.23,29.23,29.23,100,0
KJUN.US,5,20260528,180500,29.22,29.22,29.22,29.22,273,0
KJUN.US,5,20260528,182000,29.23,29.23,29.22,29.22,5546,0
KJUN.US,5,20260528,191000,29.23,29.23,29.23,29.23,150,0
KJUN.US,5,20260528,204500,29.22,29.22,29.22,29.22,684,0
KJUN.US,5,20260528,210000,29.23,29.23,29.23,29.23,193,0
KJUN.US,5,20260529,153000,29.25,29.25,29.25,29.25,739,0
KJUN.US,5,20260529,160000,29.24,29.25,29.24,29.25,300,0
KJUN.US,5,20260529,162000,29.225,29.24,29.225,29.233,1220,0
KJUN.US,5,20260529,165500,29.2,29.24,29.2,29.24,1538,0
KJUN.US,5,20260529,170000,29.24,29.24,29.225,29.225,3670,0
KJUN.US,5,20260529,170500,29.24,29.24,29.24,29.24,2052,0
KJUN.US,5,20260529,171000,29.25,29.25,29.25,29.25,479,0
KJUN.US,5,20260529,173000,29.24,29.24,29.24,29.24,600,0
KJUN.US,5,20260529,174000,29.24,29.24,29.225,29.225,750,0
KJUN.US,5,20260529,181500,29.24,29.24,29.24,29.24,600,0
KJUN.US,5,20260529,182500,29.25,29.25,29.25,29.25,512,0
KJUN.US,5,20260529,183000,29.24,29.25,29.24,29.25,4900,0
KJUN.US,5,20260529,183500,29.249,29.25,29.249,29.25,10500,0
KJUN.US,5,20260529,185500,29.24,29.249,29.24,29.24,1526,0
KJUN.US,5,20260529,190500,29.25,29.25,29.249,29.2499,57084,0
KJUN.US,5,20260529,192000,29.25,29.25,29.25,29.25,1690,0
KJUN.US,5,20260529,192500,29.249,29.249,29.249,29.249,1140,0
KJUN.US,5,20260529,195000,29.25,29.25,29.25,29.25,634,0
KJUN.US,5,20260529,200000,29.249,29.249,29.24,29.24,913,0
KJUN.US,5,20260529,200500,29.25,29.25,29.24,29.24,2060,0
KJUN.US,5,20260529,201000,29.24,29.25,29.24,29.25,600,0
KJUN.US,5,20260529,203000,29.25,29.25,29.25,29.25,500,0
KJUN.US,5,20260529,205500,29.24,29.24,29.24,29.24,1231,0
KJUN.US,5,20260529,210000,29.249,29.249,29.2432,29.2432,2000,0
KJUN.US,5,20260529,211000,29.24,29.24,29.24,29.24,1524,0
KJUN.US,5,20260529,212000,29.24,29.24,29.24,29.24,1328,0
KJUN.US,5,20260529,212500,29.25,29.25,29.249,29.249,1700,0
KJUN.US,5,20260529,213000,29.249,29.25,29.249,29.25,1896,0
KJUN.US,5,20260529,213500,29.24,29.24,29.24,29.24,100,0
KJUN.US,5,20260529,214000,29.25,29.25,29.25,29.25,400,0
KJUN.US,5,20260529,214500,29.25,29.25,29.249,29.25,2281,0
KJUN.US,5,20260529,215000,29.25,29.25,29.25,29.25,384,0
KJUN.US,5,20260529,215500,29.249,29.25,29.2466,29.25,1608,0
KJUN.US,5,20260601,153000,29.17,29.24,29.055,29.055,4629,0
KJUN.US,5,20260601,153500,29.1,29.11,29.065,29.11,1876,0
KJUN.US,5,20260601,154000,29.1099,29.11,29.085,29.11,6182,0
KJUN.US,5,20260601,154500,29.12,29.12,29.1,29.1099,2272,0
KJUN.US,5,20260601,155000,29.09,29.09,29.085,29.085,570,0
KJUN.US,5,20260601,155500,29.08,29.08,29.05,29.06,7258,0
KJUN.US,5,20260601,160000,29.06,29.09,29.06,29.09,8915,0
KJUN.US,5,20260601,160500,29.055,29.07,29.055,29.0665,10269,0
KJUN.US,5,20260601,161000,29.09,29.11,29.06,29.0697,14782,0
KJUN.US,5,20260601,161500,29.06,29.07,29.055,29.0599,4118,0
KJUN.US,5,20260601,162000,29.06,29.06,29.055,29.06,1743,0
KJUN.US,5,20260601,162500,29.06,29.07,29.055,29.06,6488,0
KJUN.US,5,20260601,163000,29.055,29.06,29.055,29.06,1915,0
KJUN.US,5,20260601,163500,29.05,29.0599,29.05,29.0598,745,0
KJUN.US,5,20260601,164000,29.06,29.06,29,29.05,1247,0
KJUN.US,5,20260601,164500,29.03,29.03,29.0095,29.0299,3120,0
KJUN.US,5,20260601,165000,29.02,29.02,29.01,29.01,615,0
KJUN.US,5,20260601,165500,29.005,29.005,29.005,29.005,388,0
KJUN.US,5,20260601,170500,29.07,29.07,29.0699,29.0699,1714,0
KJUN.US,5,20260601,171000,29.07,29.07,29.07,29.07,1031,0
KJUN.US,5,20260601,171500,29.09,29.09,29.065,29.065,1700,0
KJUN.US,5,20260601,172000,29.09,29.1,29.0854,29.1,1820,0
KJUN.US,5,20260601,172500,29.09,29.09,29.09,29.09,1608,0
KJUN.US,5,20260601,173000,29.13,29.13,29.1141,29.1141,686,0
KJUN.US,5,20260601,173500,29.13,29.14,29.106,29.1141,2399,0
KJUN.US,5,20260601,174000,29.13,29.155,29.13,29.155,13944,0
KJUN.US,5,20260601,175000,29.15,29.15,29.15,29.15,1900,0
KJUN.US,5,20260601,180000,29.15,29.15,29.15,29.15,17275,0
KJUN.US,5,20260601,181000,29.15,29.15,29.125,29.125,9014,0
KJUN.US,5,20260601,181500,29.115,29.12,29.115,29.12,375,0
KJUN.US,5,20260601,182000,29.12,29.12,29.12,29.12,2918,0
KJUN.US,5,20260601,183000,29.12,29.12,29.11,29.12,2762,0
KJUN.US,5,20260601,184000,29.12,29.12,29.12,29.12,371,0
KJUN.US,5,20260601,184500,29.12,29.12,29.12,29.12,2166,0
KJUN.US,5,20260601,185000,29.12,29.1299,29.12,29.12,4944,0
KJUN.US,5,20260601,185500,29.13,29.15,29.13,29.15,1208,0
KJUN.US,5,20260601,190000,29.144,29.15,29.144,29.15,1027,0
KJUN.US,5,20260601,190500,29.145,29.15,29.145,29.15,1116,0
KJUN.US,5,20260601,191000,29.145,29.145,29.145,29.145,205,0
KJUN.US,5,20260601,191500,29.15,29.15,29.145,29.1499,1018,0
KJUN.US,5,20260601,192000,29.1599,29.17,29.1599,29.16,2542,0
KJUN.US,5,20260601,192500,29.17,29.17,29.17,29.17,100,0
KJUN.US,5,20260601,193000,29.19,29.19,29.19,29.19,137,0
KJUN.US,5,20260601,194000,29.19,29.21,29.1899,29.1998,4420,0
KJUN.US,5,20260601,194500,29.21,29.22,29.21,29.22,23950,0
KJUN.US,5,20260601,195500,29.21,29.22,29.21,29.22,14146,0
KJUN.US,5,20260601,200000,29.1999,29.2,29.1999,29.1999,5284,0
KJUN.US,5,20260601,200500,29.185,29.21,29.185,29.2,7331,0
KJUN.US,5,20260601,201000,29.185,29.2,29.185,29.2,3360,0
KJUN.US,5,20260601,201500,29.2,29.22,29.1899,29.21,52474,0
KJUN.US,5,20260601,202000,29.22,29.25,29.22,29.25,7294,0
KJUN.US,5,20260601,202500,29.245,29.25,29.245,29.25,1100,0
KJUN.US,5,20260601,203000,29.25,29.25,29.245,29.245,1007,0
KJUN.US,5,20260601,203500,29.24,29.24,29.235,29.24,800,0
KJUN.US,5,20260601,204000,29.24,29.24,29.24,29.24,200,0
KJUN.US,5,20260601,204500,29.24,29.24,29.2354,29.24,1026,0
KJUN.US,5,20260601,205000,29.24,29.24,29.2363,29.24,748,0
KJUN.US,5,20260601,205500,29.2399,29.24,29.234,29.2363,7678,0
KJUN.US,5,20260601,210000,29.24,29.24,29.235,29.24,28237,0
KJUN.US,5,20260601,210500,29.24,29.24,29.2363,29.2363,26931,0
KJUN.US,5,20260601,211000,29.23,29.23,29.22,29.22,1103,0
KJUN.US,5,20260601,211500,29.23,29.23,29.23,29.23,3137,0
KJUN.US,5,20260601,212000,29.23,29.23,29.23,29.23,1700,0
KJUN.US,5,20260601,212500,29.229,29.229,29.229,29.229,342,0
KJUN.US,5,20260601,213000,29.23,29.23,29.2,29.2,3460,0
KJUN.US,5,20260601,213500,29.185,29.19,29.185,29.19,1255,0
KJUN.US,5,20260601,214000,29.185,29.19,29.185,29.19,960,0
KJUN.US,5,20260601,215000,29.185,29.185,29.185,29.185,967,0
KJUN.US,5,20260601,215500,29.18,29.19,29.18,29.19,5564,0
KJUN.US,5,20260602,153000,29.24,29.24,29.12,29.16,31430,0
KJUN.US,5,20260602,154500,29.25,29.25,29.25,29.25,900,0
KJUN.US,5,20260602,155000,29.23,29.23,29.23,29.23,3077,0
KJUN.US,5,20260602,155500,29.23,29.23,29.22,29.22,3037,0
KJUN.US,5,20260602,160000,29.19,29.19,29.19,29.19,787,0
KJUN.US,5,20260602,160500,29.19,29.19,29.19,29.19,527,0
KJUN.US,5,20260602,161000,29.23,29.23,29.22,29.23,8274,0
KJUN.US,5,20260602,161500,29.23,29.23,29.23,29.23,900,0
KJUN.US,5,20260602,162000,29.2055,29.2055,29.2055,29.2055,342,0
KJUN.US,5,20260602,162500,29.195,29.195,29.195,29.195,1000,0
KJUN.US,5,20260602,163500,29.24,29.26,29.24,29.2499,3919,0
KJUN.US,5,20260602,164000,29.27,29.27,29.27,29.27,9396,0
KJUN.US,5,20260602,164500,29.27,29.3199,29.27,29.3,3176,0
KJUN.US,5,20260602,165500,29.3,29.3,29.3,29.3,525,0
KJUN.US,5,20260602,170000,29.275,29.275,29.275,29.275,170,0
KJUN.US,5,20260602,170500,29.3,29.3,29.2804,29.3,4584,0
KJUN.US,5,20260602,171000,29.27,29.3,29.27,29.27,2945,0
KJUN.US,5,20260602,174000,29.27,29.27,29.27,29.27,100,0
KJUN.US,5,20260602,183000,29.245,29.279,29.245,29.279,2902,0
KJUN.US,5,20260602,183500,29.23,29.23,29.23,29.23,306,0
KJUN.US,5,20260602,185500,29.25,29.25,29.2499,29.25,1700,0
KJUN.US,5,20260602,191500,29.25,29.25,29.2499,29.2499,200,0
KJUN.US,5,20260602,194500,29.25,29.25,29.2499,29.2499,1129,0
KJUN.US,5,20260602,195000,29.225,29.225,29.225,29.225,1197,0
KJUN.US,5,20260602,195500,29.25,29.29,29.25,29.286,9268,0
KJUN.US,5,20260602,200000,29.28,29.29,29.25,29.25,4308,0
KJUN.US,5,20260602,200500,29.256856,29.27,29.256856,29.27,1196,0
KJUN.US,5,20260602,201000,29.29,29.29,29.2899,29.29,1322,0
KJUN.US,5,20260602,202000,29.29,29.29,29.2752,29.29,1000,0
KJUN.US,5,20260602,202500,29.29,29.29,29.29,29.29,1600,0
KJUN.US,5,20260602,204000,29.29,29.29,29.2899,29.29,10894,0
KJUN.US,5,20260602,204500,29.29,29.29,29.27,29.27,11318,0
KJUN.US,5,20260602,205000,29.29,29.29,29.2899,29.2899,900,0
KJUN.US,5,20260602,205500,29.285,29.285,29.285,29.285,682,0
KJUN.US,5,20260602,210000,29.31,29.31,29.31,29.31,280658,0
KJUN.US,5,20260602,210500,29.3165,29.3165,29.3165,29.3165,183,0
KJUN.US,5,20260602,211500,29.31,29.31,29.3,29.3,3128,0
KJUN.US,5,20260602,212000,29.31,29.31,29.3,29.3,745,0
KJUN.US,5,20260602,212500,29.31,29.32,29.3095,29.32,10932,0
KJUN.US,5,20260602,213000,29.305,29.305,29.305,29.305,1014,0
KJUN.US,5,20260602,213500,29.319,29.32,29.319,29.32,3015,0
KJUN.US,5,20260602,215000,29.3,29.33,29.3,29.31,17921,0
KJUN.US,5,20260603,153000,29.19,29.19,29.17,29.18,1300,0
KJUN.US,5,20260603,153500,29.21,29.22,29.21,29.22,1100,0
KJUN.US,5,20260603,154000,29.15,29.15,29.15,29.15,139,0
KJUN.US,5,20260603,154500,29.13,29.13,29.1,29.1,1295,0
KJUN.US,5,20260603,160000,29.08,29.13,29.08,29.13,1275,0
KJUN.US,5,20260603,160500,29.13,29.13,29.13,29.13,835,0
KJUN.US,5,20260603,161500,29.1799,29.1799,29.1799,29.1799,220,0
KJUN.US,5,20260603,162000,29.14,29.14,29.14,29.14,1000,0
KJUN.US,5,20260603,163000,29.18,29.18,29.12,29.18,1374,0
KJUN.US,5,20260603,163500,29.155,29.155,29.155,29.155,1712,0
KJUN.US,5,20260603,164000,29.18,29.18,29.18,29.18,1000,0
KJUN.US,5,20260603,164500,29.15,29.15,29.15,29.15,1858,0
KJUN.US,5,20260603,165000,29.17,29.17,29.17,29.17,816,0
KJUN.US,5,20260603,170500,29.14,29.155,29.14,29.149,3214,0
KJUN.US,5,20260603,172500,29.13,29.13,29.125,29.125,3435,0
KJUN.US,5,20260603,174500,29.12,29.12,29.12,29.12,627,0
KJUN.US,5,20260603,175000,29.1,29.1,29.1,29.1,240,0
KJUN.US,5,20260603,181500,29.1,29.1,29.1,29.1,1030,0
KJUN.US,5,20260603,182500,29.08,29.08,29.08,29.08,175,0
KJUN.US,5,20260603,184000,29.06,29.06,29.06,29.06,200,0
KJUN.US,5,20260603,184500,29.06,29.07,29.06,29.0699,4700,0
KJUN.US,5,20260603,185000,29.07,29.07,29.07,29.07,100,0
KJUN.US,5,20260603,191000,29.1098,29.1098,29.08,29.107,1800,0
KJUN.US,5,20260603,192500,29.08,29.08,29.08,29.08,400,0
KJUN.US,5,20260603,194500,29.12,29.1265,29.12,29.1265,4293,0
KJUN.US,5,20260603,195000,29.12,29.12,29.095,29.095,1700,0
KJUN.US,5,20260603,195500,29.12,29.12,29.12,29.12,575,0
KJUN.US,5,20260603,200000,29.12,29.12,29.12,29.12,1300,0
KJUN.US,5,20260603,200500,29.12,29.125,29.1,29.1,2244,0
KJUN.US,5,20260603,204500,29.12,29.12,29.12,29.12,567,0
KJUN.US,5,20260603,210000,29.119,29.119,29.09,29.09,900,0
KJUN.US,5,20260603,211000,29.09,29.098,29.09,29.09,2992,0
KJUN.US,5,20260603,211500,29.09,29.09,29.09,29.09,100,0
KJUN.US,5,20260603,212500,29.08,29.08,29.08,29.08,3200,0
KJUN.US,5,20260603,213000,29.09,29.09,29.072,29.09,3755,0
KJUN.US,5,20260603,213500,29.09,29.09,29.09,29.09,100,0
KJUN.US,5,20260603,215000,29.09,29.098,29.09,29.098,730,0
KJUN.US,5,20260604,161000,29.175,29.175,29.175,29.175,400,0
KJUN.US,5,20260604,163500,29.225,29.225,29.225,29.225,580,0
KJUN.US,5,20260604,165000,29.22,29.22,29.22,29.22,580,0
KJUN.US,5,20260604,170500,29.3,29.3,29.2999,29.3,1699,0
KJUN.US,5,20260604,171500,29.305,29.305,29.305,29.305,851,0
KJUN.US,5,20260604,172500,29.3,29.3,29.3,29.3,715,0
KJUN.US,5,20260604,173000,29.34,29.34,29.31,29.3265,847,0
KJUN.US,5,20260604,174000,29.26,29.26,29.26,29.26,443,0
KJUN.US,5,20260604,174500,29.28,29.28,29.28,29.28,427,0
KJUN.US,5,20260604,175000,29.26,29.26,29.2441,29.26,500,0
KJUN.US,5,20260604,175500,29.2691,29.2691,29.24,29.24,2266,0
KJUN.US,5,20260604,180000,29.24,29.24,29.24,29.24,751,0
KJUN.US,5,20260604,182500,29.3098,29.31,29.3055,29.3055,7100,0
KJUN.US,5,20260604,184000,29.3099,29.34,29.3099,29.335,26768,0
KJUN.US,5,20260604,184500,29.33,29.34,29.31,29.31,9667,0
KJUN.US,5,20260604,185000,29.29,29.33,29.29,29.3004,1882,0
KJUN.US,5,20260604,185500,29.3299,29.33,29.29,29.29,2093,0
KJUN.US,5,20260604,190000,29.33,29.33,29.285,29.285,1081,0
KJUN.US,5,20260604,190500,29.33,29.35,29.305,29.34,27506,0
KJUN.US,5,20260604,191500,29.305,29.31,29.305,29.31,511,0
KJUN.US,5,20260604,192000,29.31,29.31,29.3099,29.31,600,0
KJUN.US,5,20260604,193000,29.28,29.28,29.28,29.28,784,0
KJUN.US,5,20260604,194000,29.31,29.31,29.2878,29.2878,1280,0
KJUN.US,5,20260604,194500,29.31,29.31,29.28,29.28,3802,0
KJUN.US,5,20260604,195000,29.31,29.31,29.3099,29.31,1668,0
KJUN.US,5,20260604,195500,29.31,29.31,29.28,29.28,816,0
KJUN.US,5,20260604,200000,29.33,29.33,29.29,29.29,1628,0
KJUN.US,5,20260604,201000,29.305,29.305,29.305,29.305,1000,0
KJUN.US,5,20260604,201500,29.325,29.325,29.325,29.325,715,0
KJUN.US,5,20260604,202000,29.38,29.38,29.335,29.3799,1680,0
KJUN.US,5,20260604,202500,29.335,29.38,29.335,29.38,1976,0
KJUN.US,5,20260604,203000,29.3799,29.38,29.346932,29.346932,1996,0
KJUN.US,5,20260604,203500,29.34,29.38,29.34,29.38,1809,0
KJUN.US,5,20260604,205000,29.3699,29.3699,29.3699,29.3699,200,0
KJUN.US,5,20260604,205500,29.37,29.37,29.37,29.37,700,0
KJUN.US,5,20260604,210000,29.37,29.39,29.3441,29.39,3443,0
KJUN.US,5,20260604,210500,29.3899,29.39,29.3899,29.39,540,0
KJUN.US,5,20260604,211500,29.34,29.36,29.335,29.335,2377,0
KJUN.US,5,20260604,212000,29.37,29.38,29.34,29.38,2778,0
KJUN.US,5,20260604,212500,29.38,29.38,29.3504,29.36,2982,0
KJUN.US,5,20260604,213000,29.39,29.395,29.365,29.395,1872,0
KJUN.US,5,20260604,213500,29.4,29.41,29.37,29.41,3871,0
KJUN.US,5,20260604,214000,29.409,29.409,29.39,29.39,2871,0
KJUN.US,5,20260604,214500,29.389,29.389,29.34,29.376,2252,0
KJUN.US,5,20260604,215000,29.345,29.38,29.34,29.34,3407,0
KJUN.US,5,20260604,215500,29.325,29.37,29.325,29.37,3408,0
KJUN.US,5,20260605,153000,29.2,29.2,29.2,29.2,100,0
KJUN.US,5,20260605,160500,29.045,29.045,29.045,29.045,415,0
KJUN.US,5,20260605,162000,29.11,29.11,29.09,29.09,1203,0
KJUN.US,5,20260605,162500,29.09,29.09,29.0899,29.0899,301,0
KJUN.US,5,20260605,164000,29.12,29.12,29.1175,29.1175,1032,0
KJUN.US,5,20260605,165000,29.12,29.12,29.1,29.1,824,0
KJUN.US,5,20260605,173000,29.069,29.069,29.06,29.06,2500,0
KJUN.US,5,20260605,173500,29.025,29.04,29.015,29.015,2230,0
KJUN.US,5,20260605,174000,29.01,29.01,29.01,29.01,100,0
KJUN.US,5,20260605,175500,29.029,29.03,29.029,29.0299,24600,0
KJUN.US,5,20260605,180000,29.01,29.015,29.01,29.015,363,0
KJUN.US,5,20260605,180500,29,29,28.995,28.995,2389,0
KJUN.US,5,20260605,181000,28.98,28.98,28.98,28.98,104,0
KJUN.US,5,20260605,181500,28.98,28.98,28.97,28.97,445,0
KJUN.US,5,20260605,182000,28.99,28.99,28.963,28.963,1152,0
KJUN.US,5,20260605,182500,28.95,28.95,28.95,28.95,690,0
KJUN.US,5,20260605,183000,28.98,28.99,28.94,28.94,1429,0
KJUN.US,5,20260605,183500,28.96,28.96,28.9504,28.9504,1082,0
KJUN.US,5,20260605,184500,28.92,28.93,28.92,28.93,1600,0
KJUN.US,5,20260605,185000,28.905,28.905,28.905,28.905,2561,0
KJUN.US,5,20260605,185500,28.905,28.94,28.905,28.94,200,0
KJUN.US,5,20260605,190500,28.939,28.94,28.939,28.9399,1554,0
KJUN.US,5,20260605,191500,28.93,28.93,28.9,28.9,400,0
KJUN.US,5,20260605,192000,28.93,28.94,28.93,28.93,600,0
KJUN.US,5,20260605,193500,28.94,28.94,28.94,28.94,300,0
KJUN.US,5,20260605,194000,28.925,28.94,28.925,28.94,545,0
KJUN.US,5,20260605,194500,28.91,28.91,28.895,28.91,2074,0
KJUN.US,5,20260605,195000,28.91,28.915,28.91,28.915,3118,0
KJUN.US,5,20260605,195500,28.92,28.92,28.92,28.92,375,0
KJUN.US,5,20260605,200000,28.91,28.91,28.8941,28.8941,500,0
KJUN.US,5,20260605,201000,28.875,28.875,28.875,28.875,409,0
KJUN.US,5,20260605,201500,28.87,28.87,28.87,28.87,500,0
KJUN.US,5,20260605,202000,28.87,28.87,28.845,28.845,1518,0
KJUN.US,5,20260605,202500,28.869,28.869,28.869,28.869,155,0
KJUN.US,5,20260605,203500,28.815,28.815,28.815,28.815,531,0
KJUN.US,5,20260605,204500,28.8,28.8,28.8,28.8,100,0
KJUN.US,5,20260605,205000,28.765,28.765,28.765,28.765,554,0
KJUN.US,5,20260605,205500,28.7983,28.7983,28.7983,28.7983,1500,0
KJUN.US,5,20260605,210000,28.8,28.8,28.7678,28.78,19440,0
KJUN.US,5,20260605,210500,28.7899,28.7899,28.7899,28.7899,5899,0
KJUN.US,5,20260605,211000,28.7665,28.7665,28.756529,28.761471,4656,0
KJUN.US,5,20260605,211500,28.735,28.735,28.735,28.735,347,0
KJUN.US,5,20260605,212500,28.76,28.76,28.76,28.76,100,0
KJUN.US,5,20260605,213000,28.7696,28.77,28.74,28.74,1912,0
KJUN.US,5,20260605,213500,28.760347,28.78,28.760347,28.78,264,0
KJUN.US,5,20260605,214000,28.785,28.785,28.785,28.785,452,0
KJUN.US,5,20260605,214500,28.79,28.8099,28.79,28.8,7126,0
KJUN.US,5,20260605,215000,28.8,28.81,28.79,28.79,4477,0
KJUN.US,5,20260608,153000,29.02,29.025,29.02,29.02,1458,0
KJUN.US,5,20260608,155000,28.97,28.97,28.97,28.97,100,0
KJUN.US,5,20260608,160500,28.97,28.97,28.97,28.97,600,0
KJUN.US,5,20260608,170000,29.09,29.09,29.09,29.09,1036,0
KJUN.US,5,20260608,171000,29.07,29.07,29.07,29.07,1500,0
KJUN.US,5,20260608,173000,29.025,29.03,29.025,29.03,688,0
KJUN.US,5,20260608,174500,29.04,29.04,29.04,29.04,100,0
KJUN.US,5,20260608,175000,29.04,29.04,29.04,29.04,200,0
KJUN.US,5,20260608,180000,29.0399,29.04,29.0399,29.04,200,0
KJUN.US,5,20260608,183000,29.0299,29.0299,29.0299,29.0299,300,0
KJUN.US,5,20260608,184500,29.01,29.01,29.01,29.01,100,0
KJUN.US,5,20260608,192500,28.96,28.96,28.96,28.96,17600,0
KJUN.US,5,20260608,193000,28.96,28.97,28.95,28.95,9000,0
KJUN.US,5,20260608,193500,28.93,28.9399,28.93,28.9399,1008,0
KJUN.US,5,20260608,200000,28.93,28.97,28.93,28.97,404,0
KJUN.US,5,20260608,201500,28.96,28.96,28.96,28.96,350,0
KJUN.US,5,20260608,204000,28.99,28.99,28.975,28.975,4000,0
KJUN.US,5,20260608,210500,28.97,28.97,28.97,28.97,241,0
KJUN.US,5,20260608,211000,28.97,28.97,28.96,28.96,38595,0
KJUN.US,5,20260608,211500,28.96,28.96,28.96,28.96,3524,0
KJUN.US,5,20260608,212000,28.96,28.96,28.94,28.95,36087,0
KJUN.US,5,20260608,212500,28.9499,28.95,28.945,28.945,3500,0
KJUN.US,5,20260608,213000,28.97,28.97,28.97,28.97,378,0
KJUN.US,5,20260608,213500,28.95,28.95,28.95,28.95,100,0
KJUN.US,5,20260608,215000,28.97,28.97,28.97,28.97,13683,0
KJUN.US,5,20260609,153500,29.17,29.17,29.17,29.17,200,0
KJUN.US,5,20260609,154500,29.27,29.27,29.27,29.27,1800,0
KJUN.US,5,20260609,160500,29.265,29.265,29.265,29.265,102,0
KJUN.US,5,20260609,170500,29,29,28.985,28.985,540,0
KJUN.US,5,20260609,172500,28.89,28.895,28.89,28.89,517,0
KJUN.US,5,20260609,174000,28.86,28.88,28.86,28.88,5217,0
KJUN.US,5,20260609,175500,28.84,28.84,28.8,28.8,1519,0
KJUN.US,5,20260609,180000,28.81,28.81,28.81,28.81,243,0
KJUN.US,5,20260609,182000,28.675,28.675,28.675,28.675,240,0
KJUN.US,5,20260609,184000,28.615,28.615,28.615,28.615,175,0
KJUN.US,5,20260609,185500,28.64,28.64,28.64,28.64,100,0
KJUN.US,5,20260609,190000,28.69,28.69,28.68,28.68,4000,0
KJUN.US,5,20260609,195000,28.83,28.83,28.83,28.83,800,0
KJUN.US,5,20260609,201500,28.91,28.91,28.91,28.91,1200,0
KJUN.US,5,20260609,202500,28.9599,28.9599,28.9599,28.9599,250,0
KJUN.US,5,20260609,204500,28.97,28.9799,28.945,28.945,2128,0
KJUN.US,5,20260609,210000,29.0099,29.0099,29.0099,29.0099,225,0
KJUN.US,5,20260609,214500,28.925,28.925,28.925,28.925,250,0
KJUN.US,5,20260609,215000,28.955,28.955,28.955,28.955,900,0
KJUN.US,5,20260609,215500,29.02,29.02,29.02,29.02,119,0
KJUN.US,5,20260610,153000,29.14,29.14,29.14,29.14,1728,0
KJUN.US,5,20260610,153500,29.08,29.08,29.08,29.08,573,0
KJUN.US,5,20260610,155500,29.16,29.16,29.15,29.15,600,0
KJUN.US,5,20260610,160500,29.16,29.16,29.16,29.16,260,0
KJUN.US,5,20260610,161500,29.18,29.18,29.15,29.15,1260,0
KJUN.US,5,20260610,162000,29.14,29.14,29.14,29.14,700,0
KJUN.US,5,20260610,162500,29.17,29.17,29.17,29.17,1095,0
KJUN.US,5,20260610,163000,29.17,29.17,29.17,29.17,200,0
KJUN.US,5,20260610,164500,29.12,29.12,29.12,29.12,200,0
KJUN.US,5,20260610,170500,29.01,29.01,28.97,28.97,8340,0
KJUN.US,5,20260610,173500,28.979,28.98,28.95,28.95,2812,0
KJUN.US,5,20260610,174000,28.96,28.96,28.96,28.96,100,0
KJUN.US,5,20260610,174500,28.98,28.98,28.9199,28.92,600,0
KJUN.US,5,20260610,175000,28.93,28.93,28.93,28.93,200,0
KJUN.US,5,20260610,175500,28.94,28.98,28.94,28.98,3400,0
KJUN.US,5,20260610,180000,28.96,28.96,28.96,28.96,3188,0
KJUN.US,5,20260610,182000,28.94,28.94,28.94,28.94,828,0
KJUN.US,5,20260610,182500,28.91,28.92,28.91,28.92,1700,0
KJUN.US,5,20260610,183500,28.96,28.96,28.96,28.96,445,0
KJUN.US,5,20260610,184000,28.96,28.96,28.96,28.96,100,0
KJUN.US,5,20260610,185000,28.895,28.93,28.895,28.93,1665,0
KJUN.US,5,20260610,194500,28.88,28.88,28.88,28.88,200,0
KJUN.US,5,20260610,195000,28.91,28.91,28.91,28.91,300,0
KJUN.US,5,20260610,200000,28.96,28.99,28.96,28.98,1969,0
KJUN.US,5,20260610,200500,28.98,28.98,28.9778,28.98,3100,0
KJUN.US,5,20260610,201500,28.95,28.95,28.95,28.95,100,0
KJUN.US,5,20260610,202000,28.945,28.945,28.94,28.94,230,0
KJUN.US,5,20260610,205000,28.85,28.85,28.85,28.85,346,0
KJUN.US,5,20260610,205500,28.845,28.845,28.845,28.845,2009,0
KJUN.US,5,20260610,210000,28.84,28.84,28.84,28.84,1200,0
KJUN.US,5,20260610,210500,28.845,28.85,28.8349,28.85,1142,0
KJUN.US,5,20260610,211000,28.84,28.84,28.8389,28.8389,400,0
KJUN.US,5,20260610,211500,28.835,28.835,28.835,28.835,100,0
KJUN.US,5,20260610,212000,28.83,28.83,28.81,28.81,2022,0
KJUN.US,5,20260610,212500,28.82,28.82,28.79,28.79,1900,0
KJUN.US,5,20260610,214000,28.825,28.825,28.825,28.825,100,0
KJUN.US,5,20260610,214500,28.81,28.81,28.81,28.81,1200,0
KJUN.US,5,20260610,215500,28.825,28.825,28.825,28.825,100,0
KJUN.US,5,20260611,163500,29.015,29.015,29.015,29.015,1784,0
KJUN.US,5,20260611,171000,28.995,29.01,28.995,29.01,1283,0
KJUN.US,5,20260611,171500,29.02,29.0465,28.97,28.97,5303,0
KJUN.US,5,20260611,172000,29.04,29.04,29.04,29.04,100,0
KJUN.US,5,20260611,173500,29.04,29.04,29.04,29.04,1148,0
KJUN.US,5,20260611,174000,29.04,29.04,29.04,29.04,1818,0
KJUN.US,5,20260611,192000,28.965,28.965,28.965,28.965,176,0
KJUN.US,5,20260611,192500,28.98,28.98,28.98,28.98,100,0
KJUN.US,5,20260611,193500,29.18,29.19,29.18,29.19,200,0
KJUN.US,5,20260611,200000,29.23,29.235,29.23,29.235,1389,0
KJUN.US,5,20260611,200500,29.18,29.19,29.155,29.19,2827,0
KJUN.US,5,20260611,201500,29.2299,29.2299,29.2299,29.2299,100,0
KJUN.US,5,20260611,202500,29.19,29.2199,29.1643,29.18,884,0
KJUN.US,5,20260611,205000,29.21,29.21,29.21,29.21,684,0
KJUN.US,5,20260611,212000,29.27,29.27,29.24,29.27,3307,0
KJUN.US,5,20260611,212500,29.29,29.29,29.29,29.29,3721,0
KJUN.US,5,20260611,213500,29.28,29.28,29.28,29.28,103,0
KJUN.US,5,20260611,215000,29.29,29.29,29.28,29.28,682,0
KJUN.US,5,20260611,215500,29.28,29.28,29.28,29.28,1750,0
KJUN.US,5,20260612,153000,29.37,29.37,29.37,29.37,853,0
KJUN.US,5,20260612,155500,29.33,29.33,29.33,29.33,300,0
KJUN.US,5,20260612,161500,29.41,29.4199,29.395,29.4199,1892,0
KJUN.US,5,20260612,163500,29.47,29.47,29.47,29.47,100,0
KJUN.US,5,20260612,164500,29.43,29.44,29.43,29.4399,2800,0
KJUN.US,5,20260612,170000,29.495,29.51,29.49,29.4978,2575,0
KJUN.US,5,20260612,170500,29.495,29.495,29.495,29.495,169,0
KJUN.US,5,20260612,171000,29.49,29.495,29.49,29.49,339,0
KJUN.US,5,20260612,172000,29.53,29.53,29.53,29.53,100,0
KJUN.US,5,20260612,173000,29.48,29.48,29.48,29.48,290,0
KJUN.US,5,20260612,173500,29.46,29.46,29.46,29.46,600,0
KJUN.US,5,20260612,174500,29.443926,29.443926,29.443926,29.443926,610,0
KJUN.US,5,20260612,175500,29.4,29.4,29.4,29.4,100,0
KJUN.US,5,20260612,180500,29.38,29.38,29.38,29.38,100,0
KJUN.US,5,20260612,183500,29.4592,29.4592,29.4592,29.4592,1021,0
KJUN.US,5,20260612,184000,29.46,29.46,29.4599,29.46,2400,0
KJUN.US,5,20260612,184500,29.4599,29.4599,29.435,29.435,4424,0
KJUN.US,5,20260612,185000,29.4593,29.4593,29.4593,29.4593,1701,0
KJUN.US,5,20260612,193000,29.45,29.45,29.4499,29.4499,8146,0
KJUN.US,5,20260612,193500,29.45,29.45,29.4352,29.4498,5223,0
KJUN.US,5,20260612,194000,29.4488,29.4488,29.4488,29.4488,509,0
KJUN.US,5,20260612,201000,29.45,29.45,29.45,29.45,800,0
KJUN.US,5,20260612,205500,29.44,29.44,29.42,29.42,5000,0
KJUN.US,5,20260612,210000,29.42,29.42,29.4199,29.4199,592,0
KJUN.US,5,20260612,212000,29.435,29.435,29.435,29.435,250,0
KJUN.US,5,20260612,213500,29.43,29.43,29.43,29.43,100,0
KJUN.US,5,20260612,215500,29.4099,29.4099,29.4099,29.4099,850,0
KJUN.US,5,20260615,153500,29.65,29.66,29.65,29.66,1600,0
KJUN.US,5,20260615,155500,29.67,29.67,29.67,29.67,100,0
KJUN.US,5,20260615,160500,29.625,29.625,29.625,29.625,6700,0
KJUN.US,5,20260615,161000,29.615,29.628,29.6,29.6,1800,0
KJUN.US,5,20260615,163500,29.57,29.57,29.57,29.57,600,0
KJUN.US,5,20260615,164500,29.56,29.56,29.56,29.56,693,0
KJUN.US,5,20260615,173500,29.6,29.6,29.6,29.6,300,0
KJUN.US,5,20260615,181000,29.57,29.57,29.57,29.57,300,0
KJUN.US,5,20260615,181500,29.62,29.62,29.62,29.62,300,0
KJUN.US,5,20260615,192500,29.6,29.6,29.6,29.6,675,0
KJUN.US,5,20260615,200500,29.55,29.55,29.55,29.55,561,0
KJUN.US,5,20260615,202500,29.555,29.555,29.555,29.555,2028,0
KJUN.US,5,20260615,205500,29.555,29.555,29.55,29.55,286,0
KJUN.US,5,20260615,210500,29.53,29.53,29.53,29.53,845,0
KJUN.US,5,20260615,215000,29.555,29.56,29.55,29.55,67361,0
KJUN.US,5,20260615,215500,29.55,29.55,29.52,29.52,700,0
KJUN.US,5,20260616,153500,29.64,29.64,29.64,29.64,100,0
KJUN.US,5,20260616,162000,29.57,29.57,29.57,29.57,200,0
KJUN.US,5,20260616,163000,29.53,29.53,29.51,29.51,2865,0
KJUN.US,5,20260616,165000,29.5,29.5,29.5,29.5,975,0
KJUN.US,5,20260616,165500,29.47,29.47,29.47,29.47,904,0
KJUN.US,5,20260616,171000,29.51,29.51,29.51,29.51,100,0
KJUN.US,5,20260616,172000,29.49,29.49,29.49,29.49,300,0
KJUN.US,5,20260616,172500,29.47,29.47,29.47,29.47,300,0
KJUN.US,5,20260616,174000,29.48,29.48,29.48,29.48,200,0
KJUN.US,5,20260616,185500,29.51,29.51,29.51,29.51,100,0
KJUN.US,5,20260616,190000,29.5,29.5,29.5,29.5,170,0
KJUN.US,5,20260616,190500,29.5,29.5,29.5,29.5,914,0
KJUN.US,5,20260616,192000,29.4962,29.4962,29.4962,29.4962,250,0
KJUN.US,5,20260616,193500,29.48,29.48,29.48,29.48,1055,0
KJUN.US,5,20260616,202000,29.505,29.51,29.505,29.51,6775,0
KJUN.US,5,20260616,204500,29.5099,29.5099,29.5099,29.5099,165,0
KJUN.US,5,20260616,210000,29.48,29.48,29.48,29.48,100,0
KJUN.US,5,20260616,211000,29.445,29.445,29.445,29.445,728,0
KJUN.US,5,20260616,214000,29.45,29.46,29.45,29.46,5900,0
KJUN.US,5,20260616,215500,29.43,29.43,29.43,29.43,800,0
KJUN.US,5,20260617,153500,29.53,29.53,29.53,29.53,2300,0
KJUN.US,5,20260617,160000,29.52,29.52,29.52,29.52,250,0
KJUN.US,5,20260617,160500,29.54,29.54,29.527853,29.527853,676,0
KJUN.US,5,20260617,161000,29.525,29.525,29.525,29.525,169,0
KJUN.US,5,20260617,162000,29.57,29.57,29.57,29.57,1000,0
KJUN.US,5,20260617,163000,29.51,29.51,29.51,29.51,100,0
KJUN.US,5,20260617,165000,29.5,29.5,29.5,29.5,100,0
KJUN.US,5,20260617,171000,29.51,29.515,29.51,29.51,2880,0
KJUN.US,5,20260617,173500,29.58,29.58,29.56,29.58,3400,0
KJUN.US,5,20260617,174000,29.5799,29.58,29.5799,29.58,214,0
KJUN.US,5,20260617,175000,29.575,29.575,29.575,29.575,680,0
KJUN.US,5,20260617,181000,29.575,29.575,29.575,29.575,254,0
KJUN.US,5,20260617,194500,29.56,29.56,29.56,29.56,100,0
KJUN.US,5,20260617,195500,29.5719,29.5719,29.5719,29.5719,308,0
KJUN.US,5,20260617,200000,29.42,29.42,29.42,29.42,100,0
KJUN.US,5,20260617,200500,29.3676,29.3676,29.3676,29.3676,1436,0
KJUN.US,5,20260617,204000,29.5,29.5,29.5,29.5,201,0
KJUN.US,5,20260617,205000,29.51,29.51,29.51,29.51,300,0
KJUN.US,5,20260617,211000,29.39,29.39,29.38,29.38,398,0
KJUN.US,5,20260617,212000,29.31,29.31,29.31,29.31,1739,0
KJUN.US,5,20260617,213500,29.26,29.28,29.26,29.27,1700,0
KJUN.US,5,20260617,215000,29.23,29.23,29.23,29.23,1706,0
KJUN.US,5,20260617,215500,29.29,29.3,29.29,29.3,2729,0
KJUN.US,5,20260618,153000,29.53,29.53,29.53,29.53,145,0
KJUN.US,5,20260618,161000,29.42,29.42,29.41,29.41,200,0
KJUN.US,5,20260618,182500,29.51,29.51,29.509,29.5099,810,0
KJUN.US,5,20260618,183500,29.5,29.5,29.5,29.5,125,0
KJUN.US,5,20260618,185000,29.5,29.5,29.5,29.5,1547,0
KJUN.US,5,20260618,185500,29.5,29.5,29.5,29.5,1694,0
KJUN.US,5,20260618,192500,29.52,29.53,29.52,29.53,1700,0
KJUN.US,5,20260618,194000,29.5237,29.5237,29.5237,29.5237,700,0
KJUN.US,5,20260618,195500,29.52,29.52,29.52,29.52,12190,0
KJUN.US,5,20260618,200000,29.53,29.53,29.5299,29.53,400,0
KJUN.US,5,20260618,202500,29.529,29.529,29.529,29.529,200,0
KJUN.US,5,20260618,204500,29.53,29.54,29.53,29.54,138182,0
KJUN.US,5,20260618,211000,29.54,29.54,29.54,29.54,100,0
KJUN.US,5,20260618,213000,29.5279,29.5279,29.5279,29.5279,500,0
KJUN.US,5,20260618,213500,29.525,29.525,29.525,29.525,320,0
KJUN.US,5,20260618,214000,29.525,29.525,29.525,29.525,1024,0
KJUN.US,5,20260622,153000,29.66,29.66,29.66,29.66,435,0
KJUN.US,5,20260622,154000,29.69,29.69,29.69,29.69,100,0
KJUN.US,5,20260622,161500,29.68,29.69,29.68,29.6897,1400,0
KJUN.US,5,20260622,162000,29.63,29.63,29.63,29.63,810,0
KJUN.US,5,20260622,163000,29.63,29.63,29.63,29.63,336,0
KJUN.US,5,20260622,163500,29.67,29.67,29.67,29.67,100,0
KJUN.US,5,20260622,164000,29.66,29.66,29.6446,29.6446,860,0
KJUN.US,5,20260622,171500,29.65,29.65,29.65,29.65,3707,0
KJUN.US,5,20260622,173500,29.67,29.67,29.6699,29.6699,600,0
KJUN.US,5,20260622,175000,29.65,29.65,29.65,29.65,155,0
KJUN.US,5,20260622,180500,29.65,29.65,29.65,29.65,800,0
KJUN.US,5,20260622,182500,29.66,29.66,29.66,29.66,600,0
KJUN.US,5,20260622,183500,29.635,29.635,29.635,29.635,507,0
KJUN.US,5,20260622,184000,29.66,29.66,29.66,29.66,350,0
KJUN.US,5,20260622,190000,29.69,29.69,29.69,29.69,600,0
KJUN.US,5,20260622,191500,29.68,29.68,29.6736,29.6736,600,0
KJUN.US,5,20260622,202000,29.74,29.74,29.74,29.74,100,0
KJUN.US,5,20260622,202500,29.75,29.75,29.75,29.75,194,0
KJUN.US,5,20260622,203500,29.7,29.7,29.69,29.69,495,0
KJUN.US,5,20260622,210000,29.66,29.66,29.66,29.66,400,0
KJUN.US,5,20260622,211000,29.6548,29.6548,29.6548,29.6548,1501,0
KJUN.US,5,20260622,213000,29.71,29.71,29.71,29.71,1682,0
KJUN.US,5,20260622,214000,29.72,29.72,29.7,29.71,6749,0
KJUN.US,5,20260622,214500,29.71,29.71,29.705,29.705,600,0
KJUN.US,5,20260622,215500,29.7,29.7,29.7,29.7,600,0
