<TICKER>,<PER>,<DATE>,<TIME>,<OPEN>,<HIGH>,<LOW>,<CLOSE>,<VOL>,<OPENINT>
HYP.US,5,20260126,161000,28.11,28.11,28.11,28.11,100,0
HYP.US,5,20260126,162500,28.0694,28.0694,28.04,28.04,460,0
HYP.US,5,20260126,163000,27.96,27.96,27.94,27.94,200,0
HYP.US,5,20260126,170000,27.79,27.79,27.79,27.79,100,0
HYP.US,5,20260126,171500,27.86,27.87,27.86,27.8699,1900,0
HYP.US,5,20260126,172500,27.84,27.84,27.82,27.82,308,0
HYP.US,5,20260126,181500,28.26,28.26,27.83,27.83,5000,0
HYP.US,5,20260126,182000,28.175,28.175,28.175,28.175,100,0
HYP.US,5,20260126,182500,28.3699,28.3699,28.3699,28.3699,355,0
HYP.US,5,20260126,184000,28.17,28.38,28.16,28.38,958,0
HYP.US,5,20260126,184500,27.97,27.97,27.97,27.97,400,0
HYP.US,5,20260126,190000,27.86,27.86,27.86,27.86,100,0
HYP.US,5,20260126,191000,27.8,27.8,27.8,27.8,100,0
HYP.US,5,20260126,193500,27.78,27.78,27.78,27.78,100,0
HYP.US,5,20260126,200000,27.775,27.775,27.77,27.77,200,0
HYP.US,5,20260126,201500,27.7,27.7,27.66,27.66,1135,0
HYP.US,5,20260126,202000,27.61,27.61,27.61,27.61,100,0
HYP.US,5,20260126,210500,27.37,27.39,27.31,27.31,667,0
HYP.US,5,20260126,213500,27.35,27.35,27.35,27.35,100,0
HYP.US,5,20260126,214000,27.35,27.35,27.35,27.35,100,0
HYP.US,5,20260126,214500,27.39,27.39,27.31,27.31,300,0
HYP.US,5,20260126,215500,27.36,27.36,27.36,27.36,100,0
HYP.US,5,20260127,160500,27.51,27.51,27.51,27.51,100,0
HYP.US,5,20260127,170000,27.7399,27.7399,27.63,27.63,5500,0
HYP.US,5,20260127,171500,27.87,27.87,27.87,27.87,100,0
HYP.US,5,20260127,175500,27.83,27.83,27.82,27.825,500,0
HYP.US,5,20260127,181500,27.72,27.72,27.72,27.72,200,0
HYP.US,5,20260127,184500,27.84,27.84,27.84,27.84,100,0
HYP.US,5,20260127,200000,27.86,27.88,27.86,27.88,228,0
HYP.US,5,20260127,213000,28.04,28.04,28.04,28.04,100,0
HYP.US,5,20260127,215000,28.005,28.005,28.005,28.005,393,0
HYP.US,5,20260127,215500,28.0605,28.11,28.0605,28.11,250,0
HYP.US,5,20260128,154500,28.64,28.65,28.64,28.65,503,0
HYP.US,5,20260128,155500,28.55,28.55,28.55,28.55,100,0
HYP.US,5,20260128,160000,28.6,28.6,28.6,28.6,100,0
HYP.US,5,20260128,160500,28.54,28.54,28.54,28.54,100,0
HYP.US,5,20260128,162000,28.44,28.44,28.385,28.385,200,0
HYP.US,5,20260128,163500,28.42,28.445,28.42,28.445,2100,0
HYP.US,5,20260128,165000,28.42,28.42,28.391,28.391,300,0
HYP.US,5,20260128,170500,28.37,28.37,28.37,28.37,100,0
HYP.US,5,20260128,174000,28.395,28.395,28.2984,28.2984,300,0
HYP.US,5,20260128,180000,28.44,28.44,28.44,28.44,100,0
HYP.US,5,20260128,180500,28.45,28.46,28.45,28.46,3332,0
HYP.US,5,20260128,181500,28.46,28.46,28.46,28.46,275,0
HYP.US,5,20260128,195000,28.19,28.2899,28.19,28.27,3300,0
HYP.US,5,20260128,202000,28.45,28.45,28.45,28.45,1100,0
HYP.US,5,20260128,203000,28.32,28.32,28.21,28.21,482,0
HYP.US,5,20260128,204000,28.44,28.44,28.44,28.44,100,0
HYP.US,5,20260128,204500,28.49,28.49,28.49,28.49,100,0
HYP.US,5,20260128,205500,28.53,28.53,28.39,28.39,1100,0
HYP.US,5,20260128,210500,28.51,28.51,28.51,28.51,200,0
HYP.US,5,20260128,212500,28.525,28.525,28.52,28.52,300,0
HYP.US,5,20260128,214500,28.53,28.53,28.53,28.53,200,0
HYP.US,5,20260128,215000,28.58,28.59,28.58,28.59,805,0
HYP.US,5,20260128,215500,28.58,28.58,28.58,28.58,2267,0
HYP.US,5,20260129,154000,28.48,28.48,28.48,28.48,100,0
HYP.US,5,20260129,161000,28,28,28,28,100,0
HYP.US,5,20260129,161500,27.81,27.81,27.81,27.81,200,0
HYP.US,5,20260129,162000,27.5776,27.5776,27.5776,27.5776,200,0
HYP.US,5,20260129,163500,27.53,27.53,27.49,27.49,300,0
HYP.US,5,20260129,164000,27.4,27.4,27.4,27.4,100,0
HYP.US,5,20260129,174000,27.605,27.605,27.605,27.605,255,0
HYP.US,5,20260129,174500,27.68,27.68,27.68,27.68,500,0
HYP.US,5,20260129,175500,27.62,27.62,27.62,27.62,100,0
HYP.US,5,20260129,183500,27.95,27.95,27.95,27.95,100,0
HYP.US,5,20260129,193000,27.81,27.81,27.81,27.81,100,0
HYP.US,5,20260129,201500,27.89,27.89,27.89,27.89,100,0
HYP.US,5,20260129,203000,27.89,27.89,27.89,27.89,100,0
HYP.US,5,20260129,204000,27.8,27.8,27.8,27.8,100,0
HYP.US,5,20260129,211500,27.69,27.69,27.64,27.64,280,0
HYP.US,5,20260129,214000,27.73,27.73,27.73,27.73,100,0
HYP.US,5,20260129,214500,27.73,27.77,27.73,27.77,3667,0
HYP.US,5,20260129,215000,27.85,27.86,27.85,27.86,3500,0
HYP.US,5,20260129,215500,27.97,28.25,27.97,28.16,2661,0
HYP.US,5,20260130,153500,27.57,27.57,27.57,27.57,100,0
HYP.US,5,20260130,160500,27.11,27.11,27.11,27.11,100,0
HYP.US,5,20260130,161000,27.06,27.06,27.06,27.06,100,0
HYP.US,5,20260130,162000,27.03,27.03,27.03,27.03,195,0
HYP.US,5,20260130,165000,27.16,27.16,27.16,27.16,100,0
HYP.US,5,20260130,173000,26.74,26.74,26.74,26.74,100,0
HYP.US,5,20260130,180500,26.5,26.5,26.5,26.5,100,0
HYP.US,5,20260130,183000,26.55,26.55,26.55,26.55,100,0
HYP.US,5,20260130,184000,26.41,26.41,26.41,26.41,100,0
HYP.US,5,20260130,192000,26.1,26.1,26.1,26.1,362,0
HYP.US,5,20260130,193000,26.08,26.08,26.08,26.08,100,0
HYP.US,5,20260130,194500,26.1,26.1,26.1,26.1,400,0
HYP.US,5,20260130,200000,26.43,26.43,26.43,26.43,100,0
HYP.US,5,20260130,201000,26.38,26.39,26.28,26.28,11000,0
HYP.US,5,20260130,202500,26.5,26.5,26.41,26.41,500,0
HYP.US,5,20260130,210000,26.24,26.24,26.24,26.24,100,0
HYP.US,5,20260130,210500,26.19,26.19,26.19,26.19,200,0
HYP.US,5,20260130,211500,26.12,26.12,26.12,26.12,100,0
HYP.US,5,20260130,212000,26.11,26.11,26.09,26.09,300,0
HYP.US,5,20260130,212500,26.03,26.03,26.03,26.03,200,0
HYP.US,5,20260130,213000,26.03,26.03,26.03,26.03,300,0
HYP.US,5,20260130,213500,26.07,26.07,26.07,26.07,800,0
HYP.US,5,20260130,214000,26.11,26.11,26.11,26.11,100,0
HYP.US,5,20260130,215000,26.15,26.15,26.1,26.1,200,0
HYP.US,5,20260130,215500,26.13,26.13,26.13,26.13,1800,0
HYP.US,5,20260202,153000,25.51,26.225,25.51,26.225,657,0
HYP.US,5,20260202,155000,26.12,26.13,26.12,26.1299,500,0
HYP.US,5,20260202,155500,26.01,26.01,26,26,398,0
HYP.US,5,20260202,162000,26.29,26.29,26.29,26.29,100,0
HYP.US,5,20260202,162500,26.17,26.17,26.17,26.17,200,0
HYP.US,5,20260202,180000,26.28,26.29,26.2521,26.26,6000,0
HYP.US,5,20260202,180500,26.2899,26.29,26.22,26.22,3900,0
HYP.US,5,20260202,190000,26.38,26.38,26.36,26.36,200,0
HYP.US,5,20260202,200000,26.41,26.41,26.41,26.41,100,0
HYP.US,5,20260202,203000,26.36,26.36,26.35,26.35,200,0
HYP.US,5,20260202,205000,26.32,26.32,26.32,26.32,100,0
HYP.US,5,20260202,211500,26.27,26.27,26.26,26.26,200,0
HYP.US,5,20260202,215500,26.22,26.23,26.22,26.23,2000,0
HYP.US,5,20260203,153000,26.8,26.8,26.8,26.8,200,0
HYP.US,5,20260203,155000,28.43,28.43,28.43,28.43,100,0
HYP.US,5,20260203,155500,26.97,26.97,26.97,26.97,100,0
HYP.US,5,20260203,160000,26.68,26.68,26.68,26.68,205,0
HYP.US,5,20260203,161000,26.79,26.79,26.79,26.79,200,0
HYP.US,5,20260203,162000,26.84,26.85,26.8117,26.85,7105,0
HYP.US,5,20260203,162500,26.98,26.98,26.98,26.98,198,0
HYP.US,5,20260203,163000,27.04,27.04,26.98,26.98,680,0
HYP.US,5,20260203,163500,26.88,26.88,26.88,26.88,100,0
HYP.US,5,20260203,164500,27.02,27.02,27.02,27.02,100,0
HYP.US,5,20260203,165000,27.16,27.16,27.16,27.16,100,0
HYP.US,5,20260203,170000,27.27,27.27,27.27,27.27,192,0
HYP.US,5,20260203,170500,27.18,27.18,27.18,27.18,100,0
HYP.US,5,20260203,172000,27.08,27.08,27.08,27.08,100,0
HYP.US,5,20260203,172500,27.01,27.03,27.01,27.03,200,0
HYP.US,5,20260203,174000,27.05,27.05,27.05,27.05,198,0
HYP.US,5,20260203,174500,27.01,27.01,27.01,27.01,200,0
HYP.US,5,20260203,175000,27,27,27,27,100,0
HYP.US,5,20260203,180500,27,27,26.95,26.95,300,0
HYP.US,5,20260203,181000,26.81,26.81,26.81,26.81,100,0
HYP.US,5,20260203,182000,26.85,26.85,26.85,26.85,100,0
HYP.US,5,20260203,182500,26.8435,26.8435,26.83,26.83,300,0
HYP.US,5,20260203,183000,26.82,26.82,26.82,26.82,200,0
HYP.US,5,20260203,183500,26.78,26.78,26.78,26.78,200,0
HYP.US,5,20260203,184000,26.72,26.72,26.63,26.63,528,0
HYP.US,5,20260203,184500,26.61,26.67,26.61,26.67,512,0
HYP.US,5,20260203,185000,26.69,26.73,26.69,26.73,228,0
HYP.US,5,20260203,185500,26.67,26.67,26.67,26.67,200,0
HYP.US,5,20260203,191000,26.61,26.61,26.54,26.54,398,0
HYP.US,5,20260203,192000,26.44,26.44,26.44,26.44,100,0
HYP.US,5,20260203,192500,26.31,26.31,26.29,26.29,341,0
HYP.US,5,20260203,193000,26.31,26.31,26.31,26.31,313,0
HYP.US,5,20260203,194000,26.34,26.34,26.34,26.34,192,0
HYP.US,5,20260203,194500,26.31,26.32,26.28,26.32,5830,0
HYP.US,5,20260203,195000,26.3,26.3,26.19,26.28,16101,0
HYP.US,5,20260203,195500,26.57,26.57,26.27,26.27,300,0
HYP.US,5,20260203,201500,26.52,26.52,26.52,26.52,210,0
HYP.US,5,20260203,202000,26.65,26.65,26.64,26.64,300,0
HYP.US,5,20260203,202500,26.58,26.58,26.49,26.52,600,0
HYP.US,5,20260203,203000,26.42,26.42,26.42,26.42,100,0
HYP.US,5,20260203,204500,26.6,26.6,26.6,26.6,192,0
HYP.US,5,20260203,210000,26.73,26.74,26.73,26.74,2090,0
HYP.US,5,20260203,210500,26.75,26.75,26.74,26.74,2100,0
HYP.US,5,20260203,211500,26.79,26.79,26.79,26.79,216,0
HYP.US,5,20260203,212000,26.79,26.79,26.79,26.79,200,0
HYP.US,5,20260203,213500,26.91,26.91,26.91,26.91,308,0
HYP.US,5,20260203,214500,26.96,26.96,26.96,26.96,192,0
HYP.US,5,20260203,215000,27.05,27.05,27.05,27.05,198,0
HYP.US,5,20260203,215500,27.1,27.16,27.1,27.15,2771,0
HYP.US,5,20260204,153000,26.98,26.98,26.78,26.78,286,0
HYP.US,5,20260204,164000,25.74,25.74,25.74,25.74,100,0
HYP.US,5,20260204,164500,25.89,25.89,25.8,25.8,300,0
HYP.US,5,20260204,165500,25.68,25.68,25.68,25.68,100,0
HYP.US,5,20260204,175500,25.24,25.24,25.24,25.24,197,0
HYP.US,5,20260204,181500,25.26,25.26,25.26,25.26,160,0
HYP.US,5,20260204,190500,24.94,24.94,24.89,24.89,200,0
HYP.US,5,20260204,192500,25.0499,25.08,25.04,25.08,5900,0
HYP.US,5,20260204,193000,24.99,24.99,24.99,24.99,200,0
HYP.US,5,20260204,193500,24.92,24.94,24.82,24.9,34700,0
HYP.US,5,20260204,195000,24.83,24.8599,24.755,24.85,15100,0
HYP.US,5,20260204,200000,24.89,24.89,24.89,24.89,200,0
HYP.US,5,20260204,200500,24.9,24.9,24.75,24.75,703,0
HYP.US,5,20260204,201000,24.93,24.93,24.93,24.93,5000,0
HYP.US,5,20260204,201500,24.98,25.42,24.925,25.07,10100,0
HYP.US,5,20260204,202000,25.02,25.4299,24.93,24.93,26596,0
HYP.US,5,20260204,203500,25.2,25.2,25.2,25.2,100,0
HYP.US,5,20260204,204500,25.37,25.49,25.37,25.48,18819,0
HYP.US,5,20260204,210500,25.64,25.64,25.64,25.64,300,0
HYP.US,5,20260204,211000,25.63,25.63,25.61,25.61,300,0
HYP.US,5,20260204,215000,25.72,25.72,25.63,25.645,15900,0
HYP.US,5,20260204,215500,25.69,25.72,25.63,25.71,6926,0
HYP.US,5,20260205,153000,24.62,24.72,24.53,24.53,500,0
HYP.US,5,20260205,153500,24.86,24.86,24.62,24.74,420,0
HYP.US,5,20260205,154000,25.17,25.17,25.17,25.17,100,0
HYP.US,5,20260205,155000,25.24,25.24,25.185,25.185,396,0
HYP.US,5,20260205,155500,25.06,25.06,25.06,25.06,100,0
HYP.US,5,20260205,163000,24.25,24.25,24.25,24.25,100,0
HYP.US,5,20260205,165000,24.43,24.43,24.43,24.43,100,0
HYP.US,5,20260205,170500,24.265,24.265,24.265,24.265,5000,0
HYP.US,5,20260205,172000,24.44,24.44,24.44,24.44,300,0
HYP.US,5,20260205,173500,24.64,24.64,24.64,24.64,50000,0
HYP.US,5,20260205,174000,24.67,24.72,24.635,24.71,36700,0
HYP.US,5,20260205,174500,24.67,24.775,24.67,24.68,5300,0
HYP.US,5,20260205,175500,24.66,24.71,24.65,24.7,5557,0
HYP.US,5,20260205,180000,24.62,24.62,24.61,24.62,525,0
HYP.US,5,20260205,181000,24.56,24.56,24.56,24.56,100,0
HYP.US,5,20260205,191500,24.47,24.47,24.47,24.47,100,0
HYP.US,5,20260205,192000,24.37,24.37,24.37,24.37,100,0
HYP.US,5,20260205,194500,24.31,24.31,24.225,24.24,7874,0
HYP.US,5,20260205,195000,24.2207,24.23,24.15,24.21,27045,0
HYP.US,5,20260205,195500,24.23,24.32,24.18,24.32,10541,0
HYP.US,5,20260205,202500,24.35,24.355,24.35,24.355,600,0
HYP.US,5,20260205,203000,24.27,24.27,24.23,24.23,600,0
HYP.US,5,20260205,205500,24.26,24.26,24.26,24.26,100,0
HYP.US,5,20260205,214000,21.93,21.93,21.93,21.93,237,0
HYP.US,5,20260206,153000,24.72,24.8,24.72,24.8,200,0
HYP.US,5,20260206,154000,25.16,25.16,25.1,25.1,300,0
HYP.US,5,20260206,155000,25.24,25.24,25.24,25.24,100,0
HYP.US,5,20260206,160000,25.1,25.1,25.1,25.1,200,0
HYP.US,5,20260206,161000,25.235,25.235,25.2301,25.235,5100,0
HYP.US,5,20260206,161500,25.235,25.295,25.235,25.24,31980,0
HYP.US,5,20260206,162500,25.235,25.235,25.235,25.235,100,0
HYP.US,5,20260206,165500,25.307,25.307,25.307,25.307,500,0
HYP.US,5,20260206,172500,25.48,25.53,25.48,25.53,32746,0
HYP.US,5,20260206,175500,25.59,25.59,25.5825,25.585,884,0
HYP.US,5,20260206,193000,25.73,25.73,25.73,25.73,100,0
HYP.US,5,20260206,201000,25.715,25.715,25.715,25.715,200,0
HYP.US,5,20260206,201500,25.7125,25.7125,25.7125,25.7125,100,0
HYP.US,5,20260206,202000,25.72,25.72,25.72,25.72,100,0
HYP.US,5,20260206,210000,25.745,25.745,25.74,25.745,300,0
HYP.US,5,20260206,214500,25.88,25.88,25.88,25.88,100,0
HYP.US,5,20260209,153000,25.85,25.85,25.85,25.85,212,0
HYP.US,5,20260209,161000,26.49,26.49,26.49,26.49,628,0
HYP.US,5,20260209,163500,26.67,26.675,26.67,26.675,200,0
HYP.US,5,20260209,164000,26.7,26.72,26.7,26.72,1394,0
HYP.US,5,20260209,170000,26.84,26.84,26.84,26.84,252,0
HYP.US,5,20260209,172000,26.83,26.83,26.83,26.83,100,0
HYP.US,5,20260209,181500,27.01,27.01,27.009,27.009,1864,0
HYP.US,5,20260209,182000,26.97,26.97,26.97,26.97,100,0
HYP.US,5,20260209,182500,26.95,26.95,26.95,26.95,1296,0
HYP.US,5,20260209,184000,26.94,26.94,26.94,26.94,640,0
HYP.US,5,20260209,185500,26.8599,26.87,26.8599,26.86,5251,0
HYP.US,5,20260209,191000,26.855,26.935,26.855,26.935,220,0
HYP.US,5,20260209,192000,26.8,26.8,26.72,26.72,300,0
HYP.US,5,20260209,193000,26.82,26.82,26.82,26.82,153,0
HYP.US,5,20260209,200000,26.92,26.92,26.92,26.92,100,0
HYP.US,5,20260209,214000,26.98,26.98,26.98,26.98,100,0
HYP.US,5,20260209,215500,26.94,26.95,26.94,26.95,2100,0
HYP.US,5,20260210,153000,27.09,27.09,27.09,27.09,100,0
HYP.US,5,20260210,153500,26.69,26.69,26.69,26.69,100,0
HYP.US,5,20260210,154000,26.74,26.74,26.74,26.74,200,0
HYP.US,5,20260210,154500,26.62,26.62,26.62,26.62,100,0
HYP.US,5,20260210,161000,26.73,26.73,26.73,26.73,1000,0
HYP.US,5,20260210,164000,26.89,26.89,26.89,26.89,100,0
HYP.US,5,20260210,175500,26.83,26.83,26.83,26.83,500,0
HYP.US,5,20260210,181000,26.92,26.92,26.92,26.92,100,0
HYP.US,5,20260210,185000,27.08,27.08,27.08,27.08,600,0
HYP.US,5,20260210,191500,27,27,26.98,26.98,200,0
HYP.US,5,20260210,192000,26.88,26.88,26.88,26.88,100,0
HYP.US,5,20260210,192500,26.82,26.82,26.82,26.82,100,0
HYP.US,5,20260210,193000,26.72,26.72,26.72,26.72,200,0
HYP.US,5,20260210,200000,26.75,26.75,26.75,26.75,100,0
HYP.US,5,20260210,204500,26.89,26.9,26.89,26.9,1100,0
HYP.US,5,20260210,205000,26.89,26.9,26.89,26.89,6950,0
HYP.US,5,20260210,210000,26.86,26.86,26.86,26.86,587,0
HYP.US,5,20260210,211500,26.82,26.82,26.82,26.82,100,0
HYP.US,5,20260210,212000,26.82,26.82,26.82,26.82,1543,0
HYP.US,5,20260210,212500,26.78,26.78,26.78,26.78,100,0
HYP.US,5,20260210,213500,26.75,26.75,26.75,26.75,100,0
HYP.US,5,20260210,215500,26.74,26.74,26.7,26.7,3110,0
HYP.US,5,20260211,153500,27.04,27.04,27.04,27.04,300,0
HYP.US,5,20260211,154000,26.93,26.93,26.93,26.93,300,0
HYP.US,5,20260211,154500,27.02,27.02,27,27,400,0
HYP.US,5,20260211,161000,26.35,26.35,26.35,26.35,100,0
HYP.US,5,20260211,171500,26.44,26.44,26.44,26.44,100,0
HYP.US,5,20260211,202000,26.64,26.645,26.64,26.645,1100,0
HYP.US,5,20260211,205500,26.76,26.76,26.76,26.76,100,0
HYP.US,5,20260211,213500,26.675,26.675,26.675,26.675,349,0
HYP.US,5,20260211,214000,26.68,26.73,26.64,26.73,3160,0
HYP.US,5,20260211,215500,26.69,26.69,26.69,26.69,200,0
HYP.US,5,20260212,154500,26.87,26.87,26.7,26.72,641,0
HYP.US,5,20260212,161000,26.66,26.66,26.66,26.66,100,0
HYP.US,5,20260212,164500,26.68,26.68,26.68,26.68,100,0
HYP.US,5,20260212,171000,26.47,26.47,26.47,26.47,159,0
HYP.US,5,20260212,173000,25.79,25.83,25.79,25.83,665,0
HYP.US,5,20260212,173500,25.74,25.88,25.74,25.88,500,0
HYP.US,5,20260212,174500,25.91,25.91,25.91,25.91,100,0
HYP.US,5,20260212,185000,26.11,26.11,26.11,26.11,100,0
HYP.US,5,20260212,193500,25.98,25.98,25.98,25.98,100,0
HYP.US,5,20260213,154000,25.84,25.84,25.84,25.84,100,0
HYP.US,5,20260213,155500,26,26,26,26,100,0
HYP.US,5,20260213,160000,26.02,26.02,26.02,26.02,150,0
HYP.US,5,20260213,160500,26.4,26.4,26.4,26.4,100,0
HYP.US,5,20260213,164500,26.54,26.54,26.54,26.54,100,0
HYP.US,5,20260213,184000,26.953,26.953,26.943,26.943,300,0
HYP.US,5,20260213,184500,26.89,26.89,26.89,26.89,100,0
HYP.US,5,20260213,194500,26.89,26.89,26.8558,26.89,511,0
HYP.US,5,20260213,200000,26.8,26.8,26.8,26.8,200,0
HYP.US,5,20260213,200500,26.81,26.81,26.81,26.81,100,0
HYP.US,5,20260213,202500,26.73,26.73,26.73,26.73,111,0
HYP.US,5,20260213,214500,26.491,26.491,26.491,26.491,300,0
HYP.US,5,20260213,215500,26.6,26.6,26.6,26.6,200,0
HYP.US,5,20260217,153000,25.78,25.78,25.78,25.78,100,0
HYP.US,5,20260217,154500,25.69,25.69,25.67,25.67,600,0
HYP.US,5,20260217,155000,25.63,25.63,25.63,25.63,100,0
HYP.US,5,20260217,173000,25.93,25.93,25.93,25.93,100,0
HYP.US,5,20260217,174500,25.955,25.955,25.955,25.955,100,0
HYP.US,5,20260217,200000,26.28,26.28,26.23,26.23,7000,0
HYP.US,5,20260217,201000,26.25,26.25,26.25,26.25,200,0
HYP.US,5,20260217,210500,26.18,26.18,26.18,26.18,200,0
HYP.US,5,20260217,212500,26.08,26.08,26.08,26.08,100,0
HYP.US,5,20260217,214500,26.14,26.14,26.06,26.07,6184,0
HYP.US,5,20260217,215000,26.1125,26.12,26.11,26.11,2719,0
HYP.US,5,20260217,215500,26.1,26.1,26.055,26.086,2436,0
HYP.US,5,20260218,153000,26.4,26.4,26.4,26.4,100,0
HYP.US,5,20260218,154500,26.245,26.245,26.245,26.245,242,0
HYP.US,5,20260218,155000,26.295,26.295,26.295,26.295,381,0
HYP.US,5,20260218,163500,26.69,26.69,26.69,26.69,478,0
HYP.US,5,20260218,170000,26.76,26.76,26.76,26.76,100,0
HYP.US,5,20260218,171000,26.7799,26.7799,26.69,26.7445,6951,0
HYP.US,5,20260218,171500,26.76,26.76,26.76,26.76,100,0
HYP.US,5,20260218,172000,26.72,26.72,26.72,26.72,100,0
HYP.US,5,20260218,174500,26.87,26.87,26.87,26.87,200,0
HYP.US,5,20260218,175000,26.835,26.84,26.83,26.83,300,0
HYP.US,5,20260218,181000,26.78,26.78,26.78,26.78,100,0
HYP.US,5,20260218,182500,26.785,26.785,26.785,26.785,216,0
HYP.US,5,20260218,183000,26.79,26.79,26.79,26.79,100,0
HYP.US,5,20260218,192000,26.69,26.69,26.69,26.69,100,0
HYP.US,5,20260218,195500,26.69,26.69,26.69,26.69,100,0
HYP.US,5,20260218,201500,26.63,26.63,26.63,26.63,111,0
HYP.US,5,20260218,202000,26.57,26.57,26.54,26.54,300,0
HYP.US,5,20260218,213500,26.4,26.4,26.4,26.4,300,0
HYP.US,5,20260218,215500,26.51,26.51,26.51,26.51,136,0
HYP.US,5,20260219,154500,26.1,26.1,26.1,26.1,100,0
HYP.US,5,20260219,155000,26.32,26.32,26.32,26.32,100,0
HYP.US,5,20260219,155500,26.39,26.39,26.39,26.39,102,0
HYP.US,5,20260219,160000,26.47,26.47,26.47,26.47,100,0
HYP.US,5,20260219,160500,26.38,26.38,26.38,26.38,100,0
HYP.US,5,20260219,161000,26.32,26.32,26.32,26.32,200,0
HYP.US,5,20260219,162500,26.355,26.355,26.355,26.355,192,0
HYP.US,5,20260219,163000,26.4,26.4,26.4,26.4,100,0
HYP.US,5,20260219,181500,26.37,26.37,26.37,26.37,300,0
HYP.US,5,20260219,182500,26.46,26.46,26.435,26.435,285,0
HYP.US,5,20260219,190000,26.32,26.32,26.32,26.32,768,0
HYP.US,5,20260219,191500,26.38,26.38,26.38,26.38,100,0
HYP.US,5,20260219,192000,26.34,26.34,26.34,26.34,100,0
HYP.US,5,20260219,194000,26.32,26.32,26.32,26.32,100,0
HYP.US,5,20260219,201000,26.41,26.41,26.41,26.41,100,0
HYP.US,5,20260219,204000,26.5,26.5,26.5,26.5,100,0
HYP.US,5,20260219,211000,26.525,26.525,26.525,26.525,199,0
HYP.US,5,20260219,214000,26.68,26.68,26.68,26.68,100,0
HYP.US,5,20260219,215500,26.71,26.76,26.71,26.75,1201,0
HYP.US,5,20260220,153000,26.39,26.39,26.39,26.39,200,0
HYP.US,5,20260220,155000,26.85,26.85,26.85,26.85,100,0
HYP.US,5,20260220,160000,27.25,27.25,27.25,27.25,200,0
HYP.US,5,20260220,160500,26.665,26.665,26.665,26.665,187,0
HYP.US,5,20260220,161500,26.75,26.75,26.75,26.75,100,0
HYP.US,5,20260220,162500,26.74,26.76,26.74,26.76,300,0
HYP.US,5,20260220,171000,26.97,26.9899,26.93,26.93,7200,0
HYP.US,5,20260220,175000,26.87,26.87,26.87,26.87,100,0
HYP.US,5,20260220,192000,26.61,26.61,26.61,26.61,100,0
HYP.US,5,20260220,193500,26.75,26.75,26.75,26.75,3978,0
HYP.US,5,20260220,201500,26.85,26.85,26.85,26.85,100,0
HYP.US,5,20260220,202500,26.81,26.81,26.76,26.76,232,0
HYP.US,5,20260220,203000,26.8,26.8,26.8,26.8,100,0
HYP.US,5,20260220,203500,26.78,26.79,26.78,26.79,1325,0
HYP.US,5,20260220,204000,26.73,26.73,26.73,26.73,100,0
HYP.US,5,20260220,204500,26.7,26.71,26.7,26.71,200,0
HYP.US,5,20260220,205000,26.73,26.73,26.73,26.73,100,0
HYP.US,5,20260220,205500,26.66,26.66,26.66,26.66,100,0
HYP.US,5,20260220,210000,26.62,26.62,26.62,26.62,100,0
HYP.US,5,20260220,210500,26.71,26.71,26.71,26.71,100,0
HYP.US,5,20260220,212000,26.72,26.72,26.72,26.72,638,0
HYP.US,5,20260220,213500,26.83,26.83,26.83,26.83,100,0
HYP.US,5,20260220,215500,26.87,26.88,26.87,26.87,400,0
HYP.US,5,20260223,154000,26.985,26.985,26.985,26.985,628,0
HYP.US,5,20260223,160000,27.23,27.24,27.108,27.108,5000,0
HYP.US,5,20260223,160500,27.24,27.24,27.24,27.24,100,0
HYP.US,5,20260223,161500,27.06,27.06,27.06,27.06,3000,0
HYP.US,5,20260223,162000,27.16,27.16,27.16,27.16,100,0
HYP.US,5,20260223,162500,27.01,27.03,27.01,27.03,250,0
HYP.US,5,20260223,163500,27.06,27.1,27.06,27.1,200,0
HYP.US,5,20260223,183000,26.8,26.8,26.8,26.8,100,0
HYP.US,5,20260223,190000,26.91,26.91,26.91,26.91,100,0
HYP.US,5,20260223,202500,26.99,26.99,26.99,26.99,300,0
HYP.US,5,20260223,205500,27.07,27.07,27.07,27.07,100,0
HYP.US,5,20260223,214000,27.07,27.07,27.07,27.07,100,0
HYP.US,5,20260224,155500,27.195,27.195,27.195,27.195,427,0
HYP.US,5,20260224,162500,27.435,27.435,27.435,27.435,104,0
HYP.US,5,20260224,163000,27.65,27.65,27.65,27.65,400,0
HYP.US,5,20260224,163500,27.57,27.57,27.57,27.57,100,0
HYP.US,5,20260224,173500,27.57,27.58,27.545,27.545,5100,0
HYP.US,5,20260224,180000,27.7,27.7,27.7,27.7,100,0
HYP.US,5,20260224,180500,27.69,27.7,27.69,27.7,3234,0
HYP.US,5,20260224,192000,27.8024,27.8024,27.8024,27.8024,127,0
HYP.US,5,20260224,194500,27.82,27.82,27.82,27.82,739,0
HYP.US,5,20260224,195000,27.795,27.795,27.79,27.79,200,0
HYP.US,5,20260224,201000,27.86,27.86,27.86,27.86,100,0
HYP.US,5,20260224,213000,28.01,28.01,28.01,28.01,100,0
HYP.US,5,20260224,215000,27.98,27.98,27.9,27.9,527,0
HYP.US,5,20260224,215500,27.92,27.92,27.92,27.92,2442,0
HYP.US,5,20260225,153000,28.63,28.63,28.63,28.63,101,0
HYP.US,5,20260225,153500,28.24,28.24,28.24,28.24,100,0
HYP.US,5,20260225,154000,28.105,28.105,28.105,28.105,5000,0
HYP.US,5,20260225,154500,28.255,28.255,28.235,28.235,5360,0
HYP.US,5,20260225,155000,28.32,28.33,28.2932,28.2932,7784,0
HYP.US,5,20260225,160000,28.17,28.17,28.17,28.17,285,0
HYP.US,5,20260225,160500,28.21,28.21,28.21,28.21,100,0
HYP.US,5,20260225,161500,28.14,28.14,28.1,28.1,300,0
HYP.US,5,20260225,163500,28.05,28.67,28.01,28.09,104794,0
HYP.US,5,20260225,165000,28.04,28.04,28.04,28.04,100,0
HYP.US,5,20260225,170500,28.15,28.16,28.15,28.16,496,0
HYP.US,5,20260225,171000,28.17,28.17,28.17,28.17,465,0
HYP.US,5,20260225,172000,28.17,28.17,28.17,28.17,100,0
HYP.US,5,20260225,172500,28.18,28.18,28.18,28.18,200,0
HYP.US,5,20260225,173500,28.21,28.21,28.21,28.21,100,0
HYP.US,5,20260225,181500,28.25,28.25,28.25,28.25,100,0
HYP.US,5,20260225,182500,28.18,28.18,28.18,28.18,100,0
HYP.US,5,20260225,183000,28.17,28.17,28.15,28.15,500,0
HYP.US,5,20260225,184000,28.16,28.16,28.16,28.16,100,0
HYP.US,5,20260225,185000,28.16,28.17,28.16,28.17,221,0
HYP.US,5,20260225,193000,28.2,28.21,28.1862,28.21,600,0
HYP.US,5,20260225,195500,28.22,28.22,28.22,28.22,100,0
HYP.US,5,20260225,202000,28.21,28.21,28.21,28.21,100,0
HYP.US,5,20260225,203000,28.24,28.24,28.24,28.24,400,0
HYP.US,5,20260225,204000,28.29,28.29,28.29,28.29,100,0
HYP.US,5,20260225,205000,28.31,28.31,28.3099,28.3099,200,0
HYP.US,5,20260225,210000,28.26,28.26,28.26,28.26,100,0
HYP.US,5,20260225,211000,28.2,28.2,28.2,28.2,200,0
HYP.US,5,20260225,212500,28.1,28.1,28.1,28.1,100,0
HYP.US,5,20260225,215500,28.01,28.01,27.93,27.93,2371,0
HYP.US,5,20260226,154500,27.5,27.5,27.38,27.38,2000,0
HYP.US,5,20260226,161500,27.23,27.23,27.23,27.23,100,0
HYP.US,5,20260226,164500,27.355,27.355,27.355,27.355,468,0
HYP.US,5,20260226,181000,27.47,27.47,27.47,27.47,200,0
HYP.US,5,20260226,203000,27.64,27.72,27.64,27.72,400,0
HYP.US,5,20260226,203500,27.72,27.72,27.72,27.72,300,0
HYP.US,5,20260226,204000,27.71,27.71,27.71,27.71,300,0
HYP.US,5,20260226,204500,27.78,27.84,27.78,27.84,900,0
HYP.US,5,20260226,205000,27.82,27.82,27.78,27.78,3700,0
HYP.US,5,20260226,205500,27.85,27.85,27.77,27.77,600,0
HYP.US,5,20260226,210500,27.82,27.82,27.82,27.82,100,0
HYP.US,5,20260226,211500,27.87,27.87,27.87,27.87,100,0
HYP.US,5,20260226,212000,27.865,27.87,27.825,27.825,400,0
HYP.US,5,20260226,212500,27.83,27.83,27.83,27.83,100,0
HYP.US,5,20260226,213000,27.84,27.84,27.84,27.84,100,0
HYP.US,5,20260226,215500,28.035,28.035,28.035,28.035,100,0
HYP.US,5,20260227,153000,27.87,27.87,27.87,27.87,101,0
HYP.US,5,20260227,154500,27.47,27.47,27.47,27.47,100,0
HYP.US,5,20260227,155000,27.43,27.43,27.43,27.43,100,0
HYP.US,5,20260227,161000,27.55,27.55,27.55,27.55,200,0
HYP.US,5,20260227,161500,27.395,27.395,27.395,27.395,164,0
HYP.US,5,20260227,162000,27.475,27.475,27.475,27.475,1636,0
HYP.US,5,20260227,163000,27.51,27.51,27.51,27.51,100,0
HYP.US,5,20260227,165000,27.49,27.49,27.49,27.49,200,0
HYP.US,5,20260227,170000,27.46,27.46,27.46,27.46,100,0
HYP.US,5,20260227,171500,27.414,27.44,27.414,27.44,7905,0
HYP.US,5,20260227,172000,27.365,27.38,27.36,27.3799,6800,0
HYP.US,5,20260227,174000,27.29,27.29,27.25,27.25,400,0
HYP.US,5,20260227,180000,27.31,27.31,27.31,27.31,100,0
HYP.US,5,20260227,181500,27.255,27.255,27.24,27.24,5400,0
HYP.US,5,20260227,182000,27.145,27.145,27.13,27.13,529,0
HYP.US,5,20260227,183000,27.07,27.15,27.07,27.15,318,0
HYP.US,5,20260227,192000,26.9952,26.9952,26.9952,26.9952,150,0
HYP.US,5,20260227,192500,26.99,26.99,26.94,26.94,200,0
HYP.US,5,20260227,203000,27.09,27.09,27.09,27.09,100,0
HYP.US,5,20260227,203500,27.14,27.14,27.14,27.14,100,0
HYP.US,5,20260227,212000,27.32,27.32,27.31,27.315,5200,0
HYP.US,5,20260302,153500,27.2976,27.2976,27.2976,27.2976,400,0
HYP.US,5,20260302,154000,27.35,27.35,27.35,27.35,100,0
HYP.US,5,20260302,163500,27.3999,27.3999,27.3999,27.3999,2000,0
HYP.US,5,20260302,164000,27.4,27.46,27.385,27.45,12905,0
HYP.US,5,20260302,170000,27.36,27.36,27.17,27.17,4100,0
HYP.US,5,20260302,170500,27.49,27.49,27.49,27.49,100,0
HYP.US,5,20260302,190000,27.65,27.65,27.65,27.65,100,0
HYP.US,5,20260302,191500,27.565,27.565,27.565,27.565,150,0
HYP.US,5,20260302,192500,27.63,27.63,27.63,27.63,100,0
HYP.US,5,20260302,195500,27.4301,27.4301,27.4301,27.4301,100,0
HYP.US,5,20260302,202000,27.71,27.71,27.71,27.71,100,0
HYP.US,5,20260302,203000,27.68,27.68,27.68,27.68,628,0
HYP.US,5,20260302,212000,27.81,27.81,27.81,27.81,100,0
HYP.US,5,20260302,212500,27.715,27.715,27.715,27.715,200,0
HYP.US,5,20260302,215500,27.99,27.99,27.99,27.99,200,0
HYP.US,5,20260303,153000,26.61,26.61,26.61,26.61,363,0
HYP.US,5,20260303,154000,26.21,26.21,25.93,25.93,400,0
HYP.US,5,20260303,160000,26,26,26,26,100,0
HYP.US,5,20260303,163000,25.78,25.78,25.78,25.78,100,0
HYP.US,5,20260303,164500,25.85,25.85,25.85,25.85,100,0
HYP.US,5,20260303,171500,26.29,26.29,26.29,26.29,100,0
HYP.US,5,20260303,173000,26.235,26.235,26.235,26.235,5000,0
HYP.US,5,20260303,173500,26.39,26.39,26.335,26.335,9000,0
HYP.US,5,20260303,175500,26.5699,26.5699,26.5699,26.5699,188,0
HYP.US,5,20260303,180500,26.45,26.45,26.42,26.42,200,0
HYP.US,5,20260303,182000,26.44,26.44,26.44,26.44,200,0
HYP.US,5,20260303,185500,26.37,26.37,26.37,26.37,100,0
HYP.US,5,20260303,191500,26.54,26.54,26.54,26.54,100,0
HYP.US,5,20260303,193000,26.485,26.485,26.485,26.485,1733,0
HYP.US,5,20260303,193500,26.54,26.62,26.5203,26.62,11793,0
HYP.US,5,20260303,194000,26.65,26.65,26.65,26.65,100,0
HYP.US,5,20260303,195500,26.53,26.58,26.53,26.58,410,0
HYP.US,5,20260303,200000,26.6,26.6,26.6,26.6,100,0
HYP.US,5,20260303,200500,26.49,26.49,26.49,26.49,200,0
HYP.US,5,20260303,201000,26.44,26.44,26.44,26.44,100,0
HYP.US,5,20260303,203000,26.38,26.38,26.38,26.38,100,0
HYP.US,5,20260303,205000,26.38,26.38,26.38,26.38,100,0
HYP.US,5,20260303,210000,26.38,26.38,26.38,26.38,100,0
HYP.US,5,20260303,213500,26.41,26.41,26.41,26.41,100,0
HYP.US,5,20260303,215000,26.32,26.32,26.27,26.27,850,0
HYP.US,5,20260303,215500,26.34,26.34,26.27,26.34,2253,0
HYP.US,5,20260304,154000,26.52,26.52,26.52,26.52,100,0
HYP.US,5,20260304,154500,26.58,26.58,26.58,26.58,100,0
HYP.US,5,20260304,160000,26.56,26.56,26.56,26.56,100,0
HYP.US,5,20260304,161000,26.65,26.65,26.565,26.565,970,0
HYP.US,5,20260304,162000,26.9,26.9,26.9,26.9,100,0
HYP.US,5,20260304,162500,26.865,26.865,26.865,26.865,100,0
HYP.US,5,20260304,164500,26.81,26.81,26.81,26.81,125,0
HYP.US,5,20260304,170000,27.01,27.01,27.01,27.01,100,0
HYP.US,5,20260304,170500,26.94,26.94,26.91,26.91,7100,0
HYP.US,5,20260304,171000,26.89,26.89,26.77,26.77,1459,0
HYP.US,5,20260304,172000,26.68,26.68,26.62,26.62,200,0
HYP.US,5,20260304,180000,26.81,26.82,26.81,26.82,322,0
HYP.US,5,20260304,182000,26.81,26.81,26.79,26.79,200,0
HYP.US,5,20260304,183000,26.77,26.77,26.77,26.77,100,0
HYP.US,5,20260304,185000,26.83,26.83,26.83,26.83,100,0
HYP.US,5,20260304,203000,26.86,26.86,26.86,26.86,100,0
HYP.US,5,20260304,210000,26.93,26.93,26.93,26.93,167,0
HYP.US,5,20260304,211000,26.87,26.87,26.87,26.87,100,0
HYP.US,5,20260304,211500,26.8452,26.8452,26.8452,26.8452,100,0
HYP.US,5,20260304,212500,26.88,26.88,26.88,26.88,100,0
HYP.US,5,20260304,215000,26.87,26.87,26.87,26.87,100,0
HYP.US,5,20260304,215500,26.85,26.86,26.8394,26.86,6880,0
HYP.US,5,20260305,154000,26.24,26.24,26.17,26.17,445,0
HYP.US,5,20260305,154500,26.11,26.11,26.11,26.11,100,0
HYP.US,5,20260305,155000,26.21,26.21,26.21,26.21,100,0
HYP.US,5,20260305,155500,26.46,26.46,26.46,26.46,200,0
HYP.US,5,20260305,160000,26.52,26.52,26.47,26.47,524,0
HYP.US,5,20260305,160500,26.41,26.41,26.38,26.38,200,0
HYP.US,5,20260305,161500,26.36,26.36,26.36,26.36,200,0
HYP.US,5,20260305,162000,26.29,26.29,26.22,26.22,520,0
HYP.US,5,20260305,162500,26.21,26.21,26.21,26.21,100,0
HYP.US,5,20260305,163000,26.16,26.16,26.16,26.16,240,0
HYP.US,5,20260305,163500,26.18,26.18,26.18,26.18,100,0
HYP.US,5,20260305,165000,26.16,26.16,26.16,26.16,200,0
HYP.US,5,20260305,170000,26.14,26.14,26.12,26.12,200,0
HYP.US,5,20260305,170500,26.09,26.09,25.93,25.93,400,0
HYP.US,5,20260305,171000,25.9,25.9,25.9,25.9,200,0
HYP.US,5,20260305,172000,25.87,25.87,25.87,25.87,100,0
HYP.US,5,20260305,172500,25.84,25.84,25.84,25.84,300,0
HYP.US,5,20260305,173000,25.7901,25.7901,25.7901,25.7901,427,0
HYP.US,5,20260305,174000,25.79,25.79,25.79,25.79,240,0
HYP.US,5,20260305,175000,25.87,25.87,25.87,25.87,100,0
HYP.US,5,20260305,180500,25.88,25.88,25.85,25.85,400,0
HYP.US,5,20260305,181000,25.84,25.84,25.81,25.84,300,0
HYP.US,5,20260305,181500,25.78,25.78,25.69,25.69,1060,0
HYP.US,5,20260305,182000,25.695,25.695,25.69,25.69,240,0
HYP.US,5,20260305,183000,25.65,25.65,25.46,25.46,300,0
HYP.US,5,20260305,184000,25.37,25.37,25.29,25.29,200,0
HYP.US,5,20260305,184500,25.21,25.21,25.21,25.21,140,0
HYP.US,5,20260305,185000,25.19,25.19,25.18,25.18,240,0
HYP.US,5,20260305,185500,25.15,25.15,25.1,25.1,15028,0
HYP.US,5,20260305,192500,25.14,25.14,25.14,25.14,100,0
HYP.US,5,20260305,195000,25.25,25.25,25.25,25.25,100,0
HYP.US,5,20260305,200000,25.35,25.35,25.35,25.35,346,0
HYP.US,5,20260305,200500,25.39,25.4,25.36,25.36,515,0
HYP.US,5,20260305,201500,25.37,25.4,25.37,25.4,300,0
HYP.US,5,20260305,202500,25.32,25.32,25.29,25.29,500,0
HYP.US,5,20260305,203000,25.26,25.26,25.26,25.26,200,0
HYP.US,5,20260305,205000,25.3,25.3,25.3,25.3,200,0
HYP.US,5,20260305,205500,25.25,25.25,25.25,25.25,100,0
HYP.US,5,20260305,211000,25.42,25.42,25.42,25.42,241,0
HYP.US,5,20260305,212500,25.62,25.62,25.62,25.62,324,0
HYP.US,5,20260305,214000,25.66,25.66,25.66,25.66,400,0
HYP.US,5,20260305,214500,25.6,25.6,25.6,25.6,200,0
HYP.US,5,20260305,215000,25.68,25.68,25.68,25.68,400,0
HYP.US,5,20260305,215500,25.621,25.73,25.621,25.73,3022,0
HYP.US,5,20260306,153500,24.98,24.98,24.98,24.98,100,0
HYP.US,5,20260306,154500,25.05,25.05,25.05,25.05,100,0
HYP.US,5,20260306,162500,25.41,25.41,25.41,25.41,100,0
HYP.US,5,20260306,185000,25.12,25.13,25.12,25.13,4900,0
HYP.US,5,20260306,193500,25.23,25.23,25.23,25.23,100,0
HYP.US,5,20260306,195000,25.2,25.2,25.2,25.2,800,0
HYP.US,5,20260306,215500,24.67,24.67,24.57,24.57,2102,0
HYP.US,5,20260309,144500,24.17,24.36,24.17,24.36,200,0
HYP.US,5,20260309,181500,24.765,24.765,24.765,24.765,3000,0
HYP.US,5,20260309,183500,24.65,24.65,24.65,24.65,2000,0
HYP.US,5,20260309,194000,24.88,24.88,24.88,24.88,200,0
HYP.US,5,20260309,205500,25.48,25.48,25.47,25.47,200,0
HYP.US,5,20260310,155000,26.1,26.1,26.1,26.1,200,0
HYP.US,5,20260310,161500,26.17,26.17,26.17,26.17,400,0
HYP.US,5,20260310,163500,26.2,26.2,26.2,26.2,100,0
HYP.US,5,20260310,190000,26.17,26.18,26.17,26.18,797,0
HYP.US,5,20260310,191500,25.82,25.82,25.82,25.82,400,0
HYP.US,5,20260310,192500,25.98,25.98,25.98,25.98,100,0
HYP.US,5,20260310,202500,25.87,25.87,25.87,25.87,100,0
HYP.US,5,20260310,205500,25.76,25.76,25.76,25.76,190,0
HYP.US,5,20260311,143000,25.46,25.65,25.46,25.65,300,0
HYP.US,5,20260311,143500,25.32,25.32,25.32,25.32,200,0
HYP.US,5,20260311,150000,25.85,25.85,25.85,25.85,100,0
HYP.US,5,20260311,151500,25.9699,25.9699,25.9699,25.9699,189,0
HYP.US,5,20260311,152500,25.93,25.97,25.93,25.97,253,0
HYP.US,5,20260311,153500,26.165,26.165,26.14,26.14,400,0
HYP.US,5,20260311,160000,26.08,26.08,26.08,26.08,100,0
HYP.US,5,20260311,163500,25.81,25.82,25.81,25.82,200,0
HYP.US,5,20260311,165000,25.815,25.815,25.815,25.815,3000,0
HYP.US,5,20260311,201500,25.7108,25.7108,25.64,25.64,965,0
HYP.US,5,20260311,204000,25.8,25.8,25.8,25.8,1000,0
HYP.US,5,20260311,205500,25.84,25.84,25.83,25.83,541,0
HYP.US,5,20260312,143000,25.56,25.56,25.56,25.56,200,0
HYP.US,5,20260312,145500,25.21,25.21,25.21,25.21,100,0
HYP.US,5,20260312,150500,25.45,25.45,25.45,25.45,360,0
HYP.US,5,20260312,153000,25.13,25.13,25.13,25.13,100,0
HYP.US,5,20260312,154500,25.14,25.14,25.14,25.14,100,0
HYP.US,5,20260312,163500,25.15,25.15,25.15,25.15,100,0
HYP.US,5,20260312,180000,25.43,25.43,25.43,25.43,200,0
HYP.US,5,20260312,184500,25.38,25.38,25.34,25.34,200,0
HYP.US,5,20260312,204500,25.12,25.12,25.12,25.12,250,0
HYP.US,5,20260312,205500,25.14,25.18,25.14,25.18,698,0
HYP.US,5,20260313,143000,25.45,25.45,25.45,25.45,200,0
HYP.US,5,20260313,144000,25.545,25.545,25.545,25.545,393,0
HYP.US,5,20260313,151000,25.41,25.41,25.41,25.41,100,0
HYP.US,5,20260313,172000,24.79,24.79,24.79,24.79,200,0
HYP.US,5,20260313,203000,24.87,24.88,24.8449,24.8449,4169,0
HYP.US,5,20260313,203500,24.83,24.8301,24.83,24.8301,700,0
HYP.US,5,20260313,205500,24.93,24.93,24.93,24.93,213,0
HYP.US,5,20260316,143500,25.65,25.65,25.65,25.65,100,0
HYP.US,5,20260316,152000,25.69,25.69,25.69,25.69,100,0
HYP.US,5,20260316,184000,25.36,25.36,25.36,25.36,400,0
HYP.US,5,20260316,184500,25.38,25.38,25.38,25.38,100,0
HYP.US,5,20260316,200500,25.57,25.5701,25.57,25.5701,200,0
HYP.US,5,20260316,201000,25.67,25.67,25.67,25.67,200,0
HYP.US,5,20260316,205500,25.41,25.41,25.41,25.41,320,0
HYP.US,5,20260317,143000,25.7,25.7,25.7,25.7,100,0
HYP.US,5,20260317,151500,25.77,25.77,25.7,25.7,858,0
HYP.US,5,20260317,192000,25.85,25.85,25.85,25.85,100,0
HYP.US,5,20260317,192500,25.85,25.85,25.85,25.85,100,0
HYP.US,5,20260317,201000,25.77,25.77,25.77,25.77,100,0
HYP.US,5,20260317,201500,25.745,25.745,25.745,25.745,100,0
HYP.US,5,20260317,205500,25.83,25.85,25.79,25.79,1027,0
HYP.US,5,20260318,150500,25.74,25.7401,25.74,25.74,400,0
HYP.US,5,20260318,151000,25.76,25.76,25.76,25.76,200,0
HYP.US,5,20260318,201000,25.58,25.58,25.555,25.555,200,0
HYP.US,5,20260318,205500,25.46,25.47,25.46,25.47,821,0
HYP.US,5,20260319,143000,24.47,24.47,24.4,24.4,266,0
HYP.US,5,20260319,151000,24.89,24.89,24.89,24.89,200,0
HYP.US,5,20260319,160000,24.87,24.87,24.87,24.87,100,0
HYP.US,5,20260319,162000,24.855,24.855,24.855,24.855,104,0
HYP.US,5,20260319,164000,24.71,24.71,24.71,24.71,200,0
HYP.US,5,20260319,183000,24.8301,24.85,24.83,24.85,486,0
HYP.US,5,20260319,200500,25.4,25.4,25.4,25.4,200,0
HYP.US,5,20260319,205500,25.38,25.47,25.37,25.37,650,0
HYP.US,5,20260320,151000,24.98,24.98,24.98,24.98,200,0
HYP.US,5,20260320,161500,24.81,24.8449,24.81,24.8449,400,0
HYP.US,5,20260320,172500,24.9,24.9,24.9,24.9,100,0
HYP.US,5,20260323,152500,25.39,25.39,25.39,25.39,100,0
HYP.US,5,20260323,205500,25,25,25,25,112,0
HYP.US,5,20260324,144000,24.77,24.81,24.21,24.76,84085,0
HYP.US,5,20260324,150000,25.01,25.01,25.01,25.01,100,0
HYP.US,5,20260324,150500,25.04,25.04,25.04,25.04,100,0
HYP.US,5,20260324,153000,25.05,25.05,25.05,25.05,100,0
HYP.US,5,20260324,163500,25.44,25.44,25.44,25.44,100,0
HYP.US,5,20260324,173000,25.3,25.3,25.3,25.3,100,0
HYP.US,5,20260324,175500,25.34,25.34,25.32,25.32,300,0
HYP.US,5,20260324,195000,25.38,25.38,25.38,25.38,100,0
HYP.US,5,20260324,200500,25.46,25.46,25.46,25.46,100,0
HYP.US,5,20260324,205500,25.34,25.37,25.34,25.37,400,0
HYP.US,5,20260325,145000,25.55,25.55,25.55,25.55,100,0
HYP.US,5,20260325,161500,25.62,25.62,25.62,25.62,100,0
HYP.US,5,20260325,165000,25.81,25.81,25.81,25.81,100,0
HYP.US,5,20260325,170000,25.87,25.87,25.87,25.87,200,0
HYP.US,5,20260325,174000,25.82,25.82,25.82,25.82,100,0
HYP.US,5,20260325,205500,25.67,25.67,25.67,25.67,227,0
HYP.US,5,20260326,145000,25.22,25.23,25.22,25.23,400,0
HYP.US,5,20260326,154000,25.26,25.26,25.04,25.04,200,0
HYP.US,5,20260326,155000,24.98,24.98,24.98,24.98,100,0
HYP.US,5,20260326,161000,24.965,24.965,24.965,24.965,400,0
HYP.US,5,20260326,165000,24.97,24.97,24.97,24.97,100,0
HYP.US,5,20260326,170000,25.04,25.0499,25.01,25.01,1500,0
HYP.US,5,20260326,170500,25.01,25.01,24.97,24.97,550,0
HYP.US,5,20260326,182000,24.59,24.59,24.58,24.58,800,0
HYP.US,5,20260326,201500,24.46,24.46,24.46,24.46,100,0
HYP.US,5,20260326,205500,24.285,24.32,24.28,24.32,1133,0
HYP.US,5,20260327,145000,24.17,24.17,24.17,24.17,200,0
HYP.US,5,20260327,145500,23.99,23.99,23.99,23.99,100,0
HYP.US,5,20260327,151500,24.28,24.28,24.28,24.28,300,0
HYP.US,5,20260327,152000,24.3,24.3,24.3,24.3,100,0
HYP.US,5,20260327,154500,24.055,24.055,24.055,24.055,100,0
HYP.US,5,20260327,161500,24.27,24.27,24.27,24.27,400,0
HYP.US,5,20260327,174500,24.31,24.31,24.31,24.31,100,0
HYP.US,5,20260327,175000,24.31,24.31,24.31,24.31,100,0
HYP.US,5,20260327,180000,24.3,24.3,24.3,24.3,100,0
HYP.US,5,20260327,191000,24.03,24.03,24.03,24.03,120,0
HYP.US,5,20260327,201500,24.14,24.14,24.14,24.14,100,0
HYP.US,5,20260330,153000,24.455,24.455,24.39,24.3901,1294,0
HYP.US,5,20260330,161000,23.64,23.64,23.64,23.64,100,0
HYP.US,5,20260330,164500,23.39,23.39,23.39,23.39,100,0
HYP.US,5,20260330,165500,23.37,23.37,23.37,23.37,100,0
HYP.US,5,20260330,173000,23.42,23.42,23.42,23.42,100,0
HYP.US,5,20260330,175500,23.5,23.5,23.5,23.5,125,0
HYP.US,5,20260330,190000,23.15,23.15,23.15,23.15,2000,0
HYP.US,5,20260330,211500,22.77,22.77,22.77,22.77,100,0
HYP.US,5,20260331,153000,23.42,23.42,23.42,23.42,460,0
HYP.US,5,20260331,155500,23.82,23.82,23.82,23.82,100,0
HYP.US,5,20260331,161000,23.81,23.81,23.81,23.81,100,0
HYP.US,5,20260331,162000,23.835,23.835,23.835,23.835,210,0
HYP.US,5,20260331,170000,23.73,23.73,23.73,23.73,111,0
HYP.US,5,20260331,170500,23.77,23.77,23.77,23.77,100,0
HYP.US,5,20260331,173500,23.73,23.73,23.73,23.73,100,0
HYP.US,5,20260331,175000,23.685,23.685,23.685,23.685,4000,0
HYP.US,5,20260331,180000,23.61,23.65,23.58,23.65,6800,0
HYP.US,5,20260331,184000,24.38,24.38,24.38,24.38,100,0
HYP.US,5,20260331,191500,24.39,24.39,24.381,24.381,4909,0
HYP.US,5,20260331,193500,24.32,24.32,24.32,24.32,100,0
HYP.US,5,20260331,195000,24.3,24.3,24.3,24.3,4300,0
HYP.US,5,20260331,213500,24.535,24.535,24.535,24.535,101,0
HYP.US,5,20260331,214000,24.505,24.505,24.505,24.505,500,0
HYP.US,5,20260401,161000,24.86,24.86,24.86,24.86,150,0
HYP.US,5,20260401,161500,24.87,24.87,24.87,24.87,100,0
HYP.US,5,20260401,162000,24.96,24.96,24.925,24.925,500,0
HYP.US,5,20260401,163000,25.0027,25.0027,25.0027,25.0027,111,0
HYP.US,5,20260401,182000,25.0898,25.0898,25.0898,25.0898,238,0
HYP.US,5,20260401,185000,25.07,25.07,25.07,25.07,100,0
HYP.US,5,20260401,215500,24.79,24.79,24.79,24.79,167,0
HYP.US,5,20260402,155000,24.85,24.85,24.85,24.85,100,0
HYP.US,5,20260402,181500,25.1384,25.14,25.13,25.13,2000,0
HYP.US,5,20260402,182500,25.09,25.09,25.09,25.09,100,0
HYP.US,5,20260402,215500,25.22,25.22,25.22,25.22,300,0
HYP.US,5,20260406,160000,25.37,25.37,25.37,25.37,100,0
HYP.US,5,20260406,161000,25.21,25.21,25.21,25.21,651,0
HYP.US,5,20260406,162500,25.24,25.24,25.2,25.2,200,0
HYP.US,5,20260406,163000,25.294,25.294,25.294,25.294,100,0
HYP.US,5,20260406,180500,25.335,25.335,25.335,25.335,150,0
HYP.US,5,20260406,182000,25.3,25.3,25.3,25.3,188,0
HYP.US,5,20260406,215500,25.35,25.35,25.35,25.35,108,0
HYP.US,5,20260407,155500,25.37,25.37,25.25,25.25,3900,0
HYP.US,5,20260407,161500,25.21,25.21,25.21,25.21,100,0
HYP.US,5,20260407,214500,25.31,25.31,25.31,25.31,100,0
HYP.US,5,20260408,153000,26.35,26.35,26,26,336,0
HYP.US,5,20260408,155000,25.71,25.71,25.71,25.71,100,0
HYP.US,5,20260408,155500,25.744,25.744,25.744,25.744,150,0
HYP.US,5,20260408,180000,25.9413,25.9413,25.9413,25.9413,312,0
HYP.US,5,20260408,185500,26.0299,26.03,25.97,26.03,3992,0
HYP.US,5,20260409,154500,26.41,26.41,26.41,26.41,100,0
HYP.US,5,20260409,162000,26.18,26.18,26.18,26.18,300,0
HYP.US,5,20260409,164000,26.125,26.125,26.125,26.125,110,0
HYP.US,5,20260409,164500,26.0974,26.0974,26.0974,26.0974,109,0
HYP.US,5,20260409,183500,26.015,26.015,26.015,26.015,2200,0
HYP.US,5,20260409,184500,25.95,25.95,25.95,25.95,200,0
HYP.US,5,20260409,194000,26.015,26.015,26,26,2000,0
HYP.US,5,20260409,202500,25.91,25.94,25.91,25.94,2500,0
HYP.US,5,20260409,203000,25.87,25.87,25.87,25.87,1000,0
HYP.US,5,20260409,204500,25.9,25.9,25.9,25.9,200,0
HYP.US,5,20260409,213000,26.02,26.02,26.02,26.02,1100,0
HYP.US,5,20260409,215000,25.965,25.965,25.93,25.9301,2049,0
HYP.US,5,20260409,215500,25.955,25.955,25.94,25.94,500,0
HYP.US,5,20260410,153000,25.72,25.72,25.72,25.72,101,0
HYP.US,5,20260410,154500,26.04,26.04,26.04,26.04,100,0
HYP.US,5,20260410,185000,26.08,26.08,26.08,26.08,100,0
HYP.US,5,20260410,195500,26.11,26.11,26.11,26.11,100,0
HYP.US,5,20260410,212500,26.13,26.13,26.13,26.13,100,0
HYP.US,5,20260410,215500,26.085,26.13,26.08,26.13,2331,0
HYP.US,5,20260413,154500,26.18,26.18,26.18,26.18,100,0
HYP.US,5,20260413,184000,26.52,26.5399,26.52,26.5399,8947,0
HYP.US,5,20260413,185000,26.56,26.56,26.56,26.56,100,0
HYP.US,5,20260413,190500,26.55,26.55,26.55,26.55,100,0
HYP.US,5,20260414,154000,26.49,26.49,26.49,26.49,100,0
HYP.US,5,20260414,170000,26.53,26.53,26.53,26.53,100,0
HYP.US,5,20260414,175500,26.52,26.52,26.52,26.52,100,0
HYP.US,5,20260414,191500,26.48,26.48,26.48,26.48,100,0
HYP.US,5,20260414,192500,26.5,26.5,26.5,26.5,100,0
HYP.US,5,20260414,210000,26.4,26.4,26.4,26.4,100,0
HYP.US,5,20260415,154000,26.23,26.23,26.23,26.23,100,0
HYP.US,5,20260415,155000,26.35,26.35,26.35,26.35,300,0
HYP.US,5,20260415,163000,26.42,26.4302,26.42,26.4302,200,0
HYP.US,5,20260415,180000,26.3,26.3,26.3,26.3,100,0
HYP.US,5,20260415,181500,26.3104,26.3104,26.3104,26.3104,100,0
HYP.US,5,20260415,190500,26.13,26.1301,26.13,26.1301,1200,0
HYP.US,5,20260415,192000,26.15,26.15,26.15,26.15,100,0
HYP.US,5,20260415,215500,26.38,26.38,26.38,26.38,480,0
HYP.US,5,20260416,161500,26.72,26.72,26.72,26.72,200,0
HYP.US,5,20260416,175000,26.68,26.68,26.68,26.68,100,0
HYP.US,5,20260416,184500,26.62,26.62,26.62,26.62,200,0
HYP.US,5,20260416,190500,26.62,26.62,26.59,26.59,300,0
HYP.US,5,20260416,201000,26.6699,26.6699,26.6699,26.6699,165,0
HYP.US,5,20260416,202000,26.73,26.73,26.73,26.73,234,0
HYP.US,5,20260416,215500,26.855,26.855,26.855,26.855,103,0
HYP.US,5,20260417,153000,26.49,26.49,26.49,26.49,101,0
HYP.US,5,20260417,153500,26.8212,26.8212,26.8212,26.8212,372,0
HYP.US,5,20260417,154000,26.7,26.7,26.7,26.7,100,0
HYP.US,5,20260417,160500,26.675,26.675,26.675,26.675,374,0
HYP.US,5,20260417,165000,26.8,26.8,26.7,26.7,200,0
HYP.US,5,20260417,172000,26.65,26.65,26.65,26.65,8700,0
HYP.US,5,20260417,173000,26.69,26.69,26.69,26.69,100,0
HYP.US,5,20260417,174000,26.68,26.68,26.68,26.68,100,0
HYP.US,5,20260417,185000,26.86,26.86,26.82,26.82,300,0
HYP.US,5,20260417,190500,26.85,26.85,26.85,26.85,100,0
HYP.US,5,20260417,211000,26.76,26.76,26.69,26.69,300,0
HYP.US,5,20260417,213500,26.715,26.715,26.715,26.715,150,0
HYP.US,5,20260417,215000,26.77,26.78,26.77,26.78,1500,0
HYP.US,5,20260417,215500,26.84,26.85,26.83,26.85,781,0
HYP.US,5,20260420,161000,26.75,26.75,26.7499,26.7499,200,0
HYP.US,5,20260420,162500,26.72,26.72,26.72,26.72,100,0
HYP.US,5,20260420,164000,26.75,26.75,26.75,26.75,100,0
HYP.US,5,20260420,165000,26.75,26.75,26.75,26.75,100,0
HYP.US,5,20260420,210500,26.8,26.8,26.8,26.8,100,0
HYP.US,5,20260420,211000,26.82,26.82,26.82,26.82,971,0
HYP.US,5,20260420,212000,26.8,26.8,26.8,26.8,100,0
HYP.US,5,20260420,215500,26.79,26.79,26.78,26.78,730,0
HYP.US,5,20260421,153000,26.88,26.88,26.87,26.87,268,0
HYP.US,5,20260421,155500,27.02,27.02,27.02,27.02,100,0
HYP.US,5,20260421,161500,26.93,26.93,26.93,26.93,3500,0
HYP.US,5,20260421,162000,26.96,26.97,26.96,26.97,5900,0
HYP.US,5,20260421,163000,26.96,26.96,26.96,26.96,200,0
HYP.US,5,20260421,180000,26.7168,26.7168,26.7168,26.7168,100,0
HYP.US,5,20260421,192000,26.61,26.61,26.61,26.61,100,0
HYP.US,5,20260421,201000,26.63,26.63,26.63,26.63,100,0
HYP.US,5,20260422,154500,26.79,26.83,26.79,26.83,300,0
HYP.US,5,20260422,162500,26.74,26.74,26.74,26.74,100,0
HYP.US,5,20260422,195500,26.74,26.74,26.74,26.74,100,0
HYP.US,5,20260422,202500,26.79,26.79,26.79,26.79,100,0
HYP.US,5,20260422,203500,26.81,26.81,26.81,26.81,1234,0
HYP.US,5,20260422,210000,26.84,26.84,26.84,26.84,200,0
HYP.US,5,20260422,215500,26.98,26.98,26.98,26.98,193,0
HYP.US,5,20260423,155000,26.94,26.94,26.94,26.94,100,0
HYP.US,5,20260423,165000,26.83,26.83,26.83,26.83,100,0
HYP.US,5,20260423,185000,26.9199,26.92,26.86,26.88,8100,0
HYP.US,5,20260423,185500,26.92,26.92,26.905,26.905,3325,0
HYP.US,5,20260423,190000,26.9,26.9,26.89,26.89,200,0
HYP.US,5,20260423,190500,26.69,26.69,26.69,26.69,100,0
HYP.US,5,20260423,215500,26.88,26.88,26.88,26.88,1400,0
HYP.US,5,20260424,162000,26.89,26.89,26.89,26.89,100,0
HYP.US,5,20260424,163500,26.95,26.95,26.95,26.95,1749,0
HYP.US,5,20260424,164000,26.999,27,26.93,26.93,6800,0
HYP.US,5,20260424,164500,26.9899,26.99,26.98,26.99,7400,0
HYP.US,5,20260424,170000,26.99,26.99,26.99,26.99,232,0
HYP.US,5,20260424,172000,27.035,27.035,27.035,27.035,100,0
HYP.US,5,20260424,174500,27.18,27.18,27.18,27.18,140,0
HYP.US,5,20260424,180500,27.16,27.16,27.16,27.16,200,0
HYP.US,5,20260424,184000,27.18,27.18,27.18,27.18,100,0
HYP.US,5,20260424,190500,27.16,27.16,27.16,27.16,200,0
HYP.US,5,20260424,215500,27.17,27.17,27.17,27.17,125,0
HYP.US,5,20260427,153500,27.21,27.21,27.21,27.21,157,0
HYP.US,5,20260427,154000,27.08,27.08,27.08,27.08,550,0
HYP.US,5,20260427,161500,27.16,27.16,27.16,27.16,200,0
HYP.US,5,20260427,201000,27.2599,27.26,27.21,27.21,400,0
HYP.US,5,20260427,210000,27.23,27.23,27.23,27.23,3200,0
HYP.US,5,20260427,210500,27.2499,27.25,27.21,27.25,5612,0
HYP.US,5,20260427,212000,27.23,27.23,27.23,27.23,100,0
HYP.US,5,20260427,215500,27.29,27.29,27.29,27.29,1700,0
HYP.US,5,20260428,153000,26.44,26.44,26.44,26.44,101,0
HYP.US,5,20260428,160000,26.88,26.88,26.87,26.87,10866,0
HYP.US,5,20260428,160500,26.82,26.82,26.82,26.82,429,0
HYP.US,5,20260428,175000,26.55,26.55,26.55,26.55,2000,0
HYP.US,5,20260428,185000,26.56,26.56,26.56,26.56,2134,0
HYP.US,5,20260428,213000,26.75,26.75,26.7499,26.7499,200,0
HYP.US,5,20260428,214500,26.76,26.76,26.7362,26.7599,800,0
HYP.US,5,20260428,215500,26.79,26.79,26.79,26.79,319,0
HYP.US,5,20260429,185000,26.815,26.815,26.815,26.815,207,0
HYP.US,5,20260430,161000,27.265,27.265,27.265,27.265,418,0
HYP.US,5,20260430,161500,27.27,27.27,27.27,27.27,200,0
HYP.US,5,20260430,164000,27.36,27.36,27.32,27.3345,3300,0
HYP.US,5,20260430,174000,27.55,27.55,27.55,27.55,100,0
HYP.US,5,20260430,212000,27.81,27.81,27.81,27.81,200,0
HYP.US,5,20260430,215500,27.88,27.88,27.83,27.855,1987,0
HYP.US,5,20260501,154000,27.9,27.9,27.9,27.9,147,0
HYP.US,5,20260501,161500,27.94,27.94,27.94,27.94,200,0
HYP.US,5,20260501,203500,28.15,28.15,28.15,28.15,100,0
HYP.US,5,20260504,154500,28.35,28.35,28.31,28.31,500,0
HYP.US,5,20260504,155000,28.37,28.37,28.37,28.37,100,0
HYP.US,5,20260504,161500,28.41,28.41,28.41,28.41,200,0
HYP.US,5,20260504,173000,28.27,28.27,28.27,28.27,100,0
HYP.US,5,20260504,181500,28.03,28.03,28.03,28.03,100,0
HYP.US,5,20260504,193500,28.36,28.36,28.36,28.36,100,0
HYP.US,5,20260504,204000,28.41,28.41,28.41,28.41,100,0
HYP.US,5,20260504,211500,28.38,28.38,28.38,28.38,100,0
HYP.US,5,20260504,214500,28.46,28.46,28.4332,28.4332,300,0
HYP.US,5,20260504,215500,28.4,28.415,28.4,28.415,700,0
HYP.US,5,20260505,153500,29.18,29.18,29.1799,29.1799,600,0
HYP.US,5,20260505,163500,29.17,29.17,29.17,29.17,200,0
HYP.US,5,20260505,182000,29.375,29.375,29.375,29.375,236,0
HYP.US,5,20260505,182500,29.3,29.3,29.3,29.3,100,0
HYP.US,5,20260505,183500,29.28,29.28,29.28,29.28,100,0
HYP.US,5,20260505,200000,29.3,29.3,29.3,29.3,100,0
HYP.US,5,20260505,203500,29.3699,29.3699,29.3699,29.3699,200,0
HYP.US,5,20260505,211000,29.32,29.32,29.32,29.32,100,0
HYP.US,5,20260505,215000,29.23,29.23,29.23,29.23,1200,0
HYP.US,5,20260506,161500,29.07,29.07,29.07,29.07,200,0
HYP.US,5,20260506,174000,29.4,29.4,29.4,29.4,220,0
HYP.US,5,20260506,193500,29.45,29.45,29.45,29.45,125,0
HYP.US,5,20260506,195000,29.5,29.5,29.5,29.5,100,0
HYP.US,5,20260507,154500,28.75,28.75,28.75,28.75,248,0
HYP.US,5,20260507,155000,28.8301,28.8301,28.8301,28.8301,200,0
HYP.US,5,20260507,162000,29,29,29,29,100,0
HYP.US,5,20260507,164500,29.1,29.1,29.1,29.1,100,0
HYP.US,5,20260507,174500,28.86,28.86,28.86,28.86,100,0
HYP.US,5,20260507,190000,28.52,28.52,28.52,28.52,200,0
HYP.US,5,20260507,191000,28.53,28.53,28.53,28.53,100,0
HYP.US,5,20260507,204000,28.32,28.32,28.32,28.32,101,0
HYP.US,5,20260507,210000,28.28,28.28,28.28,28.28,100,0
HYP.US,5,20260507,212000,28.31,28.31,28.3099,28.3099,400,0
HYP.US,5,20260507,212500,28.25,28.25,28.25,28.25,100,0
HYP.US,5,20260508,162500,29.23,29.23,29.23,29.23,200,0
HYP.US,5,20260508,164500,29.225,29.225,29.225,29.225,299,0
HYP.US,5,20260508,205500,29.5202,29.56,29.52,29.52,400,0
HYP.US,5,20260508,214000,29.57,29.57,29.57,29.57,360,0
HYP.US,5,20260511,153000,30,30.1,30,30.1,537,0
HYP.US,5,20260511,162500,30.68,30.68,30.68,30.68,100,0
HYP.US,5,20260511,172000,30.81,30.81,30.81,30.81,300,0
HYP.US,5,20260511,183000,31.04,31.04,31.04,31.04,1000,0
HYP.US,5,20260511,184000,31,31,30.92,30.92,200,0
HYP.US,5,20260511,191500,31.02,31.02,31.02,31.02,100,0
HYP.US,5,20260511,194000,31.07,31.0714,31.07,31.0714,788,0
HYP.US,5,20260511,195500,31.07,31.07,31.07,31.07,300,0
HYP.US,5,20260511,201000,31.08,31.08,31.08,31.08,487,0
HYP.US,5,20260511,204500,31.16,31.16,31.16,31.16,100,0
HYP.US,5,20260511,211500,31.07,31.07,31.07,31.07,100,0
HYP.US,5,20260511,215000,30.96,30.96,30.9501,30.9501,300,0
HYP.US,5,20260512,153000,31,31,31,31,250,0
HYP.US,5,20260512,161500,30.32,30.32,30.32,30.32,100,0
HYP.US,5,20260512,162000,30.29,30.29,30.29,30.29,200,0
HYP.US,5,20260512,172000,29.5,29.5,29.5,29.5,100,0
HYP.US,5,20260512,191500,29.7779,29.7779,29.7779,29.7779,199,0
HYP.US,5,20260513,155500,30.235,30.235,30.235,30.235,150,0
HYP.US,5,20260513,163500,30.6,30.6,30.6,30.6,500,0
HYP.US,5,20260513,164500,30.52,30.52,30.52,30.52,200,0
HYP.US,5,20260513,170500,30.575,30.575,30.575,30.575,200,0
HYP.US,5,20260513,171000,30.51,30.51,30.51,30.51,100,0
HYP.US,5,20260513,171500,30.62,30.62,30.62,30.62,400,0
HYP.US,5,20260513,172500,30.58,30.58,30.58,30.58,100,0
HYP.US,5,20260513,184000,30.68,30.68,30.68,30.68,162,0
HYP.US,5,20260513,215000,30.78,30.78,30.78,30.78,100,0
HYP.US,5,20260513,215500,30.75,30.75,30.75,30.75,100,0
HYP.US,5,20260514,153000,31.14,31.14,31.14,31.14,100,0
HYP.US,5,20260514,162000,30.735,30.735,30.735,30.735,100,0
HYP.US,5,20260514,162500,30.66,30.66,30.66,30.66,100,0
HYP.US,5,20260514,164000,30.72,30.72,30.72,30.72,100,0
HYP.US,5,20260514,180500,30.84,30.84,30.84,30.84,100,0
HYP.US,5,20260514,190000,30.88,30.88,30.88,30.88,429,0
HYP.US,5,20260514,203000,30.785,30.785,30.785,30.785,100,0
HYP.US,5,20260514,204000,30.8,30.8,30.8,30.8,100,0
HYP.US,5,20260514,214500,30.84,30.92,30.84,30.92,613,0
HYP.US,5,20260514,215500,30.9,30.9,30.86,30.86,350,0
HYP.US,5,20260515,164500,29.99,29.99,29.99,29.99,100,0
HYP.US,5,20260515,172000,30.0299,30.0299,30.0299,30.0299,333,0
HYP.US,5,20260515,173000,30.06,30.06,30.06,30.06,839,0
HYP.US,5,20260515,174500,30.07,30.07,30.07,30.07,200,0
HYP.US,5,20260518,155000,29.48,29.48,29.48,29.48,100,0
HYP.US,5,20260518,155500,29.52,29.52,29.52,29.52,163,0
HYP.US,5,20260518,161500,29.36,29.36,29.28,29.28,200,0
HYP.US,5,20260518,162000,29.15,29.15,29.09,29.0901,300,0
HYP.US,5,20260518,162500,29.19,29.19,29.19,29.19,100,0
HYP.US,5,20260518,180000,28.91,28.91,28.875,28.875,216,0
HYP.US,5,20260518,183000,28.72,28.72,28.66,28.68,6273,0
HYP.US,5,20260518,202000,28.445,28.445,28.4,28.4,1800,0
HYP.US,5,20260518,204500,28.45,28.45,28.45,28.45,300,0
HYP.US,5,20260518,210000,28.58,28.58,28.58,28.58,200,0
HYP.US,5,20260519,160500,27.98,27.98,27.89,27.9,4800,0
HYP.US,5,20260519,161000,27.86,27.89,27.86,27.89,485,0
HYP.US,5,20260519,162000,27.52,27.6,27.52,27.6,700,0
HYP.US,5,20260519,163500,27.65,27.6501,27.65,27.6501,200,0
HYP.US,5,20260519,170000,27.92,27.92,27.92,27.92,2100,0
HYP.US,5,20260519,185500,28.68,28.68,28.6304,28.6799,833,0
HYP.US,5,20260519,190000,28.68,28.68,28.68,28.68,100,0
HYP.US,5,20260519,191000,28.78,28.78,28.78,28.78,100,0
HYP.US,5,20260519,194500,28.8,28.8,28.8,28.8,100,0
HYP.US,5,20260520,161000,28.82,28.82,28.82,28.82,200,0
HYP.US,5,20260520,171500,29.22,29.22,29.22,29.22,200,0
HYP.US,5,20260520,180500,29.36,29.36,29.36,29.36,268,0
HYP.US,5,20260520,181000,29.38,29.38,29.38,29.38,385,0
HYP.US,5,20260521,184500,29.85,29.85,29.85,29.85,100,0
HYP.US,5,20260521,204500,30.03,30.03,30.01,30.02,802,0
HYP.US,5,20260522,165500,30.165,30.165,30.165,30.165,500,0
HYP.US,5,20260522,172500,30.18,30.18,30.18,30.18,314,0
HYP.US,5,20260522,182500,30.11,30.11,30.11,30.11,200,0
HYP.US,5,20260526,154500,30.86,30.86,30.86,30.86,195,0
HYP.US,5,20260526,172500,30.915,30.915,30.915,30.915,161,0
HYP.US,5,20260526,175500,30.735,30.76,30.735,30.76,250,0
HYP.US,5,20260526,180000,30.8399,30.8399,30.8399,30.8399,259,0
HYP.US,5,20260526,180500,30.9,30.9,30.8999,30.8999,200,0
HYP.US,5,20260526,182500,31,31,31,31,150,0
HYP.US,5,20260526,183500,31.04,31.04,31.04,31.04,181,0
HYP.US,5,20260526,184000,31.01,31.01,31.01,31.01,100,0
HYP.US,5,20260526,190000,31.01,31.01,31.01,31.01,322,0
HYP.US,5,20260526,211000,31.0499,31.0499,31.0499,31.0499,600,0
HYP.US,5,20260526,214500,31.09,31.09,31.07,31.07,772,0
HYP.US,5,20260527,154500,30.405,30.435,30.361,30.3901,1334,0
HYP.US,5,20260527,175000,30.745,30.745,30.745,30.745,100,0
HYP.US,5,20260527,194500,30.89,30.89,30.885,30.885,200,0
HYP.US,5,20260527,214500,30.96,30.96,30.96,30.96,145281,0
HYP.US,5,20260527,215000,31.065,31.07,31.065,31.065,2638,0
HYP.US,5,20260527,215500,30.98,30.98,30.98,30.98,800,0
HYP.US,5,20260528,161000,30.88,30.88,30.875,30.88,600,0
HYP.US,5,20260528,175000,31,31.0001,31,31.0001,200,0
HYP.US,5,20260528,180500,31.07,31.07,31.07,31.07,428,0
HYP.US,5,20260528,184500,31.16,31.16,31.16,31.16,100,0
HYP.US,5,20260528,193000,31.04,31.04,31.04,31.04,200,0
HYP.US,5,20260528,205500,30.97,30.98,30.97,30.97,3251,0
HYP.US,5,20260528,211000,30.95,30.95,30.95,30.95,100,0
HYP.US,5,20260528,212500,30.86,30.86,30.86,30.86,200,0
HYP.US,5,20260528,213000,30.88,30.88,30.88,30.88,1327,0
HYP.US,5,20260528,215500,30.88,30.88,30.88,30.88,900,0
HYP.US,5,20260529,161000,30.415,30.415,30.415,30.415,100,0
HYP.US,5,20260529,170500,30.28,30.28,30.28,30.28,15280,0
HYP.US,5,20260529,172500,30.345,30.345,30.345,30.345,100,0
HYP.US,5,20260529,181000,30.5,30.5,30.4999,30.4999,200,0
HYP.US,5,20260529,182500,30.42,30.42,30.4199,30.4199,530,0
HYP.US,5,20260601,183000,30.62,30.62,30.62,30.62,100,0
HYP.US,5,20260601,193500,30.895,30.895,30.895,30.895,535,0
HYP.US,5,20260601,213500,30.72,30.72,30.72,30.72,100,0
HYP.US,5,20260602,161500,31.46,31.46,31.4599,31.4599,200,0
HYP.US,5,20260602,174000,31.605,31.605,31.605,31.605,150,0
HYP.US,5,20260602,182000,31.53,31.53,31.53,31.53,25317,0
HYP.US,5,20260602,214000,31.5,31.5388,31.5,31.5001,300,0
HYP.US,5,20260603,153500,31.3,31.3,31.3,31.3,1123,0
HYP.US,5,20260603,155500,30.62,30.62,30.61,30.61,498,0
HYP.US,5,20260603,170000,31.33,31.33,31.33,31.33,100,0
HYP.US,5,20260603,175000,30.99,30.99,30.99,30.99,300,0
HYP.US,5,20260603,195500,31.03,31.03,31.03,31.03,300,0
HYP.US,5,20260603,214500,30.92,30.92,30.92,30.92,100,0
HYP.US,5,20260604,180000,30.815,30.815,30.815,30.815,200,0
HYP.US,5,20260604,182000,30.9415,30.9415,30.9415,30.9415,200,0
HYP.US,5,20260604,184500,31.16,31.16,31.16,31.16,100,0
HYP.US,5,20260604,200500,31.59,31.59,31.59,31.59,9500,0
HYP.US,5,20260604,202500,31.535,31.535,31.535,31.535,300,0
HYP.US,5,20260604,215500,31.22,31.22,31.22,31.22,177,0
HYP.US,5,20260605,153000,30.79,30.79,30.79,30.79,114,0
HYP.US,5,20260605,160000,29.13,29.18,29.08,29.18,600,0
HYP.US,5,20260605,162000,29.79,29.79,29.79,29.79,100,0
HYP.US,5,20260605,173500,29.1901,29.1901,29.1901,29.1901,100,0
HYP.US,5,20260605,174500,29.1101,29.1101,29.1101,29.1101,160,0
HYP.US,5,20260605,175000,29.205,29.205,29.205,29.205,155,0
HYP.US,5,20260605,183000,28.6,28.6001,28.6,28.6001,1294,0
HYP.US,5,20260605,210500,28.11,28.1101,28.11,28.1101,600,0
HYP.US,5,20260605,213500,28.2499,28.26,28.16,28.26,7300,0
HYP.US,5,20260608,182000,28.86,28.86,28.83,28.85,3317,0
HYP.US,5,20260608,182500,28.84,28.84,28.84,28.84,3300,0
HYP.US,5,20260608,191000,28.66,28.66,28.66,28.66,100,0
HYP.US,5,20260608,203500,28.69,28.69,28.69,28.69,248,0
HYP.US,5,20260608,212500,28.4008,28.4008,28.4008,28.4008,234,0
HYP.US,5,20260609,181500,27,27,27,27,100,0
HYP.US,5,20260609,183500,26.73,26.73,26.73,26.73,100,0
HYP.US,5,20260609,190000,27.07,27.07,27.07,27.07,100,0
HYP.US,5,20260609,191500,27.3641,27.39,27.3641,27.39,1000,0
HYP.US,5,20260609,193500,27.72,27.72,27.7199,27.72,400,0
HYP.US,5,20260609,194000,27.7701,27.7701,27.77,27.77,250,0
HYP.US,5,20260609,213500,28,28,28,28,100,0
HYP.US,5,20260609,215500,28.04,28.05,28.04,28.05,318,0
HYP.US,5,20260610,172000,27.55,27.5501,27.55,27.5501,200,0
HYP.US,5,20260610,173000,27.745,27.745,27.745,27.745,300,0
HYP.US,5,20260610,174000,27.775,27.775,27.775,27.775,500,0
HYP.US,5,20260610,201500,27.97,27.98,27.83,27.83,8900,0
HYP.US,5,20260610,202000,27.82,27.82,27.82,27.82,100,0
HYP.US,5,20260610,210500,27.65,27.69,27.65,27.69,8200,0
HYP.US,5,20260610,211000,27.615,27.615,27.615,27.615,400,0
HYP.US,5,20260610,215500,27.43,27.43,27.41,27.41,349,0
HYP.US,5,20260611,164500,28.3101,28.3101,28.3101,28.3101,100,0
HYP.US,5,20260611,190000,28.23,28.23,28.23,28.23,100,0
HYP.US,5,20260612,153000,30.26,30.26,30.26,30.26,330,0
HYP.US,5,20260612,155500,29.7,29.7,29.7,29.7,100,0
HYP.US,5,20260612,164000,29.84,29.84,29.81,29.81,1225,0
HYP.US,5,20260612,175500,29.5289,29.5289,29.5289,29.5289,100,0
HYP.US,5,20260612,185500,29.92,29.92,29.88,29.88,12000,0
HYP.US,5,20260612,190500,30.03,30.03,30.03,30.03,800,0
HYP.US,5,20260612,191000,29.98,29.98,29.95,29.95,732,0
HYP.US,5,20260612,203500,29.88,29.88,29.84,29.84,2300,0
HYP.US,5,20260612,204500,29.9,29.9,29.9,29.9,400,0
HYP.US,5,20260612,205500,29.88,29.88,29.88,29.88,100,0
HYP.US,5,20260612,212500,29.83,29.83,29.83,29.83,500,0
HYP.US,5,20260612,213000,29.84,29.84,29.84,29.84,100,0
HYP.US,5,20260615,155000,30.8,30.8,30.8,30.8,100,0
HYP.US,5,20260615,174000,30.6,30.6,30.6,30.6,200,0
HYP.US,5,20260615,175000,30.56,30.56,30.56,30.56,405415,0
HYP.US,5,20260615,203000,30.748,30.748,30.748,30.748,200,0
HYP.US,5,20260615,205000,30.73,30.73,30.73,30.73,100,0
HYP.US,5,20260615,212000,30.6615,30.68,30.6615,30.68,400,0
HYP.US,5,20260615,212500,30.6401,30.6401,30.61,30.6401,1591,0
HYP.US,5,20260616,153500,30.76,30.76,30.76,30.76,2500,0
HYP.US,5,20260616,155500,30.955,30.955,30.955,30.955,100,0
HYP.US,5,20260616,160000,30.9,30.9,30.9,30.9,100,0
HYP.US,5,20260616,161000,30.77,30.77,30.75,30.75,500,0
HYP.US,5,20260616,170500,30.32,30.32,30.32,30.32,200,0
HYP.US,5,20260616,180500,30.36,30.36,30.3,30.3,411963,0
HYP.US,5,20260616,185000,30.375,30.375,30.375,30.375,200,0
HYP.US,5,20260616,192000,30.32,30.32,30.32,30.32,100,0
HYP.US,5,20260616,201500,30.47,30.47,30.47,30.47,100,0
HYP.US,5,20260616,211000,30.27,30.27,30.27,30.27,100,0
HYP.US,5,20260616,213500,30.13,30.13,30.13,30.13,100,0
HYP.US,5,20260616,214000,30.09,30.09,30.09,30.09,100,0
HYP.US,5,20260616,215000,30.05,30.05,30.01,30.01,200,0
HYP.US,5,20260616,215500,29.99,29.99,29.89,29.89,400,0
HYP.US,5,20260617,153500,30.4,30.4,30.4,30.4,407,0
HYP.US,5,20260617,154500,30.565,30.565,30.565,30.565,211,0
HYP.US,5,20260617,160000,30.47,30.47,30.36,30.37,7000,0
HYP.US,5,20260617,170500,30.52,30.52,30.52,30.52,200,0
HYP.US,5,20260617,184500,30.89,30.89,30.89,30.89,200,0
HYP.US,5,20260617,185500,30.84,30.84,30.84,30.84,161,0
HYP.US,5,20260617,190000,30.93,30.93,30.93,30.93,5216,0
HYP.US,5,20260617,190500,30.88,30.88,30.88,30.88,170,0
HYP.US,5,20260617,194000,30.925,30.925,30.925,30.925,100,0
HYP.US,5,20260617,194500,30.91,30.91,30.91,30.91,100,0
HYP.US,5,20260617,200000,30.64,30.64,30.64,30.64,100,0
HYP.US,5,20260617,200500,30.5362,30.5362,30.5362,30.5362,149,0
HYP.US,5,20260617,201000,30.7238,30.7238,30.7238,30.7238,149,0
HYP.US,5,20260617,201500,30.88,30.88,30.83,30.83,400,0
HYP.US,5,20260617,210000,31.05,31.05,31.05,31.05,100,0
HYP.US,5,20260617,214500,30.41,30.41,30.41,30.41,394,0
HYP.US,5,20260618,160500,30.85,30.86,30.85,30.86,6966,0
HYP.US,5,20260618,161000,30.63,30.63,30.63,30.63,200,0
HYP.US,5,20260618,162500,30.86,30.86,30.8599,30.8599,600,0
HYP.US,5,20260618,171000,31.196,31.196,31.13,31.13,1303,0
HYP.US,5,20260618,173500,30.87,30.87,30.87,30.87,200,0
HYP.US,5,20260618,175000,30.9704,31.01,30.9704,30.9704,1514,0
HYP.US,5,20260618,181500,30.96,30.96,30.96,30.96,100,0
HYP.US,5,20260618,192000,31.09,31.09,31.09,31.09,100,0
HYP.US,5,20260618,195500,31.025,31.025,31.025,31.025,1000,0
HYP.US,5,20260618,201000,31.02,31.02,31.02,31.02,100,0
HYP.US,5,20260618,203000,30.955,30.955,30.955,30.955,182,0
HYP.US,5,20260618,205500,31.02,31.02,31.015,31.015,365,0
HYP.US,5,20260618,213500,31.105,31.105,31.105,31.105,160,0
HYP.US,5,20260618,215000,31.2901,31.2901,31.2901,31.2901,100,0
HYP.US,5,20260622,153500,31.8,31.8,31.8,31.8,500,0
HYP.US,5,20260622,154500,31.915,31.915,31.915,31.915,312,0
HYP.US,5,20260622,155500,31.9367,31.9367,31.915,31.915,422,0
HYP.US,5,20260622,160500,31.84,31.84,31.84,31.84,333,0
HYP.US,5,20260622,161000,31.72,31.72,31.72,31.72,200,0
HYP.US,5,20260622,162000,31.525,31.525,31.525,31.525,100,0
HYP.US,5,20260622,162500,31.61,31.61,31.61,31.61,100,0
HYP.US,5,20260622,163000,31.46,31.46,31.46,31.46,1034,0
HYP.US,5,20260622,171000,31.535,31.535,31.53,31.53,504,0
HYP.US,5,20260622,180000,31.48,31.48,31.48,31.48,100,0
HYP.US,5,20260622,185000,31.655,31.655,31.655,31.655,140,0
HYP.US,5,20260622,190500,31.685,31.685,31.67,31.67,1100,0
HYP.US,5,20260622,192000,31.75,31.75,31.75,31.75,103,0
HYP.US,5,20260622,195500,31.93,31.93,31.9299,31.9299,675,0
HYP.US,5,20260622,200000,31.895,31.895,31.895,31.895,450,0
HYP.US,5,20260622,204000,32.05,32.05,32.05,32.05,724,0
HYP.US,5,20260622,204500,32,32,31.985,31.985,256,0
HYP.US,5,20260622,205000,31.97,31.97,31.97,31.97,100,0
HYP.US,5,20260622,210500,31.9,31.9,31.89,31.89,200,0
HYP.US,5,20260622,214500,31.92,31.92,31.92,31.92,3100,0
HYP.US,5,20260622,215500,32.01,32.02,31.975,32.02,1600,0
