<TICKER>,<PER>,<DATE>,<TIME>,<OPEN>,<HIGH>,<LOW>,<CLOSE>,<VOL>,<OPENINT>
MCGAW.US,5,20260126,155500,0.59,0.59,0.59,0.59,100,0
MCGAW.US,5,20260126,160000,0.5514,0.5514,0.5,0.5,6050,0
MCGAW.US,5,20260126,202500,0.5275,0.5275,0.5275,0.5275,1477,0
MCGAW.US,5,20260126,203000,0.54,0.54,0.534701,0.534701,3500,0
MCGAW.US,5,20260126,203500,0.5275,0.55,0.5275,0.534701,2460,0
MCGAW.US,5,20260127,171000,0.5,0.5,0.5,0.5,100,0
MCGAW.US,5,20260127,214500,0.53,0.53,0.525,0.525,390,0
MCGAW.US,5,20260128,164000,0.4901,0.5,0.4782,0.4782,407,0
MCGAW.US,5,20260128,214000,0.5555,0.5555,0.5555,0.5555,100,0
MCGAW.US,5,20260128,215000,0.53,0.53,0.53,0.53,100,0
MCGAW.US,5,20260128,215500,0.54862,0.54862,0.54862,0.54862,122,0
MCGAW.US,5,20260130,181000,0.52,0.52,0.5085,0.5085,9891,0
MCGAW.US,5,20260130,182500,0.5295,0.5295,0.52,0.52,597,0
MCGAW.US,5,20260130,190500,0.6,0.6,0.6,0.6,141,0
MCGAW.US,5,20260130,213000,0.5774,0.5774,0.57,0.5774,863,0
MCGAW.US,5,20260130,214000,0.518,0.518,0.518,0.518,334,0
MCGAW.US,5,20260130,214500,0.53,0.59,0.518,0.518,4978,0
MCGAW.US,5,20260130,215000,0.518,0.59,0.518,0.59,1798,0
MCGAW.US,5,20260202,153000,0.58,0.58,0.58,0.58,220,0
MCGAW.US,5,20260202,154000,0.489,0.489,0.489,0.489,133,0
MCGAW.US,5,20260202,155000,0.4882,0.4882,0.4882,0.4882,200,0
MCGAW.US,5,20260202,161500,0.55,0.55,0.55,0.55,43429,0
MCGAW.US,5,20260202,165500,0.5391,0.5391,0.4982,0.522813,3800,0
MCGAW.US,5,20260202,183000,0.59,0.59,0.59,0.59,412,0
MCGAW.US,5,20260202,203000,0.5283,0.5283,0.5283,0.5283,1000,0
MCGAW.US,5,20260202,211000,0.52,0.5283,0.52,0.5283,500,0
MCGAW.US,5,20260202,212000,0.55,0.55,0.55,0.55,100,0
MCGAW.US,5,20260202,212500,0.55,0.55,0.55,0.55,200,0
MCGAW.US,5,20260202,213000,0.55,0.55,0.55,0.55,100,0
MCGAW.US,5,20260202,213500,0.55,0.58,0.55,0.58,200,0
MCGAW.US,5,20260202,214000,0.58,0.58,0.58,0.58,300,0
MCGAW.US,5,20260202,214500,0.58,0.58,0.58,0.58,300,0
MCGAW.US,5,20260202,215000,0.57,0.58,0.52,0.52,1574,0
MCGAW.US,5,20260202,215500,0.52,0.52,0.52,0.52,200,0
MCGAW.US,5,20260203,195500,0.59,0.59,0.5588,0.59,6600,0
MCGAW.US,5,20260203,200000,0.59,0.596,0.59,0.596,1117,0
MCGAW.US,5,20260203,201500,0.59,0.59,0.59,0.59,2238,0
MCGAW.US,5,20260203,213500,0.54,0.54,0.54,0.54,248,0
MCGAW.US,5,20260204,161500,0.5185,0.5185,0.5185,0.5185,126,0
MCGAW.US,5,20260204,170500,0.47,0.47,0.47,0.47,107,0
MCGAW.US,5,20260204,174500,0.5,0.5,0.5,0.5,100,0
MCGAW.US,5,20260205,214500,0.45,0.47165,0.45,0.47165,2100,0
MCGAW.US,5,20260205,215000,0.45,0.46165,0.4433,0.46165,3890,0
MCGAW.US,5,20260205,215500,0.4542,0.4542,0.4433,0.4433,3232,0
MCGAW.US,5,20260206,175000,0.4433,0.45,0.4256,0.4256,2082,0
MCGAW.US,5,20260206,182000,0.4202,0.4202,0.4202,0.4202,100,0
MCGAW.US,5,20260209,160000,0.4111,0.4111,0.4111,0.4111,564,0
MCGAW.US,5,20260210,193500,0.49,0.49,0.49,0.49,988,0
MCGAW.US,5,20260210,212500,0.47,0.47,0.47,0.47,133,0
MCGAW.US,5,20260210,215500,0.47,0.47,0.47,0.47,200,0
MCGAW.US,5,20260211,203500,0.45,0.45,0.45,0.45,100,0
MCGAW.US,5,20260211,205000,0.45,0.45,0.45,0.45,200,0
MCGAW.US,5,20260211,215000,0.45,0.45,0.45,0.45,200,0
MCGAW.US,5,20260211,215500,0.45,0.45,0.45,0.45,200,0
MCGAW.US,5,20260212,155000,0.44,0.44,0.44,0.44,200,0
MCGAW.US,5,20260212,155500,0.44,0.44,0.44,0.44,333,0
MCGAW.US,5,20260212,211500,0.44,0.44,0.44,0.44,329,0
MCGAW.US,5,20260213,164000,0.4396,0.4396,0.4396,0.4396,400,0
MCGAW.US,5,20260217,173000,0.45,0.45,0.45,0.45,200,0
MCGAW.US,5,20260217,185000,0.4378,0.4378,0.4378,0.4378,400,0
MCGAW.US,5,20260217,192000,0.422,0.4465,0.416,0.4199,13025,0
MCGAW.US,5,20260217,214000,0.43,0.43,0.43,0.43,237,0
MCGAW.US,5,20260218,161500,0.416,0.4161,0.416,0.4161,226,0
MCGAW.US,5,20260218,192000,0.443,0.443,0.443,0.443,150,0
MCGAW.US,5,20260218,194000,0.416,0.416,0.4121,0.4121,8968,0
MCGAW.US,5,20260219,161500,0.42,0.42,0.42,0.42,1000,0
MCGAW.US,5,20260219,172500,0.44545,0.4455,0.421,0.421,500,0
MCGAW.US,5,20260219,174000,0.421,0.421,0.42,0.42,2441,0
MCGAW.US,5,20260219,182000,0.42,0.42,0.4199,0.4199,1800,0
MCGAW.US,5,20260219,183500,0.41,0.41,0.41,0.41,1000,0
MCGAW.US,5,20260219,200000,0.4,0.4,0.4,0.4,984,0
MCGAW.US,5,20260219,203000,0.4,0.4,0.4,0.4,1400,0
MCGAW.US,5,20260219,203500,0.41,0.41,0.41,0.41,1000,0
MCGAW.US,5,20260219,204000,0.4,0.4,0.4,0.4,400,0
MCGAW.US,5,20260219,204500,0.4,0.4,0.4,0.4,384,0
MCGAW.US,5,20260219,205000,0.42,0.42,0.4,0.4,808,0
MCGAW.US,5,20260219,205500,0.4,0.4,0.4,0.4,448,0
MCGAW.US,5,20260219,210000,0.41,0.42,0.41,0.42,9445,0
MCGAW.US,5,20260219,210500,0.42,0.42,0.4,0.4,2548,0
MCGAW.US,5,20260219,211500,0.4,0.4,0.4,0.4,400,0
MCGAW.US,5,20260219,212000,0.4,0.4,0.4,0.4,384,0
MCGAW.US,5,20260219,212500,0.4,0.4,0.4,0.4,388,0
MCGAW.US,5,20260219,213000,0.4,0.4,0.4,0.4,480,0
MCGAW.US,5,20260219,213500,0.41,0.41,0.41,0.41,584,0
MCGAW.US,5,20260219,214000,0.41,0.41,0.41,0.41,384,0
MCGAW.US,5,20260219,214500,0.4,0.4,0.4,0.4,384,0
MCGAW.US,5,20260219,215000,0.4,0.4,0.4,0.4,400,0
MCGAW.US,5,20260219,215500,0.4,0.4,0.4,0.4,364,0
MCGAW.US,5,20260220,153000,0.4,0.4,0.4,0.4,8322,0
MCGAW.US,5,20260220,154500,0.405,0.405,0.4,0.4,11250,0
MCGAW.US,5,20260220,155000,0.401,0.401,0.401,0.401,200,0
MCGAW.US,5,20260220,155500,0.401,0.401,0.4,0.4,2500,0
MCGAW.US,5,20260220,160000,0.401,0.401,0.401,0.401,1200,0
MCGAW.US,5,20260220,160500,0.401,0.401,0.401,0.401,1100,0
MCGAW.US,5,20260220,161000,0.4,0.4001,0.4,0.4001,2800,0
MCGAW.US,5,20260220,161500,0.4001,0.4001,0.4001,0.4001,2000,0
MCGAW.US,5,20260220,162000,0.4001,0.4001,0.4001,0.4001,1300,0
MCGAW.US,5,20260220,163000,0.4001,0.4001,0.4001,0.4001,1300,0
MCGAW.US,5,20260220,163500,0.4001,0.4001,0.4001,0.4001,2000,0
MCGAW.US,5,20260220,164500,0.4001,0.4001,0.4001,0.4001,2000,0
MCGAW.US,5,20260220,165000,0.4001,0.4001,0.4001,0.4001,2000,0
MCGAW.US,5,20260220,170000,0.4001,0.4001,0.4001,0.4001,2000,0
MCGAW.US,5,20260220,171000,0.4001,0.4001,0.4001,0.4001,2000,0
MCGAW.US,5,20260220,171500,0.4001,0.4001,0.4001,0.4001,2000,0
MCGAW.US,5,20260220,172500,0.4001,0.4001,0.4001,0.4001,2100,0
MCGAW.US,5,20260220,173000,0.4001,0.4001,0.4001,0.4001,2000,0
MCGAW.US,5,20260220,174000,0.4001,0.4001,0.4001,0.4001,2000,0
MCGAW.US,5,20260220,175000,0.4001,0.4001,0.4001,0.4001,2000,0
MCGAW.US,5,20260220,175500,0.41,0.41,0.41,0.41,250,0
MCGAW.US,5,20260220,180500,0.4001,0.4001,0.4001,0.4001,2000,0
MCGAW.US,5,20260220,181000,0.4,0.4,0.4,0.4,2800,0
MCGAW.US,5,20260220,182000,0.4001,0.41,0.4001,0.4001,2600,0
MCGAW.US,5,20260220,182500,0.4001,0.4001,0.4001,0.4001,2000,0
MCGAW.US,5,20260220,183500,0.4001,0.4001,0.4001,0.4001,2000,0
MCGAW.US,5,20260220,184500,0.4001,0.4001,0.4001,0.4001,2000,0
MCGAW.US,5,20260220,185000,0.4001,0.4001,0.4001,0.4001,2000,0
MCGAW.US,5,20260220,190000,0.4002,0.4002,0.4002,0.4002,2000,0
MCGAW.US,5,20260220,190500,0.4001,0.4001,0.4001,0.4001,2000,0
MCGAW.US,5,20260220,191500,0.4,0.4,0.4,0.4,2800,0
MCGAW.US,5,20260220,192500,0.405,0.405,0.405,0.405,200,0
MCGAW.US,5,20260220,193000,0.4,0.4,0.4,0.4,2800,0
MCGAW.US,5,20260220,194000,0.4,0.4,0.4,0.4,2800,0
MCGAW.US,5,20260220,195000,0.4,0.4,0.4,0.4,2800,0
MCGAW.US,5,20260220,200500,0.4,0.4,0.4,0.4,2800,0
MCGAW.US,5,20260220,201500,0.4,0.4,0.4,0.4,2800,0
MCGAW.US,5,20260220,202500,0.4,0.4,0.4,0.4,4800,0
MCGAW.US,5,20260220,203500,0.4,0.4,0.4,0.4,3537,0
MCGAW.US,5,20260220,204500,0.4,0.4,0.4,0.4,2600,0
MCGAW.US,5,20260220,211000,0.4,0.4,0.4,0.4,200,0
MCGAW.US,5,20260223,153000,0.4,0.4,0.3932,0.3932,600,0
MCGAW.US,5,20260223,155000,0.3955,0.3955,0.3955,0.3955,100,0
MCGAW.US,5,20260223,163000,0.397,0.3975,0.397,0.3975,1000,0
MCGAW.US,5,20260223,165000,0.4,0.4,0.3975,0.4,1900,0
MCGAW.US,5,20260223,183500,0.4099,0.4099,0.4099,0.4099,100,0
MCGAW.US,5,20260223,184500,0.409,0.409,0.409,0.409,300,0
MCGAW.US,5,20260223,215000,0.4096,0.4099,0.4096,0.4099,1700,0
MCGAW.US,5,20260224,163500,0.399999,0.399999,0.3755,0.3755,518,0
MCGAW.US,5,20260224,173000,0.352,0.4,0.351,0.351,5138,0
MCGAW.US,5,20260224,191000,0.3999,0.3999,0.3999,0.3999,2000,0
MCGAW.US,5,20260224,192000,0.4,0.4,0.4,0.4,4900,0
MCGAW.US,5,20260224,194000,0.4,0.4,0.4,0.4,5000,0
MCGAW.US,5,20260224,195000,0.4,0.4,0.4,0.4,4482,0
MCGAW.US,5,20260224,200500,0.41,0.41,0.41,0.41,100,0
MCGAW.US,5,20260224,211500,0.41,0.41,0.4099,0.41,6600,0
MCGAW.US,5,20260225,154000,0.41,0.41,0.41,0.41,3200,0
MCGAW.US,5,20260225,154500,0.41,0.41,0.4099,0.4099,3488,0
MCGAW.US,5,20260225,155000,0.41,0.41,0.4099,0.41,8312,0
MCGAW.US,5,20260225,211500,0.4301,0.4301,0.43,0.43,657,0
MCGAW.US,5,20260225,212000,0.43,0.43,0.43,0.43,1376,0
MCGAW.US,5,20260226,175000,0.4499,0.45,0.4499,0.45,20688,0
MCGAW.US,5,20260226,181500,0.4499,0.45,0.4499,0.4499,3000,0
MCGAW.US,5,20260226,182000,0.4499,0.4499,0.4499,0.4499,300,0
MCGAW.US,5,20260226,184000,0.45,0.45,0.4469,0.4469,3000,0
MCGAW.US,5,20260226,184500,0.45,0.45,0.448515,0.45,1800,0
MCGAW.US,5,20260226,185000,0.45,0.45,0.4499,0.4499,2232,0
MCGAW.US,5,20260226,192000,0.4688,0.4688,0.4688,0.4688,200,0
MCGAW.US,5,20260226,201500,0.46,0.46,0.45,0.45,3264,0
MCGAW.US,5,20260226,215500,0.46,0.46,0.4599,0.4599,314,0
MCGAW.US,5,20260227,170000,0.42,0.42,0.42,0.42,500,0
MCGAW.US,5,20260227,170500,0.417001,0.42,0.417001,0.42,1000,0
MCGAW.US,5,20260302,183000,0.45,0.45,0.4227,0.4227,300,0
MCGAW.US,5,20260302,183500,0.4499,0.45,0.432451,0.4499,3924,0
MCGAW.US,5,20260302,184000,0.4377,0.45,0.4377,0.45,2750,0
MCGAW.US,5,20260302,184500,0.45,0.45,0.4499,0.45,2080,0
MCGAW.US,5,20260302,190000,0.45,0.47,0.4499,0.47,1482,0
MCGAW.US,5,20260302,204000,0.5749,0.5749,0.51,0.51,3600,0
MCGAW.US,5,20260302,210500,0.51,0.55,0.5,0.5,2400,0
MCGAW.US,5,20260302,212000,0.55,0.55,0.5,0.5,1400,0
MCGAW.US,5,20260303,153000,0.45,0.45,0.45,0.45,856,0
MCGAW.US,5,20260303,154000,0.4499,0.45,0.4499,0.4499,1500,0
MCGAW.US,5,20260303,155000,0.42,0.42,0.42,0.42,100,0
MCGAW.US,5,20260303,170000,0.43,0.45,0.43,0.45,1133,0
MCGAW.US,5,20260303,201000,0.46,0.46,0.45,0.45,600,0
MCGAW.US,5,20260303,210500,0.6,0.6,0.55,0.55,1694,0
MCGAW.US,5,20260303,212000,0.56,0.6,0.55,0.55,1245,0
MCGAW.US,5,20260304,161500,0.5,0.5136,0.5,0.5136,6400,0
MCGAW.US,5,20260304,162500,0.6,0.6,0.6,0.6,6522,0
MCGAW.US,5,20260304,163500,0.65,0.65,0.65,0.65,386,0
MCGAW.US,5,20260304,185500,0.6001,0.61,0.6001,0.61,3000,0
MCGAW.US,5,20260304,200500,0.6,0.6,0.6,0.6,160,0
MCGAW.US,5,20260304,203500,0.55,0.55,0.55,0.55,500,0
MCGAW.US,5,20260304,213000,0.55,0.55,0.5499,0.5499,1000,0
MCGAW.US,5,20260304,213500,0.55,0.55,0.54999,0.55,880,0
MCGAW.US,5,20260304,214000,0.55,0.55,0.5279,0.55,1200,0
MCGAW.US,5,20260304,214500,0.55,0.55,0.55,0.55,320,0
MCGAW.US,5,20260304,215000,0.55,0.55,0.5255,0.55,520,0
MCGAW.US,5,20260304,215500,0.5255,0.55,0.5255,0.55,1400,0
MCGAW.US,5,20260305,153500,0.55,0.55,0.55,0.55,100,0
MCGAW.US,5,20260305,155000,0.51,0.51,0.51,0.51,500,0
MCGAW.US,5,20260305,161500,0.5375,0.5375,0.5,0.5,2314,0
MCGAW.US,5,20260305,170000,0.451,0.451,0.45,0.45,1420,0
MCGAW.US,5,20260305,171000,0.4,0.401,0.3924,0.4,3500,0
MCGAW.US,5,20260305,171500,0.4005,0.4005,0.4001,0.4001,1200,0
MCGAW.US,5,20260305,174500,0.45,0.45,0.442546,0.4499,5850,0
MCGAW.US,5,20260305,175500,0.45,0.45,0.45,0.45,634,0
MCGAW.US,5,20260305,182000,0.48,0.48,0.48,0.48,160,0
MCGAW.US,5,20260305,200000,0.45,0.45,0.45,0.45,284,0
MCGAW.US,5,20260305,203500,0.45,0.45,0.4499,0.4499,832,0
MCGAW.US,5,20260305,204000,0.45,0.45,0.4499,0.4499,2156,0
MCGAW.US,5,20260305,204500,0.45,0.45,0.4499,0.4499,960,0
MCGAW.US,5,20260305,205000,0.45,0.45,0.44265,0.4499,1460,0
MCGAW.US,5,20260305,205500,0.4328,0.45,0.4328,0.4499,2000,0
MCGAW.US,5,20260305,212500,0.45,0.45,0.45,0.45,160,0
MCGAW.US,5,20260305,213500,0.45,0.45,0.45,0.45,160,0
MCGAW.US,5,20260305,214000,0.45,0.45,0.4499,0.4499,1000,0
MCGAW.US,5,20260305,214500,0.45,0.45,0.445501,0.45,800,0
MCGAW.US,5,20260309,161500,0.4,0.4,0.4,0.4,33333,0
MCGAW.US,5,20260309,184500,0.4,0.41,0.4,0.4,4237,0
MCGAW.US,5,20260309,185500,0.4,0.4,0.3999,0.4,1095,0
MCGAW.US,5,20260309,190000,0.3965,0.4,0.3965,0.3999,3365,0
MCGAW.US,5,20260310,143000,0.3813,0.3882,0.3813,0.3882,4000,0
MCGAW.US,5,20260310,143500,0.3903,0.4,0.3903,0.4,4000,0
MCGAW.US,5,20260310,144500,0.4,0.4,0.3999,0.3999,3200,0
MCGAW.US,5,20260310,150000,0.4,0.4,0.3999,0.4,880,0
MCGAW.US,5,20260310,151000,0.3801,0.3801,0.3801,0.3801,500,0
MCGAW.US,5,20260310,152500,0.41,0.41,0.41,0.41,100,0
MCGAW.US,5,20260310,173000,0.41,0.41,0.41,0.41,1000,0
MCGAW.US,5,20260310,174500,0.41,0.41,0.41,0.41,100,0
MCGAW.US,5,20260310,181000,0.3801,0.3801,0.37135,0.37135,2900,0
MCGAW.US,5,20260310,182000,0.3801,0.3801,0.3801,0.3801,100,0
MCGAW.US,5,20260310,182500,0.3739,0.3801,0.3714,0.3748,2708,0
MCGAW.US,5,20260310,185000,0.41,0.41,0.41,0.41,100,0
MCGAW.US,5,20260310,191500,0.4,0.4,0.4,0.4,100,0
MCGAW.US,5,20260310,192000,0.41,0.4127,0.4,0.4,6580,0
MCGAW.US,5,20260310,193500,0.42,0.42,0.42,0.42,100,0
MCGAW.US,5,20260310,195000,0.4,0.42,0.4,0.4,1000,0
MCGAW.US,5,20260310,195500,0.42,0.42,0.42,0.42,100,0
MCGAW.US,5,20260310,201000,0.42,0.42,0.42,0.42,100,0
MCGAW.US,5,20260310,205000,0.4,0.4,0.4,0.4,140,0
MCGAW.US,5,20260310,205500,0.4199,0.42,0.4,0.4,16051,0
MCGAW.US,5,20260311,143000,0.4,0.4,0.4,0.4,2000,0
MCGAW.US,5,20260311,143500,0.395,0.4,0.395,0.4,456,0
MCGAW.US,5,20260311,144000,0.4,0.4,0.4,0.4,3177,0
MCGAW.US,5,20260311,145000,0.4001,0.4001,0.4001,0.4001,400,0
MCGAW.US,5,20260311,150000,0.4199,0.472,0.4199,0.472,322,0
MCGAW.US,5,20260311,152500,0.4001,0.4002,0.4001,0.4002,2150,0
MCGAW.US,5,20260311,153000,0.4,0.4,0.385002,0.4,600,0
MCGAW.US,5,20260311,153500,0.4,0.4,0.3999,0.3999,1300,0
MCGAW.US,5,20260311,154000,0.4,0.4197,0.3997,0.4,6150,0
MCGAW.US,5,20260311,155000,0.4,0.4,0.4,0.4,500,0
MCGAW.US,5,20260311,155500,0.4,0.4,0.3965,0.4,5750,0
MCGAW.US,5,20260311,160000,0.4,0.4,0.396,0.4,2300,0
MCGAW.US,5,20260311,160500,0.3965,0.4,0.3965,0.4,600,0
MCGAW.US,5,20260311,191500,0.439,0.439,0.439,0.439,100,0
MCGAW.US,5,20260311,201000,0.439,0.439,0.439,0.439,100,0
MCGAW.US,5,20260311,203000,0.4001,0.4001,0.4001,0.4001,500,0
MCGAW.US,5,20260311,204500,0.44,0.44,0.44,0.44,100,0
MCGAW.US,5,20260312,143500,0.4,0.4,0.3999,0.3999,1300,0
MCGAW.US,5,20260313,162000,0.42,0.42,0.42,0.42,100,0
MCGAW.US,5,20260313,163000,0.3901,0.3901,0.35,0.35,7667,0
MCGAW.US,5,20260313,180000,0.4199,0.4199,0.4199,0.4199,5000,0
MCGAW.US,5,20260313,202500,0.3801,0.3801,0.3801,0.3801,500,0
MCGAW.US,5,20260316,143000,0.3839,0.3839,0.3839,0.3839,116,0
MCGAW.US,5,20260316,151000,0.4,0.4,0.4,0.4,100,0
MCGAW.US,5,20260316,154500,0.4,0.4,0.3502,0.3502,4000,0
MCGAW.US,5,20260316,155000,0.38,0.38,0.38,0.38,200,0
MCGAW.US,5,20260316,161000,0.4,0.4,0.4,0.4,100,0
MCGAW.US,5,20260316,162500,0.3751,0.4,0.3751,0.4,696,0
MCGAW.US,5,20260316,164500,0.3501,0.3501,0.35,0.35,3769,0
MCGAW.US,5,20260316,165000,0.375,0.375,0.375,0.375,1000,0
MCGAW.US,5,20260316,165500,0.4,0.4,0.3501,0.3999,5685,0
MCGAW.US,5,20260316,170000,0.3806,0.3952,0.3611,0.3937,1000,0
MCGAW.US,5,20260316,171000,0.4,0.4,0.4,0.4,4800,0
MCGAW.US,5,20260316,172500,0.4,0.4,0.4,0.4,253,0
MCGAW.US,5,20260316,174500,0.4,0.4,0.4,0.4,2200,0
MCGAW.US,5,20260316,175000,0.3999,0.4,0.3999,0.4,4443,0
MCGAW.US,5,20260316,180000,0.4,0.4,0.4,0.4,100,0
MCGAW.US,5,20260316,183500,0.4,0.4,0.4,0.4,4463,0
MCGAW.US,5,20260316,184000,0.4,0.4,0.4,0.4,6136,0
MCGAW.US,5,20260316,185000,0.3999,0.3999,0.3999,0.3999,100,0
MCGAW.US,5,20260316,192500,0.3999,0.3999,0.3503,0.3755,4000,0
MCGAW.US,5,20260316,193000,0.3996,0.3996,0.3992,0.3992,200,0
MCGAW.US,5,20260316,200500,0.398,0.398,0.398,0.398,100,0
MCGAW.US,5,20260316,202000,0.37,0.37,0.3502,0.3502,1986,0
MCGAW.US,5,20260316,203000,0.3601,0.3601,0.35,0.36,8607,0
MCGAW.US,5,20260316,203500,0.375,0.3771,0.36,0.3694,8496,0
MCGAW.US,5,20260316,204000,0.3601,0.3667,0.3545,0.359,13286,0
MCGAW.US,5,20260316,204500,0.349,0.3679,0.349,0.3679,7440,0
MCGAW.US,5,20260317,184500,0.37,0.37,0.37,0.37,100,0
MCGAW.US,5,20260317,185000,0.35,0.35,0.35,0.35,200,0
MCGAW.US,5,20260317,205000,0.35,0.35,0.35,0.35,200,0
MCGAW.US,5,20260317,205500,0.35,0.35,0.35,0.35,200,0
MCGAW.US,5,20260318,163500,0.335,0.335,0.33,0.33,1232,0
MCGAW.US,5,20260318,164000,0.3333,0.3333,0.33,0.33,4410,0
MCGAW.US,5,20260318,164500,0.3201,0.3642,0.3101,0.3642,5872,0
MCGAW.US,5,20260319,160500,0.305101,0.305101,0.305101,0.305101,100,0
MCGAW.US,5,20260319,165500,0.365,0.365,0.365,0.365,100,0
MCGAW.US,5,20260320,150000,0.3699,0.3699,0.3699,0.3699,100,0
MCGAW.US,5,20260320,151500,0.3611,0.3611,0.3611,0.3611,1500,0
MCGAW.US,5,20260320,162500,0.3611,0.3611,0.3525,0.3525,1134,0
MCGAW.US,5,20260320,172000,0.3539,0.3539,0.3539,0.3539,600,0
MCGAW.US,5,20260320,175000,0.3483,0.3483,0.3483,0.3483,200,0
MCGAW.US,5,20260320,175500,0.3541,0.3541,0.3541,0.3541,500,0
MCGAW.US,5,20260320,185000,0.3433,0.3433,0.3433,0.3433,200,0
MCGAW.US,5,20260320,195000,0.3433,0.3433,0.3433,0.3433,200,0
MCGAW.US,5,20260323,143500,0.44,0.44,0.44,0.44,466,0
MCGAW.US,5,20260323,183000,0.3508,0.3508,0.3508,0.3508,500,0
MCGAW.US,5,20260323,205500,0.36,0.3601,0.36,0.3601,6610,0
MCGAW.US,5,20260324,154500,0.3508,0.3508,0.3508,0.3508,900,0
MCGAW.US,5,20260324,160000,0.4,0.4,0.4,0.4,1059,0
MCGAW.US,5,20260325,182500,0.4,0.4,0.4,0.4,250,0
MCGAW.US,5,20260325,201500,0.4,0.4,0.4,0.4,1745,0
MCGAW.US,5,20260325,202000,0.4,0.4,0.3999,0.3999,6943,0
MCGAW.US,5,20260325,203000,0.4,0.4,0.3999,0.3999,1000,0
MCGAW.US,5,20260325,203500,0.3999,0.3999,0.3999,0.3999,300,0
MCGAW.US,5,20260325,204000,0.4,0.4,0.4,0.4,300,0
MCGAW.US,5,20260326,144000,0.4051,0.4051,0.4051,0.4051,150,0
MCGAW.US,5,20260327,202500,0.388,0.388,0.388,0.388,500,0
MCGAW.US,5,20260331,190500,0.355,0.36,0.3434,0.3434,4975,0
MCGAW.US,5,20260401,192500,0.344,0.344,0.3433,0.3433,981,0
MCGAW.US,5,20260401,201500,0.34,0.34,0.3399,0.3399,220,0
MCGAW.US,5,20260406,215500,0.32,0.32,0.32,0.32,400,0
MCGAW.US,5,20260407,165000,0.31,0.31,0.31,0.31,200,0
MCGAW.US,5,20260407,175000,0.31,0.31,0.31,0.31,200,0
MCGAW.US,5,20260407,185000,0.32545,0.32545,0.311,0.311,1200,0
MCGAW.US,5,20260407,195000,0.311,0.311,0.311,0.311,200,0
MCGAW.US,5,20260407,205000,0.311,0.311,0.311,0.311,200,0
MCGAW.US,5,20260407,215000,0.311,0.311,0.311,0.311,200,0
MCGAW.US,5,20260407,215500,0.311,0.311,0.311,0.311,200,0
MCGAW.US,5,20260408,155000,0.315,0.315,0.315,0.315,200,0
MCGAW.US,5,20260408,165000,0.32,0.32,0.32,0.32,200,0
MCGAW.US,5,20260408,172000,0.3399,0.34,0.3399,0.34,900,0
MCGAW.US,5,20260408,172500,0.3399,0.34,0.3399,0.34,4000,0
MCGAW.US,5,20260408,173000,0.3794,0.3794,0.3794,0.3794,200,0
MCGAW.US,5,20260408,205000,0.3402,0.3791,0.3402,0.3402,800,0
MCGAW.US,5,20260408,215000,0.35,0.35,0.35,0.35,200,0
MCGAW.US,5,20260408,215500,0.35,0.35,0.35,0.35,200,0
MCGAW.US,5,20260409,170500,0.3365,0.337,0.3365,0.337,600,0
MCGAW.US,5,20260409,191500,0.37,0.38,0.37,0.3794,9100,0
MCGAW.US,5,20260409,192000,0.4373,0.4373,0.4373,0.4373,500,0
MCGAW.US,5,20260409,215000,0.4273,0.44,0.4187,0.44,20200,0
MCGAW.US,5,20260409,215500,0.44,0.4587,0.4108,0.4108,11500,0
MCGAW.US,5,20260410,160500,0.3965,0.3965,0.34,0.34,240,0
MCGAW.US,5,20260410,163500,0.37,0.3794,0.37,0.3794,800,0
MCGAW.US,5,20260410,173500,0.43,0.44,0.43,0.4399,400,0
MCGAW.US,5,20260410,211500,0.44,0.44,0.44,0.44,958,0
MCGAW.US,5,20260410,215500,0.3382,0.3382,0.3255,0.3255,3043,0
MCGAW.US,5,20260413,153500,0.358099,0.3794,0.358099,0.3794,925,0
MCGAW.US,5,20260413,154500,0.398951,0.398951,0.398951,0.398951,1500,0
MCGAW.US,5,20260413,160500,0.37,0.37,0.37,0.37,6000,0
MCGAW.US,5,20260413,174000,0.37,0.37,0.37,0.37,3975,0
MCGAW.US,5,20260414,163500,0.3251,0.3251,0.3251,0.3251,500,0
MCGAW.US,5,20260414,165000,0.34884,0.35,0.34884,0.35,1100,0
MCGAW.US,5,20260414,190500,0.37,0.37,0.35,0.35,1900,0
MCGAW.US,5,20260414,191500,0.35,0.35,0.35,0.35,100,0
MCGAW.US,5,20260414,192500,0.35,0.35,0.35,0.35,100,0
MCGAW.US,5,20260414,194000,0.35,0.35,0.35,0.35,100,0
MCGAW.US,5,20260414,194500,0.35,0.35,0.35,0.35,957,0
MCGAW.US,5,20260414,195500,0.35,0.35,0.35,0.35,100,0
MCGAW.US,5,20260414,201500,0.35,0.35,0.35,0.35,100,0
MCGAW.US,5,20260414,203000,0.35,0.35,0.35,0.35,100,0
MCGAW.US,5,20260414,204500,0.35,0.35,0.35,0.35,200,0
MCGAW.US,5,20260414,210000,0.35,0.35,0.35,0.35,2368,0
MCGAW.US,5,20260414,215500,0.3255,0.3255,0.3255,0.3255,200,0
MCGAW.US,5,20260415,160000,0.3497,0.3581,0.3413,0.3581,3511,0
MCGAW.US,5,20260415,193000,0.36,0.36,0.36,0.36,200,0
MCGAW.US,5,20260415,202000,0.361001,0.361001,0.36,0.36,8613,0
MCGAW.US,5,20260416,185500,0.349999,0.36,0.349998,0.36,3200,0
MCGAW.US,5,20260416,190000,0.36,0.3879,0.3599,0.36,3500,0
MCGAW.US,5,20260416,195000,0.3521,0.3521,0.3521,0.3521,100,0
MCGAW.US,5,20260416,200000,0.35,0.35,0.3262,0.3262,325,0
MCGAW.US,5,20260417,165000,0.37,0.37,0.365,0.365,262,0
MCGAW.US,5,20260417,182000,0.36,0.36,0.36,0.36,100,0
MCGAW.US,5,20260417,202000,0.3143,0.3143,0.3143,0.3143,1000,0
MCGAW.US,5,20260417,204000,0.31,0.31,0.3099,0.31,8207,0
MCGAW.US,5,20260417,204500,0.31,0.31,0.30995,0.30995,1000,0
MCGAW.US,5,20260417,205500,0.31,0.31,0.309999,0.31,800,0
MCGAW.US,5,20260417,210500,0.31,0.31,0.31,0.31,400,0
MCGAW.US,5,20260417,211000,0.31,0.31,0.309951,0.31,14500,0
MCGAW.US,5,20260417,211500,0.31,0.31,0.309999,0.309999,8586,0
MCGAW.US,5,20260417,212000,0.33,0.33,0.33,0.33,500,0
MCGAW.US,5,20260420,213000,0.33,0.33,0.33,0.33,3998,0
MCGAW.US,5,20260421,181500,0.34,0.3401,0.3001,0.3001,3500,0
MCGAW.US,5,20260423,170500,0.3101,0.3101,0.31,0.31,200,0
MCGAW.US,5,20260423,203500,0.3105,0.3105,0.31,0.3105,5000,0
MCGAW.US,5,20260427,165000,0.33,0.33,0.33,0.33,500,0
MCGAW.US,5,20260429,161000,0.3101,0.3101,0.31,0.31,600,0
MCGAW.US,5,20260429,165000,0.335,0.35,0.335,0.35,200,0
MCGAW.US,5,20260429,165500,0.335,0.35,0.335,0.35,400,0
MCGAW.US,5,20260429,173000,0.335,0.35,0.335,0.335,400,0
MCGAW.US,5,20260429,173500,0.349,0.349,0.349,0.349,100,0
MCGAW.US,5,20260429,181000,0.335,0.35,0.335,0.349,500,0
MCGAW.US,5,20260429,182000,0.349,0.349,0.349,0.349,228,0
MCGAW.US,5,20260429,184500,0.35,0.35,0.323,0.3494,800,0
MCGAW.US,5,20260429,185000,0.3494,0.3494,0.3494,0.3494,200,0
MCGAW.US,5,20260429,190000,0.33,0.33,0.33,0.33,100,0
MCGAW.US,5,20260429,191500,0.35,0.35,0.35,0.35,100,0
MCGAW.US,5,20260429,192000,0.33,0.33,0.33,0.33,200,0
MCGAW.US,5,20260429,194000,0.33,0.33,0.33,0.33,100,0
MCGAW.US,5,20260429,195000,0.35,0.35,0.35,0.35,100,0
MCGAW.US,5,20260429,200000,0.33,0.33,0.33,0.33,200,0
MCGAW.US,5,20260429,201500,0.314,0.314,0.314,0.314,100,0
MCGAW.US,5,20260429,202000,0.35,0.35,0.35,0.35,100,0
MCGAW.US,5,20260429,203000,0.35,0.35,0.342001,0.3499,1100,0
MCGAW.US,5,20260429,204500,0.3424,0.3424,0.3424,0.3424,100,0
MCGAW.US,5,20260429,205000,0.3424,0.3424,0.3424,0.3424,100,0
MCGAW.US,5,20260429,210000,0.3424,0.3424,0.3424,0.3424,300,0
MCGAW.US,5,20260429,211500,0.35,0.35,0.35,0.35,100,0
MCGAW.US,5,20260429,212000,0.35,0.35,0.35,0.35,100,0
MCGAW.US,5,20260429,213000,0.35,0.35,0.35,0.35,100,0
MCGAW.US,5,20260429,213500,0.3424,0.35,0.3424,0.35,200,0
MCGAW.US,5,20260430,153000,0.33,0.33,0.33,0.33,500,0
MCGAW.US,5,20260430,154000,0.35,0.35,0.35,0.35,500,0
MCGAW.US,5,20260430,154500,0.35,0.35,0.35,0.35,3400,0
MCGAW.US,5,20260430,155000,0.35,0.35,0.35,0.35,5200,0
MCGAW.US,5,20260430,165500,0.36,0.36,0.36,0.36,900,0
MCGAW.US,5,20260501,153000,0.36,0.36,0.36,0.36,7000,0
MCGAW.US,5,20260501,154500,0.35,0.35,0.35,0.35,5900,0
MCGAW.US,5,20260501,155000,0.36,0.36,0.36,0.36,1600,0
MCGAW.US,5,20260501,173500,0.35,0.35,0.35,0.35,100,0
MCGAW.US,5,20260501,174500,0.34558,0.34558,0.34558,0.34558,1111,0
MCGAW.US,5,20260501,205500,0.35,0.35,0.340001,0.340001,1500,0
MCGAW.US,5,20260504,160000,0.35,0.35,0.3499,0.3499,400,0
MCGAW.US,5,20260504,163000,0.338,0.338,0.338,0.338,100,0
MCGAW.US,5,20260504,171500,0.35,0.35,0.35,0.35,100,0
MCGAW.US,5,20260504,175000,0.35,0.35,0.35,0.35,1010,0
MCGAW.US,5,20260504,180000,0.35,0.35,0.3499,0.3499,400,0
MCGAW.US,5,20260504,181500,0.35,0.3838,0.3499,0.3838,1333,0
MCGAW.US,5,20260504,190000,0.38,0.38,0.38,0.38,100,0
MCGAW.US,5,20260504,191000,0.38,0.38,0.3799,0.3799,1600,0
MCGAW.US,5,20260504,191500,0.38,0.38,0.3799,0.3799,2400,0
MCGAW.US,5,20260504,200500,0.3999,0.3999,0.3999,0.3999,200,0
MCGAW.US,5,20260504,203500,0.35,0.35,0.35,0.35,700,0
MCGAW.US,5,20260504,204500,0.35,0.35,0.35,0.35,800,0
MCGAW.US,5,20260504,205000,0.35,0.35,0.35,0.35,900,0
MCGAW.US,5,20260504,205500,0.35,0.35,0.35,0.35,400,0
MCGAW.US,5,20260504,210000,0.35,0.35,0.35,0.35,600,0
MCGAW.US,5,20260504,210500,0.35,0.35,0.35,0.35,400,0
MCGAW.US,5,20260504,213500,0.39,0.39,0.39,0.39,100,0
MCGAW.US,5,20260505,154000,0.3513,0.3514,0.3513,0.3514,1000,0
MCGAW.US,5,20260505,160000,0.3499,0.3499,0.3499,0.3499,200,0
MCGAW.US,5,20260505,165500,0.35,0.35,0.34,0.35,920,0
MCGAW.US,5,20260505,173000,0.35,0.35,0.35,0.35,500,0
MCGAW.US,5,20260505,181500,0.35,0.35,0.35,0.35,200,0
MCGAW.US,5,20260505,182000,0.35,0.35,0.34,0.35,3576,0
MCGAW.US,5,20260505,194500,0.35,0.35,0.349951,0.349951,2689,0
MCGAW.US,5,20260505,195000,0.35,0.3899,0.35,0.3899,600,0
MCGAW.US,5,20260506,153500,0.35,0.35,0.35,0.35,2000,0
MCGAW.US,5,20260506,160500,0.329601,0.329601,0.3296,0.329601,1000,0
MCGAW.US,5,20260506,162500,0.3296,0.3296,0.3296,0.3296,762,0
MCGAW.US,5,20260506,175000,0.35,0.35,0.35,0.35,1000,0
MCGAW.US,5,20260506,215000,0.35,0.35,0.34,0.34,1000,0
MCGAW.US,5,20260506,215500,0.3434,0.3434,0.3434,0.3434,118,0
MCGAW.US,5,20260507,160500,0.34,0.34,0.34,0.34,732,0
MCGAW.US,5,20260507,161000,0.35,0.35,0.35,0.35,258,0
MCGAW.US,5,20260507,200000,0.345,0.35,0.345,0.345,1200,0
MCGAW.US,5,20260507,214500,0.34,0.34,0.34,0.34,100,0
MCGAW.US,5,20260507,215500,0.34,0.34,0.34,0.34,200,0
MCGAW.US,5,20260508,164000,0.35,0.35,0.3453,0.3453,2100,0
MCGAW.US,5,20260508,165000,0.35,0.35,0.35,0.35,200,0
MCGAW.US,5,20260508,174000,0.35,0.35,0.35,0.35,200,0
MCGAW.US,5,20260508,181000,0.35,0.35,0.35,0.35,838,0
MCGAW.US,5,20260508,181500,0.35,0.35,0.35,0.35,1969,0
MCGAW.US,5,20260508,183500,0.35,0.35,0.35,0.35,893,0
MCGAW.US,5,20260508,184500,0.3899,0.3899,0.3899,0.3899,200,0
MCGAW.US,5,20260508,190000,0.3729,0.3729,0.3729,0.3729,1600,0
MCGAW.US,5,20260508,192500,0.38,0.3807,0.38,0.3807,300,0
MCGAW.US,5,20260508,200000,0.345,0.345,0.345,0.345,100,0
MCGAW.US,5,20260511,153000,0.35,0.35,0.35,0.35,100,0
MCGAW.US,5,20260511,180000,0.35,0.35,0.34,0.34,340,0
MCGAW.US,5,20260511,180500,0.34265,0.34265,0.34265,0.34265,100,0
MCGAW.US,5,20260511,192000,0.3426,0.3426,0.3426,0.3426,1400,0
MCGAW.US,5,20260512,164000,0.35,0.35,0.35,0.35,500,0
MCGAW.US,5,20260512,171000,0.35,0.35,0.3408,0.3408,300,0
MCGAW.US,5,20260512,171500,0.3499,0.35,0.3499,0.3499,400,0
MCGAW.US,5,20260512,174500,0.3419,0.3419,0.3232,0.3232,5816,0
MCGAW.US,5,20260512,175000,0.3366,0.35,0.3366,0.35,600,0
MCGAW.US,5,20260512,180000,0.3366,0.3366,0.3366,0.3366,100,0
MCGAW.US,5,20260512,182500,0.35,0.35,0.3366,0.3366,400,0
MCGAW.US,5,20260512,184000,0.3499,0.35,0.3499,0.35,200,0
MCGAW.US,5,20260512,191000,0.3408,0.35,0.3408,0.3499,600,0
MCGAW.US,5,20260512,193500,0.3408,0.3408,0.3408,0.3408,100,0
MCGAW.US,5,20260512,194500,0.3408,0.35,0.3408,0.3499,500,0
MCGAW.US,5,20260512,195000,0.35,0.35,0.35,0.35,100,0
MCGAW.US,5,20260512,200000,0.35,0.35,0.3459,0.35,400,0
MCGAW.US,5,20260512,200500,0.35,0.35,0.3499,0.35,1800,0
MCGAW.US,5,20260512,203000,0.35,0.35,0.35,0.35,200,0
MCGAW.US,5,20260512,212000,0.35,0.35,0.35,0.35,200,0
MCGAW.US,5,20260512,213500,0.35,0.35,0.35,0.35,100,0
MCGAW.US,5,20260512,215500,0.3499,0.35,0.3499,0.35,276,0
MCGAW.US,5,20260513,155500,0.3316,0.3316,0.3316,0.3316,300,0
MCGAW.US,5,20260513,165000,0.35,0.35,0.35,0.35,1100,0
MCGAW.US,5,20260513,170000,0.35,0.35,0.35,0.35,1000,0
MCGAW.US,5,20260513,212000,0.3458,0.3458,0.3316,0.331601,1412,0
MCGAW.US,5,20260513,214000,0.3316,0.3316,0.31,0.31,221,0
MCGAW.US,5,20260514,194500,0.3465,0.3465,0.3465,0.3465,100,0
MCGAW.US,5,20260515,175000,0.35,0.35,0.3369,0.3369,200,0
MCGAW.US,5,20260515,175500,0.35,0.35,0.35,0.35,200,0
MCGAW.US,5,20260515,183500,0.3499,0.35,0.3453,0.3499,1600,0
MCGAW.US,5,20260515,184000,0.35,0.35,0.3453,0.349951,2100,0
MCGAW.US,5,20260515,191000,0.3499,0.35,0.3499,0.3499,1400,0
MCGAW.US,5,20260515,191500,0.3499,0.35,0.3499,0.349951,400,0
MCGAW.US,5,20260515,193500,0.3499,0.3499,0.3499,0.3499,100,0
MCGAW.US,5,20260515,203000,0.3499,0.35,0.3499,0.35,500,0
MCGAW.US,5,20260515,213000,0.35,0.35,0.3301,0.3301,500,0
MCGAW.US,5,20260518,153000,0.35,0.35,0.33,0.35,425,0
MCGAW.US,5,20260518,160500,0.33,0.35,0.33,0.35,400,0
MCGAW.US,5,20260518,163500,0.35,0.35,0.33,0.33,900,0
MCGAW.US,5,20260518,164000,0.35,0.35,0.35,0.35,100,0
MCGAW.US,5,20260518,164500,0.34,0.34,0.34,0.34,100,0
MCGAW.US,5,20260518,171500,0.333,0.333,0.333,0.333,200,0
MCGAW.US,5,20260518,172000,0.3329,0.34,0.3329,0.34,1600,0
MCGAW.US,5,20260518,172500,0.328,0.34,0.328,0.339951,2400,0
MCGAW.US,5,20260518,175500,0.34,0.34,0.3399,0.339951,600,0
MCGAW.US,5,20260518,180000,0.35,0.35,0.3499,0.349951,1600,0
MCGAW.US,5,20260518,180500,0.35,0.35,0.3499,0.3499,1400,0
MCGAW.US,5,20260518,183000,0.35,0.35,0.35,0.35,100,0
MCGAW.US,5,20260518,192000,0.3499,0.3499,0.3499,0.3499,200,0
MCGAW.US,5,20260518,193000,0.3498,0.3499,0.3498,0.3499,400,0
MCGAW.US,5,20260518,193500,0.349899,0.3499,0.3498,0.3499,700,0
MCGAW.US,5,20260518,201500,0.3499,0.3499,0.3499,0.3499,100,0
MCGAW.US,5,20260519,184000,0.35,0.35,0.33,0.33,200,0
MCGAW.US,5,20260519,184500,0.35,0.35,0.35,0.35,200,0
MCGAW.US,5,20260519,212500,0.35,0.35,0.3499,0.3499,400,0
MCGAW.US,5,20260520,172000,0.35,0.35,0.35,0.35,100,0
MCGAW.US,5,20260521,155000,0.35,0.35,0.35,0.35,100,0
MCGAW.US,5,20260521,162500,0.35,0.35,0.35,0.35,100,0
MCGAW.US,5,20260521,163500,0.35,0.35,0.35,0.35,100,0
MCGAW.US,5,20260521,165500,0.35,0.35,0.3499,0.3499,600,0
MCGAW.US,5,20260521,170000,0.35,0.35,0.35,0.35,100,0
MCGAW.US,5,20260521,173000,0.35,0.35,0.35,0.35,100,0
MCGAW.US,5,20260521,180000,0.34,0.34,0.33,0.33,1100,0
MCGAW.US,5,20260521,183500,0.35,0.35,0.35,0.35,100,0
MCGAW.US,5,20260521,191000,0.35,0.35,0.35,0.35,100,0
MCGAW.US,5,20260521,194000,0.35,0.35,0.35,0.35,100,0
MCGAW.US,5,20260521,200500,0.35,0.35,0.35,0.35,100,0
MCGAW.US,5,20260521,203500,0.35,0.35,0.35,0.35,100,0
MCGAW.US,5,20260522,180500,0.35,0.35,0.3499,0.3499,366,0
MCGAW.US,5,20260522,203000,0.33,0.34,0.33,0.33,5042,0
MCGAW.US,5,20260522,211000,0.349999,0.35,0.349998,0.35,2600,0
MCGAW.US,5,20260522,211500,0.35,0.35,0.35,0.35,2882,0
MCGAW.US,5,20260522,215500,0.3443,0.35,0.3443,0.35,1400,0
MCGAW.US,5,20260526,155500,0.355,0.355,0.355,0.355,100,0
MCGAW.US,5,20260526,160000,0.335,0.335,0.335,0.335,100,0
MCGAW.US,5,20260526,172500,0.36,0.36,0.3599,0.3599,200,0
MCGAW.US,5,20260526,173000,0.36,0.36,0.36,0.36,300,0
MCGAW.US,5,20260527,163000,0.36,0.36,0.335,0.3599,600,0
MCGAW.US,5,20260527,175000,0.36,0.36,0.345,0.36,1100,0
MCGAW.US,5,20260527,181500,0.36,0.36,0.36,0.36,7042,0
MCGAW.US,5,20260528,153000,0.389,0.389,0.389,0.389,2500,0
MCGAW.US,5,20260528,161000,0.3889,0.389,0.3889,0.389,480,0
MCGAW.US,5,20260528,174500,0.32,0.32,0.32,0.32,2000,0
MCGAW.US,5,20260528,180000,0.388999,0.389,0.3745,0.389,300,0
MCGAW.US,5,20260528,191000,0.389,0.389,0.389,0.389,100,0
MCGAW.US,5,20260529,175000,0.337,0.37,0.337,0.37,200,0
MCGAW.US,5,20260529,204500,0.37,0.37,0.37,0.37,200,0
MCGAW.US,5,20260601,155000,0.343,0.343,0.343,0.343,200,0
MCGAW.US,5,20260601,155500,0.3699,0.37,0.355,0.355,1000,0
MCGAW.US,5,20260601,215000,0.34,0.34,0.34,0.34,700,0
MCGAW.US,5,20260601,215500,0.34,0.34,0.34,0.34,200,0
MCGAW.US,5,20260602,185000,0.3475,0.355,0.3387,0.3387,600,0
MCGAW.US,5,20260602,185500,0.31,0.31,0.31,0.31,100,0
MCGAW.US,5,20260602,204000,0.332503,0.355,0.3325,0.3325,800,0
MCGAW.US,5,20260602,213500,0.355,0.355,0.355,0.355,500,0
MCGAW.US,5,20260603,162500,0.3101,0.3101,0.3101,0.3101,1200,0
MCGAW.US,5,20260603,164500,0.337,0.364,0.337,0.364,200,0
MCGAW.US,5,20260603,170000,0.364,0.364,0.364,0.364,100,0
MCGAW.US,5,20260603,182000,0.364,0.364,0.364,0.364,100,0
MCGAW.US,5,20260604,185000,0.32,0.32,0.32,0.32,200,0
MCGAW.US,5,20260604,185500,0.315,0.32,0.315,0.315001,2841,0
MCGAW.US,5,20260604,190000,0.33,0.33,0.33,0.33,1000,0
MCGAW.US,5,20260604,201000,0.3639,0.364,0.3639,0.364,2000,0
MCGAW.US,5,20260604,202000,0.3647,0.3647,0.3647,0.3647,200,0
MCGAW.US,5,20260605,190500,0.33,0.33,0.33,0.33,300,0
MCGAW.US,5,20260605,195500,0.36,0.36,0.36,0.36,100,0
MCGAW.US,5,20260605,205000,0.34,0.34,0.34,0.34,500,0
MCGAW.US,5,20260605,211500,0.34,0.34,0.34,0.34,212,0
MCGAW.US,5,20260605,215000,0.32,0.32,0.32,0.32,121,0
MCGAW.US,5,20260609,154000,0.36,0.36,0.335,0.36,2200,0
MCGAW.US,5,20260609,180500,0.311,0.311,0.31,0.3101,4656,0
MCGAW.US,5,20260609,182500,0.309999,0.31,0.309999,0.31,700,0
MCGAW.US,5,20260609,183500,0.3,0.31,0.3,0.31,400,0
MCGAW.US,5,20260609,184500,0.2901,0.2901,0.2901,0.2901,1000,0
MCGAW.US,5,20260609,185500,0.31,0.3325,0.31,0.3325,857,0
MCGAW.US,5,20260609,213000,0.33,0.33,0.33,0.33,100,0
MCGAW.US,5,20260610,164500,0.2964,0.2964,0.2964,0.2964,100,0
MCGAW.US,5,20260610,165000,0.354,0.354,0.354,0.354,100,0
MCGAW.US,5,20260610,181500,0.345,0.345,0.345,0.345,200,0
MCGAW.US,5,20260610,193000,0.3388,0.3388,0.3388,0.3388,100,0
MCGAW.US,5,20260610,193500,0.345,0.345,0.345,0.345,100,0
MCGAW.US,5,20260610,200500,0.3387,0.345,0.3387,0.345,200,0
MCGAW.US,5,20260610,204500,0.345,0.345,0.345,0.345,100,0
MCGAW.US,5,20260610,205500,0.3387,0.3387,0.3387,0.3387,100,0
MCGAW.US,5,20260610,210000,0.345,0.345,0.345,0.345,100,0
MCGAW.US,5,20260610,212000,0.3388,0.345,0.3388,0.345,200,0
MCGAW.US,5,20260611,195500,0.34,0.34,0.34,0.34,500,0
MCGAW.US,5,20260611,201500,0.3399,0.3399,0.3399,0.3399,500,0
MCGAW.US,5,20260612,193500,0.3325,0.3325,0.3325,0.3325,315,0
MCGAW.US,5,20260612,195500,0.3275,0.345,0.3275,0.345,400,0
MCGAW.US,5,20260615,165000,0.32,0.3201,0.32,0.3201,400,0
MCGAW.US,5,20260615,181500,0.359,0.359,0.359,0.359,100,0
MCGAW.US,5,20260617,155500,0.35,0.35,0.35,0.35,100,0
MCGAW.US,5,20260617,160000,0.3245,0.359,0.3245,0.359,300,0
MCGAW.US,5,20260617,161500,0.3245,0.35,0.3245,0.35,400,0
MCGAW.US,5,20260622,163000,0.3485,0.3485,0.3485,0.3485,100,0
MCGAW.US,5,20260622,164000,0.33,0.33,0.33,0.33,310,0
MCGAW.US,5,20260622,171000,0.3395,0.3395,0.3395,0.3395,100,0
MCGAW.US,5,20260622,180000,0.33,0.33,0.33,0.33,100,0
