<TICKER>,<PER>,<DATE>,<TIME>,<OPEN>,<HIGH>,<LOW>,<CLOSE>,<VOL>,<OPENINT>
MFIG.US,5,20260126,153000,20,20,19.88,19.88,2414,0
MFIG.US,5,20260126,153500,19.9,19.9,19.9,19.9,100,0
MFIG.US,5,20260126,154000,19.9,19.9,19.9,19.9,200,0
MFIG.US,5,20260126,160000,19.93,19.93,19.93,19.93,3400,0
MFIG.US,5,20260126,160500,19.9035,19.9035,19.9035,19.9035,100,0
MFIG.US,5,20260126,162000,19.9384,19.9384,19.9384,19.9384,326,0
MFIG.US,5,20260126,163500,19.96,19.96,19.96,19.96,3384,0
MFIG.US,5,20260126,165500,19.9599,19.96,19.9599,19.96,466,0
MFIG.US,5,20260126,170000,19.96,19.96,19.96,19.96,326,0
MFIG.US,5,20260126,175000,19.96,19.96,19.96,19.96,100,0
MFIG.US,5,20260126,185000,19.97,19.98,19.9695,19.98,1200,0
MFIG.US,5,20260126,185500,19.9646,19.97,19.9646,19.97,400,0
MFIG.US,5,20260126,190500,19.96,19.96,19.96,19.96,100,0
MFIG.US,5,20260126,193000,19.97,19.97,19.97,19.97,100,0
MFIG.US,5,20260126,215000,19.935,19.935,19.935,19.935,107,0
MFIG.US,5,20260126,215500,19.93,19.93,19.93,19.93,361,0
MFIG.US,5,20260127,153000,20.039,20.039,20.039,20.039,151,0
MFIG.US,5,20260127,153500,20,20,20,20,230,0
MFIG.US,5,20260127,155500,20.02,20.02,20.02,20.02,124,0
MFIG.US,5,20260127,164000,20.05,20.05,20.0298,20.0499,900,0
MFIG.US,5,20260127,170000,20.04,20.04,20.02,20.02,1000,0
MFIG.US,5,20260127,170500,20.03,20.03,20.02,20.02,888,0
MFIG.US,5,20260127,172000,20.04,20.04,20.0399,20.0399,800,0
MFIG.US,5,20260127,173000,20.035,20.035,20.035,20.035,100,0
MFIG.US,5,20260127,173500,20.05,20.05,20.05,20.05,299,0
MFIG.US,5,20260127,174500,20.05,20.05,20.0499,20.0499,2500,0
MFIG.US,5,20260127,181500,20.01,20.01,20.01,20.01,100,0
MFIG.US,5,20260127,195500,20.02,20.02,20.0199,20.0199,200,0
MFIG.US,5,20260127,205000,20.0199,20.02,20.0199,20.02,200,0
MFIG.US,5,20260127,210500,20.02,20.02,20.02,20.02,100,0
MFIG.US,5,20260127,213000,20.02,20.02,20.0199,20.0199,500,0
MFIG.US,5,20260127,214000,20.02,20.02,20.0199,20.0199,12000,0
MFIG.US,5,20260128,153000,20.31,20.31,20.31,20.31,112,0
MFIG.US,5,20260128,153500,20.0299,20.03,20.0299,20.03,200,0
MFIG.US,5,20260128,154000,20.0526,20.0526,20.0526,20.0526,500,0
MFIG.US,5,20260128,155500,20.1,20.1,20.1,20.1,100,0
MFIG.US,5,20260128,165500,20.01,20.01,20.01,20.01,100,0
MFIG.US,5,20260128,170500,20.01,20.01,20.0099,20.0099,8000,0
MFIG.US,5,20260128,172000,19.99,19.99,19.99,19.99,200,0
MFIG.US,5,20260128,174000,19.945,19.945,19.945,19.945,1250,0
MFIG.US,5,20260128,180000,19.96,19.96,19.96,19.96,482,0
MFIG.US,5,20260128,180500,19.955,19.955,19.955,19.955,756,0
MFIG.US,5,20260128,183000,19.95,19.95,19.95,19.95,200,0
MFIG.US,5,20260128,190000,19.9468,19.9468,19.9468,19.9468,125,0
MFIG.US,5,20260128,190500,19.97,19.97,19.9699,19.9699,240,0
MFIG.US,5,20260128,192000,19.965,19.965,19.965,19.965,300,0
MFIG.US,5,20260128,201500,19.97,19.97,19.961,19.961,200,0
MFIG.US,5,20260128,202000,19.9622,19.9622,19.9622,19.9622,500,0
MFIG.US,5,20260128,203000,19.93,19.93,19.93,19.93,100,0
MFIG.US,5,20260128,212500,19.96,19.96,19.96,19.96,200,0
MFIG.US,5,20260128,215500,19.94,19.94,19.94,19.94,1000,0
MFIG.US,5,20260129,160000,19.7665,19.7665,19.75,19.75,221,0
MFIG.US,5,20260129,161000,19.75,19.75,19.75,19.75,100,0
MFIG.US,5,20260129,162000,19.7634,19.7634,19.7634,19.7634,200,0
MFIG.US,5,20260129,163500,19.68,19.68,19.68,19.68,507,0
MFIG.US,5,20260129,165000,19.66,19.66,19.66,19.66,100,0
MFIG.US,5,20260129,172500,19.75,19.75,19.7398,19.7398,300,0
MFIG.US,5,20260129,184000,19.83,19.83,19.83,19.83,100,0
MFIG.US,5,20260129,184500,19.84,19.84,19.82,19.82,2041,0
MFIG.US,5,20260129,185000,19.79,19.79,19.79,19.79,100,0
MFIG.US,5,20260129,192000,19.84,19.84,19.84,19.84,500,0
MFIG.US,5,20260129,194000,19.855,19.855,19.855,19.855,100,0
MFIG.US,5,20260129,202000,19.8599,19.86,19.8599,19.86,302,0
MFIG.US,5,20260129,203000,19.84,19.84,19.84,19.84,200,0
MFIG.US,5,20260130,153000,19.78,19.78,19.78,19.78,188,0
MFIG.US,5,20260130,161000,19.79,19.79,19.79,19.79,100,0
MFIG.US,5,20260130,161500,19.8,19.8,19.79,19.79,300,0
MFIG.US,5,20260130,181500,19.6001,19.6001,19.6001,19.6001,150,0
MFIG.US,5,20260130,182500,19.645,19.645,19.645,19.645,192,0
MFIG.US,5,20260130,190000,19.61,19.61,19.61,19.61,100,0
MFIG.US,5,20260130,192000,19.55,19.55,19.5499,19.5499,200,0
MFIG.US,5,20260130,193500,19.56,19.56,19.56,19.56,250,0
MFIG.US,5,20260130,201500,19.64,19.64,19.64,19.64,100,0
MFIG.US,5,20260130,210500,19.57,19.57,19.57,19.57,117,0
MFIG.US,5,20260130,211500,19.56,19.56,19.56,19.56,200,0
MFIG.US,5,20260202,153000,19.61,19.61,19.61,19.61,892,0
MFIG.US,5,20260202,154500,19.666,19.666,19.666,19.666,100,0
MFIG.US,5,20260202,155500,19.695,19.695,19.695,19.695,124,0
MFIG.US,5,20260202,164500,19.74,19.74,19.74,19.74,200,0
MFIG.US,5,20260202,170500,19.72,19.72,19.7199,19.7199,200,0
MFIG.US,5,20260202,173000,19.725,19.725,19.725,19.725,200,0
MFIG.US,5,20260202,174000,19.71,19.71,19.71,19.71,253,0
MFIG.US,5,20260202,174500,19.71,19.71,19.7,19.7,579,0
MFIG.US,5,20260202,183000,19.76,19.76,19.7599,19.7599,16000,0
MFIG.US,5,20260202,191000,19.731,19.731,19.731,19.731,230,0
MFIG.US,5,20260202,192000,19.72,19.72,19.72,19.72,100,0
MFIG.US,5,20260202,195500,19.69,19.69,19.69,19.69,101,0
MFIG.US,5,20260202,210000,19.6899,19.71,19.6899,19.695,1140,0
MFIG.US,5,20260202,211500,19.69,19.69,19.68,19.68,2706,0
MFIG.US,5,20260202,214000,19.67,19.67,19.67,19.67,200,0
MFIG.US,5,20260203,153000,19.72,19.72,19.72,19.72,100,0
MFIG.US,5,20260203,155500,19.5,19.5,19.5,19.5,453,0
MFIG.US,5,20260203,160500,19.45,19.45,19.45,19.45,100,0
MFIG.US,5,20260203,180000,19.28,19.28,19.28,19.28,280,0
MFIG.US,5,20260203,183500,19.23,19.23,19.23,19.23,200,0
MFIG.US,5,20260203,192000,19.1852,19.1852,19.1852,19.1852,100,0
MFIG.US,5,20260203,195000,19.1349,19.1349,19.1349,19.1349,222,0
MFIG.US,5,20260203,210000,19.21,19.21,19.21,19.21,453,0
MFIG.US,5,20260203,214500,19.26,19.26,19.26,19.26,100,0
MFIG.US,5,20260204,153500,19.07,19.07,19.07,19.07,200,0
MFIG.US,5,20260204,154500,19.0499,19.05,19.0499,19.05,200,0
MFIG.US,5,20260204,155000,19,19,19,19,1600,0
MFIG.US,5,20260204,160500,19.02,19.02,19.0199,19.02,400,0
MFIG.US,5,20260204,170500,19.0418,19.0418,19.0418,19.0418,150,0
MFIG.US,5,20260204,173000,19.09,19.09,19.08,19.08,300,0
MFIG.US,5,20260204,182500,18.9848,18.9848,18.9848,18.9848,100,0
MFIG.US,5,20260204,215500,19.01,19.01,19.01,19.01,277,0
MFIG.US,5,20260205,153000,18.4997,18.4997,18.4997,18.4997,200,0
MFIG.US,5,20260205,155500,18.86,18.86,18.845,18.845,1888,0
MFIG.US,5,20260205,165000,18.7352,18.7352,18.71,18.71,200,0
MFIG.US,5,20260205,172000,18.7811,18.7811,18.7811,18.7811,100,0
MFIG.US,5,20260205,172500,18.81,18.81,18.8099,18.8099,366,0
MFIG.US,5,20260205,184500,18.91,18.91,18.91,18.91,100,0
MFIG.US,5,20260205,214000,18.6458,18.6458,18.6458,18.6458,300,0
MFIG.US,5,20260205,215500,18.6747,18.6747,18.6747,18.6747,100,0
MFIG.US,5,20260206,154000,18.8435,18.8435,18.8435,18.8435,100,0
MFIG.US,5,20260206,163500,18.8061,18.8061,18.8061,18.8061,500,0
MFIG.US,5,20260206,171000,18.8601,18.871,18.8601,18.871,773,0
MFIG.US,5,20260206,172000,18.88,18.88,18.88,18.88,460,0
MFIG.US,5,20260206,174500,18.8951,18.8951,18.8951,18.8951,100,0
MFIG.US,5,20260206,175000,18.891,18.891,18.891,18.891,123,0
MFIG.US,5,20260206,180500,18.91,18.92,18.9097,18.92,2400,0
MFIG.US,5,20260206,181500,18.895,18.895,18.895,18.895,110,0
MFIG.US,5,20260206,192000,18.9291,18.9291,18.9291,18.9291,100,0
MFIG.US,5,20260206,193000,18.93,18.93,18.93,18.93,323,0
MFIG.US,5,20260206,203000,18.94,18.94,18.94,18.94,294,0
MFIG.US,5,20260206,205500,18.905,18.91,18.9,18.9,3181,0
MFIG.US,5,20260206,212000,18.9,18.9,18.9,18.9,5788,0
MFIG.US,5,20260209,153000,19,19,19,19,772,0
MFIG.US,5,20260209,165000,19.1,19.1,19.02,19.02,2100,0
MFIG.US,5,20260209,173000,19.14,19.14,19.14,19.14,100,0
MFIG.US,5,20260209,184500,19.1212,19.1212,19.1212,19.1212,300,0
MFIG.US,5,20260209,191500,19.14,19.14,19.14,19.14,125,0
MFIG.US,5,20260209,193500,19.1,19.1,19.09,19.09,466,0
MFIG.US,5,20260210,163000,19.21,19.25,19.21,19.25,1200,0
MFIG.US,5,20260210,171000,19.196,19.196,19.196,19.196,160,0
MFIG.US,5,20260210,181000,19.1841,19.1841,19.1841,19.1841,208,0
MFIG.US,5,20260210,183000,19.19,19.19,19.19,19.19,370,0
MFIG.US,5,20260210,183500,19.2,19.21,19.19,19.1964,1950,0
MFIG.US,5,20260210,184000,19.202,19.202,19.202,19.202,300,0
MFIG.US,5,20260210,195500,19.15,19.15,19.15,19.15,100,0
MFIG.US,5,20260210,204500,19.12,19.1352,19.12,19.1352,2323,0
MFIG.US,5,20260210,212000,19.12,19.1201,19.12,19.1201,400,0
MFIG.US,5,20260210,212500,19.14,19.14,19.14,19.14,100,0
MFIG.US,5,20260211,153500,19.0925,19.0925,19.0925,19.0925,1372,0
MFIG.US,5,20260211,154000,19.0414,19.06,19.0414,19.06,400,0
MFIG.US,5,20260211,155500,19,19,19,19,100,0
MFIG.US,5,20260211,162000,18.85,18.85,18.85,18.85,106,0
MFIG.US,5,20260211,173000,18.8864,18.8864,18.8864,18.8864,149,0
MFIG.US,5,20260211,193000,18.94,18.94,18.9332,18.9332,500,0
MFIG.US,5,20260211,210000,18.983,18.983,18.98,18.98,800,0
MFIG.US,5,20260211,210500,18.985,18.985,18.985,18.985,500,0
MFIG.US,5,20260211,213000,18.95,18.95,18.95,18.95,100,0
MFIG.US,5,20260211,215500,18.98,18.98,18.98,18.98,587,0
MFIG.US,5,20260212,161000,18.81,18.81,18.81,18.81,100,0
MFIG.US,5,20260212,165500,18.67,18.67,18.66,18.66,352,0
MFIG.US,5,20260212,174000,18.55,18.55,18.55,18.55,300,0
MFIG.US,5,20260212,174500,18.54,18.54,18.54,18.54,100,0
MFIG.US,5,20260212,175500,18.5198,18.5198,18.5198,18.5198,100,0
MFIG.US,5,20260212,181000,18.52,18.52,18.52,18.52,100,0
MFIG.US,5,20260212,183500,18.53,18.5301,18.53,18.5301,200,0
MFIG.US,5,20260212,184500,18.54,18.54,18.53,18.53,334,0
MFIG.US,5,20260212,185000,18.51,18.51,18.51,18.51,100,0
MFIG.US,5,20260212,190000,18.48,18.48,18.48,18.48,100,0
MFIG.US,5,20260212,191500,18.5,18.5,18.5,18.5,100,0
MFIG.US,5,20260212,215500,18.5,18.5,18.5,18.5,510,0
MFIG.US,5,20260213,153500,18.5552,18.5552,18.5552,18.5552,400,0
MFIG.US,5,20260213,155000,18.5698,18.57,18.5698,18.5699,4000,0
MFIG.US,5,20260213,160000,18.6,18.6,18.6,18.6,100,0
MFIG.US,5,20260213,161000,18.65,18.65,18.65,18.65,100,0
MFIG.US,5,20260213,163000,18.7,18.7,18.7,18.7,100,0
MFIG.US,5,20260213,163500,18.7,18.7,18.7,18.7,100,0
MFIG.US,5,20260213,164500,18.56,18.56,18.56,18.56,100,0
MFIG.US,5,20260213,165000,18.57,18.57,18.57,18.57,100,0
MFIG.US,5,20260213,172000,18.605,18.605,18.605,18.605,100,0
MFIG.US,5,20260213,181000,18.685,18.685,18.685,18.685,204,0
MFIG.US,5,20260213,182500,18.72,18.72,18.72,18.72,100,0
MFIG.US,5,20260213,183000,18.71,18.7101,18.71,18.71,3499,0
MFIG.US,5,20260213,191000,18.71,18.71,18.71,18.71,100,0
MFIG.US,5,20260217,153000,18.63,18.63,18.63,18.63,100,0
MFIG.US,5,20260217,161000,18.44,18.44,18.44,18.44,100,0
MFIG.US,5,20260217,163000,18.41,18.41,18.41,18.41,100,0
MFIG.US,5,20260217,175500,18.6,18.6,18.6,18.6,100,0
MFIG.US,5,20260217,192500,18.63,18.63,18.61,18.61,636,0
MFIG.US,5,20260217,195000,18.67,18.67,18.67,18.67,500,0
MFIG.US,5,20260217,204500,18.685,18.685,18.685,18.685,413,0
MFIG.US,5,20260217,212000,18.66,18.66,18.66,18.66,250,0
MFIG.US,5,20260217,213500,18.635,18.635,18.635,18.635,385,0
MFIG.US,5,20260217,215000,18.64,18.65,18.64,18.65,500,0
MFIG.US,5,20260217,215500,18.67,18.67,18.67,18.67,212,0
MFIG.US,5,20260218,154000,18.7,18.7,18.7,18.7,100,0
MFIG.US,5,20260218,163500,18.87,18.87,18.87,18.87,100,0
MFIG.US,5,20260218,164000,18.9063,18.9063,18.9063,18.9063,125,0
MFIG.US,5,20260218,174000,18.92,18.93,18.92,18.93,5500,0
MFIG.US,5,20260218,183500,18.92,18.92,18.92,18.92,100,0
MFIG.US,5,20260218,194000,18.89,18.89,18.89,18.89,300,0
MFIG.US,5,20260218,204500,18.86,18.86,18.86,18.86,100,0
MFIG.US,5,20260218,210000,18.84,18.84,18.84,18.84,250,0
MFIG.US,5,20260218,211000,18.82,18.83,18.82,18.83,4100,0
MFIG.US,5,20260218,211500,18.81,18.81,18.81,18.81,100,0
MFIG.US,5,20260218,215500,18.88,18.88,18.88,18.88,100,0
MFIG.US,5,20260219,155500,18.83,18.83,18.83,18.83,100,0
MFIG.US,5,20260219,163000,18.82,18.82,18.82,18.82,101,0
MFIG.US,5,20260219,164000,18.7796,18.7796,18.7796,18.7796,125,0
MFIG.US,5,20260219,183000,18.76,18.76,18.76,18.76,400,0
MFIG.US,5,20260219,183500,18.7536,18.7536,18.7401,18.7401,1000,0
MFIG.US,5,20260219,201500,18.775,18.775,18.775,18.775,100,0
MFIG.US,5,20260219,212000,18.79,18.79,18.79,18.79,100,0
MFIG.US,5,20260219,214000,18.71,18.77,18.71,18.77,312,0
MFIG.US,5,20260219,214500,18.8091,18.8091,18.8091,18.8091,212,0
MFIG.US,5,20260219,215500,18.79,18.79,18.77,18.77,308,0
MFIG.US,5,20260220,154500,18.93,18.93,18.93,18.93,100,0
MFIG.US,5,20260220,161500,18.945,18.945,18.945,18.945,125,0
MFIG.US,5,20260220,165000,19,19,19,19,100,0
MFIG.US,5,20260220,170500,19.02,19.02,19.02,19.02,200,0
MFIG.US,5,20260220,174500,19.005,19.005,19.005,19.005,100,0
MFIG.US,5,20260220,180000,18.98,18.98,18.98,18.98,100,0
MFIG.US,5,20260220,202000,18.93,18.93,18.93,18.93,100,0
MFIG.US,5,20260220,211000,18.8937,18.8937,18.8937,18.8937,105,0
MFIG.US,5,20260220,212500,18.871,18.871,18.871,18.871,200,0
MFIG.US,5,20260220,215500,18.92,18.92,18.9199,18.92,1077,0
MFIG.US,5,20260223,154500,18.645,18.645,18.645,18.645,250,0
MFIG.US,5,20260223,155000,18.71,18.71,18.62,18.62,300,0
MFIG.US,5,20260223,155500,18.63,18.63,18.63,18.63,200,0
MFIG.US,5,20260223,162000,18.63,18.63,18.63,18.63,100,0
MFIG.US,5,20260223,163500,18.54,18.54,18.54,18.54,100,0
MFIG.US,5,20260223,165000,18.47,18.4701,18.47,18.4701,900,0
MFIG.US,5,20260223,170000,18.47,18.47,18.47,18.47,100,0
MFIG.US,5,20260223,171000,18.4299,18.4299,18.4299,18.4299,100,0
MFIG.US,5,20260223,173000,18.5,18.5,18.46,18.46,2756,0
MFIG.US,5,20260223,175000,18.47,18.47,18.47,18.47,100,0
MFIG.US,5,20260223,185000,18.44,18.44,18.44,18.44,100,0
MFIG.US,5,20260223,185500,18.45,18.45,18.45,18.45,100,0
MFIG.US,5,20260223,190500,18.445,18.445,18.445,18.445,100,0
MFIG.US,5,20260223,191000,18.46,18.46,18.46,18.46,100,0
MFIG.US,5,20260223,194000,18.48,18.48,18.48,18.48,100,0
MFIG.US,5,20260223,204500,18.43,18.43,18.43,18.43,400,0
MFIG.US,5,20260223,211000,18.43,18.43,18.43,18.43,100,0
MFIG.US,5,20260223,215500,18.48,18.48,18.48,18.48,664,0
MFIG.US,5,20260224,153500,18.5,18.5,18.5,18.5,100,0
MFIG.US,5,20260224,164500,18.615,18.615,18.615,18.615,125,0
MFIG.US,5,20260224,192500,18.66,18.66,18.66,18.66,300,0
MFIG.US,5,20260224,194000,18.68,18.68,18.68,18.68,161,0
MFIG.US,5,20260224,211000,18.6593,18.6593,18.6593,18.6593,100,0
MFIG.US,5,20260224,215500,18.68,18.68,18.68,18.68,546,0
MFIG.US,5,20260225,153000,18.745,18.745,18.745,18.745,2000,0
MFIG.US,5,20260225,154500,18.767,18.767,18.767,18.767,110,0
MFIG.US,5,20260225,155000,18.8201,18.8201,18.8201,18.8201,150,0
MFIG.US,5,20260225,161500,18.83,18.83,18.83,18.83,100,0
MFIG.US,5,20260225,170000,18.81,18.81,18.81,18.81,200,0
MFIG.US,5,20260225,171000,18.8,18.8,18.79,18.79,300,0
MFIG.US,5,20260225,172500,18.809,18.8299,18.809,18.82,850,0
MFIG.US,5,20260225,173000,18.83,18.83,18.83,18.83,100,0
MFIG.US,5,20260225,173500,18.83,18.83,18.83,18.83,200,0
MFIG.US,5,20260225,174000,18.8396,18.84,18.8396,18.84,500,0
MFIG.US,5,20260225,174500,18.85,18.86,18.85,18.86,1955,0
MFIG.US,5,20260225,175500,18.865,18.87,18.865,18.87,2650,0
MFIG.US,5,20260225,180000,18.86,18.86,18.86,18.86,1768,0
MFIG.US,5,20260225,180500,18.8426,18.85,18.84,18.8432,932,0
MFIG.US,5,20260225,181000,18.85,18.85,18.8499,18.8499,2122,0
MFIG.US,5,20260225,182500,18.8241,18.8241,18.8241,18.8241,212,0
MFIG.US,5,20260225,184500,18.85,18.85,18.85,18.85,275,0
MFIG.US,5,20260225,185500,18.86,18.86,18.86,18.86,555,0
MFIG.US,5,20260225,190500,18.87,18.87,18.87,18.87,2600,0
MFIG.US,5,20260225,191500,18.87,18.87,18.87,18.87,500,0
MFIG.US,5,20260225,193500,18.86,18.86,18.86,18.86,130,0
MFIG.US,5,20260225,195000,18.87,18.87,18.87,18.87,100,0
MFIG.US,5,20260225,201000,18.88,18.88,18.88,18.88,184,0
MFIG.US,5,20260225,202000,18.89,18.89,18.87,18.87,1100,0
MFIG.US,5,20260225,203500,18.89,18.89,18.89,18.89,106,0
MFIG.US,5,20260225,204500,18.89,18.89,18.89,18.89,250,0
MFIG.US,5,20260225,205500,18.9,18.9,18.89,18.89,1000,0
MFIG.US,5,20260225,213000,18.88,18.8826,18.88,18.88,500,0
MFIG.US,5,20260226,161000,18.99,18.99,18.99,18.99,200,0
MFIG.US,5,20260226,162500,18.8564,18.8564,18.8564,18.8564,277,0
MFIG.US,5,20260226,163000,18.85,18.85,18.85,18.85,475,0
MFIG.US,5,20260226,170000,18.9645,18.9645,18.9645,18.9645,4988,0
MFIG.US,5,20260226,171000,18.9863,18.9863,18.9863,18.9863,100,0
MFIG.US,5,20260226,171500,19,19,18.99,18.99,477,0
MFIG.US,5,20260226,172500,18.96,18.96,18.96,18.96,100,0
MFIG.US,5,20260226,173000,18.95,18.95,18.95,18.95,100,0
MFIG.US,5,20260226,173500,18.94,18.94,18.94,18.94,100,0
MFIG.US,5,20260226,174500,18.915,18.93,18.915,18.9198,19488,0
MFIG.US,5,20260226,175000,18.92,18.92,18.91,18.91,252,0
MFIG.US,5,20260226,175500,18.885,18.885,18.885,18.885,155,0
MFIG.US,5,20260226,181500,18.8863,18.8863,18.8863,18.8863,1502,0
MFIG.US,5,20260226,182000,18.88,18.88,18.88,18.88,5083,0
MFIG.US,5,20260226,185500,18.86,18.86,18.86,18.86,100,0
MFIG.US,5,20260226,190500,18.82,18.82,18.82,18.82,300,0
MFIG.US,5,20260226,191000,18.83,18.83,18.83,18.83,100,0
MFIG.US,5,20260226,192500,18.84,18.84,18.83,18.83,250,0
MFIG.US,5,20260226,193000,18.84,18.84,18.84,18.84,100,0
MFIG.US,5,20260226,201500,18.955,18.955,18.955,18.955,100,0
MFIG.US,5,20260226,204000,18.98,18.98,18.98,18.98,100,0
MFIG.US,5,20260226,212000,18.97,18.97,18.97,18.97,100,0
MFIG.US,5,20260226,215500,19.19,19.19,19.19,19.19,1943,0
MFIG.US,5,20260227,153000,18.7555,18.7555,18.7555,18.7555,277,0
MFIG.US,5,20260227,155000,18.79,18.79,18.79,18.79,100,0
MFIG.US,5,20260227,162000,18.86,18.86,18.86,18.86,108,0
MFIG.US,5,20260227,162500,18.85,18.85,18.85,18.85,200,0
MFIG.US,5,20260227,163000,18.84,18.84,18.84,18.84,100,0
MFIG.US,5,20260227,180000,18.84,18.84,18.84,18.84,100,0
MFIG.US,5,20260227,193500,18.7801,18.81,18.78,18.81,343,0
MFIG.US,5,20260227,194000,18.79,18.82,18.79,18.82,300,0
MFIG.US,5,20260227,200500,18.82,18.82,18.82,18.82,100,0
MFIG.US,5,20260227,203500,18.8,18.8,18.8,18.8,100,0
MFIG.US,5,20260227,215500,18.85,18.85,18.85,18.85,100,0
MFIG.US,5,20260302,153000,18.84,18.84,18.84,18.84,126,0
MFIG.US,5,20260302,154500,18.705,18.71,18.705,18.71,4100,0
MFIG.US,5,20260302,161500,18.74,18.74,18.74,18.74,200,0
MFIG.US,5,20260302,165000,18.74,18.74,18.74,18.74,100,0
MFIG.US,5,20260302,170500,18.745,18.77,18.745,18.77,2150,0
MFIG.US,5,20260302,171500,18.75,18.75,18.75,18.75,200,0
MFIG.US,5,20260302,172000,18.72,18.72,18.72,18.72,100,0
MFIG.US,5,20260302,173500,18.73,18.73,18.73,18.73,100,0
MFIG.US,5,20260302,175500,18.7665,18.7665,18.7665,18.7665,191,0
MFIG.US,5,20260302,182500,18.78,18.78,18.78,18.78,100,0
MFIG.US,5,20260302,184500,18.79,18.79,18.79,18.79,1300,0
MFIG.US,5,20260302,191000,18.81,18.81,18.81,18.81,100,0
MFIG.US,5,20260302,194500,18.8,18.8,18.8,18.8,200,0
MFIG.US,5,20260302,195000,18.81,18.81,18.81,18.81,111,0
MFIG.US,5,20260302,202000,18.87,18.87,18.87,18.87,100,0
MFIG.US,5,20260302,210500,18.86,18.86,18.86,18.86,100,0
MFIG.US,5,20260302,212500,18.8,18.8,18.8,18.8,100,0
MFIG.US,5,20260302,213500,18.815,18.815,18.815,18.815,195,0
MFIG.US,5,20260302,214500,18.83,18.83,18.83,18.83,1000,0
MFIG.US,5,20260302,215500,18.83,18.83,18.83,18.83,111,0
MFIG.US,5,20260303,153500,18.505,18.505,18.505,18.505,500,0
MFIG.US,5,20260303,161500,18.415,18.415,18.41,18.41,300,0
MFIG.US,5,20260303,162000,18.37,18.37,18.34,18.34,200,0
MFIG.US,5,20260303,174500,18.62,18.62,18.62,18.62,100,0
MFIG.US,5,20260303,180500,18.64,18.64,18.64,18.64,100,0
MFIG.US,5,20260303,182000,18.635,18.65,18.61,18.65,3785,0
MFIG.US,5,20260303,191500,18.66,18.66,18.66,18.66,840,0
MFIG.US,5,20260303,194500,18.75,18.75,18.75,18.75,300,0
MFIG.US,5,20260303,202500,18.76,18.76,18.76,18.76,200,0
MFIG.US,5,20260303,205500,18.76,18.76,18.76,18.76,4000,0
MFIG.US,5,20260303,210500,18.77,18.77,18.77,18.77,100,0
MFIG.US,5,20260304,153000,18.82,18.82,18.82,18.82,180,0
MFIG.US,5,20260304,154500,18.78,18.78,18.78,18.78,100,0
MFIG.US,5,20260304,183500,18.9342,18.9342,18.93,18.93,800,0
MFIG.US,5,20260304,184000,18.945,18.945,18.945,18.945,350,0
MFIG.US,5,20260304,185000,18.96,18.96,18.96,18.96,1542,0
MFIG.US,5,20260304,193000,18.96,18.96,18.96,18.96,100,0
MFIG.US,5,20260304,202500,18.98,18.98,18.98,18.98,100,0
MFIG.US,5,20260304,210000,19,19,18.9999,18.9999,200,0
MFIG.US,5,20260304,215500,18.98,18.98,18.9799,18.98,600,0
MFIG.US,5,20260305,153000,19.2,19.2,19.2,19.2,999,0
MFIG.US,5,20260305,154500,19.11,19.11,19.105,19.105,225,0
MFIG.US,5,20260305,162000,19.12,19.12,19.12,19.12,488,0
MFIG.US,5,20260305,162500,19.04,19.04,19.04,19.04,100,0
MFIG.US,5,20260305,175000,19,19,19,19,100,0
MFIG.US,5,20260305,175500,19.02,19.02,19.02,19.02,1199,0
MFIG.US,5,20260305,181500,18.995,18.995,18.995,18.995,736,0
MFIG.US,5,20260305,184500,18.92,18.92,18.92,18.92,729,0
MFIG.US,5,20260305,185000,18.93,18.93,18.93,18.93,100,0
MFIG.US,5,20260305,185500,18.89,18.89,18.89,18.89,100,0
MFIG.US,5,20260305,190500,18.9205,18.9205,18.9205,18.9205,300,0
MFIG.US,5,20260305,192000,18.92,18.92,18.92,18.92,100,0
MFIG.US,5,20260305,195000,18.8801,18.8801,18.8801,18.8801,1000,0
MFIG.US,5,20260305,200000,18.91,18.91,18.91,18.91,332,0
MFIG.US,5,20260305,200500,18.94,18.94,18.94,18.94,100,0
MFIG.US,5,20260305,205500,18.9649,18.9649,18.9649,18.9649,100,0
MFIG.US,5,20260305,211500,19.01,19.01,19.01,19.01,100,0
MFIG.US,5,20260305,213000,19.02,19.02,19.02,19.02,100,0
MFIG.US,5,20260305,213500,19.02,19.03,19.02,19.0268,1100,0
MFIG.US,5,20260306,153500,18.8,18.8,18.77,18.77,595,0
MFIG.US,5,20260306,155500,18.765,18.78,18.765,18.78,200,0
MFIG.US,5,20260306,164000,18.88,18.8801,18.88,18.8801,1351,0
MFIG.US,5,20260306,172500,18.88,18.88,18.88,18.88,100,0
MFIG.US,5,20260306,213500,18.815,18.815,18.815,18.815,100,0
MFIG.US,5,20260306,214000,18.8517,18.8517,18.8517,18.8517,100,0
MFIG.US,5,20260306,215000,18.83,18.83,18.83,18.83,100,0
MFIG.US,5,20260309,143000,18.63,18.63,18.63,18.63,606,0
MFIG.US,5,20260309,151000,18.61,18.61,18.61,18.61,3960,0
MFIG.US,5,20260309,154000,18.695,18.695,18.695,18.695,499,0
MFIG.US,5,20260309,160000,18.7301,18.7301,18.73,18.7301,900,0
MFIG.US,5,20260309,160500,18.74,18.74,18.74,18.74,100,0
MFIG.US,5,20260309,175000,18.83,18.83,18.83,18.83,100,0
MFIG.US,5,20260309,181500,18.7683,18.7683,18.7683,18.7683,125,0
MFIG.US,5,20260310,143000,19.01,19.01,19.01,19.01,112,0
MFIG.US,5,20260310,174500,18.94,18.94,18.94,18.94,500,0
MFIG.US,5,20260310,180500,18.95,18.95,18.95,18.95,100,0
MFIG.US,5,20260310,183500,18.92,18.9201,18.92,18.9201,200,0
MFIG.US,5,20260310,190000,18.935,18.935,18.935,18.935,528,0
MFIG.US,5,20260310,200500,18.85,18.85,18.85,18.85,100,0
MFIG.US,5,20260311,151000,18.88,18.88,18.88,18.88,100,0
MFIG.US,5,20260311,165500,18.725,18.725,18.725,18.725,500,0
MFIG.US,5,20260311,173000,18.75,18.75,18.75,18.75,159,0
MFIG.US,5,20260311,175000,18.78,18.78,18.78,18.78,3000,0
MFIG.US,5,20260311,182000,18.81,18.81,18.81,18.81,100,0
MFIG.US,5,20260311,203500,18.79,18.7901,18.79,18.7901,400,0
MFIG.US,5,20260311,204000,18.82,18.82,18.82,18.82,100,0
MFIG.US,5,20260312,144000,18.78,18.78,18.78,18.78,100,0
MFIG.US,5,20260312,144500,18.7,18.7,18.7,18.7,203,0
MFIG.US,5,20260312,145000,18.715,18.715,18.715,18.715,100,0
MFIG.US,5,20260312,145500,18.7,18.7,18.7,18.7,297,0
MFIG.US,5,20260312,151500,18.74,18.74,18.74,18.74,100,0
MFIG.US,5,20260312,153000,18.69,18.69,18.69,18.69,100,0
MFIG.US,5,20260312,171500,18.63,18.63,18.63,18.63,100,0
MFIG.US,5,20260312,174500,18.62,18.62,18.62,18.62,100,0
MFIG.US,5,20260312,180000,18.6112,18.6112,18.6112,18.6112,200,0
MFIG.US,5,20260312,190000,18.5966,18.5966,18.5966,18.5966,678,0
MFIG.US,5,20260312,190500,18.595,18.595,18.585,18.585,1574,0
MFIG.US,5,20260312,193000,18.59,18.59,18.59,18.59,100,0
MFIG.US,5,20260312,200000,18.56,18.56,18.56,18.56,100,0
MFIG.US,5,20260312,200500,18.57,18.57,18.57,18.57,100,0
MFIG.US,5,20260312,201500,18.57,18.57,18.57,18.57,1077,0
MFIG.US,5,20260312,202000,18.56,18.56,18.56,18.56,100,0
MFIG.US,5,20260312,203500,18.5677,18.57,18.5677,18.57,200,0
MFIG.US,5,20260312,204000,18.56,18.56,18.56,18.56,100,0
MFIG.US,5,20260312,205500,18.505,18.505,18.505,18.505,150,0
MFIG.US,5,20260313,143000,18.55,18.55,18.55,18.55,1900,0
MFIG.US,5,20260313,143500,18.52,18.52,18.515,18.515,232,0
MFIG.US,5,20260313,144000,18.565,18.565,18.565,18.565,100,0
MFIG.US,5,20260313,145000,18.62,18.62,18.62,18.62,100,0
MFIG.US,5,20260313,151500,18.575,18.575,18.56,18.56,1669,0
MFIG.US,5,20260313,153000,18.61,18.61,18.61,18.61,454,0
MFIG.US,5,20260313,154000,18.57,18.57,18.57,18.57,100,0
MFIG.US,5,20260313,154500,18.5,18.5,18.5,18.5,1582,0
MFIG.US,5,20260313,155000,18.4965,18.5,18.4965,18.5,235,0
MFIG.US,5,20260313,160000,18.45,18.45,18.45,18.45,100,0
MFIG.US,5,20260313,162500,18.43,18.43,18.43,18.43,100,0
MFIG.US,5,20260313,164000,18.4299,18.4299,18.41,18.41,200,0
MFIG.US,5,20260313,170000,18.41,18.41,18.41,18.41,100,0
MFIG.US,5,20260313,171000,18.4,18.4,18.4,18.4,100,0
MFIG.US,5,20260313,171500,18.41,18.41,18.41,18.41,100,0
MFIG.US,5,20260313,173000,18.4001,18.43,18.4001,18.42,300,0
MFIG.US,5,20260313,174500,18.4,18.4,18.38,18.38,2534,0
MFIG.US,5,20260313,175000,18.41,18.41,18.41,18.41,100,0
MFIG.US,5,20260313,175500,18.4,18.4,18.4,18.4,100,0
MFIG.US,5,20260313,181500,18.42,18.42,18.42,18.42,100,0
MFIG.US,5,20260313,184500,18.4,18.4,18.4,18.4,100,0
MFIG.US,5,20260313,193000,18.42,18.42,18.41,18.41,600,0
MFIG.US,5,20260313,195000,18.4149,18.4149,18.4149,18.4149,1358,0
MFIG.US,5,20260313,195500,18.42,18.42,18.42,18.42,100,0
MFIG.US,5,20260313,200500,18.41,18.41,18.41,18.41,100,0
MFIG.US,5,20260313,201000,18.41,18.41,18.41,18.41,1358,0
MFIG.US,5,20260313,201500,18.41,18.41,18.41,18.41,100,0
MFIG.US,5,20260313,202000,18.4,18.4,18.4,18.4,100,0
MFIG.US,5,20260313,202500,18.36,18.36,18.36,18.36,200,0
MFIG.US,5,20260313,204500,18.3559,18.3559,18.3559,18.3559,100,0
MFIG.US,5,20260316,144000,18.56,18.56,18.5599,18.5599,2000,0
MFIG.US,5,20260316,152500,18.63,18.63,18.63,18.63,200,0
MFIG.US,5,20260316,153000,18.6,18.6,18.6,18.6,200,0
MFIG.US,5,20260316,153500,18.57,18.57,18.55,18.55,200,0
MFIG.US,5,20260316,155000,18.555,18.555,18.555,18.555,156,0
MFIG.US,5,20260316,155500,18.56,18.56,18.56,18.56,100,0
MFIG.US,5,20260316,174000,18.545,18.545,18.545,18.545,1077,0
MFIG.US,5,20260316,174500,18.54,18.54,18.54,18.54,200,0
MFIG.US,5,20260316,182000,18.57,18.57,18.57,18.57,100,0
MFIG.US,5,20260316,182500,18.57,18.57,18.57,18.57,167,0
MFIG.US,5,20260316,195500,18.59,18.59,18.59,18.59,100,0
MFIG.US,5,20260316,201000,18.62,18.62,18.62,18.62,100,0
MFIG.US,5,20260316,205500,18.58,18.58,18.58,18.58,861,0
MFIG.US,5,20260317,144000,18.818,18.818,18.818,18.818,531,0
MFIG.US,5,20260317,145000,18.845,18.845,18.8301,18.8301,959,0
MFIG.US,5,20260317,145500,18.835,18.835,18.835,18.835,250,0
MFIG.US,5,20260317,151500,18.7901,18.805,18.79,18.8002,1800,0
MFIG.US,5,20260317,153500,18.82,18.82,18.82,18.82,100,0
MFIG.US,5,20260317,160000,18.83,18.83,18.83,18.83,100,0
MFIG.US,5,20260317,162000,18.79,18.79,18.79,18.79,300,0
MFIG.US,5,20260317,171500,18.775,18.775,18.775,18.775,175,0
MFIG.US,5,20260317,183000,18.8,18.8,18.7999,18.7999,600,0
MFIG.US,5,20260317,184500,18.79,18.79,18.79,18.79,100,0
MFIG.US,5,20260317,192500,18.75,18.75,18.75,18.75,100,0
MFIG.US,5,20260317,200000,18.76,18.76,18.76,18.76,100,0
MFIG.US,5,20260317,202500,18.754,18.754,18.754,18.754,100,0
MFIG.US,5,20260317,203500,18.75,18.75,18.75,18.75,200,0
MFIG.US,5,20260318,151000,18.67,18.67,18.67,18.67,100,0
MFIG.US,5,20260318,152000,18.6799,18.6799,18.665,18.665,1339,0
MFIG.US,5,20260318,161000,18.6955,18.7,18.695,18.6999,1480,0
MFIG.US,5,20260318,161500,18.6913,18.6999,18.69,18.69,700,0
MFIG.US,5,20260318,162000,18.69,18.69,18.68,18.68,2500,0
MFIG.US,5,20260318,162500,18.67,18.675,18.67,18.675,1370,0
MFIG.US,5,20260318,163000,18.68,18.69,18.68,18.6866,700,0
MFIG.US,5,20260318,164500,18.676,18.68,18.66,18.6775,1020,0
MFIG.US,5,20260318,165000,18.68,18.68,18.6755,18.6755,1270,0
MFIG.US,5,20260318,165500,18.6799,18.68,18.675,18.6799,3806,0
MFIG.US,5,20260318,170000,18.665,18.665,18.665,18.665,3367,0
MFIG.US,5,20260318,170500,18.6663,18.67,18.665,18.665,432,0
MFIG.US,5,20260318,171000,18.665,18.67,18.665,18.666,1581,0
MFIG.US,5,20260318,171500,18.675,18.675,18.675,18.675,150,0
MFIG.US,5,20260318,172000,18.675,18.68,18.675,18.6799,6100,0
MFIG.US,5,20260318,172500,18.675,18.675,18.675,18.675,467,0
MFIG.US,5,20260318,173000,18.67,18.67,18.65,18.65,1212,0
MFIG.US,5,20260318,174500,18.6592,18.6592,18.6592,18.6592,250,0
MFIG.US,5,20260318,175000,18.66,18.66,18.6599,18.6599,200,0
MFIG.US,5,20260318,175500,18.65,18.65,18.65,18.65,268,0
MFIG.US,5,20260318,180000,18.64,18.64,18.63,18.63,1000,0
MFIG.US,5,20260318,180500,18.64,18.64,18.64,18.64,400,0
MFIG.US,5,20260318,181000,18.608,18.608,18.608,18.608,250,0
MFIG.US,5,20260318,181500,18.62,18.63,18.62,18.6266,400,0
MFIG.US,5,20260318,183000,18.64,18.6499,18.635,18.64,1772,0
MFIG.US,5,20260318,184000,18.66,18.66,18.65,18.65,1172,0
MFIG.US,5,20260318,184500,18.67,18.67,18.64,18.64,770,0
MFIG.US,5,20260318,185000,18.65,18.66,18.65,18.66,1272,0
MFIG.US,5,20260318,190000,18.655,18.655,18.655,18.655,200,0
MFIG.US,5,20260318,191000,18.65,18.65,18.65,18.65,100,0
MFIG.US,5,20260318,191500,18.63,18.63,18.63,18.63,100,0
MFIG.US,5,20260318,193000,18.65,18.65,18.615,18.615,5920,0
MFIG.US,5,20260318,193500,18.6263,18.63,18.61,18.61,7089,0
MFIG.US,5,20260318,194000,18.6,18.6,18.6,18.6,1085,0
MFIG.US,5,20260318,194500,18.61,18.61,18.595,18.595,1200,0
MFIG.US,5,20260318,195000,18.5921,18.5921,18.59,18.59,1040,0
MFIG.US,5,20260318,195500,18.58,18.58,18.5799,18.5799,400,0
MFIG.US,5,20260318,200000,18.56,18.56,18.56,18.56,1100,0
MFIG.US,5,20260318,200500,18.5995,18.5995,18.5995,18.5995,200,0
MFIG.US,5,20260318,201500,18.5799,18.58,18.57,18.57,420,0
MFIG.US,5,20260318,202000,18.56,18.56,18.55,18.55,800,0
MFIG.US,5,20260318,202500,18.5492,18.5492,18.5492,18.5492,100,0
MFIG.US,5,20260318,203000,18.55,18.55,18.55,18.55,100,0
MFIG.US,5,20260318,203500,18.54,18.54,18.54,18.54,135,0
MFIG.US,5,20260318,204000,18.535,18.535,18.53,18.53,739,0
MFIG.US,5,20260318,204500,18.52,18.52,18.52,18.52,100,0
MFIG.US,5,20260318,205000,18.52,18.52,18.52,18.52,100,0
MFIG.US,5,20260318,205500,18.505,18.505,18.5,18.5,925,0
MFIG.US,5,20260319,143000,18.49,18.49,18.49,18.49,1586,0
MFIG.US,5,20260319,144500,18.45,18.45,18.43,18.43,265,0
MFIG.US,5,20260319,150000,18.435,18.435,18.435,18.435,271,0
MFIG.US,5,20260319,150500,18.41,18.43,18.41,18.415,2406,0
MFIG.US,5,20260319,151000,18.385,18.42,18.385,18.42,8218,0
MFIG.US,5,20260319,151500,18.386,18.386,18.38,18.38,211,0
MFIG.US,5,20260319,152500,18.3599,18.3599,18.3599,18.3599,263,0
MFIG.US,5,20260319,153000,18.35,18.37,18.35,18.37,600,0
MFIG.US,5,20260319,153500,18.4,18.4,18.385,18.385,200,0
MFIG.US,5,20260319,154000,18.38,18.38,18.38,18.38,800,0
MFIG.US,5,20260319,160000,18.415,18.415,18.415,18.415,100,0
MFIG.US,5,20260319,160500,18.45,18.46,18.44,18.44,800,0
MFIG.US,5,20260319,161500,18.43,18.43,18.4,18.4,200,0
MFIG.US,5,20260319,162500,18.39,18.39,18.3899,18.39,3600,0
MFIG.US,5,20260319,163000,18.38,18.38,18.38,18.38,100,0
MFIG.US,5,20260319,163500,18.348,18.348,18.34,18.34,275,0
MFIG.US,5,20260319,164500,18.35,18.35,18.3499,18.35,2800,0
MFIG.US,5,20260319,165000,18.3565,18.3565,18.3565,18.3565,250,0
MFIG.US,5,20260319,165500,18.35,18.39,18.35,18.39,843,0
MFIG.US,5,20260319,170000,18.41,18.41,18.41,18.41,100,0
MFIG.US,5,20260319,173000,18.38,18.38,18.38,18.38,100,0
MFIG.US,5,20260319,174500,18.4,18.4,18.4,18.4,1400,0
MFIG.US,5,20260319,175000,18.38,18.38,18.37,18.37,600,0
MFIG.US,5,20260319,180000,18.37,18.37,18.37,18.37,100,0
MFIG.US,5,20260319,180500,18.34,18.34,18.34,18.34,100,0
MFIG.US,5,20260319,181500,18.32,18.32,18.32,18.32,100,0
MFIG.US,5,20260319,184000,18.34,18.34,18.34,18.34,100,0
MFIG.US,5,20260319,190500,18.35,18.35,18.35,18.35,100,0
MFIG.US,5,20260319,191000,18.35,18.35,18.35,18.35,100,0
MFIG.US,5,20260319,191500,18.38,18.38,18.38,18.38,200,0
MFIG.US,5,20260319,192000,18.38,18.38,18.38,18.38,1000,0
MFIG.US,5,20260319,192500,18.375,18.375,18.37,18.37,800,0
MFIG.US,5,20260319,193000,18.36,18.36,18.3599,18.3599,1000,0
MFIG.US,5,20260319,193500,18.35,18.35,18.35,18.35,100,0
MFIG.US,5,20260319,194000,18.3499,18.35,18.3499,18.35,2100,0
MFIG.US,5,20260319,195500,18.37,18.37,18.37,18.37,200,0
MFIG.US,5,20260319,200000,18.405,18.405,18.405,18.405,100,0
MFIG.US,5,20260319,200500,18.452,18.52,18.452,18.52,218,0
MFIG.US,5,20260319,201000,18.52,18.52,18.52,18.52,1000,0
MFIG.US,5,20260319,201500,18.51,18.51,18.51,18.51,100,0
MFIG.US,5,20260319,202000,18.49,18.49,18.49,18.49,3042,0
MFIG.US,5,20260319,202500,18.47,18.47,18.46,18.46,300,0
MFIG.US,5,20260319,203000,18.47,18.47,18.47,18.47,1456,0
MFIG.US,5,20260319,203500,18.465,18.465,18.44,18.44,637,0
MFIG.US,5,20260319,205500,18.65,18.65,18.65,18.65,2207,0
MFIG.US,5,20260320,144000,18.3,18.3,18.3,18.3,100,0
MFIG.US,5,20260320,144500,18.3199,18.32,18.3199,18.32,400,0
MFIG.US,5,20260320,145500,18.28,18.28,18.25,18.2655,2009,0
MFIG.US,5,20260320,151000,18.27,18.27,18.25,18.25,200,0
MFIG.US,5,20260320,152000,18.26,18.26,18.26,18.26,191,0
MFIG.US,5,20260320,153000,18.3,18.3,18.3,18.3,100,0
MFIG.US,5,20260320,155500,18.31,18.31,18.3099,18.3099,200,0
MFIG.US,5,20260320,160000,18.32,18.32,18.32,18.32,100,0
MFIG.US,5,20260320,160500,18.3,18.3,18.3,18.3,100,0
MFIG.US,5,20260320,161000,18.3,18.3,18.3,18.3,100,0
MFIG.US,5,20260320,162500,18.29,18.29,18.29,18.29,100,0
MFIG.US,5,20260320,163500,18.31,18.32,18.31,18.31,640,0
MFIG.US,5,20260320,172000,18.34,18.34,18.34,18.34,100,0
MFIG.US,5,20260320,172500,18.34,18.34,18.34,18.34,100,0
MFIG.US,5,20260320,173000,18.3,18.3,18.3,18.3,480,0
MFIG.US,5,20260320,174000,18.3,18.31,18.3,18.3,1600,0
MFIG.US,5,20260320,175000,18.29,18.29,18.29,18.29,100,0
MFIG.US,5,20260320,175500,18.31,18.31,18.31,18.31,100,0
MFIG.US,5,20260320,180500,18.31,18.31,18.29,18.29,400,0
MFIG.US,5,20260320,181000,18.3,18.3,18.3,18.3,100,0
MFIG.US,5,20260320,182500,18.29,18.29,18.29,18.29,442,0
MFIG.US,5,20260320,183000,18.29,18.29,18.29,18.29,100,0
MFIG.US,5,20260320,184000,18.26,18.26,18.2501,18.2501,600,0
MFIG.US,5,20260320,192000,18.238,18.24,18.238,18.24,400,0
MFIG.US,5,20260320,192500,18.21,18.21,18.21,18.21,200,0
MFIG.US,5,20260320,193000,18.215,18.215,18.215,18.215,384,0
MFIG.US,5,20260320,195500,18.1501,18.1501,18.1501,18.1501,240,0
MFIG.US,5,20260320,200000,18.17,18.17,18.17,18.17,250,0
MFIG.US,5,20260320,203500,18.1,18.1,18.1,18.1,200,0
MFIG.US,5,20260320,204500,18.15,18.15,18.15,18.15,100,0
MFIG.US,5,20260320,205000,18.13,18.18,18.13,18.18,546,0
MFIG.US,5,20260320,205500,18.21,18.21,18.2099,18.21,3642,0
MFIG.US,5,20260323,150500,18.52,18.52,18.52,18.52,100,0
MFIG.US,5,20260323,151000,18.53,18.53,18.5299,18.5299,320,0
MFIG.US,5,20260323,165000,18.45,18.45,18.45,18.45,100,0
MFIG.US,5,20260323,165500,18.3813,18.3813,18.3813,18.3813,265,0
MFIG.US,5,20260323,172000,18.4,18.4,18.4,18.4,110,0
MFIG.US,5,20260323,180500,18.39,18.39,18.3764,18.39,700,0
MFIG.US,5,20260323,190000,18.4501,18.4501,18.4501,18.4501,100,0
MFIG.US,5,20260323,201500,18.5,18.5,18.4999,18.5,3700,0
MFIG.US,5,20260323,205000,18.465,18.465,18.46,18.46,865,0
MFIG.US,5,20260323,205500,18.44,18.44,18.44,18.44,942,0
MFIG.US,5,20260324,143000,18.59,18.59,18.59,18.59,357,0
MFIG.US,5,20260324,144500,18.2,18.2,18.2,18.2,100,0
MFIG.US,5,20260324,145000,18.16,18.16,18.16,18.16,194,0
MFIG.US,5,20260324,145500,18.16,18.16,18.16,18.16,489,0
MFIG.US,5,20260324,151000,18.18,18.18,18.18,18.18,600,0
MFIG.US,5,20260324,152000,18.19,18.19,18.19,18.19,100,0
MFIG.US,5,20260324,152500,18.2,18.2,18.2,18.2,200,0
MFIG.US,5,20260324,174500,18.21,18.21,18.21,18.21,200,0
MFIG.US,5,20260324,175500,18.23,18.23,18.21,18.21,700,0
MFIG.US,5,20260324,181000,18.13,18.13,18.13,18.13,100,0
MFIG.US,5,20260324,183500,18.14,18.14,18.14,18.14,200,0
MFIG.US,5,20260324,205500,18.16,18.16,18.16,18.16,1024,0
MFIG.US,5,20260325,143000,18.56,18.56,18.56,18.56,128,0
MFIG.US,5,20260325,144000,18.38,18.38,18.38,18.38,100,0
MFIG.US,5,20260325,152000,18.315,18.315,18.315,18.315,200,0
MFIG.US,5,20260325,153000,18.31,18.31,18.31,18.31,100,0
MFIG.US,5,20260325,161500,18.215,18.215,18.15,18.15,893,0
MFIG.US,5,20260325,165000,18.225,18.225,18.225,18.225,290,0
MFIG.US,5,20260325,170000,18.23,18.23,18.225,18.225,300,0
MFIG.US,5,20260325,171500,18.23,18.23,18.23,18.23,100,0
MFIG.US,5,20260325,173000,18.27,18.27,18.26,18.26,5337,0
MFIG.US,5,20260325,174000,18.29,18.29,18.29,18.29,100,0
MFIG.US,5,20260325,175000,18.2796,18.2796,18.2796,18.2796,100,0
MFIG.US,5,20260325,175500,18.29,18.29,18.29,18.29,200,0
MFIG.US,5,20260325,183500,18.3,18.3,18.3,18.3,500,0
MFIG.US,5,20260325,185500,18.27,18.27,18.27,18.27,300,0
MFIG.US,5,20260325,192500,18.27,18.27,18.2699,18.2699,1000,0
MFIG.US,5,20260325,195500,18.23,18.23,18.23,18.23,100,0
MFIG.US,5,20260325,204000,18.24,18.24,18.22,18.235,500,0
MFIG.US,5,20260325,204500,18.24,18.24,18.2161,18.2161,500,0
MFIG.US,5,20260325,205000,18.24,18.24,18.24,18.24,100,0
MFIG.US,5,20260325,205500,18.26,18.26,18.245,18.25,1467,0
MFIG.US,5,20260326,143000,18.24,18.24,18.24,18.24,618,0
MFIG.US,5,20260326,145000,18.15,18.15,18.15,18.15,100,0
MFIG.US,5,20260326,145500,18.15,18.15,18.1499,18.1499,200,0
MFIG.US,5,20260326,150500,18.14,18.14,18.1399,18.1399,200,0
MFIG.US,5,20260326,153500,18.12,18.12,18.12,18.12,400,0
MFIG.US,5,20260326,154000,18.12,18.12,18.12,18.12,100,0
MFIG.US,5,20260326,154500,18.09,18.09,18.09,18.09,100,0
MFIG.US,5,20260326,160000,18.1,18.1,18.1,18.1,200,0
MFIG.US,5,20260326,162000,18.08,18.08,18.08,18.08,100,0
MFIG.US,5,20260326,163500,18.07,18.07,18.07,18.07,100,0
MFIG.US,5,20260326,165500,18.09,18.09,18.0899,18.0899,1110,0
MFIG.US,5,20260326,171500,18.04,18.04,18.04,18.04,200,0
MFIG.US,5,20260326,172000,18.05,18.05,18.0499,18.0499,1000,0
MFIG.US,5,20260326,173000,18.005,18.005,18.005,18.005,100,0
MFIG.US,5,20260326,174500,18.01,18.01,18.01,18.01,667,0
MFIG.US,5,20260326,175500,18,18,18,18,4050,0
MFIG.US,5,20260326,180000,18.01,18.01,18.01,18.01,563,0
MFIG.US,5,20260326,181000,17.99,17.99,17.99,17.99,100,0
MFIG.US,5,20260326,181500,17.9899,17.9899,17.9899,17.9899,250,0
MFIG.US,5,20260326,184500,17.94,17.95,17.94,17.94,2316,0
MFIG.US,5,20260326,190000,17.92,17.92,17.92,17.92,250,0
MFIG.US,5,20260326,190500,17.92,17.92,17.92,17.92,150,0
MFIG.US,5,20260326,191500,17.9197,17.9197,17.9197,17.9197,100,0
MFIG.US,5,20260326,192000,17.91,17.91,17.91,17.91,100,0
MFIG.US,5,20260326,203000,17.92,17.92,17.92,17.92,201,0
MFIG.US,5,20260326,204500,17.9,17.9,17.9,17.9,1193,0
MFIG.US,5,20260326,205500,17.89,17.89,17.89,17.89,1400,0
MFIG.US,5,20260327,145000,17.7,17.7,17.7,17.7,100,0
MFIG.US,5,20260327,145500,17.595,17.595,17.595,17.595,100,0
MFIG.US,5,20260327,150000,17.595,17.595,17.595,17.595,100,0
MFIG.US,5,20260327,150500,17.5886,17.5886,17.5886,17.5886,200,0
MFIG.US,5,20260327,152000,17.62,17.62,17.62,17.62,100,0
MFIG.US,5,20260327,154500,17.61,17.61,17.61,17.61,500,0
MFIG.US,5,20260327,165000,17.62,17.62,17.62,17.62,200,0
MFIG.US,5,20260327,170500,17.585,17.585,17.585,17.585,1527,0
MFIG.US,5,20260327,171000,17.575,17.5799,17.575,17.5799,200,0
MFIG.US,5,20260327,171500,17.58,17.58,17.57,17.57,566,0
MFIG.US,5,20260327,172000,17.57,17.57,17.57,17.57,200,0
MFIG.US,5,20260327,173000,17.56,17.56,17.56,17.56,400,0
MFIG.US,5,20260327,173500,17.56,17.56,17.56,17.56,270,0
MFIG.US,5,20260327,174000,17.53,17.53,17.53,17.53,100,0
MFIG.US,5,20260327,174500,17.53,17.535,17.53,17.535,300,0
MFIG.US,5,20260327,180500,17.5101,17.5101,17.5101,17.5101,109,0
MFIG.US,5,20260327,185000,17.47,17.48,17.45,17.46,1250,0
MFIG.US,5,20260327,193000,17.46,17.46,17.46,17.46,900,0
MFIG.US,5,20260327,202500,17.4553,17.4553,17.4553,17.4553,114,0
MFIG.US,5,20260327,205500,17.45,17.45,17.43,17.43,2700,0
MFIG.US,5,20260330,153000,17.8,17.8,17.61,17.61,504,0
MFIG.US,5,20260330,173000,17.565,17.565,17.565,17.565,450,0
MFIG.US,5,20260330,174500,17.6,17.6,17.5999,17.5999,200,0
MFIG.US,5,20260330,180500,17.59,17.59,17.59,17.59,150,0
MFIG.US,5,20260330,181000,17.61,17.61,17.61,17.61,300,0
MFIG.US,5,20260330,190000,17.56,17.56,17.56,17.56,400,0
MFIG.US,5,20260330,191000,17.53,17.53,17.53,17.53,100,0
MFIG.US,5,20260330,193500,17.48,17.48,17.48,17.48,100,0
MFIG.US,5,20260330,202000,17.47,17.47,17.47,17.47,100,0
MFIG.US,5,20260330,203000,17.46,17.46,17.46,17.46,100,0
MFIG.US,5,20260330,203500,17.47,17.47,17.47,17.47,100,0
MFIG.US,5,20260330,204000,17.46,17.46,17.46,17.46,100,0
MFIG.US,5,20260330,204500,17.45,17.45,17.45,17.45,100,0
MFIG.US,5,20260330,205000,17.445,17.445,17.445,17.445,100,0
MFIG.US,5,20260330,205500,17.44,17.44,17.435,17.435,200,0
MFIG.US,5,20260330,214500,17.415,17.415,17.415,17.415,2738,0
MFIG.US,5,20260330,215000,17.42,17.42,17.42,17.42,100,0
MFIG.US,5,20260330,215500,17.46,17.46,17.46,17.46,688,0
MFIG.US,5,20260331,153000,17.45,17.64,17.45,17.64,386,0
MFIG.US,5,20260331,155000,17.76,17.76,17.76,17.76,100,0
MFIG.US,5,20260331,160500,17.765,17.765,17.765,17.765,500,0
MFIG.US,5,20260331,161000,17.77,17.77,17.77,17.77,100,0
MFIG.US,5,20260331,164000,17.72,17.72,17.72,17.72,280,0
MFIG.US,5,20260331,171000,17.78,17.78,17.78,17.78,104,0
MFIG.US,5,20260331,180000,17.72,17.75,17.72,17.75,1226,0
MFIG.US,5,20260331,180500,17.75,17.75,17.74,17.74,3872,0
MFIG.US,5,20260331,181500,17.77,17.77,17.76,17.76,2814,0
MFIG.US,5,20260331,182000,17.76,17.76,17.76,17.76,100,0
MFIG.US,5,20260331,184000,17.92,17.92,17.92,17.92,500,0
MFIG.US,5,20260331,190000,17.93,17.93,17.93,17.93,200,0
MFIG.US,5,20260331,190500,17.94,17.94,17.94,17.94,100,0
MFIG.US,5,20260331,200500,17.91,17.91,17.91,17.91,100,0
MFIG.US,5,20260331,204000,17.94,17.94,17.94,17.94,500,0
MFIG.US,5,20260331,205500,17.9401,17.9401,17.9401,17.9401,760,0
MFIG.US,5,20260331,211000,17.95,17.95,17.95,17.95,100,0
MFIG.US,5,20260401,154000,18.04,18.04,18.04,18.04,100,0
MFIG.US,5,20260401,160000,17.985,17.985,17.985,17.985,182,0
MFIG.US,5,20260401,160500,17.99,17.99,17.99,17.99,1390,0
MFIG.US,5,20260401,163000,18.04,18.04,18.04,18.04,100,0
MFIG.US,5,20260401,165000,18.06,18.06,18.06,18.06,200,0
MFIG.US,5,20260401,171000,18.0799,18.0799,18.0799,18.0799,119,0
MFIG.US,5,20260401,171500,18.0601,18.0601,18.0601,18.0601,400,0
MFIG.US,5,20260401,172000,18.07,18.07,18.07,18.07,100,0
MFIG.US,5,20260401,173500,18.08,18.09,18.08,18.09,712,0
MFIG.US,5,20260401,175000,18.09,18.09,18.09,18.09,170,0
MFIG.US,5,20260401,182000,18.105,18.105,18.105,18.105,100,0
MFIG.US,5,20260401,183500,18.1,18.1,18.1,18.1,100,0
MFIG.US,5,20260401,185000,18.1099,18.11,18.1099,18.1099,700,0
MFIG.US,5,20260401,190000,18.1,18.1,18.1,18.1,182,0
MFIG.US,5,20260401,191000,18.12,18.12,18.12,18.12,200,0
MFIG.US,5,20260401,201500,18.03,18.03,18.03,18.03,100,0
MFIG.US,5,20260401,202000,18,18,18,18,100,0
MFIG.US,5,20260401,211000,17.9801,17.9801,17.9801,17.9801,100,0
MFIG.US,5,20260401,212000,18.0032,18.01,18,18,300,0
MFIG.US,5,20260401,214500,18.025,18.025,18.025,18.025,200,0
MFIG.US,5,20260401,215500,18.01,18.01,18.01,18.01,1550,0
MFIG.US,5,20260402,153000,17.72,17.72,17.72,17.72,100,0
MFIG.US,5,20260402,154000,17.67,17.67,17.67,17.67,100,0
MFIG.US,5,20260402,160000,17.83,17.83,17.83,17.83,1500,0
MFIG.US,5,20260402,162000,17.87,17.87,17.87,17.87,200,0
MFIG.US,5,20260402,164000,18.015,18.015,18.015,18.015,500,0
MFIG.US,5,20260402,170500,17.99,18.01,17.99,18.01,1628,0
MFIG.US,5,20260402,180000,17.995,17.995,17.995,17.995,200,0
MFIG.US,5,20260402,191500,18.015,18.015,18.015,18.015,111,0
MFIG.US,5,20260406,162000,18.16,18.16,18.1599,18.1599,1552,0
MFIG.US,5,20260406,163000,18.16,18.16,18.15,18.15,200,0
MFIG.US,5,20260406,181500,18.13,18.13,18.1299,18.1299,200,0
MFIG.US,5,20260406,185500,18.14,18.14,18.14,18.14,195,0
MFIG.US,5,20260406,191000,18.08,18.08,18.08,18.08,100,0
MFIG.US,5,20260406,193500,18.15,18.15,18.15,18.15,100,0
MFIG.US,5,20260406,210500,18.1799,18.1799,18.1799,18.1799,100,0
MFIG.US,5,20260406,212000,18.1701,18.1701,18.1701,18.1701,200,0
MFIG.US,5,20260407,155000,18.06,18.06,18.06,18.06,100,0
MFIG.US,5,20260407,161000,17.96,17.96,17.96,17.96,1500,0
MFIG.US,5,20260407,170000,17.945,17.945,17.945,17.945,100,0
MFIG.US,5,20260407,213500,18.07,18.075,18.07,18.075,320,0
MFIG.US,5,20260407,214000,18.1,18.1,18.1,18.1,100,0
MFIG.US,5,20260408,153000,18.84,18.84,18.83,18.83,611,0
MFIG.US,5,20260408,154000,18.73,18.73,18.73,18.73,100,0
MFIG.US,5,20260408,172500,18.64,18.64,18.6399,18.6399,200,0
MFIG.US,5,20260408,173000,18.64,18.64,18.64,18.64,3144,0
MFIG.US,5,20260408,182500,18.7,18.7,18.7,18.7,485,0
MFIG.US,5,20260408,195500,18.6899,18.6899,18.6899,18.6899,600,0
MFIG.US,5,20260408,215500,18.62,18.62,18.62,18.62,2100,0
MFIG.US,5,20260409,153000,18.62,18.62,18.62,18.62,100,0
MFIG.US,5,20260409,155000,18.5,18.5,18.5,18.5,100,0
MFIG.US,5,20260409,175000,18.5301,18.5301,18.5301,18.5301,249,0
MFIG.US,5,20260409,210000,18.55,18.55,18.55,18.55,100,0
MFIG.US,5,20260409,213000,18.57,18.57,18.57,18.57,100,0
MFIG.US,5,20260409,213500,18.57,18.57,18.57,18.57,198,0
MFIG.US,5,20260410,153000,18.69,18.69,18.69,18.69,100,0
MFIG.US,5,20260410,154500,18.52,18.52,18.52,18.52,100,0
MFIG.US,5,20260410,155500,18.515,18.515,18.515,18.515,1800,0
MFIG.US,5,20260410,162000,18.53,18.53,18.53,18.53,485,0
MFIG.US,5,20260410,163000,18.55,18.55,18.55,18.55,500,0
MFIG.US,5,20260410,163500,18.565,18.565,18.565,18.565,200,0
MFIG.US,5,20260410,164000,18.55,18.55,18.55,18.55,139,0
MFIG.US,5,20260410,164500,18.53,18.55,18.53,18.55,700,0
MFIG.US,5,20260410,165500,18.52,18.52,18.52,18.52,100,0
MFIG.US,5,20260410,170000,18.53,18.53,18.53,18.53,1350,0
MFIG.US,5,20260410,182000,18.51,18.51,18.51,18.51,100,0
MFIG.US,5,20260410,190000,18.48,18.48,18.48,18.48,1100,0
MFIG.US,5,20260410,210500,18.48,18.48,18.48,18.48,400,0
MFIG.US,5,20260410,212500,18.48,18.48,18.48,18.48,100,0
MFIG.US,5,20260410,214500,18.49,18.49,18.49,18.49,100,0
MFIG.US,5,20260410,215500,18.5,18.52,18.5,18.52,390,0
MFIG.US,5,20260413,153000,18.49,18.49,18.49,18.49,275,0
MFIG.US,5,20260413,154000,18.51,18.51,18.51,18.51,100,0
MFIG.US,5,20260413,173500,18.66,18.66,18.66,18.66,100,0
MFIG.US,5,20260413,183500,18.73,18.73,18.73,18.73,100,0
MFIG.US,5,20260413,193000,18.75,18.75,18.75,18.75,600,0
MFIG.US,5,20260413,213500,18.805,18.805,18.805,18.805,535,0
MFIG.US,5,20260413,214000,18.79,18.8,18.79,18.8,2072,0
MFIG.US,5,20260413,214500,18.7807,18.7807,18.7807,18.7807,536,0
MFIG.US,5,20260413,215000,18.81,18.81,18.81,18.81,100,0
MFIG.US,5,20260414,153000,19,19,18.955,18.955,202,0
MFIG.US,5,20260414,174500,19.13,19.13,19.13,19.13,400,0
MFIG.US,5,20260414,185500,19.148,19.148,19.148,19.148,1000,0
MFIG.US,5,20260414,192500,19.16,19.16,19.16,19.16,300,0
MFIG.US,5,20260414,195000,19.16,19.16,19.16,19.16,300,0
MFIG.US,5,20260414,200500,19.1201,19.1201,19.1201,19.1201,300,0
MFIG.US,5,20260414,211000,19.11,19.11,19.11,19.11,200,0
MFIG.US,5,20260415,153000,19.25,19.25,19.25,19.25,110,0
MFIG.US,5,20260415,161500,19.34,19.34,19.34,19.34,600,0
MFIG.US,5,20260415,163000,19.37,19.37,19.37,19.37,2482,0
MFIG.US,5,20260415,164500,19.35,19.35,19.3499,19.3499,700,0
MFIG.US,5,20260415,165000,19.355,19.355,19.355,19.355,1000,0
MFIG.US,5,20260415,170000,19.35,19.35,19.35,19.35,1197,0
MFIG.US,5,20260415,215500,19.49,19.49,19.49,19.49,1041,0
MFIG.US,5,20260416,153000,19.55,19.55,19.55,19.55,105,0
MFIG.US,5,20260416,153500,19.56,19.56,19.56,19.56,357,0
MFIG.US,5,20260416,154000,19.54,19.54,19.54,19.54,100,0
MFIG.US,5,20260416,165000,19.49,19.49,19.49,19.49,300,0
MFIG.US,5,20260416,174000,19.53,19.5301,19.53,19.5301,400,0
MFIG.US,5,20260416,174500,19.52,19.52,19.52,19.52,100,0
MFIG.US,5,20260416,182500,19.55,19.55,19.55,19.55,100,0
MFIG.US,5,20260416,184500,19.525,19.525,19.525,19.525,200,0
MFIG.US,5,20260416,193500,19.5,19.5,19.5,19.5,1000,0
MFIG.US,5,20260416,194500,19.525,19.525,19.525,19.525,1843,0
MFIG.US,5,20260416,195000,19.525,19.525,19.525,19.525,1531,0
MFIG.US,5,20260416,200000,19.5,19.5,19.5,19.5,100,0
MFIG.US,5,20260416,203000,19.47,19.47,19.47,19.47,300,0
MFIG.US,5,20260416,211500,19.485,19.485,19.485,19.485,100,0
MFIG.US,5,20260416,215500,19.51,19.51,19.51,19.51,489,0
MFIG.US,5,20260417,154500,19.68,19.68,19.68,19.68,100,0
MFIG.US,5,20260417,160000,19.7,19.7,19.7,19.7,100,0
MFIG.US,5,20260417,160500,19.68,19.68,19.68,19.68,251,0
MFIG.US,5,20260417,184500,19.71,19.71,19.71,19.71,100,0
MFIG.US,5,20260417,190500,19.69,19.69,19.69,19.69,200,0
MFIG.US,5,20260417,192000,19.68,19.68,19.68,19.68,100,0
MFIG.US,5,20260417,193500,19.6301,19.6301,19.6301,19.6301,255,0
MFIG.US,5,20260417,215500,19.69,19.69,19.69,19.69,327,0
MFIG.US,5,20260420,153000,19.85,19.85,19.66,19.66,485,0
MFIG.US,5,20260420,154000,19.61,19.61,19.61,19.61,100,0
MFIG.US,5,20260420,155500,19.675,19.675,19.675,19.675,100,0
MFIG.US,5,20260420,164000,19.61,19.61,19.61,19.61,100,0
MFIG.US,5,20260420,165000,19.55,19.55,19.55,19.55,500,0
MFIG.US,5,20260420,181000,19.59,19.59,19.59,19.59,867,0
MFIG.US,5,20260420,205000,19.65,19.65,19.65,19.65,100,0
MFIG.US,5,20260421,154000,19.6,19.6,19.6,19.6,100,0
MFIG.US,5,20260421,155500,19.6228,19.6228,19.6228,19.6228,100,0
MFIG.US,5,20260421,163500,19.725,19.725,19.725,19.725,1000,0
MFIG.US,5,20260421,164000,19.7,19.7,19.7,19.7,105,0
MFIG.US,5,20260421,172500,19.5799,19.5799,19.5799,19.5799,100,0
MFIG.US,5,20260421,185500,19.55,19.55,19.55,19.55,200,0
MFIG.US,5,20260421,190500,19.55,19.55,19.55,19.55,100,0
MFIG.US,5,20260421,194500,19.545,19.545,19.545,19.545,300,0
MFIG.US,5,20260421,201500,19.52,19.52,19.52,19.52,105,0
MFIG.US,5,20260421,205000,19.49,19.49,19.4899,19.4899,1800,0
MFIG.US,5,20260421,211000,19.5432,19.55,19.5432,19.55,200,0
MFIG.US,5,20260422,155000,19.575,19.575,19.575,19.575,500,0
MFIG.US,5,20260422,160000,19.61,19.61,19.61,19.61,152,0
MFIG.US,5,20260422,162000,19.65,19.65,19.645,19.645,1400,0
MFIG.US,5,20260422,162500,19.65,19.65,19.65,19.65,100,0
MFIG.US,5,20260422,171500,19.595,19.595,19.595,19.595,1000,0
MFIG.US,5,20260422,172500,19.63,19.63,19.63,19.63,100,0
MFIG.US,5,20260422,180000,19.59,19.59,19.59,19.59,100,0
MFIG.US,5,20260422,183000,19.59,19.59,19.59,19.59,2500,0
MFIG.US,5,20260422,184000,19.6,19.6,19.6,19.6,100,0
MFIG.US,5,20260422,200000,19.6,19.6,19.6,19.6,286,0
MFIG.US,5,20260422,213000,19.63,19.63,19.63,19.63,100,0
MFIG.US,5,20260422,215500,19.7,19.7,19.7,19.7,1300,0
MFIG.US,5,20260423,153000,19.47,19.47,19.47,19.47,100,0
MFIG.US,5,20260423,154000,19.43,19.4301,19.43,19.4301,700,0
MFIG.US,5,20260423,155500,19.41,19.415,19.41,19.415,700,0
MFIG.US,5,20260423,163500,19.41,19.41,19.41,19.41,200,0
MFIG.US,5,20260423,171500,19.46,19.46,19.46,19.46,100,0
MFIG.US,5,20260423,184000,19.34,19.34,19.34,19.34,155,0
MFIG.US,5,20260423,190000,19.37,19.37,19.37,19.37,100,0
MFIG.US,5,20260423,191500,19.21,19.21,19.21,19.21,214,0
MFIG.US,5,20260423,193500,19.2101,19.2101,19.2101,19.2101,1250,0
MFIG.US,5,20260423,194000,19.215,19.215,19.18,19.18,582,0
MFIG.US,5,20260423,195000,19.115,19.115,19.115,19.115,1000,0
MFIG.US,5,20260424,155000,19.28,19.28,19.28,19.28,100,0
MFIG.US,5,20260424,155500,19.24,19.24,19.24,19.24,282,0
MFIG.US,5,20260424,193000,19.38,19.38,19.38,19.38,438,0
MFIG.US,5,20260424,195500,19.425,19.425,19.425,19.425,325,0
MFIG.US,5,20260424,204500,19.42,19.42,19.42,19.42,250,0
MFIG.US,5,20260424,212500,19.445,19.445,19.445,19.445,100,0
MFIG.US,5,20260427,153000,19.4,19.4,19.4,19.4,100,0
MFIG.US,5,20260427,154000,19.44,19.44,19.435,19.44,400,0
MFIG.US,5,20260427,154500,19.46,19.47,19.46,19.47,399,0
MFIG.US,5,20260427,155000,19.425,19.425,19.425,19.425,150,0
MFIG.US,5,20260427,155500,19.424,19.424,19.424,19.424,550,0
MFIG.US,5,20260427,163500,19.44,19.44,19.44,19.44,100,0
MFIG.US,5,20260427,191500,19.425,19.425,19.425,19.425,515,0
MFIG.US,5,20260427,202000,19.45,19.45,19.45,19.45,100,0
MFIG.US,5,20260427,215500,19.43,19.43,19.43,19.43,209,0
MFIG.US,5,20260428,153000,19.32,19.37,19.32,19.37,300,0
MFIG.US,5,20260428,154000,19.32,19.32,19.32,19.32,1000,0
MFIG.US,5,20260428,155000,19.355,19.355,19.355,19.355,440,0
MFIG.US,5,20260428,160000,19.2801,19.2801,19.28,19.2801,2240,0
MFIG.US,5,20260428,174000,19.2099,19.2099,19.2099,19.2099,141,0
MFIG.US,5,20260428,174500,19.18,19.18,19.18,19.18,928,0
MFIG.US,5,20260428,205000,19.24,19.2401,19.24,19.2401,600,0
MFIG.US,5,20260429,154000,19.24,19.24,19.24,19.24,100,0
MFIG.US,5,20260429,160000,19.22,19.22,19.22,19.22,200,0
MFIG.US,5,20260429,182500,19.19,19.19,19.19,19.19,100,0
MFIG.US,5,20260429,193000,19.2,19.2,19.2,19.2,350,0
MFIG.US,5,20260430,153000,19.39,19.39,19.23,19.23,203,0
MFIG.US,5,20260430,154500,19.23,19.23,19.23,19.23,500,0
MFIG.US,5,20260430,182500,19.305,19.305,19.305,19.305,100,0
MFIG.US,5,20260430,183500,19.31,19.31,19.31,19.31,100,0
MFIG.US,5,20260430,184000,19.3,19.3,19.3,19.3,200,0
MFIG.US,5,20260430,185500,19.27,19.27,19.27,19.27,400,0
MFIG.US,5,20260430,192000,19.32,19.32,19.32,19.32,100,0
MFIG.US,5,20260430,193000,19.35,19.35,19.35,19.35,200,0
MFIG.US,5,20260430,195000,19.36,19.36,19.36,19.36,100,0
MFIG.US,5,20260430,214500,19.46,19.46,19.46,19.46,150,0
MFIG.US,5,20260430,215500,19.41,19.41,19.41,19.41,102,0
MFIG.US,5,20260501,153000,19.32,19.62,19.32,19.62,600,0
MFIG.US,5,20260501,154500,19.6,19.6,19.6,19.6,140,0
MFIG.US,5,20260501,160500,19.63,19.63,19.63,19.63,2247,0
MFIG.US,5,20260501,162000,19.62,19.62,19.62,19.62,100,0
MFIG.US,5,20260501,170000,19.58,19.58,19.58,19.58,600,0
MFIG.US,5,20260501,171500,19.61,19.62,19.607,19.61,2176,0
MFIG.US,5,20260501,173500,19.64,19.64,19.64,19.64,100,0
MFIG.US,5,20260501,175000,19.65,19.65,19.65,19.65,100,0
MFIG.US,5,20260501,181000,19.605,19.605,19.605,19.605,100,0
MFIG.US,5,20260501,190500,19.6,19.6,19.6,19.6,295,0
MFIG.US,5,20260501,192000,19.64,19.64,19.63,19.64,1100,0
MFIG.US,5,20260501,192500,19.63,19.63,19.63,19.63,400,0
MFIG.US,5,20260501,215500,19.58,19.58,19.58,19.58,1300,0
MFIG.US,5,20260504,154500,19.63,19.63,19.62,19.62,300,0
MFIG.US,5,20260504,170000,19.6599,19.6599,19.6599,19.6599,110,0
MFIG.US,5,20260504,171500,19.64,19.64,19.64,19.64,357,0
MFIG.US,5,20260504,172000,19.56,19.56,19.56,19.56,500,0
MFIG.US,5,20260504,172500,19.56,19.56,19.56,19.56,600,0
MFIG.US,5,20260504,173000,19.58,19.58,19.58,19.58,100,0
MFIG.US,5,20260504,195500,19.62,19.62,19.62,19.62,100,0
MFIG.US,5,20260504,210000,19.605,19.605,19.605,19.605,1000,0
MFIG.US,5,20260504,212000,19.608,19.608,19.608,19.608,500,0
MFIG.US,5,20260504,212500,19.6,19.6,19.6,19.6,100,0
MFIG.US,5,20260504,215500,19.61,19.61,19.61,19.61,282,0
MFIG.US,5,20260505,154500,19.72,19.72,19.72,19.72,100,0
MFIG.US,5,20260505,162000,19.6576,19.6576,19.6576,19.6576,100,0
MFIG.US,5,20260505,174500,19.7,19.72,19.7,19.7001,1890,0
MFIG.US,5,20260505,183500,19.69,19.69,19.69,19.69,253,0
MFIG.US,5,20260506,153000,19.95,19.95,19.95,19.95,131,0
MFIG.US,5,20260506,154000,19.8,19.8,19.79,19.79,200,0
MFIG.US,5,20260506,164500,19.85,19.85,19.85,19.85,250,0
MFIG.US,5,20260506,170000,19.88,19.88,19.88,19.88,100,0
MFIG.US,5,20260506,181500,19.83,19.83,19.83,19.83,300,0
MFIG.US,5,20260506,182000,19.83,19.83,19.83,19.83,100,0
MFIG.US,5,20260506,191000,19.83,19.83,19.83,19.83,100,0
MFIG.US,5,20260506,191500,19.8346,19.835,19.8346,19.835,1100,0
MFIG.US,5,20260506,192000,19.8399,19.84,19.8399,19.8399,1800,0
MFIG.US,5,20260506,192500,19.835,19.835,19.835,19.835,500,0
MFIG.US,5,20260506,193000,19.85,19.85,19.845,19.85,1321,0
MFIG.US,5,20260506,193500,19.8499,19.85,19.8466,19.85,1029,0
MFIG.US,5,20260506,194000,19.835,19.84,19.834,19.8399,2365,0
MFIG.US,5,20260506,194500,19.84,19.85,19.84,19.84,10100,0
MFIG.US,5,20260506,195000,19.8499,19.85,19.845,19.845,769,0
MFIG.US,5,20260506,195500,19.84,19.84,19.84,19.84,1600,0
MFIG.US,5,20260506,200000,19.84,19.84,19.835,19.8399,4217,0
MFIG.US,5,20260506,201000,19.86,19.86,19.8599,19.8599,400,0
MFIG.US,5,20260506,201500,19.87,19.87,19.865,19.865,500,0
MFIG.US,5,20260506,202000,19.87,19.87,19.87,19.87,126,0
MFIG.US,5,20260506,202500,19.8799,19.88,19.87,19.88,450,0
MFIG.US,5,20260506,203000,19.885,19.885,19.885,19.885,326,0
MFIG.US,5,20260506,205000,19.88,19.88,19.8799,19.8799,650,0
MFIG.US,5,20260506,210000,19.88,19.89,19.8777,19.8899,530,0
MFIG.US,5,20260506,210500,19.87,19.87,19.87,19.87,1300,0
MFIG.US,5,20260506,211500,19.89,19.89,19.885,19.885,700,0
MFIG.US,5,20260506,212500,19.9,19.9,19.9,19.9,1000,0
MFIG.US,5,20260506,213000,19.89,19.89,19.89,19.89,2513,0
MFIG.US,5,20260506,213500,19.92,19.92,19.92,19.92,1000,0
MFIG.US,5,20260506,214000,19.905,19.905,19.905,19.905,1000,0
MFIG.US,5,20260506,215500,19.92,19.92,19.915,19.915,2784,0
MFIG.US,5,20260507,153000,20.17,20.17,20.17,20.17,1280,0
MFIG.US,5,20260507,153500,20.08,20.08,20.06,20.06,700,0
MFIG.US,5,20260507,154500,20.07,20.07,20.07,20.07,100,0
MFIG.US,5,20260507,155500,20.06,20.06,20.06,20.06,1875,0
MFIG.US,5,20260507,161500,20.07,20.07,20.07,20.07,200,0
MFIG.US,5,20260507,162500,20.08,20.08,20.08,20.08,100,0
MFIG.US,5,20260507,165000,20.15,20.15,20.15,20.15,100,0
MFIG.US,5,20260507,170000,20.14,20.14,20.14,20.14,100,0
MFIG.US,5,20260507,170500,20.12,20.13,20.11,20.13,1300,0
MFIG.US,5,20260507,171000,20.16,20.16,20.14,20.14,1700,0
MFIG.US,5,20260507,171500,20.15,20.15,20.15,20.15,2500,0
MFIG.US,5,20260507,172000,20.13,20.13,20.13,20.13,200,0
MFIG.US,5,20260507,172500,20.1272,20.13,20.11,20.11,893,0
MFIG.US,5,20260507,175500,20.11,20.11,20.11,20.11,100,0
MFIG.US,5,20260507,180000,20.07,20.07,20.07,20.07,500,0
MFIG.US,5,20260507,180500,20.06,20.06,20.05,20.05,200,0
MFIG.US,5,20260507,182000,20,20,20,20,100,0
MFIG.US,5,20260507,183500,20.05,20.05,20.05,20.05,100,0
MFIG.US,5,20260507,184500,20.04,20.04,20.04,20.04,1200,0
MFIG.US,5,20260507,185000,20.02,20.02,20.02,20.02,100,0
MFIG.US,5,20260507,191000,20.01,20.01,20.01,20.01,100,0
MFIG.US,5,20260507,192500,19.965,19.965,19.965,19.965,500,0
MFIG.US,5,20260507,193000,19.97,19.97,19.9699,19.9699,500,0
MFIG.US,5,20260507,193500,19.98,19.98,19.9698,19.9698,200,0
MFIG.US,5,20260507,194000,19.985,19.985,19.98,19.98,1103,0
MFIG.US,5,20260507,194500,19.9699,19.97,19.9699,19.97,500,0
MFIG.US,5,20260507,200500,20,20,20,20,100,0
MFIG.US,5,20260507,202000,20.025,20.025,20.025,20.025,250,0
MFIG.US,5,20260507,202500,20.005,20.005,20.005,20.005,499,0
MFIG.US,5,20260507,203500,20.03,20.03,20.03,20.03,100,0
MFIG.US,5,20260507,210000,20.03,20.03,20.03,20.03,200,0
MFIG.US,5,20260507,211500,20.01,20.01,20.01,20.01,100,0
MFIG.US,5,20260507,213500,20,20,20,20,570,0
MFIG.US,5,20260507,215000,20.02,20.02,20.02,20.02,100,0
MFIG.US,5,20260507,215500,20.02,20.03,20.02,20.03,2277,0
MFIG.US,5,20260508,153000,19.96,19.98,19.92,19.92,497,0
MFIG.US,5,20260508,153500,19.895,19.9,19.87,19.87,1256,0
MFIG.US,5,20260508,154500,19.87,19.87,19.855,19.855,372,0
MFIG.US,5,20260508,155000,19.88,19.88,19.85,19.85,401,0
MFIG.US,5,20260508,155500,19.84,19.84,19.84,19.84,200,0
MFIG.US,5,20260508,160000,19.88,19.88,19.8799,19.8799,350,0
MFIG.US,5,20260508,161500,19.9,19.9,19.9,19.9,100,0
MFIG.US,5,20260508,162000,19.91,19.91,19.91,19.91,100,0
MFIG.US,5,20260508,162500,19.9,19.9,19.89,19.89,451,0
MFIG.US,5,20260508,165000,19.9214,19.935,19.9214,19.93,1845,0
MFIG.US,5,20260508,171500,19.93,19.93,19.9199,19.9199,1322,0
MFIG.US,5,20260508,172500,19.9299,19.94,19.9266,19.9266,9300,0
MFIG.US,5,20260508,173000,19.93,19.93,19.93,19.93,100,0
MFIG.US,5,20260508,174000,19.92,19.92,19.92,19.92,100,0
MFIG.US,5,20260508,180000,19.92,19.92,19.92,19.92,100,0
MFIG.US,5,20260508,181000,19.95,19.95,19.95,19.95,100,0
MFIG.US,5,20260508,182000,19.97,19.98,19.97,19.9799,2200,0
MFIG.US,5,20260508,182500,19.99,19.99,19.9899,19.9899,200,0
MFIG.US,5,20260508,183500,19.98,19.98,19.98,19.98,200,0
MFIG.US,5,20260508,185500,19.96,19.96,19.96,19.96,100,0
MFIG.US,5,20260508,193500,20,20,20,20,100,0
MFIG.US,5,20260508,195000,19.97,19.99,19.97,19.99,222,0
MFIG.US,5,20260508,200500,20.005,20.005,20.005,20.005,1000,0
MFIG.US,5,20260508,202500,20,20,20,20,100,0
MFIG.US,5,20260508,203500,20,20,20,20,850,0
MFIG.US,5,20260508,204500,19.98,19.98,19.98,19.98,100,0
MFIG.US,5,20260508,205500,19.95,19.95,19.95,19.95,100,0
MFIG.US,5,20260508,211000,19.97,19.97,19.97,19.97,505,0
MFIG.US,5,20260508,211500,19.97,19.97,19.97,19.97,250,0
MFIG.US,5,20260508,215500,20,20,20,20,932,0
MFIG.US,5,20260511,153000,19.95,19.95,19.95,19.95,6192,0
MFIG.US,5,20260511,154000,19.98,19.98,19.96,19.96,600,0
MFIG.US,5,20260511,154500,19.97,19.9701,19.97,19.9701,800,0
MFIG.US,5,20260511,155000,19.96,19.98,19.96,19.98,1719,0
MFIG.US,5,20260511,161500,19.97,19.97,19.97,19.97,200,0
MFIG.US,5,20260511,163000,19.95,19.95,19.945,19.945,200,0
MFIG.US,5,20260511,164000,19.97,19.97,19.97,19.97,100,0
MFIG.US,5,20260511,170500,19.9701,19.9701,19.9701,19.9701,750,0
MFIG.US,5,20260511,173500,19.99,19.99,19.99,19.99,200,0
MFIG.US,5,20260511,175000,20.02,20.02,20.02,20.02,350,0
MFIG.US,5,20260511,181000,20,20,19.9999,19.9999,392,0
MFIG.US,5,20260511,184000,19.96,19.96,19.95,19.95,300,0
MFIG.US,5,20260511,192000,19.92,19.925,19.92,19.925,1100,0
MFIG.US,5,20260511,194000,19.92,19.92,19.92,19.92,200,0
MFIG.US,5,20260511,210000,19.89,19.89,19.89,19.89,251,0
MFIG.US,5,20260511,211000,19.89,19.9,19.89,19.9,1904,0
MFIG.US,5,20260511,211500,19.89,19.89,19.89,19.89,400,0
MFIG.US,5,20260511,212500,19.88,19.88,19.88,19.88,175,0
MFIG.US,5,20260511,213500,19.89,19.89,19.885,19.885,400,0
MFIG.US,5,20260511,215000,19.89,19.89,19.89,19.89,150,0
MFIG.US,5,20260512,153000,19.9,19.9,19.85,19.85,1306,0
MFIG.US,5,20260512,154000,19.86,19.86,19.86,19.86,302,0
MFIG.US,5,20260512,154500,19.88,19.88,19.875,19.875,400,0
MFIG.US,5,20260512,161500,19.9,19.9,19.9,19.9,100,0
MFIG.US,5,20260512,162000,19.91,19.91,19.91,19.91,100,0
MFIG.US,5,20260512,183000,19.82,19.82,19.82,19.82,499,0
MFIG.US,5,20260512,184500,19.8,19.8,19.8,19.8,199,0
MFIG.US,5,20260512,210000,19.8499,19.85,19.8499,19.8499,803,0
MFIG.US,5,20260512,214000,19.87,19.87,19.87,19.87,2485,0
MFIG.US,5,20260512,215000,19.89,19.91,19.89,19.91,4692,0
MFIG.US,5,20260513,154000,19.77,19.77,19.7432,19.7432,600,0
MFIG.US,5,20260513,154500,19.725,19.725,19.725,19.725,125,0
MFIG.US,5,20260513,162500,19.81,19.81,19.81,19.81,106,0
MFIG.US,5,20260513,171000,19.81,19.81,19.81,19.81,100,0
MFIG.US,5,20260513,173500,19.85,19.85,19.85,19.85,200,0
MFIG.US,5,20260513,174000,19.85,19.87,19.85,19.87,1400,0
MFIG.US,5,20260513,175500,19.86,19.865,19.85,19.86,2090,0
MFIG.US,5,20260513,181000,19.88,19.9,19.88,19.9,1500,0
MFIG.US,5,20260513,181500,19.9,19.9,19.9,19.9,474,0
MFIG.US,5,20260513,182500,19.92,19.93,19.92,19.93,500,0
MFIG.US,5,20260513,184000,19.95,19.95,19.95,19.95,100,0
MFIG.US,5,20260513,184500,19.95,19.95,19.95,19.95,100,0
MFIG.US,5,20260513,192000,19.94,19.94,19.94,19.94,400,0
MFIG.US,5,20260513,192500,19.95,19.95,19.95,19.95,750,0
MFIG.US,5,20260513,200000,19.97,19.97,19.97,19.97,1142,0
MFIG.US,5,20260513,200500,19.96,19.9668,19.96,19.96,1700,0
MFIG.US,5,20260513,201500,19.98,20.005,19.98,20.005,400,0
MFIG.US,5,20260513,205000,20.0199,20.0199,20.0199,20.0199,100,0
MFIG.US,5,20260513,212500,20.02,20.02,20.0098,20.0098,248,0
MFIG.US,5,20260513,213000,20.01,20.01,20.01,20.01,1000,0
MFIG.US,5,20260514,153000,19.88,19.995,19.88,19.995,3103,0
MFIG.US,5,20260514,153500,19.98,19.98,19.98,19.98,500,0
MFIG.US,5,20260514,161000,20.01,20.01,20.01,20.01,400,0
MFIG.US,5,20260514,180500,20.15,20.15,20.15,20.15,857,0
MFIG.US,5,20260514,181000,20.1593,20.16,20.14,20.14,725,0
MFIG.US,5,20260514,184500,20.11,20.11,20.11,20.11,100,0
MFIG.US,5,20260514,185000,20.105,20.105,20.105,20.105,500,0
MFIG.US,5,20260514,185500,20.1,20.1,20.08,20.08,200,0
MFIG.US,5,20260514,190000,20.1,20.1,20.1,20.1,200,0
MFIG.US,5,20260514,190500,20.09,20.09,20.09,20.09,200,0
MFIG.US,5,20260514,203500,20.09,20.0968,20.09,20.0968,200,0
MFIG.US,5,20260514,210500,20.12,20.12,20.12,20.12,100,0
MFIG.US,5,20260514,211000,20.11,20.11,20.11,20.11,528,0
MFIG.US,5,20260514,215000,20.12,20.12,20.12,20.12,100,0
MFIG.US,5,20260515,153000,19.77,19.77,19.77,19.77,181,0
MFIG.US,5,20260515,154500,19.9,19.92,19.9,19.92,200,0
MFIG.US,5,20260515,163000,20,20,20,20,145,0
MFIG.US,5,20260515,164500,20.03,20.03,20.03,20.03,100,0
MFIG.US,5,20260515,194500,20.07,20.07,20.065,20.065,200,0
MFIG.US,5,20260515,195500,20.08,20.08,20.08,20.08,100,0
MFIG.US,5,20260515,201500,20.08,20.08,20.08,20.08,100,0
MFIG.US,5,20260515,204500,20.01,20.01,20.01,20.01,420,0
MFIG.US,5,20260515,205500,20.04,20.04,20.04,20.04,100,0
MFIG.US,5,20260515,213000,20.02,20.02,20.01,20.01,200,0
MFIG.US,5,20260515,214500,20.0001,20.0099,20.0001,20.0099,400,0
MFIG.US,5,20260515,215500,20.01,20.01,20.01,20.01,461,0
MFIG.US,5,20260518,155500,20.13,20.13,20.13,20.13,100,0
MFIG.US,5,20260518,160000,20.08,20.0902,20.08,20.0902,248,0
MFIG.US,5,20260518,161000,20.15,20.15,20.15,20.15,100,0
MFIG.US,5,20260518,172500,20,20,20,20,299,0
MFIG.US,5,20260518,200000,20.08,20.08,20.08,20.08,100,0
MFIG.US,5,20260518,200500,20.05,20.05,20.05,20.05,1907,0
MFIG.US,5,20260518,201500,20.02,20.02,20.02,20.02,450,0
MFIG.US,5,20260518,215500,20.1,20.11,20.1,20.11,2080,0
MFIG.US,5,20260519,153000,20.09,20.09,20.09,20.09,100,0
MFIG.US,5,20260519,164500,19.99,19.9901,19.99,19.9901,352,0
MFIG.US,5,20260519,171000,20.03,20.03,20.03,20.03,100,0
MFIG.US,5,20260519,193500,20.03,20.03,20.03,20.03,100,0
MFIG.US,5,20260519,200000,20.01,20.01,20.01,20.01,100,0
MFIG.US,5,20260519,204000,20.0134,20.0134,20.0134,20.0134,199,0
MFIG.US,5,20260519,212000,19.97,19.9799,19.97,19.9799,1000,0
MFIG.US,5,20260520,160000,19.99,19.99,19.99,19.99,100,0
MFIG.US,5,20260520,162500,20.062,20.062,20.062,20.062,200,0
MFIG.US,5,20260520,163000,20.1,20.1,20.0999,20.0999,400,0
MFIG.US,5,20260520,164500,20.065,20.1,20.065,20.0999,700,0
MFIG.US,5,20260520,172500,20.165,20.165,20.165,20.165,150,0
MFIG.US,5,20260520,173000,20.145,20.145,20.145,20.145,150,0
MFIG.US,5,20260520,184000,20.12,20.12,20.12,20.12,100,0
MFIG.US,5,20260520,193000,20.18,20.18,20.165,20.165,400,0
MFIG.US,5,20260520,193500,20.19,20.19,20.1832,20.1832,200,0
MFIG.US,5,20260520,201000,20.19,20.19,20.19,20.19,100,0
MFIG.US,5,20260520,211500,20.19,20.19,20.19,20.19,125,0
MFIG.US,5,20260521,153000,20.25,20.25,20.25,20.25,1342,0
MFIG.US,5,20260521,153500,20.135,20.15,20.135,20.15,882,0
MFIG.US,5,20260521,160000,20.21,20.21,20.21,20.21,100,0
MFIG.US,5,20260521,161500,20.19,20.19,20.19,20.19,100,0
MFIG.US,5,20260521,162000,20.181,20.181,20.181,20.181,300,0
MFIG.US,5,20260521,165500,20.225,20.225,20.225,20.225,500,0
MFIG.US,5,20260521,170000,20.225,20.225,20.225,20.225,300,0
MFIG.US,5,20260521,171500,20.235,20.235,20.235,20.235,100,0
MFIG.US,5,20260521,172000,20.235,20.235,20.235,20.235,100,0
MFIG.US,5,20260521,175500,20.25,20.25,20.25,20.25,2259,0
MFIG.US,5,20260521,184000,20.22,20.22,20.21,20.21,200,0
MFIG.US,5,20260521,184500,20.22,20.22,20.22,20.22,100,0
MFIG.US,5,20260521,185500,20.24,20.24,20.24,20.24,800,0
MFIG.US,5,20260521,190000,20.22,20.2201,20.22,20.2201,200,0
MFIG.US,5,20260521,194000,20.38,20.38,20.3732,20.3732,1386,0
MFIG.US,5,20260521,201000,20.38,20.38,20.38,20.38,245,0
MFIG.US,5,20260521,201500,20.38,20.38,20.38,20.38,1306,0
MFIG.US,5,20260521,204000,20.37,20.385,20.37,20.385,1262,0
MFIG.US,5,20260521,204500,20.38,20.38,20.38,20.38,200,0
MFIG.US,5,20260521,212000,20.35,20.35,20.3499,20.3499,600,0
MFIG.US,5,20260521,215500,20.36,20.36,20.36,20.36,792,0
MFIG.US,5,20260522,153000,20.4992,20.4992,20.4992,20.4992,100,0
MFIG.US,5,20260522,154000,20.5518,20.5518,20.5518,20.5518,100,0
MFIG.US,5,20260522,154500,20.565,20.565,20.565,20.565,300,0
MFIG.US,5,20260522,155000,20.52,20.52,20.52,20.52,100,0
MFIG.US,5,20260522,164000,20.45,20.45,20.45,20.45,7444,0
MFIG.US,5,20260522,164500,20.45,20.45,20.43,20.44,3650,0
MFIG.US,5,20260522,165500,20.44,20.44,20.44,20.44,100,0
MFIG.US,5,20260522,170000,20.4425,20.4425,20.4425,20.4425,100,0
MFIG.US,5,20260522,171000,20.46,20.46,20.46,20.46,200,0
MFIG.US,5,20260522,194500,20.47,20.47,20.47,20.47,2892,0
MFIG.US,5,20260522,195000,20.46,20.46,20.46,20.46,100,0
MFIG.US,5,20260522,200000,20.44,20.44,20.44,20.44,100,0
MFIG.US,5,20260522,210000,20.42,20.42,20.42,20.42,200,0
MFIG.US,5,20260522,213500,20.405,20.405,20.405,20.405,2000,0
MFIG.US,5,20260522,214500,20.4,20.4,20.4,20.4,100,0
MFIG.US,5,20260522,215500,20.43,20.43,20.43,20.43,1203,0
MFIG.US,5,20260526,153000,20.6,20.6,20.6,20.6,824,0
MFIG.US,5,20260526,154000,20.45,20.45,20.45,20.45,100,0
MFIG.US,5,20260526,155500,20.48,20.5,20.475,20.5,1900,0
MFIG.US,5,20260526,162000,20.57,20.57,20.57,20.57,875,0
MFIG.US,5,20260526,163500,20.55,20.55,20.55,20.55,100,0
MFIG.US,5,20260526,164500,20.565,20.57,20.565,20.57,701,0
MFIG.US,5,20260526,165000,20.565,20.565,20.56,20.56,5161,0
MFIG.US,5,20260526,180000,20.48,20.48,20.48,20.48,167,0
MFIG.US,5,20260526,181000,20.49,20.49,20.49,20.49,100,0
MFIG.US,5,20260526,183000,20.52,20.525,20.52,20.525,638,0
MFIG.US,5,20260526,185000,20.51,20.51,20.51,20.51,100,0
MFIG.US,5,20260526,190000,20.5,20.5,20.5,20.5,313,0
MFIG.US,5,20260526,191000,20.52,20.52,20.52,20.52,100,0
MFIG.US,5,20260526,192500,20.48,20.5,20.48,20.5,500,0
MFIG.US,5,20260526,194000,20.49,20.49,20.49,20.49,100,0
MFIG.US,5,20260526,195000,20.48,20.48,20.48,20.48,100,0
MFIG.US,5,20260526,201500,20.48,20.48,20.48,20.48,223,0
MFIG.US,5,20260526,202500,20.5,20.5,20.5,20.5,100,0
MFIG.US,5,20260526,204000,20.5,20.5,20.5,20.5,100,0
MFIG.US,5,20260526,215000,20.5,20.5,20.5,20.5,1415,0
MFIG.US,5,20260526,215500,20.49,20.49,20.49,20.49,100,0
MFIG.US,5,20260527,153000,20.51,20.51,20.51,20.51,225,0
MFIG.US,5,20260527,153500,20.5202,20.55,20.5201,20.5201,1302,0
MFIG.US,5,20260527,162000,20.66,20.66,20.66,20.66,200,0
MFIG.US,5,20260527,164000,20.655,20.655,20.6482,20.6482,314,0
MFIG.US,5,20260527,165500,20.605,20.605,20.605,20.605,100,0
MFIG.US,5,20260527,170500,20.61,20.61,20.61,20.61,100,0
MFIG.US,5,20260527,180500,20.575,20.575,20.575,20.575,200,0
MFIG.US,5,20260527,185500,20.61,20.61,20.61,20.61,200,0
MFIG.US,5,20260527,205000,20.63,20.63,20.63,20.63,256,0
MFIG.US,5,20260527,205500,20.63,20.63,20.63,20.63,194,0
MFIG.US,5,20260527,210000,20.63,20.63,20.63,20.63,100,0
MFIG.US,5,20260527,210500,20.63,20.63,20.63,20.63,100,0
MFIG.US,5,20260527,211000,20.63,20.63,20.63,20.63,300,0
MFIG.US,5,20260527,211500,20.63,20.63,20.63,20.63,100,0
MFIG.US,5,20260527,212000,20.63,20.63,20.625,20.625,700,0
MFIG.US,5,20260527,212500,20.62,20.62,20.62,20.62,400,0
MFIG.US,5,20260527,214500,20.63,20.63,20.63,20.63,400,0
MFIG.US,5,20260527,215000,20.62,20.63,20.62,20.62,800,0
MFIG.US,5,20260527,215500,20.62,20.62,20.615,20.62,2300,0
MFIG.US,5,20260528,161000,20.83,20.83,20.83,20.83,100,0
MFIG.US,5,20260528,182000,20.885,20.885,20.885,20.885,100,0
MFIG.US,5,20260528,183500,20.88,20.88,20.88,20.88,200,0
MFIG.US,5,20260528,190000,21,21,21,21,100,0
MFIG.US,5,20260528,194000,20.9,20.9,20.9,20.9,125,0
MFIG.US,5,20260528,194500,20.89,20.89,20.88,20.88,478,0
MFIG.US,5,20260528,202000,20.925,20.925,20.925,20.925,200,0
MFIG.US,5,20260528,202500,20.94,20.94,20.925,20.925,2100,0
MFIG.US,5,20260528,213000,20.95,20.95,20.94,20.94,1020,0
MFIG.US,5,20260529,153000,21.2,21.2,20.98,20.98,1353,0
MFIG.US,5,20260529,155500,21.05,21.05,21.035,21.035,2000,0
MFIG.US,5,20260529,161500,21.04,21.04,21.04,21.04,200,0
MFIG.US,5,20260529,172000,21.11,21.11,21.1099,21.1099,800,0
MFIG.US,5,20260529,172500,21.13,21.13,21.13,21.13,319,0
MFIG.US,5,20260529,175500,21.13,21.13,21.13,21.13,603,0
MFIG.US,5,20260529,180500,21.125,21.125,21.125,21.125,986,0
MFIG.US,5,20260529,182500,21.12,21.12,21.12,21.12,200,0
MFIG.US,5,20260529,183000,21.1,21.1,21.1,21.1,100,0
MFIG.US,5,20260529,184000,21.13,21.13,21.1299,21.1299,200,0
MFIG.US,5,20260529,195500,21.1,21.1,21.1,21.1,200,0
MFIG.US,5,20260529,200000,21.08,21.08,21.08,21.08,236,0
MFIG.US,5,20260529,204500,21.09,21.09,21.0899,21.0899,1200,0
MFIG.US,5,20260529,211000,21.12,21.12,21.12,21.12,100,0
MFIG.US,5,20260601,153000,21.15,21.15,21.15,21.15,257,0
MFIG.US,5,20260601,160000,21.15,21.15,21.135,21.15,1100,0
MFIG.US,5,20260601,161000,21.14,21.14,21.14,21.14,200,0
MFIG.US,5,20260601,163000,21.16,21.16,21.16,21.16,100,0
MFIG.US,5,20260601,164000,21.17,21.17,21.1699,21.1699,200,0
MFIG.US,5,20260601,170000,21.19,21.19,21.19,21.19,200,0
MFIG.US,5,20260601,172500,21.235,21.235,21.235,21.235,4247,0
MFIG.US,5,20260601,173000,21.26,21.26,21.26,21.26,300,0
MFIG.US,5,20260601,175500,21.305,21.305,21.305,21.305,300,0
MFIG.US,5,20260601,180500,21.31,21.31,21.31,21.31,200,0
MFIG.US,5,20260601,184000,21.3,21.3,21.3,21.3,250,0
MFIG.US,5,20260601,193500,21.33,21.33,21.33,21.33,100,0
MFIG.US,5,20260601,215000,21.36,21.36,21.36,21.36,200,0
MFIG.US,5,20260602,155500,21.045,21.045,21.045,21.045,119,0
MFIG.US,5,20260602,161500,21.17,21.17,21.17,21.17,100,0
MFIG.US,5,20260602,162000,21.15,21.15,21.15,21.15,400,0
MFIG.US,5,20260602,163500,21.13,21.13,21.13,21.13,100,0
MFIG.US,5,20260602,164000,21.125,21.125,21.125,21.125,225,0
MFIG.US,5,20260602,164500,21.13,21.13,21.13,21.13,100,0
MFIG.US,5,20260602,165500,21.15,21.15,21.15,21.15,1182,0
MFIG.US,5,20260602,170000,21.16,21.16,21.15,21.15,400,0
MFIG.US,5,20260602,171500,21.18,21.18,21.18,21.18,240,0
MFIG.US,5,20260602,172000,21.19,21.19,21.19,21.19,272,0
MFIG.US,5,20260602,172500,21.18,21.18,21.18,21.18,100,0
MFIG.US,5,20260602,173500,21.16,21.16,21.16,21.16,100,0
MFIG.US,5,20260602,174000,21.16,21.16,21.16,21.16,100,0
MFIG.US,5,20260602,175000,21.17,21.17,21.17,21.17,100,0
MFIG.US,5,20260602,180000,21.16,21.16,21.16,21.16,400,0
MFIG.US,5,20260602,182000,21.165,21.165,21.1599,21.1599,1000,0
MFIG.US,5,20260602,183000,21.15,21.15,21.15,21.15,300,0
MFIG.US,5,20260602,185500,21.15,21.15,21.15,21.15,100,0
MFIG.US,5,20260602,190500,21.16,21.16,21.14,21.1401,795,0
MFIG.US,5,20260602,191500,21.15,21.15,21.15,21.15,100,0
MFIG.US,5,20260602,192500,21.15,21.15,21.14,21.1401,500,0
MFIG.US,5,20260602,193500,21.14,21.14,21.14,21.14,300,0
MFIG.US,5,20260602,195500,21.13,21.13,21.13,21.13,300,0
MFIG.US,5,20260602,201500,21.125,21.125,21.125,21.125,100,0
MFIG.US,5,20260602,202000,21.12,21.12,21.12,21.12,200,0
MFIG.US,5,20260602,204500,21.12,21.12,21.12,21.12,100,0
MFIG.US,5,20260602,205500,21.115,21.115,21.115,21.115,100,0
MFIG.US,5,20260602,210000,21.12,21.12,21.12,21.12,200,0
MFIG.US,5,20260602,210500,21.12,21.12,21.11,21.11,1800,0
MFIG.US,5,20260602,211000,21.13,21.13,21.13,21.13,100,0
MFIG.US,5,20260602,211500,21.14,21.14,21.14,21.14,100,0
MFIG.US,5,20260602,212000,21.14,21.14,21.14,21.14,100,0
MFIG.US,5,20260602,212500,21.14,21.14,21.14,21.14,100,0
MFIG.US,5,20260602,213500,21.15,21.15,21.15,21.15,100,0
MFIG.US,5,20260602,214000,21.145,21.145,21.14,21.14,500,0
MFIG.US,5,20260602,215000,21.14,21.14,21.14,21.14,117,0
MFIG.US,5,20260602,215500,21.15,21.15,21.15,21.15,300,0
MFIG.US,5,20260603,153000,20.995,20.995,20.995,20.995,120,0
MFIG.US,5,20260603,155000,20.81,20.81,20.81,20.81,100,0
MFIG.US,5,20260603,161500,20.86,20.86,20.86,20.86,245,0
MFIG.US,5,20260603,162500,20.8601,20.8601,20.8601,20.8601,240,0
MFIG.US,5,20260603,163000,20.88,20.88,20.88,20.88,200,0
MFIG.US,5,20260603,165000,20.87,20.87,20.87,20.87,100,0
MFIG.US,5,20260603,170500,20.86,20.86,20.86,20.86,200,0
MFIG.US,5,20260603,171000,20.85,20.853,20.84,20.853,10571,0
MFIG.US,5,20260603,172500,20.84,20.84,20.84,20.84,187,0
MFIG.US,5,20260603,180000,20.81,20.81,20.81,20.81,100,0
MFIG.US,5,20260603,205500,20.8999,20.9,20.8999,20.9,200,0
MFIG.US,5,20260604,154000,20.76,20.7601,20.76,20.76,903,0
MFIG.US,5,20260604,160500,20.89,20.89,20.89,20.89,100,0
MFIG.US,5,20260604,161500,20.88,20.88,20.88,20.88,200,0
MFIG.US,5,20260604,173500,20.98,20.98,20.98,20.98,200,0
MFIG.US,5,20260604,180500,20.95,20.95,20.95,20.95,100,0
MFIG.US,5,20260604,181500,20.93,20.93,20.93,20.93,100,0
MFIG.US,5,20260604,182500,20.93,20.93,20.93,20.93,100,0
MFIG.US,5,20260604,184500,20.93,20.93,20.93,20.93,368,0
MFIG.US,5,20260604,185500,20.91,20.91,20.91,20.91,100,0
MFIG.US,5,20260604,191500,20.91,20.91,20.91,20.91,440,0
MFIG.US,5,20260604,194500,20.92,20.92,20.92,20.92,100,0
MFIG.US,5,20260604,200000,20.95,20.95,20.95,20.95,100,0
MFIG.US,5,20260604,214000,20.925,20.925,20.92,20.92,200,0
MFIG.US,5,20260604,215500,20.92,20.92,20.9,20.9,200,0
MFIG.US,5,20260605,154500,20.78,20.78,20.78,20.78,100,0
MFIG.US,5,20260605,155500,20.705,20.705,20.705,20.705,100,0
MFIG.US,5,20260605,162500,20.71,20.71,20.71,20.71,200,0
MFIG.US,5,20260605,171000,20.66,20.66,20.66,20.66,200,0
MFIG.US,5,20260605,180500,20.55,20.55,20.55,20.55,200,0
MFIG.US,5,20260605,181000,20.54,20.54,20.54,20.54,485,0
MFIG.US,5,20260605,182000,20.53,20.5301,20.53,20.5301,200,0
MFIG.US,5,20260605,191000,20.51,20.51,20.51,20.51,200,0
MFIG.US,5,20260605,202500,20.41,20.41,20.41,20.41,300,0
MFIG.US,5,20260605,205000,20.37,20.37,20.37,20.37,100,0
MFIG.US,5,20260605,205500,20.39,20.39,20.39,20.39,100,0
MFIG.US,5,20260605,210500,20.36,20.36,20.36,20.36,200,0
MFIG.US,5,20260605,214000,20.31,20.31,20.31,20.31,100,0
MFIG.US,5,20260608,153000,20.37,20.37,20.37,20.37,101,0
MFIG.US,5,20260608,154000,20.44,20.44,20.44,20.44,100,0
MFIG.US,5,20260608,161500,20.48,20.48,20.48,20.48,100,0
MFIG.US,5,20260608,170500,20.54,20.54,20.54,20.54,200,0
MFIG.US,5,20260608,171500,20.54,20.54,20.54,20.54,4868,0
MFIG.US,5,20260608,172000,20.53,20.53,20.53,20.53,1350,0
MFIG.US,5,20260608,181500,20.47,20.47,20.47,20.47,100,0
MFIG.US,5,20260608,200000,20.42,20.42,20.3901,20.3901,750,0
MFIG.US,5,20260608,202500,20.41,20.41,20.41,20.41,4777,0
MFIG.US,5,20260608,204000,20.41,20.41,20.41,20.41,100,0
MFIG.US,5,20260608,210500,20.38,20.41,20.38,20.3949,420,0
MFIG.US,5,20260609,154000,20.5,20.5,20.5,20.5,100,0
MFIG.US,5,20260609,172000,20.215,20.215,20.215,20.215,2666,0
MFIG.US,5,20260609,173000,20.1,20.1,20.09,20.09,572,0
MFIG.US,5,20260609,181000,20,20,20,20,649,0
MFIG.US,5,20260609,181500,19.95,19.95,19.95,19.95,5000,0
MFIG.US,5,20260609,183500,19.96,19.96,19.96,19.96,100,0
MFIG.US,5,20260609,190500,19.995,19.995,19.995,19.995,950,0
MFIG.US,5,20260609,193000,20.08,20.08,20.08,20.08,125,0
MFIG.US,5,20260609,210500,20.28,20.28,20.28,20.28,200,0
MFIG.US,5,20260609,214000,20.185,20.185,20.185,20.185,495,0
MFIG.US,5,20260610,154000,20.26,20.26,20.26,20.26,100,0
MFIG.US,5,20260611,155000,20.03,20.03,20.03,20.03,100,0
MFIG.US,5,20260611,163500,20.035,20.035,20.035,20.035,500,0
MFIG.US,5,20260611,172000,20.025,20.025,20.025,20.025,150,0
MFIG.US,5,20260611,182000,20.06,20.06,20.06,20.06,100,0
MFIG.US,5,20260611,192500,20.03,20.03,20.03,20.03,100,0
MFIG.US,5,20260611,205000,20.2416,20.2416,20.2416,20.2416,100,0
MFIG.US,5,20260611,215500,20.29,20.29,20.29,20.29,212,0
MFIG.US,5,20260612,164500,20.07,20.07,20.07,20.07,242,0
MFIG.US,5,20260612,173500,20.22,20.23,20.2,20.2,959,0
MFIG.US,5,20260612,175500,20.15,20.15,20.13,20.13,4460,0
MFIG.US,5,20260612,181000,20.17,20.17,20.17,20.17,228,0
MFIG.US,5,20260612,182500,20.19,20.19,20.19,20.19,100,0
MFIG.US,5,20260612,184500,20.2,20.2,20.2,20.2,238,0
MFIG.US,5,20260612,195500,20.18,20.18,20.18,20.18,119,0
MFIG.US,5,20260612,210000,20.17,20.17,20.16,20.16,200,0
MFIG.US,5,20260612,215000,20.1572,20.1572,20.1572,20.1572,200,0
MFIG.US,5,20260615,155500,20.54,20.54,20.54,20.54,750,0
MFIG.US,5,20260615,160500,20.57,20.57,20.55,20.55,500,0
MFIG.US,5,20260615,182000,20.7,20.7,20.7,20.7,100,0
MFIG.US,5,20260615,182500,20.7,20.7,20.7,20.7,100,0
MFIG.US,5,20260615,184000,20.65,20.6501,20.65,20.6501,9694,0
MFIG.US,5,20260615,201000,20.62,20.62,20.62,20.62,100,0
MFIG.US,5,20260615,211500,20.6299,20.6299,20.6299,20.6299,290,0
MFIG.US,5,20260616,154000,20.605,20.605,20.605,20.605,200,0
MFIG.US,5,20260616,155000,20.63,20.6301,20.63,20.6301,5030,0
MFIG.US,5,20260616,162500,20.52,20.52,20.52,20.52,100,0
MFIG.US,5,20260616,164500,20.53,20.53,20.53,20.53,100,0
MFIG.US,5,20260616,182500,20.55,20.55,20.55,20.55,100,0
MFIG.US,5,20260616,183000,20.54,20.54,20.54,20.54,100,0
MFIG.US,5,20260616,190000,20.55,20.55,20.55,20.55,100,0
MFIG.US,5,20260616,193500,20.52,20.52,20.52,20.52,100,0
MFIG.US,5,20260616,201500,20.55,20.55,20.5499,20.5499,1129,0
MFIG.US,5,20260617,154000,20.515,20.515,20.515,20.515,100,0
MFIG.US,5,20260617,160500,20.56,20.56,20.5599,20.5599,486,0
MFIG.US,5,20260617,162500,20.555,20.555,20.555,20.555,250,0
MFIG.US,5,20260617,171000,20.465,20.48,20.465,20.48,4100,0
MFIG.US,5,20260617,171500,20.52,20.52,20.519,20.5199,29411,0
MFIG.US,5,20260617,172000,20.52,20.53,20.505,20.505,32700,0
MFIG.US,5,20260617,183000,20.54,20.54,20.54,20.54,200,0
MFIG.US,5,20260617,185000,20.49,20.49,20.49,20.49,400,0
MFIG.US,5,20260617,190500,20.48,20.48,20.48,20.48,200,0
MFIG.US,5,20260617,191500,20.47,20.47,20.47,20.47,806,0
MFIG.US,5,20260617,192500,20.48,20.48,20.48,20.48,100,0
MFIG.US,5,20260617,200000,20.41,20.41,20.41,20.41,100,0
MFIG.US,5,20260618,153000,20.285,20.285,20.285,20.285,100,0
MFIG.US,5,20260618,154000,20.186,20.186,20.186,20.186,419,0
MFIG.US,5,20260618,160000,20.21,20.21,20.21,20.21,100,0
MFIG.US,5,20260618,161500,20.29,20.29,20.29,20.29,128,0
MFIG.US,5,20260618,162500,20.29,20.29,20.29,20.29,100,0
MFIG.US,5,20260618,163500,20.2934,20.2934,20.2934,20.2934,100,0
MFIG.US,5,20260618,164000,20.285,20.285,20.285,20.285,700,0
MFIG.US,5,20260618,165000,20.31,20.31,20.3035,20.3035,226,0
MFIG.US,5,20260618,173000,20.28,20.28,20.28,20.28,100,0
MFIG.US,5,20260618,184000,20.34,20.34,20.34,20.34,152,0
MFIG.US,5,20260618,185500,20.3399,20.3399,20.3399,20.3399,200,0
MFIG.US,5,20260618,201500,20.35,20.35,20.35,20.35,100,0
MFIG.US,5,20260622,160000,20.37,20.37,20.37,20.37,136,0
MFIG.US,5,20260622,161000,20.32,20.32,20.32,20.32,100,0
MFIG.US,5,20260622,170000,20.1,20.1,20.1,20.1,100,0
MFIG.US,5,20260622,171000,20.08,20.08,20.065,20.065,523,0
MFIG.US,5,20260622,180000,20.07,20.07,20.07,20.07,100,0
MFIG.US,5,20260622,180500,20.07,20.07,20.07,20.07,100,0
MFIG.US,5,20260622,182000,20.04,20.04,20.04,20.04,100,0
MFIG.US,5,20260622,191500,20.05,20.0501,20.05,20.0501,1961,0
MFIG.US,5,20260622,202000,20.1,20.1,20.1,20.1,100,0
