<TICKER>,<PER>,<DATE>,<TIME>,<OPEN>,<HIGH>,<LOW>,<CLOSE>,<VOL>,<OPENINT>
OXLCL.US,5,20260126,153000,24.35,24.39,24.35,24.39,236,0
OXLCL.US,5,20260126,160000,24.4,24.41,24.39,24.39,2207,0
OXLCL.US,5,20260126,172000,24.3,24.3,24.3,24.3,320,0
OXLCL.US,5,20260126,191500,24.3899,24.3899,24.3899,24.3899,172,0
OXLCL.US,5,20260126,195500,24.3215,24.3215,24.3215,24.3215,101,0
OXLCL.US,5,20260127,153000,24.3199,24.3199,24.3199,24.3199,2000,0
OXLCL.US,5,20260127,161500,24.25,24.25,24.25,24.25,200,0
OXLCL.US,5,20260127,164500,24.13,24.13,24.1,24.1,3700,0
OXLCL.US,5,20260127,173500,24.16,24.16,24.16,24.16,100,0
OXLCL.US,5,20260127,182500,24.17,24.17,24.16,24.16,400,0
OXLCL.US,5,20260127,183000,24.1,24.1,24.1,24.1,100,0
OXLCL.US,5,20260127,201000,24.15,24.15,24.15,24.15,100,0
OXLCL.US,5,20260127,204500,24.145,24.145,24.145,24.145,100,0
OXLCL.US,5,20260127,211000,24.15,24.15,24.15,24.15,100,0
OXLCL.US,5,20260127,212500,24.17,24.17,24.14,24.14,1300,0
OXLCL.US,5,20260127,213000,24.1,24.11,24.1,24.1,415,0
OXLCL.US,5,20260128,154000,24.2,24.2,24.2,24.2,540,0
OXLCL.US,5,20260128,165000,24.35,24.35,24.35,24.35,100,0
OXLCL.US,5,20260128,170000,24.25,24.25,24.25,24.25,110,0
OXLCL.US,5,20260128,171500,24.26,24.26,24.26,24.26,100,0
OXLCL.US,5,20260128,193000,24.26,24.26,24.26,24.26,100,0
OXLCL.US,5,20260128,200000,24.274,24.274,24.274,24.274,470,0
OXLCL.US,5,20260128,200500,24.26,24.26,24.26,24.26,100,0
OXLCL.US,5,20260128,205000,24.28,24.3,24.28,24.2999,618,0
OXLCL.US,5,20260129,153500,24.66,24.66,24.66,24.66,363,0
OXLCL.US,5,20260129,165500,24.3095,24.3095,24.3095,24.3095,100,0
OXLCL.US,5,20260129,182500,24.305,24.305,24.305,24.305,300,0
OXLCL.US,5,20260129,185500,24.35,24.35,24.35,24.35,850,0
OXLCL.US,5,20260129,205000,24.2712,24.2712,24.2712,24.2712,100,0
OXLCL.US,5,20260130,153000,24.4,24.4,24.4,24.4,1374,0
OXLCL.US,5,20260130,153500,24.4,24.4,24.4,24.4,600,0
OXLCL.US,5,20260130,155000,24.3999,24.3999,24.33,24.33,1778,0
OXLCL.US,5,20260130,161500,24.33,24.33,24.33,24.33,200,0
OXLCL.US,5,20260130,164500,24.33,24.33,24.33,24.33,200,0
OXLCL.US,5,20260130,165000,24.33,24.33,24.33,24.33,100,0
OXLCL.US,5,20260130,165500,24.32,24.32,24.32,24.32,100,0
OXLCL.US,5,20260130,171000,24.2825,24.2825,24.2825,24.2825,150,0
OXLCL.US,5,20260130,175000,24.285,24.285,24.285,24.285,100,0
OXLCL.US,5,20260130,180000,24.27,24.31,24.262,24.31,601,0
OXLCL.US,5,20260130,181000,24.315,24.315,24.315,24.315,850,0
OXLCL.US,5,20260130,191000,24.315,24.315,24.315,24.315,1500,0
OXLCL.US,5,20260130,193000,24.32,24.32,24.32,24.32,100,0
OXLCL.US,5,20260130,202000,24.28,24.28,24.28,24.28,424,0
OXLCL.US,5,20260130,204000,24.2937,24.2937,24.2937,24.2937,399,0
OXLCL.US,5,20260130,214000,24.33,24.4,24.26,24.3299,1600,0
OXLCL.US,5,20260202,153500,24.302,24.302,24.302,24.302,987,0
OXLCL.US,5,20260202,164000,24.29,24.29,24.29,24.29,800,0
OXLCL.US,5,20260202,165000,24.28,24.28,24.26,24.26,300,0
OXLCL.US,5,20260202,171500,24.24,24.24,24.236,24.236,300,0
OXLCL.US,5,20260202,175500,24.2,24.2,24.2,24.2,400,0
OXLCL.US,5,20260202,203000,24.1899,24.1899,24.1899,24.1899,200,0
OXLCL.US,5,20260203,153000,24.0874,24.0874,24.0874,24.0874,350,0
OXLCL.US,5,20260203,171000,24.03,24.03,24.02,24.02,900,0
OXLCL.US,5,20260203,172000,24.06,24.06,24.06,24.06,500,0
OXLCL.US,5,20260203,174000,24.0101,24.0101,24.0101,24.0101,200,0
OXLCL.US,5,20260203,180000,24.01,24.01,24.01,24.01,200,0
OXLCL.US,5,20260203,183500,24.01,24.01,24.01,24.01,100,0
OXLCL.US,5,20260203,184000,24.05,24.05,24.05,24.05,300,0
OXLCL.US,5,20260203,191000,24.145,24.145,24.145,24.145,100,0
OXLCL.US,5,20260203,202500,24.0821,24.0821,24.0821,24.0821,447,0
OXLCL.US,5,20260203,212500,24.07,24.08,24.07,24.07,802,0
OXLCL.US,5,20260203,215000,24.07,24.07,24.07,24.07,200,0
OXLCL.US,5,20260204,153000,24.13,24.13,24.13,24.13,100,0
OXLCL.US,5,20260204,155000,24.08,24.08,24.08,24.08,169,0
OXLCL.US,5,20260204,162000,24.06,24.06,24.06,24.06,708,0
OXLCL.US,5,20260204,172500,24,24,24,24,200,0
OXLCL.US,5,20260204,184500,24.075,24.075,24.075,24.075,1000,0
OXLCL.US,5,20260205,153500,24.02,24.02,24.02,24.02,100,0
OXLCL.US,5,20260205,154000,24.0699,24.07,24.06,24.0699,2909,0
OXLCL.US,5,20260205,173000,24.0699,24.0699,24.0699,24.0699,1300,0
OXLCL.US,5,20260206,154000,24.0373,24.0373,24.0373,24.0373,125,0
OXLCL.US,5,20260206,162500,24.03,24.03,24.03,24.03,300,0
OXLCL.US,5,20260206,163000,24.03,24.04,24.03,24.04,341,0
OXLCL.US,5,20260206,164000,24.05,24.05,24.04,24.04,400,0
OXLCL.US,5,20260206,165000,24.05,24.05,24.05,24.05,697,0
OXLCL.US,5,20260206,165500,24.055,24.055,24.05,24.05,820,0
OXLCL.US,5,20260206,173500,24.06,24.06,24.06,24.06,700,0
OXLCL.US,5,20260206,174000,24.07,24.09,24.05,24.09,805,0
OXLCL.US,5,20260206,183500,24.1899,24.1899,24.1899,24.1899,300,0
OXLCL.US,5,20260206,190500,24.18,24.18,24.135,24.135,498,0
OXLCL.US,5,20260206,205500,24.1405,24.1405,24.1405,24.1405,100,0
OXLCL.US,5,20260206,210000,24.1405,24.1405,24.1405,24.1405,100,0
OXLCL.US,5,20260206,210500,24.1405,24.1405,24.135,24.135,200,0
OXLCL.US,5,20260206,211000,24.1405,24.1405,24.1405,24.1405,200,0
OXLCL.US,5,20260209,154500,24.13,24.1409,24.13,24.13,994,0
OXLCL.US,5,20260209,172500,24.03,24.03,24.03,24.03,150,0
OXLCL.US,5,20260209,185000,24.09,24.09,24.09,24.09,300,0
OXLCL.US,5,20260209,185500,24.0557,24.0557,24.0557,24.0557,100,0
OXLCL.US,5,20260209,215000,24.13,24.13,24.13,24.13,247,0
OXLCL.US,5,20260210,153000,24.07,24.07,24.07,24.07,181,0
OXLCL.US,5,20260210,154000,24.13,24.13,24.13,24.13,400,0
OXLCL.US,5,20260210,162500,24.07,24.07,24.07,24.07,100,0
OXLCL.US,5,20260210,164000,24.11,24.13,24.1,24.13,766,0
OXLCL.US,5,20260210,165500,24.0738,24.0738,24.0738,24.0738,381,0
OXLCL.US,5,20260210,193000,24.1211,24.1211,24.1211,24.1211,371,0
OXLCL.US,5,20260210,215000,24.16,24.16,24.16,24.16,200,0
OXLCL.US,5,20260211,173000,24.092,24.1,24.09,24.09,1296,0
OXLCL.US,5,20260211,173500,24.13,24.13,24.1246,24.1246,400,0
OXLCL.US,5,20260211,174000,24.134,24.134,24.134,24.134,200,0
OXLCL.US,5,20260211,174500,24.09,24.0904,24.09,24.0904,400,0
OXLCL.US,5,20260211,181500,24.09,24.09,24.09,24.09,100,0
OXLCL.US,5,20260211,184500,24.09,24.09,24.09,24.09,300,0
OXLCL.US,5,20260211,185000,24.09,24.09,24.08,24.08,766,0
OXLCL.US,5,20260211,185500,24.08,24.08,24.07,24.07,700,0
OXLCL.US,5,20260212,165000,24.1,24.1,24.1,24.1,365,0
OXLCL.US,5,20260212,205500,24.05,24.05,24.05,24.05,100,0
OXLCL.US,5,20260212,215500,24.08,24.08,24.08,24.08,200,0
OXLCL.US,5,20260213,154500,24.0785,24.0785,24.0785,24.0785,416,0
OXLCL.US,5,20260213,172000,24.0784,24.08,24.0784,24.08,1190,0
OXLCL.US,5,20260213,181000,24.14,24.14,24.14,24.14,100,0
OXLCL.US,5,20260217,153000,24.08,24.08,24.08,24.08,501,0
OXLCL.US,5,20260217,170500,24.08,24.09,24.08,24.09,500,0
OXLCL.US,5,20260217,171000,24.1,24.1,24.1,24.1,150,0
OXLCL.US,5,20260217,173500,24.08,24.08,24.08,24.08,300,0
OXLCL.US,5,20260217,182000,24.12,24.12,24.12,24.12,100,0
OXLCL.US,5,20260217,195500,24.115,24.115,24.115,24.115,100,0
OXLCL.US,5,20260217,200500,24.1,24.11,24.1,24.11,290,0
OXLCL.US,5,20260217,201500,24.15,24.15,24.14,24.15,300,0
OXLCL.US,5,20260217,205500,24.23,24.23,24.19,24.19,615,0
OXLCL.US,5,20260217,211000,24.19,24.19,24.19,24.19,250,0
OXLCL.US,5,20260217,215000,24.12,24.12,24.11,24.11,899,0
OXLCL.US,5,20260218,155000,24.13,24.13,24.13,24.13,600,0
OXLCL.US,5,20260218,160000,24.18,24.18,24.1093,24.1093,400,0
OXLCL.US,5,20260218,164500,24.16,24.16,24.16,24.16,400,0
OXLCL.US,5,20260218,192500,24.1,24.1,24.1,24.1,100,0
OXLCL.US,5,20260218,193000,24.09,24.1,24.09,24.1,300,0
OXLCL.US,5,20260218,212500,24.1014,24.12,24.1,24.12,429,0
OXLCL.US,5,20260218,215500,24.1,24.1,24.1,24.1,100,0
OXLCL.US,5,20260219,153000,24.08,24.08,24.08,24.08,851,0
OXLCL.US,5,20260219,155000,24.09,24.09,24.09,24.09,100,0
OXLCL.US,5,20260219,155500,24.08,24.08,24.08,24.08,409,0
OXLCL.US,5,20260219,161000,24.08,24.08,24.08,24.08,1000,0
OXLCL.US,5,20260219,161500,24.08,24.08,24.08,24.08,200,0
OXLCL.US,5,20260219,171000,24.09,24.09,24.08,24.0868,794,0
OXLCL.US,5,20260219,171500,24.08,24.08,24.08,24.08,234,0
OXLCL.US,5,20260219,181000,24.091,24.091,24.091,24.091,100,0
OXLCL.US,5,20260219,183000,24.1,24.1,24.1,24.1,100,0
OXLCL.US,5,20260219,201500,24.08,24.08,24.08,24.08,500,0
OXLCL.US,5,20260219,204000,24.0855,24.0855,24.0855,24.0855,115,0
OXLCL.US,5,20260219,210000,24.08,24.08,24.08,24.08,100,0
OXLCL.US,5,20260219,213000,24.0811,24.0811,24.0811,24.0811,200,0
OXLCL.US,5,20260220,153000,24.085,24.09,24.085,24.0857,1290,0
OXLCL.US,5,20260220,161500,24.09,24.1,24.09,24.1,300,0
OXLCL.US,5,20260220,162000,24.125,24.125,24.125,24.125,1450,0
OXLCL.US,5,20260220,162500,24.09,24.09,24.09,24.09,100,0
OXLCL.US,5,20260220,171500,24.09,24.09,24.09,24.09,100,0
OXLCL.US,5,20260220,184500,24.09,24.137,24.09,24.137,553,0
OXLCL.US,5,20260220,185000,24.145,24.145,24.09,24.09,350,0
OXLCL.US,5,20260220,185500,24.142,24.142,24.137,24.137,337,0
OXLCL.US,5,20260220,191000,24.17,24.17,24.17,24.17,200,0
OXLCL.US,5,20260220,203000,24.18,24.18,24.17,24.18,1534,0
OXLCL.US,5,20260220,210000,24.12,24.18,24.12,24.18,500,0
OXLCL.US,5,20260220,210500,24.12,24.18,24.12,24.18,900,0
OXLCL.US,5,20260220,211000,24.18,24.18,24.18,24.18,1000,0
OXLCL.US,5,20260220,211500,24.18,24.18,24.18,24.18,1200,0
OXLCL.US,5,20260220,212000,24.18,24.18,24.18,24.18,847,0
OXLCL.US,5,20260220,212500,24.18,24.18,24.18,24.18,1200,0
OXLCL.US,5,20260220,213000,24.18,24.18,24.18,24.18,500,0
OXLCL.US,5,20260220,214000,24.19,24.19,24.18,24.19,1300,0
OXLCL.US,5,20260220,215000,24.19,24.19,24.19,24.19,100,0
OXLCL.US,5,20260223,165500,24.2605,24.2605,24.2201,24.2201,529,0
OXLCL.US,5,20260223,170500,24.22,24.2201,24.22,24.2201,200,0
OXLCL.US,5,20260223,173500,24.1934,24.1934,24.1934,24.1934,200,0
OXLCL.US,5,20260223,193000,24.19,24.19,24.1899,24.1899,844,0
OXLCL.US,5,20260223,193500,24.19,24.19,24.19,24.19,100,0
OXLCL.US,5,20260223,201500,24.205,24.205,24.205,24.205,100,0
OXLCL.US,5,20260223,202000,24.19,24.1901,24.19,24.1901,200,0
OXLCL.US,5,20260223,203000,24.19,24.19,24.19,24.19,100,0
OXLCL.US,5,20260223,204000,24.22,24.22,24.19,24.19,1636,0
OXLCL.US,5,20260223,210500,24.24,24.24,24.24,24.24,300,0
OXLCL.US,5,20260223,212000,24.22,24.22,24.22,24.22,100,0
OXLCL.US,5,20260223,214000,24.22,24.22,24.22,24.22,200,0
OXLCL.US,5,20260223,215000,24.25,24.25,24.25,24.25,213,0
OXLCL.US,5,20260224,154500,24.3085,24.4,24.3085,24.3085,8554,0
OXLCL.US,5,20260224,213000,24.25,24.25,24.25,24.25,100,0
OXLCL.US,5,20260224,215500,24.1701,24.1701,24.1701,24.1701,200,0
OXLCL.US,5,20260225,163500,24.2308,24.2308,24.2308,24.2308,100,0
OXLCL.US,5,20260225,165500,24.25,24.25,24.25,24.25,117,0
OXLCL.US,5,20260225,200500,24.1,24.1,24.1,24.1,1082,0
OXLCL.US,5,20260225,203000,24.11,24.11,24.11,24.11,100,0
OXLCL.US,5,20260226,161000,24.1001,24.1001,24.1001,24.1001,500,0
OXLCL.US,5,20260226,163000,24.12,24.12,24.1101,24.1101,424,0
OXLCL.US,5,20260226,170000,24.2,24.2,24.2,24.2,100,0
OXLCL.US,5,20260226,171500,24.121,24.1211,24.121,24.1211,340,0
OXLCL.US,5,20260226,175000,24.15,24.15,24.15,24.15,200,0
OXLCL.US,5,20260226,190000,24.1704,24.1704,24.1704,24.1704,100,0
OXLCL.US,5,20260226,192000,24.15,24.29,24.15,24.29,1250,0
OXLCL.US,5,20260226,201500,24.2,24.2,24.2,24.2,100,0
OXLCL.US,5,20260226,204000,24.3198,24.3198,24.3198,24.3198,307,0
OXLCL.US,5,20260227,155000,24.48,24.48,24.48,24.48,279,0
OXLCL.US,5,20260227,160000,24.49,24.49,24.48,24.48,200,0
OXLCL.US,5,20260227,170500,24.4,24.4108,24.4,24.4108,580,0
OXLCL.US,5,20260227,171000,24.4201,24.4301,24.42,24.42,700,0
OXLCL.US,5,20260227,174000,24.4308,24.4308,24.34,24.34,267,0
OXLCL.US,5,20260227,182500,24.35,24.35,24.35,24.35,100,0
OXLCL.US,5,20260227,211500,24.3999,24.3999,24.3999,24.3999,180,0
OXLCL.US,5,20260227,212500,24.42,24.42,24.42,24.42,100,0
OXLCL.US,5,20260302,165000,24.525,24.525,24.525,24.525,400,0
OXLCL.US,5,20260302,174000,24.42,24.49,24.42,24.49,460,0
OXLCL.US,5,20260302,175000,24.5611,24.565,24.5611,24.565,800,0
OXLCL.US,5,20260302,175500,24.561,24.565,24.561,24.565,800,0
OXLCL.US,5,20260302,180500,24.5,24.5,24.5,24.5,320,0
OXLCL.US,5,20260302,194000,24.6399,24.6399,24.6399,24.6399,3245,0
OXLCL.US,5,20260302,212500,24.57,24.57,24.5429,24.5429,400,0
OXLCL.US,5,20260302,215000,24.5301,24.605,24.5301,24.605,519,0
OXLCL.US,5,20260303,175000,24.595,24.595,24.54,24.54,300,0
OXLCL.US,5,20260303,205500,24.48,24.48,24.48,24.48,155,0
OXLCL.US,5,20260304,170000,24.1,24.1,24.1,24.1,500,0
OXLCL.US,5,20260304,175000,24.22,24.22,24.22,24.22,300,0
OXLCL.US,5,20260304,175500,24.21,24.21,24.21,24.21,100,0
OXLCL.US,5,20260304,184500,24.1875,24.21,24.1875,24.1875,998,0
OXLCL.US,5,20260304,215000,24.27,24.27,24.26,24.26,200,0
OXLCL.US,5,20260305,155000,24.12,24.27,24.08,24.08,8075,0
OXLCL.US,5,20260305,155500,24.05,24.05,24.05,24.05,2151,0
OXLCL.US,5,20260305,160000,24.05,24.06,24.05,24.05,1700,0
OXLCL.US,5,20260305,160500,24.05,24.05,23.96,23.96,1772,0
OXLCL.US,5,20260305,161000,23.97,23.97,23.95,23.95,5200,0
OXLCL.US,5,20260305,161500,23.88,23.88,23.6808,23.87,2800,0
OXLCL.US,5,20260305,163500,23.91,23.91,23.8,23.86,4844,0
OXLCL.US,5,20260305,170000,23.93,23.93,23.93,23.93,300,0
OXLCL.US,5,20260305,173000,23.99,24,23.98,24,1083,0
OXLCL.US,5,20260305,175000,24.05,24.05,24.05,24.05,1100,0
OXLCL.US,5,20260305,191500,24.08,24.08,24.08,24.08,100,0
OXLCL.US,5,20260305,205500,24.1,24.1,24.1,24.1,100,0
OXLCL.US,5,20260305,211500,24.09,24.1,24.09,24.09,1010,0
OXLCL.US,5,20260305,212000,24.1,24.1,24.1,24.1,200,0
OXLCL.US,5,20260305,212500,24.1,24.14,24.1,24.14,627,0
OXLCL.US,5,20260306,161000,23.95,23.95,23.95,23.95,100,0
OXLCL.US,5,20260306,172000,23.94,23.94,23.94,23.94,100,0
OXLCL.US,5,20260306,174500,23.9499,23.9499,23.9499,23.9499,100,0
OXLCL.US,5,20260306,182500,23.88,23.88,23.88,23.88,100,0
OXLCL.US,5,20260306,183000,23.915,23.95,23.915,23.95,1700,0
OXLCL.US,5,20260306,195000,24.04,24.04,24.04,24.04,171,0
OXLCL.US,5,20260306,195500,24.0252,24.0252,24.0252,24.0252,100,0
OXLCL.US,5,20260306,200500,23.94,23.94,23.94,23.94,200,0
OXLCL.US,5,20260306,201500,23.95,23.95,23.95,23.95,100,0
OXLCL.US,5,20260306,205500,23.9401,23.9401,23.9401,23.9401,251,0
OXLCL.US,5,20260306,213500,23.96,23.96,23.94,23.95,300,0
OXLCL.US,5,20260309,155500,23.85,23.85,23.85,23.85,175,0
OXLCL.US,5,20260309,160500,23.802,23.84,23.802,23.84,421,0
OXLCL.US,5,20260309,193000,23.87,23.88,23.87,23.8789,1221,0
OXLCL.US,5,20260309,200500,23.905,23.905,23.85,23.85,500,0
OXLCL.US,5,20260310,161500,23.89,23.89,23.89,23.89,200,0
OXLCL.US,5,20260310,191500,23.92,23.92,23.92,23.92,389,0
OXLCL.US,5,20260310,192000,23.99,24.03,23.99,24.03,200,0
OXLCL.US,5,20260310,195000,23.99,24.03,23.99,24.03,400,0
OXLCL.US,5,20260310,200000,23.98,24.03,23.98,24.03,400,0
OXLCL.US,5,20260311,174500,24.15,24.15,24.15,24.15,200,0
OXLCL.US,5,20260311,190500,24.24,24.24,24.24,24.24,100,0
OXLCL.US,5,20260311,203000,24.1783,24.1783,24.1783,24.1783,500,0
OXLCL.US,5,20260311,203500,24.1814,24.1814,24.1814,24.1814,321,0
OXLCL.US,5,20260311,205500,24.2228,24.25,24.2228,24.25,1899,0
OXLCL.US,5,20260312,143000,24.26,24.26,24.26,24.26,200,0
OXLCL.US,5,20260312,154500,24.35,24.35,24.35,24.35,100,0
OXLCL.US,5,20260312,155000,24.44,24.46,24.43,24.46,500,0
OXLCL.US,5,20260313,143000,24.08,24.08,24.08,24.08,412,0
OXLCL.US,5,20260313,184000,24.1,24.1,24.1,24.1,100,0
OXLCL.US,5,20260316,150500,24,24,24,24,200,0
OXLCL.US,5,20260316,152000,24.032,24.032,24.032,24.032,105,0
OXLCL.US,5,20260316,164500,24,24,23.7601,23.7601,2688,0
OXLCL.US,5,20260316,180500,23.79,23.79,23.77,23.77,200,0
OXLCL.US,5,20260316,194000,24.0271,24.0271,24.0271,24.0271,100,0
OXLCL.US,5,20260317,154500,24.05,24.05,24.05,24.05,528,0
OXLCL.US,5,20260317,165000,24.05,24.08,24.05,24.08,755,0
OXLCL.US,5,20260317,185000,24.06,24.06,24.06,24.06,100,0
OXLCL.US,5,20260317,190000,23.93,23.93,23.93,23.93,400,0
OXLCL.US,5,20260317,204500,23.815,23.815,23.815,23.815,100,0
OXLCL.US,5,20260318,163000,24.01,24.01,24.01,24.01,198,0
OXLCL.US,5,20260318,180000,23.83,23.83,23.77,23.77,712,0
OXLCL.US,5,20260319,170500,23.89,23.89,23.89,23.89,200,0
OXLCL.US,5,20260320,143000,23.84,23.84,23.84,23.84,101,0
OXLCL.US,5,20260320,154500,23.92,23.92,23.92,23.92,150,0
OXLCL.US,5,20260320,160500,23.89,23.89,23.89,23.89,324,0
OXLCL.US,5,20260320,163500,23.85,23.85,23.85,23.85,100,0
OXLCL.US,5,20260320,190000,23.852,23.852,23.852,23.852,300,0
OXLCL.US,5,20260320,195000,23.8,23.8,23.8,23.8,100,0
OXLCL.US,5,20260323,151500,23.8,23.8,23.8,23.8,250,0
OXLCL.US,5,20260323,183500,23.8999,23.8999,23.89,23.89,1005,0
OXLCL.US,5,20260323,201500,23.8901,23.8901,23.8901,23.8901,200,0
OXLCL.US,5,20260324,164000,23.94,23.94,23.94,23.94,100,0
OXLCL.US,5,20260324,181000,23.89,23.89,23.885,23.89,1589,0
OXLCL.US,5,20260324,190000,23.85,23.85,23.85,23.85,420,0
OXLCL.US,5,20260324,190500,23.7787,23.7787,23.7787,23.7787,350,0
OXLCL.US,5,20260325,144500,23.8,23.8,23.8,23.8,200,0
OXLCL.US,5,20260325,145000,23.77,23.77,23.77,23.77,200,0
OXLCL.US,5,20260325,155000,23.77,23.77,23.77,23.77,200,0
OXLCL.US,5,20260325,163500,23.772,23.772,23.772,23.772,100,0
OXLCL.US,5,20260325,191000,23.77,23.77,23.77,23.77,400,0
OXLCL.US,5,20260325,193000,23.895,23.895,23.895,23.895,859,0
OXLCL.US,5,20260326,143000,23.83,23.83,23.83,23.83,401,0
OXLCL.US,5,20260326,151000,24.015,24.015,24.015,24.015,600,0
OXLCL.US,5,20260326,151500,24.015,24.015,24.015,24.015,800,0
OXLCL.US,5,20260326,152500,23.83,23.83,23.83,23.83,500,0
OXLCL.US,5,20260326,153500,23.83,23.83,23.83,23.83,300,0
OXLCL.US,5,20260326,154500,23.99,23.99,23.99,23.99,500,0
OXLCL.US,5,20260326,155000,23.84,23.85,23.84,23.84,395,0
OXLCL.US,5,20260326,160500,23.82,23.8201,23.82,23.8201,654,0
OXLCL.US,5,20260326,162000,23.82,23.8201,23.77,23.8201,770,0
OXLCL.US,5,20260326,165000,24.0841,24.0841,24.0841,24.0841,208,0
OXLCL.US,5,20260326,204500,23.77,23.77,23.77,23.77,150,0
OXLCL.US,5,20260327,152000,23.96,23.97,23.96,23.97,800,0
OXLCL.US,5,20260327,161000,23.76,23.7736,23.76,23.7736,550,0
OXLCL.US,5,20260330,154000,23.6,23.6,23.6,23.6,100,0
OXLCL.US,5,20260330,155000,23.45,23.45,23.45,23.45,900,0
OXLCL.US,5,20260330,155500,23.5,23.5,23.5,23.5,170,0
OXLCL.US,5,20260330,160000,23.45,23.45,23.45,23.45,500,0
OXLCL.US,5,20260330,161500,23.59,23.59,23.535,23.535,600,0
OXLCL.US,5,20260330,163000,23.61,23.61,23.61,23.61,100,0
OXLCL.US,5,20260330,172000,23.47,23.48,23.47,23.48,200,0
OXLCL.US,5,20260330,174500,23.58,23.58,23.58,23.58,100,0
OXLCL.US,5,20260330,181500,23.44,23.44,23.44,23.44,100,0
OXLCL.US,5,20260330,182500,23.58,23.58,23.58,23.58,100,0
OXLCL.US,5,20260330,190000,23.44,23.44,23.44,23.44,100,0
OXLCL.US,5,20260330,193500,23.44,23.44,23.44,23.44,100,0
OXLCL.US,5,20260330,210500,23.54,23.54,23.54,23.54,100,0
OXLCL.US,5,20260330,215500,23.54,23.54,23.54,23.54,200,0
OXLCL.US,5,20260331,153000,23.56,23.56,23.56,23.56,700,0
OXLCL.US,5,20260331,154000,23.56,23.56,23.56,23.56,100,0
OXLCL.US,5,20260331,154500,23.5601,23.5601,23.5601,23.5601,100,0
OXLCL.US,5,20260331,165500,23.58,23.58,23.58,23.58,236,0
OXLCL.US,5,20260331,184000,23.58,23.58,23.58,23.58,100,0
OXLCL.US,5,20260331,191500,23.5999,23.5999,23.5999,23.5999,600,0
OXLCL.US,5,20260331,204500,23.58,23.59,23.58,23.58,476,0
OXLCL.US,5,20260401,161500,23.6,23.6,23.6,23.6,100,0
OXLCL.US,5,20260401,170000,23.6,23.6,23.58,23.6,882,0
OXLCL.US,5,20260401,172000,23.6,23.6,23.58,23.58,200,0
OXLCL.US,5,20260401,183500,23.575,23.575,23.5614,23.565,569,0
OXLCL.US,5,20260401,184000,23.5699,23.5699,23.535,23.535,600,0
OXLCL.US,5,20260401,184500,23.5464,23.55,23.52,23.55,799,0
OXLCL.US,5,20260401,185500,23.55,23.6,23.55,23.6,400,0
OXLCL.US,5,20260401,190000,23.62,23.62,23.62,23.62,200,0
OXLCL.US,5,20260401,201000,23.64,23.64,23.64,23.64,100,0
OXLCL.US,5,20260401,214500,23.63,23.63,23.63,23.63,100,0
OXLCL.US,5,20260402,153000,23.6,23.6,23.6,23.6,589,0
OXLCL.US,5,20260402,153500,23.6,23.6,23.6,23.6,100,0
OXLCL.US,5,20260402,165500,23.7,23.7,23.7,23.7,100,0
OXLCL.US,5,20260402,195000,23.69,23.69,23.69,23.69,100,0
OXLCL.US,5,20260406,153000,23.57,23.57,23.57,23.57,204,0
OXLCL.US,5,20260406,164500,23.7,23.7,23.7,23.7,100,0
OXLCL.US,5,20260406,182500,23.65,23.65,23.65,23.65,1000,0
OXLCL.US,5,20260406,191500,23.61,23.63,23.61,23.63,300,0
OXLCL.US,5,20260406,195500,23.655,23.655,23.655,23.655,361,0
OXLCL.US,5,20260406,201000,23.69,23.74,23.61,23.61,1099,0
OXLCL.US,5,20260406,205000,23.6,23.6,23.6,23.6,200,0
OXLCL.US,5,20260406,211500,23.6665,23.6665,23.6665,23.6665,208,0
OXLCL.US,5,20260406,212500,23.7,23.7,23.7,23.7,300,0
OXLCL.US,5,20260407,204000,23.7424,23.7424,23.7424,23.7424,100,0
OXLCL.US,5,20260407,205000,23.74,23.74,23.74,23.74,200,0
OXLCL.US,5,20260407,211500,23.74,23.7425,23.74,23.7425,900,0
OXLCL.US,5,20260408,182000,23.675,23.73,23.675,23.73,869,0
OXLCL.US,5,20260409,172500,23.73,23.73,23.73,23.73,837,0
OXLCL.US,5,20260409,192000,23.7843,23.7843,23.7843,23.7843,151,0
OXLCL.US,5,20260410,153500,23.725,23.725,23.725,23.725,100,0
OXLCL.US,5,20260410,163500,23.8,23.82,23.8,23.82,400,0
OXLCL.US,5,20260410,164500,23.92,23.999,23.92,23.999,512,0
OXLCL.US,5,20260410,173500,23.9999,23.9999,23.9999,23.9999,150,0
OXLCL.US,5,20260410,184000,23.9,23.9,23.9,23.9,100,0
OXLCL.US,5,20260410,194500,23.88,23.899,23.88,23.88,479,0
OXLCL.US,5,20260410,215000,23.8023,23.8023,23.8023,23.8023,150,0
OXLCL.US,5,20260413,162000,23.84,23.84,23.84,23.84,200,0
OXLCL.US,5,20260413,174000,23.78,23.78,23.78,23.78,183,0
OXLCL.US,5,20260413,201000,23.84,23.84,23.84,23.84,300,0
OXLCL.US,5,20260413,202000,23.84,23.84,23.84,23.84,100,0
OXLCL.US,5,20260413,202500,23.93,23.93,23.9299,23.9299,200,0
OXLCL.US,5,20260413,205000,23.98,23.98,23.98,23.98,400,0
OXLCL.US,5,20260414,195000,24,24,24,24,101,0
OXLCL.US,5,20260414,202000,24,24,24,24,100,0
OXLCL.US,5,20260415,153000,24.08,24.08,24.08,24.08,225,0
OXLCL.US,5,20260416,182500,24.16,24.16,24.16,24.16,100,0
OXLCL.US,5,20260416,184500,24.105,24.105,24.105,24.105,300,0
OXLCL.US,5,20260416,191000,24.05,24.05,24.05,24.05,200,0
OXLCL.US,5,20260416,201500,24.0499,24.0499,24.0499,24.0499,655,0
OXLCL.US,5,20260417,170000,23.8792,23.8792,23.8792,23.8792,265,0
OXLCL.US,5,20260417,175000,23.86,23.86,23.86,23.86,100,0
OXLCL.US,5,20260417,180000,23.88,23.885,23.85,23.88,700,0
OXLCL.US,5,20260417,192000,23.86,23.86,23.85,23.85,211,0
OXLCL.US,5,20260417,193500,23.88,24.005,23.88,24.005,687,0
OXLCL.US,5,20260417,202500,23.96,23.96,23.96,23.96,200,0
OXLCL.US,5,20260417,212500,23.95,23.95,23.95,23.95,470,0
OXLCL.US,5,20260420,155500,24.01,24.01,24.01,24.01,100,0
OXLCL.US,5,20260420,165000,23.92,23.92,23.92,23.92,100,0
OXLCL.US,5,20260420,165500,23.88,23.88,23.88,23.88,300,0
OXLCL.US,5,20260420,170000,23.88,23.88,23.88,23.88,530,0
OXLCL.US,5,20260420,193500,23.8784,23.88,23.8784,23.88,700,0
OXLCL.US,5,20260420,205000,23.97,24.06,23.97,24.06,600,0
OXLCL.US,5,20260420,205500,24.14,24.14,24.14,24.14,100,0
OXLCL.US,5,20260420,210000,24.14,24.14,24.12,24.12,300,0
OXLCL.US,5,20260420,210500,24.15,24.15,24.15,24.15,500,0
OXLCL.US,5,20260420,211000,24.19,24.19,24.19,24.19,400,0
OXLCL.US,5,20260420,211500,24.19,24.23,24.19,24.23,900,0
OXLCL.US,5,20260420,212000,24.23,24.23,24.22,24.23,300,0
OXLCL.US,5,20260420,212500,24.23,24.23,24.23,24.23,200,0
OXLCL.US,5,20260420,213000,24.24,24.2675,24.23,24.2675,400,0
OXLCL.US,5,20260420,214000,24.26,24.26,24.26,24.26,100,0
OXLCL.US,5,20260420,214500,24.25,24.25,24.25,24.25,200,0
OXLCL.US,5,20260420,215000,24.26,24.28,24.26,24.28,384,0
OXLCL.US,5,20260421,153000,24.29,24.29,24.29,24.29,100,0
OXLCL.US,5,20260421,164000,24.2,24.2,24.2,24.2,100,0
OXLCL.US,5,20260421,205000,24.05,24.05,24.05,24.05,300,0
OXLCL.US,5,20260421,210500,24.01,24.09,24,24.09,1268,0
OXLCL.US,5,20260422,180000,24.15,24.15,24.15,24.15,300,0
OXLCL.US,5,20260423,153500,24,24,24,24,300,0
OXLCL.US,5,20260423,184500,24.04,24.04,24.04,24.04,300,0
OXLCL.US,5,20260423,185500,24.05,24.05,24.05,24.05,100,0
OXLCL.US,5,20260423,191000,24.09,24.1,24.09,24.1,300,0
OXLCL.US,5,20260423,214000,24.04,24.04,24.04,24.04,150,0
OXLCL.US,5,20260423,215500,24.09,24.1,24.09,24.1,841,0
OXLCL.US,5,20260424,170500,24.03,24.2,24.02,24.2,499,0
OXLCL.US,5,20260424,172500,24.1,24.1,24.1,24.1,100,0
OXLCL.US,5,20260424,181500,24.2,24.2,24.2,24.2,135,0
OXLCL.US,5,20260424,214000,24.1599,24.1599,24.1599,24.1599,243,0
OXLCL.US,5,20260427,154000,24.085,24.085,24.085,24.085,1000,0
OXLCL.US,5,20260427,154500,24.1585,24.1585,24.1585,24.1585,1000,0
OXLCL.US,5,20260427,170500,24.085,24.085,24.085,24.085,100,0
OXLCL.US,5,20260427,180000,24.02,24.02,24.02,24.02,100,0
OXLCL.US,5,20260427,180500,24.04,24.04,24,24,239,0
OXLCL.US,5,20260428,154000,23.97,23.97,23.97,23.97,217,0
OXLCL.US,5,20260428,165000,23.94,23.94,23.94,23.94,304,0
OXLCL.US,5,20260428,170000,23.9604,23.9604,23.9,23.934,1554,0
OXLCL.US,5,20260428,171500,23.9879,23.9879,23.9879,23.9879,209,0
OXLCL.US,5,20260428,172000,23.9879,23.9879,23.98,23.98,309,0
OXLCL.US,5,20260428,172500,23.98,23.99,23.98,23.99,518,0
OXLCL.US,5,20260428,173000,23.9879,23.99,23.9879,23.99,810,0
OXLCL.US,5,20260428,202500,23.96,23.96,23.96,23.96,175,0
OXLCL.US,5,20260428,204500,24,24,24,24,688,0
OXLCL.US,5,20260428,205500,23.96,24,23.96,24,370,0
OXLCL.US,5,20260428,210000,24,24,24,24,100,0
OXLCL.US,5,20260429,153000,23.92,23.92,23.92,23.92,468,0
OXLCL.US,5,20260429,183500,24.08,24.08,24.08,24.08,119,0
OXLCL.US,5,20260429,200000,24.07,24.07,24.07,24.07,400,0
OXLCL.US,5,20260429,205500,23.93,23.93,23.93,23.93,2069,0
OXLCL.US,5,20260429,213000,24.08,24.08,24.08,24.08,100,0
OXLCL.US,5,20260430,153500,24.14,24.14,24.14,24.14,100,0
OXLCL.US,5,20260430,155000,24.13,24.2,24.13,24.2,700,0
OXLCL.US,5,20260430,155500,24.2,24.2199,24.12,24.12,1397,0
OXLCL.US,5,20260430,160000,24.1779,24.1779,24.1779,24.1779,497,0
OXLCL.US,5,20260430,174000,24.07,24.07,24.07,24.07,180,0
OXLCL.US,5,20260430,191000,24.13,24.13,24.13,24.13,400,0
OXLCL.US,5,20260430,195000,24.1934,24.1934,24.1934,24.1934,200,0
OXLCL.US,5,20260430,205500,24.22,24.22,24.22,24.22,300,0
OXLCL.US,5,20260430,215000,24.22,24.22,24.2199,24.22,730,0
OXLCL.US,5,20260430,215500,24.22,24.22,24.22,24.22,130,0
OXLCL.US,5,20260501,153500,24.245,24.3,24.245,24.2626,1271,0
OXLCL.US,5,20260501,154000,24.245,24.245,24.245,24.245,100,0
OXLCL.US,5,20260501,155000,24.2999,24.3,24.2999,24.3,564,0
OXLCL.US,5,20260501,155500,24.28,24.28,24.28,24.28,100,0
OXLCL.US,5,20260501,182500,24.1991,24.1991,24.1991,24.1991,100,0
OXLCL.US,5,20260504,153000,24.3,24.3,24.3,24.3,100,0
OXLCL.US,5,20260504,154000,24.35,24.37,24.35,24.3699,1364,0
OXLCL.US,5,20260504,174500,24.37,24.37,24.37,24.37,200,0
OXLCL.US,5,20260504,184500,24.35,24.35,24.35,24.35,1000,0
OXLCL.US,5,20260504,203500,24.3,24.31,24.26,24.26,1368,0
OXLCL.US,5,20260504,214000,24.38,24.39,24.38,24.39,300,0
OXLCL.US,5,20260504,214500,24.39,24.39,24.39,24.39,500,0
OXLCL.US,5,20260505,153000,24.2,24.2,24.2,24.2,401,0
OXLCL.US,5,20260505,165000,24.19,24.19,24.19,24.19,292,0
OXLCL.US,5,20260505,173000,24.45,24.45,24.45,24.45,100,0
OXLCL.US,5,20260505,193000,24.46,24.4752,24.46,24.4752,410,0
OXLCL.US,5,20260505,212500,24.4,24.478,24.4,24.478,1000,0
OXLCL.US,5,20260506,155000,24.24,24.24,24.24,24.24,120,0
OXLCL.US,5,20260506,182000,24.45,24.48,24.45,24.48,500,0
OXLCL.US,5,20260506,184000,24.48,24.5,24.4799,24.4799,771,0
OXLCL.US,5,20260507,161500,24.2599,24.275,24.2599,24.275,360,0
OXLCL.US,5,20260507,162000,24.34,24.34,24.34,24.34,600,0
OXLCL.US,5,20260507,162500,24.3239,24.3239,24.3239,24.3239,300,0
OXLCL.US,5,20260507,171500,24.2131,24.2131,24.2131,24.2131,165,0
OXLCL.US,5,20260507,173500,24.28,24.28,24.28,24.28,100,0
OXLCL.US,5,20260508,153000,24.28,24.28,24.2528,24.2528,400,0
OXLCL.US,5,20260508,153500,24.3717,24.4,24.3717,24.4,1663,0
OXLCL.US,5,20260508,174000,24.47,24.47,24.34,24.4699,703,0
OXLCL.US,5,20260508,175500,24.47,24.47,24.47,24.47,1000,0
OXLCL.US,5,20260508,185500,24.3765,24.3765,24.3765,24.3765,1500,0
OXLCL.US,5,20260508,200500,24.46,24.47,24.46,24.47,217,0
OXLCL.US,5,20260511,155000,24.46,24.46,24.46,24.46,100,0
OXLCL.US,5,20260511,155500,24.4059,24.4699,24.4059,24.4699,200,0
OXLCL.US,5,20260511,160000,24.47,24.47,24.47,24.47,100,0
OXLCL.US,5,20260511,164000,24.34,24.34,24.34,24.34,200,0
OXLCL.US,5,20260511,173500,24.47,24.47,24.36,24.36,200,0
OXLCL.US,5,20260511,181000,24.36,24.36,24.36,24.36,100,0
OXLCL.US,5,20260511,190000,24.4568,24.4568,24.45,24.45,200,0
OXLCL.US,5,20260511,192000,24.345,24.345,24.345,24.345,440,0
OXLCL.US,5,20260511,193000,24.47,24.47,24.47,24.47,100,0
OXLCL.US,5,20260511,204500,24.47,24.47,24.47,24.47,100,0
OXLCL.US,5,20260511,210000,24.46,24.46,24.46,24.46,100,0
OXLCL.US,5,20260511,212000,24.46,24.46,24.46,24.46,100,0
OXLCL.US,5,20260511,213500,24.46,24.468,24.396,24.468,500,0
OXLCL.US,5,20260512,153000,24.57,24.57,24.57,24.57,165,0
OXLCL.US,5,20260513,185500,24.41,24.41,24.41,24.41,500,0
OXLCL.US,5,20260513,190000,24.4002,24.4002,24.4002,24.4002,500,0
OXLCL.US,5,20260513,190500,24.4,24.4001,24.4,24.4001,998,0
OXLCL.US,5,20260514,174500,24.31,24.31,24.31,24.31,160,0
OXLCL.US,5,20260518,153000,24.47,24.47,24.47,24.47,600,0
OXLCL.US,5,20260518,160500,24.46,24.47,24.4599,24.46,1600,0
OXLCL.US,5,20260518,170500,24.46,24.47,24.4501,24.4501,800,0
OXLCL.US,5,20260518,173500,24.4502,24.4502,24.4502,24.4502,300,0
OXLCL.US,5,20260518,174000,24.4503,24.4503,24.45,24.45,1061,0
OXLCL.US,5,20260518,183000,24.34,24.34,24.34,24.34,299,0
OXLCL.US,5,20260518,191500,24.4498,24.4499,24.4498,24.4499,493,0
OXLCL.US,5,20260519,155000,24.35,24.35,24.35,24.35,250,0
OXLCL.US,5,20260519,175000,24.29,24.47,24.29,24.47,999,0
OXLCL.US,5,20260519,181000,24.31,24.31,24.31,24.31,125,0
OXLCL.US,5,20260519,211500,24.3342,24.3342,24.3342,24.3342,100,0
OXLCL.US,5,20260520,155500,24.45,24.45,24.45,24.45,306,0
OXLCL.US,5,20260520,172500,24.41,24.41,24.4001,24.4001,400,0
OXLCL.US,5,20260520,173000,24.4,24.4,24.4,24.4,498,0
OXLCL.US,5,20260520,173500,24.32,24.32,24.31,24.3101,1092,0
OXLCL.US,5,20260520,183500,24.4008,24.4008,24.4008,24.4008,1000,0
OXLCL.US,5,20260521,165000,24.29,24.29,24.27,24.27,400,0
OXLCL.US,5,20260521,173000,24.27,24.27,24.27,24.27,1171,0
OXLCL.US,5,20260521,174000,24.35,24.35,24.23,24.35,300,0
OXLCL.US,5,20260521,174500,24.35,24.36,24.35,24.36,869,0
OXLCL.US,5,20260521,175000,24.36,24.415,24.36,24.415,200,0
OXLCL.US,5,20260521,175500,24.37,24.47,24.27,24.27,600,0
OXLCL.US,5,20260521,180000,24.27,24.2701,24.27,24.2701,200,0
OXLCL.US,5,20260522,153000,24.27,24.27,24.27,24.27,411,0
OXLCL.US,5,20260522,172500,24.315,24.315,24.315,24.315,1000,0
OXLCL.US,5,20260522,203500,24.45,24.45,24.45,24.45,250,0
OXLCL.US,5,20260522,204000,24.45,24.45,24.33,24.33,300,0
OXLCL.US,5,20260526,153500,24.295,24.295,24.295,24.295,176,0
OXLCL.US,5,20260526,154500,24.37,24.37,24.37,24.37,100,0
OXLCL.US,5,20260526,160500,24.37,24.37,24.37,24.37,769,0
OXLCL.US,5,20260526,182000,24.37,24.37,24.319,24.319,1000,0
OXLCL.US,5,20260527,153000,24.36,24.36,24.36,24.36,214,0
OXLCL.US,5,20260527,155000,24.4378,24.4378,24.4378,24.4378,600,0
OXLCL.US,5,20260527,162000,24.36,24.36,24.36,24.36,100,0
OXLCL.US,5,20260527,193500,24.5,24.5,24.5,24.5,700,0
OXLCL.US,5,20260527,194500,24.5,24.57,24.5,24.57,622,0
OXLCL.US,5,20260527,195000,24.47,24.47,24.47,24.47,500,0
OXLCL.US,5,20260527,202000,24.3707,24.3707,24.3707,24.3707,100,0
OXLCL.US,5,20260528,153000,24.37,24.37,24.37,24.37,788,0
OXLCL.US,5,20260528,165000,24.475,24.475,24.475,24.475,1000,0
OXLCL.US,5,20260528,184500,24.59,24.59,24.58,24.58,1099,0
OXLCL.US,5,20260528,194000,24.58,24.59,24.58,24.59,323,0
OXLCL.US,5,20260529,155000,24.445,24.445,24.445,24.445,200,0
OXLCL.US,5,20260529,164000,24.58,24.58,24.58,24.58,100,0
OXLCL.US,5,20260601,153000,24.58,24.58,24.58,24.58,600,0
OXLCL.US,5,20260601,154500,24.58,24.58,24.58,24.58,1200,0
OXLCL.US,5,20260601,165000,24.58,24.58,24.58,24.58,429,0
OXLCL.US,5,20260601,181500,24.58,24.58,24.58,24.58,341,0
OXLCL.US,5,20260601,191500,24.57,24.57,24.57,24.57,399,0
OXLCL.US,5,20260601,215500,24.58,24.58,24.58,24.58,300,0
OXLCL.US,5,20260602,155500,24.58,24.58,24.58,24.58,160,0
OXLCL.US,5,20260602,165500,24.57,24.57,24.57,24.57,588,0
OXLCL.US,5,20260602,172500,24.59,24.59,24.59,24.59,247,0
OXLCL.US,5,20260602,190500,24.59,24.59,24.59,24.59,100,0
OXLCL.US,5,20260602,205000,24.575,24.6,24.575,24.6,420,0
OXLCL.US,5,20260602,205500,24.675,24.675,24.675,24.675,758,0
OXLCL.US,5,20260603,155000,24.75,24.75,24.72,24.72,300,0
OXLCL.US,5,20260603,171500,24.55,24.55,24.55,24.55,192,0
OXLCL.US,5,20260604,182500,24.52,24.52,24.51,24.52,700,0
OXLCL.US,5,20260604,201000,24.53,24.53,24.53,24.53,100,0
OXLCL.US,5,20260605,182500,24.625,24.625,24.625,24.625,200,0
OXLCL.US,5,20260605,190500,24.73,24.73,24.6456,24.6456,950,0
OXLCL.US,5,20260608,213000,24.5999,24.6,24.5999,24.6,400,0
OXLCL.US,5,20260608,213500,24.6,24.6,24.6,24.6,100,0
OXLCL.US,5,20260609,163000,24.65,24.65,24.65,24.65,210,0
OXLCL.US,5,20260609,185500,24.74,24.74,24.74,24.74,199,0
OXLCL.US,5,20260609,190000,24.75,24.75,24.75,24.75,756,0
OXLCL.US,5,20260609,204500,24.75,24.75,24.75,24.75,100,0
OXLCL.US,5,20260610,153000,24.99,24.99,24.99,24.99,256,0
OXLCL.US,5,20260610,174500,24.75,24.75,24.75,24.75,10200,0
OXLCL.US,5,20260610,203500,24.7,24.7,24.7,24.7,200,0
OXLCL.US,5,20260611,160000,24.6001,24.6001,24.6001,24.6001,250,0
OXLCL.US,5,20260611,184500,24.8,24.8,24.8,24.8,200,0
OXLCL.US,5,20260611,194000,24.7,24.7,24.7,24.7,500,0
OXLCL.US,5,20260611,195500,24.6501,24.6501,24.6501,24.6501,100,0
OXLCL.US,5,20260612,213500,24.61,24.62,24.61,24.61,401,0
OXLCL.US,5,20260615,153000,24.6,24.6,24.6,24.6,482,0
OXLCL.US,5,20260615,170500,24.35,24.436,24.35,24.36,600,0
OXLCL.US,5,20260615,175500,24.66,24.66,24.52,24.52,1000,0
OXLCL.US,5,20260616,164000,24.35,24.35,24.35,24.35,400,0
OXLCL.US,5,20260616,170500,24.475,24.475,24.475,24.475,430,0
OXLCL.US,5,20260616,183000,24.38,24.59,24.352,24.59,1086,0
OXLCL.US,5,20260616,194000,24.475,24.475,24.475,24.475,535,0
OXLCL.US,5,20260616,214500,24.47,24.47,24.47,24.47,125,0
OXLCL.US,5,20260617,191500,24.51,24.5208,24.51,24.5208,600,0
OXLCL.US,5,20260617,192000,24.52,24.52,24.5,24.5,1500,0
OXLCL.US,5,20260617,192500,24.5,24.5,24.5,24.5,114,0
OXLCL.US,5,20260618,153000,24.35,24.35,24.35,24.35,136,0
OXLCL.US,5,20260618,165000,24.5,24.5,24.499,24.4999,1930,0
OXLCL.US,5,20260618,165500,24.5105,24.5105,24.5105,24.5105,500,0
OXLCL.US,5,20260618,182500,24.52,24.52,24.52,24.52,111,0
OXLCL.US,5,20260618,201500,24.5,24.5,24.5,24.5,200,0
OXLCL.US,5,20260618,213500,24.54,24.54,24.475,24.475,1750,0
OXLCL.US,5,20260618,214000,24.54,24.57,24.54,24.5505,800,0
OXLCL.US,5,20260618,214500,24.55,24.575,24.55,24.5601,1000,0
OXLCL.US,5,20260618,215000,24.56,24.58,24.56,24.56,1006,0
OXLCL.US,5,20260618,215500,24.55,24.55,24.55,24.55,100,0
OXLCL.US,5,20260622,153500,24.0988,24.0988,24.0988,24.0988,345,0
OXLCL.US,5,20260622,200500,24.55,24.55,24.55,24.55,241,0
