<TICKER>,<PER>,<DATE>,<TIME>,<OPEN>,<HIGH>,<LOW>,<CLOSE>,<VOL>,<OPENINT>
OXLCP.US,5,20260126,153000,24.79,24.79,24.79,24.79,759,0
OXLCP.US,5,20260126,171000,24.765,24.765,24.765,24.765,100,0
OXLCP.US,5,20260126,183000,24.75,24.7602,24.75,24.7602,1250,0
OXLCP.US,5,20260126,214500,24.75,24.75,24.725,24.725,2191,0
OXLCP.US,5,20260127,153000,24.74,24.74,24.74,24.74,100,0
OXLCP.US,5,20260127,183000,24.709,24.709,24.709,24.709,240,0
OXLCP.US,5,20260127,185000,24.709,24.73,24.709,24.73,633,0
OXLCP.US,5,20260127,185500,24.6922,24.6922,24.66,24.6922,500,0
OXLCP.US,5,20260127,190000,24.6922,24.6922,24.6922,24.6922,100,0
OXLCP.US,5,20260127,213000,24.72,24.72,24.7092,24.7092,300,0
OXLCP.US,5,20260128,153000,24.72,24.72,24.72,24.72,100,0
OXLCP.US,5,20260128,170500,24.7185,24.7185,24.7185,24.7185,605,0
OXLCP.US,5,20260128,171500,24.71,24.71,24.71,24.71,200,0
OXLCP.US,5,20260128,172000,24.72,24.72,24.72,24.72,387,0
OXLCP.US,5,20260128,173000,24.73,24.73,24.7186,24.7186,2400,0
OXLCP.US,5,20260128,182500,24.7037,24.7037,24.7,24.7037,5034,0
OXLCP.US,5,20260128,191000,24.73,24.73,24.73,24.73,321,0
OXLCP.US,5,20260128,212000,24.7,24.7001,24.7,24.7001,3545,0
OXLCP.US,5,20260128,212500,24.7,24.7001,24.7,24.7001,1595,0
OXLCP.US,5,20260129,160000,24.73,24.73,24.73,24.73,230,0
OXLCP.US,5,20260129,164500,24.73,24.7301,24.73,24.7301,680,0
OXLCP.US,5,20260129,165000,24.74,24.74,24.74,24.74,100,0
OXLCP.US,5,20260129,174500,24.74,24.74,24.74,24.74,100,0
OXLCP.US,5,20260129,181500,24.745,24.745,24.745,24.745,202,0
OXLCP.US,5,20260129,182500,24.745,24.745,24.745,24.745,100,0
OXLCP.US,5,20260129,183000,24.742,24.75,24.7407,24.75,686,0
OXLCP.US,5,20260129,184000,24.74,24.74,24.74,24.74,100,0
OXLCP.US,5,20260129,213000,24.7476,24.75,24.7476,24.75,200,0
OXLCP.US,5,20260130,153000,24.6438,24.6438,24.6438,24.6438,100,0
OXLCP.US,5,20260130,155000,24.66,24.66,24.66,24.66,200,0
OXLCP.US,5,20260130,155500,24.66,24.66,24.65,24.65,300,0
OXLCP.US,5,20260130,160000,24.6,24.6,24.6,24.6,300,0
OXLCP.US,5,20260130,160500,24.6,24.6,24.6,24.6,700,0
OXLCP.US,5,20260130,161000,24.6,24.64,24.6,24.64,943,0
OXLCP.US,5,20260130,162000,24.649,24.649,24.649,24.649,258,0
OXLCP.US,5,20260130,162500,24.66,24.66,24.66,24.66,100,0
OXLCP.US,5,20260130,163000,24.62,24.64,24.62,24.64,400,0
OXLCP.US,5,20260130,164000,24.641,24.641,24.641,24.641,202,0
OXLCP.US,5,20260130,164500,24.64,24.64,24.64,24.64,947,0
OXLCP.US,5,20260130,170000,24.64,24.7349,24.64,24.7349,1608,0
OXLCP.US,5,20260130,171500,24.73,24.73,24.73,24.73,100,0
OXLCP.US,5,20260130,191000,24.66,24.67,24.65,24.6501,3398,0
OXLCP.US,5,20260130,195500,24.67,24.67,24.67,24.67,100,0
OXLCP.US,5,20260130,200000,24.67,24.69,24.67,24.69,1069,0
OXLCP.US,5,20260130,201500,24.69,24.69,24.69,24.69,100,0
OXLCP.US,5,20260130,204000,24.678,24.6896,24.678,24.6896,357,0
OXLCP.US,5,20260130,205500,24.685,24.69,24.685,24.6888,1050,0
OXLCP.US,5,20260130,210000,24.6532,24.6886,24.6532,24.6886,200,0
OXLCP.US,5,20260130,212000,24.69,24.69,24.69,24.69,100,0
OXLCP.US,5,20260130,212500,24.688,24.688,24.688,24.688,100,0
OXLCP.US,5,20260130,214500,24.6842,24.6842,24.6842,24.6842,1100,0
OXLCP.US,5,20260130,215000,24.666,24.666,24.666,24.666,122,0
OXLCP.US,5,20260202,153000,24.674,24.674,24.66,24.66,506,0
OXLCP.US,5,20260202,153500,24.69,24.69,24.69,24.69,650,0
OXLCP.US,5,20260202,161000,24.6805,24.6805,24.6805,24.6805,500,0
OXLCP.US,5,20260202,164000,24.69,24.69,24.69,24.69,825,0
OXLCP.US,5,20260202,174500,24.6618,24.6618,24.6618,24.6618,300,0
OXLCP.US,5,20260202,175500,24.6832,24.6832,24.6832,24.6832,500,0
OXLCP.US,5,20260202,195500,24.675,24.675,24.675,24.675,400,0
OXLCP.US,5,20260202,200500,24.69,24.69,24.69,24.69,2396,0
OXLCP.US,5,20260202,204000,24.7,24.72,24.69,24.72,743,0
OXLCP.US,5,20260202,204500,24.66,24.66,24.66,24.66,150,0
OXLCP.US,5,20260202,211500,24.7,24.7,24.7,24.7,100,0
OXLCP.US,5,20260203,153000,24.76,24.76,24.76,24.76,505,0
OXLCP.US,5,20260203,153500,24.7201,24.7201,24.7201,24.7201,250,0
OXLCP.US,5,20260203,161500,24.8,24.8,24.8,24.8,200,0
OXLCP.US,5,20260203,162000,24.8,24.8,24.8,24.8,100,0
OXLCP.US,5,20260203,164000,24.75,24.75,24.75,24.75,310,0
OXLCP.US,5,20260203,172500,24.75,24.75,24.75,24.75,200,0
OXLCP.US,5,20260203,182500,24.73,24.73,24.7,24.7,665,0
OXLCP.US,5,20260203,183500,24.72,24.72,24.72,24.72,200,0
OXLCP.US,5,20260203,190500,24.68,24.68,24.62,24.62,1322,0
OXLCP.US,5,20260203,192000,24.645,24.645,24.645,24.645,260,0
OXLCP.US,5,20260203,204500,24.64,24.64,24.64,24.64,1267,0
OXLCP.US,5,20260203,205500,24.6201,24.66,24.6201,24.66,203,0
OXLCP.US,5,20260203,210000,24.69,24.69,24.69,24.69,100,0
OXLCP.US,5,20260203,210500,24.74,24.75,24.74,24.75,400,0
OXLCP.US,5,20260203,211000,24.7599,24.7599,24.7599,24.7599,980,0
OXLCP.US,5,20260203,212000,24.69,24.69,24.69,24.69,200,0
OXLCP.US,5,20260204,164000,24.7,24.7,24.7,24.7,251,0
OXLCP.US,5,20260204,170000,24.69,24.69,24.69,24.69,100,0
OXLCP.US,5,20260204,170500,24.69,24.69,24.69,24.69,200,0
OXLCP.US,5,20260204,171500,24.7,24.7,24.6999,24.6999,1498,0
OXLCP.US,5,20260204,174500,24.73,24.73,24.73,24.73,300,0
OXLCP.US,5,20260204,182500,24.7404,24.7404,24.74,24.74,462,0
OXLCP.US,5,20260204,184500,24.7499,24.7499,24.7499,24.7499,394,0
OXLCP.US,5,20260204,202500,24.68,24.68,24.68,24.68,200,0
OXLCP.US,5,20260204,204000,24.68,24.68,24.68,24.68,100,0
OXLCP.US,5,20260204,205500,24.72,24.72,24.72,24.72,1000,0
OXLCP.US,5,20260205,155500,24.65,24.65,24.65,24.65,444,0
OXLCP.US,5,20260205,171000,24.65,24.65,24.6301,24.6477,997,0
OXLCP.US,5,20260205,173000,24.65,24.65,24.65,24.65,1300,0
OXLCP.US,5,20260205,175500,24.6488,24.65,24.64,24.65,1500,0
OXLCP.US,5,20260205,195500,24.7494,24.7494,24.7494,24.7494,122,0
OXLCP.US,5,20260205,203000,24.71,24.71,24.71,24.71,200,0
OXLCP.US,5,20260205,204000,24.71,24.71,24.71,24.71,145,0
OXLCP.US,5,20260206,160500,24.7,24.7,24.7,24.7,100,0
OXLCP.US,5,20260206,161000,24.69,24.69,24.69,24.69,100,0
OXLCP.US,5,20260206,172500,24.69,24.69,24.69,24.69,427,0
OXLCP.US,5,20260206,173500,24.66,24.687,24.66,24.687,200,0
OXLCP.US,5,20260206,182000,24.72,24.72,24.72,24.72,300,0
OXLCP.US,5,20260206,192500,24.753,24.765,24.753,24.753,1200,0
OXLCP.US,5,20260206,193500,24.75,24.75,24.75,24.75,140,0
OXLCP.US,5,20260206,195000,24.75,24.75,24.75,24.75,110,0
OXLCP.US,5,20260206,203500,24.7396,24.7396,24.72,24.72,600,0
OXLCP.US,5,20260206,213500,24.71,24.71,24.71,24.71,100,0
OXLCP.US,5,20260206,214000,24.75,24.75,24.75,24.75,100,0
OXLCP.US,5,20260209,161500,24.78,24.78,24.78,24.78,100,0
OXLCP.US,5,20260209,193500,24.78,24.78,24.78,24.78,100,0
OXLCP.US,5,20260210,154000,24.78,24.78,24.74,24.74,200,0
OXLCP.US,5,20260210,154500,24.745,24.745,24.745,24.745,100,0
OXLCP.US,5,20260210,155000,24.745,24.745,24.71,24.745,400,0
OXLCP.US,5,20260210,172000,24.74,24.74,24.74,24.74,200,0
OXLCP.US,5,20260210,190000,24.73,24.73,24.73,24.73,100,0
OXLCP.US,5,20260211,160000,24.79,24.79,24.79,24.79,248,0
OXLCP.US,5,20260211,162500,24.757,24.757,24.757,24.757,1000,0
OXLCP.US,5,20260211,164500,24.75,24.75,24.75,24.75,1610,0
OXLCP.US,5,20260211,170000,24.75,24.75,24.75,24.75,300,0
OXLCP.US,5,20260211,171000,24.7512,24.7512,24.7512,24.7512,145,0
OXLCP.US,5,20260211,172500,24.73,24.73,24.73,24.73,200,0
OXLCP.US,5,20260211,173000,24.7799,24.7799,24.7799,24.7799,1000,0
OXLCP.US,5,20260211,181500,24.7273,24.7273,24.7273,24.7273,1000,0
OXLCP.US,5,20260211,183000,24.69,24.69,24.69,24.69,331,0
OXLCP.US,5,20260211,190000,24.68,24.68,24.68,24.68,100,0
OXLCP.US,5,20260211,191000,24.68,24.68,24.68,24.68,100,0
OXLCP.US,5,20260211,200000,24.68,24.68,24.68,24.68,200,0
OXLCP.US,5,20260211,200500,24.665,24.68,24.665,24.68,465,0
OXLCP.US,5,20260211,201000,24.675,24.68,24.675,24.68,484,0
OXLCP.US,5,20260211,201500,24.68,24.68,24.68,24.68,484,0
OXLCP.US,5,20260211,202000,24.68,24.68,24.67,24.67,600,0
OXLCP.US,5,20260211,202500,24.67,24.67,24.67,24.67,100,0
OXLCP.US,5,20260211,203000,24.67,24.67,24.67,24.67,202,0
OXLCP.US,5,20260211,204500,24.67,24.67,24.65,24.65,765,0
OXLCP.US,5,20260211,205500,24.65,24.65,24.65,24.65,376,0
OXLCP.US,5,20260211,210000,24.65,24.65,24.65,24.65,100,0
OXLCP.US,5,20260211,210500,24.65,24.65,24.65,24.65,100,0
OXLCP.US,5,20260211,212500,24.65,24.65,24.65,24.65,200,0
OXLCP.US,5,20260211,213000,24.63,24.65,24.63,24.63,1000,0
OXLCP.US,5,20260211,214000,24.65,24.65,24.63,24.63,641,0
OXLCP.US,5,20260211,214500,24.64,24.6799,24.64,24.65,1500,0
OXLCP.US,5,20260211,215000,24.65,24.65,24.64,24.64,2350,0
OXLCP.US,5,20260212,160000,24.75,24.75,24.75,24.75,717,0
OXLCP.US,5,20260212,164500,24.728,24.728,24.728,24.728,105,0
OXLCP.US,5,20260212,211000,24.7,24.7,24.7,24.7,484,0
OXLCP.US,5,20260212,212000,24.6875,24.6891,24.6875,24.6891,829,0
OXLCP.US,5,20260213,153500,24.51,24.52,24.5,24.5,600,0
OXLCP.US,5,20260213,172500,24.65,24.65,24.65,24.65,306,0
OXLCP.US,5,20260213,191000,24.67,24.67,24.65,24.65,300,0
OXLCP.US,5,20260213,203000,24.64,24.64,24.64,24.64,490,0
OXLCP.US,5,20260213,205000,24.6,24.6,24.6,24.6,300,0
OXLCP.US,5,20260213,210000,24.6,24.6,24.6,24.6,100,0
OXLCP.US,5,20260213,210500,24.61,24.61,24.61,24.61,200,0
OXLCP.US,5,20260213,214000,24.5925,24.5925,24.5925,24.5925,390,0
OXLCP.US,5,20260213,215000,24.62,24.62,24.613,24.613,350,0
OXLCP.US,5,20260217,153000,24.64,24.65,24.64,24.64,500,0
OXLCP.US,5,20260217,154500,24.71,24.71,24.71,24.71,700,0
OXLCP.US,5,20260217,160500,24.65,24.65,24.64,24.64,4698,0
OXLCP.US,5,20260217,162000,24.6199,24.6199,24.61,24.61,402,0
OXLCP.US,5,20260217,164000,24.62,24.62,24.62,24.62,100,0
OXLCP.US,5,20260217,170500,24.59,24.59,24.59,24.59,100,0
OXLCP.US,5,20260217,191500,24.56,24.56,24.56,24.56,900,0
OXLCP.US,5,20260217,192000,24.6,24.6,24.6,24.6,607,0
OXLCP.US,5,20260217,193000,24.56,24.56,24.56,24.56,200,0
OXLCP.US,5,20260217,200000,24.5799,24.6,24.56,24.56,5844,0
OXLCP.US,5,20260217,200500,24.56,24.577,24.46,24.46,11002,0
OXLCP.US,5,20260217,201000,24.49,24.59,24.49,24.59,2304,0
OXLCP.US,5,20260217,202500,24.57,24.57,24.57,24.57,800,0
OXLCP.US,5,20260217,203000,24.5799,24.5799,24.5799,24.5799,375,0
OXLCP.US,5,20260217,203500,24.51,24.51,24.51,24.51,100,0
OXLCP.US,5,20260217,204000,24.52,24.52,24.52,24.52,200,0
OXLCP.US,5,20260217,204500,24.52,24.52,24.52,24.52,100,0
OXLCP.US,5,20260217,205000,24.51,24.51,24.51,24.51,100,0
OXLCP.US,5,20260217,210000,24.55,24.55,24.55,24.55,100,0
OXLCP.US,5,20260217,210500,24.5,24.5,24.5,24.5,100,0
OXLCP.US,5,20260217,211000,24.535,24.535,24.535,24.535,288,0
OXLCP.US,5,20260217,212500,24.51,24.51,24.51,24.51,100,0
OXLCP.US,5,20260217,213500,24.51,24.51,24.51,24.51,100,0
OXLCP.US,5,20260217,214000,24.51,24.51,24.51,24.51,100,0
OXLCP.US,5,20260217,214500,24.5,24.5,24.5,24.5,655,0
OXLCP.US,5,20260218,153500,24.55,24.56,24.55,24.56,200,0
OXLCP.US,5,20260218,155500,24.54,24.55,24.54,24.54,1553,0
OXLCP.US,5,20260218,160000,24.515,24.515,24.515,24.515,950,0
OXLCP.US,5,20260218,161000,24.5499,24.55,24.5496,24.5496,904,0
OXLCP.US,5,20260218,161500,24.56,24.56,24.56,24.56,438,0
OXLCP.US,5,20260218,162000,24.52,24.52,24.52,24.52,248,0
OXLCP.US,5,20260218,165500,24.5,24.5,24.4999,24.4999,1632,0
OXLCP.US,5,20260218,171000,24.55,24.55,24.55,24.55,612,0
OXLCP.US,5,20260218,171500,24.5,24.55,24.5,24.55,570,0
OXLCP.US,5,20260218,172000,24.55,24.55,24.5,24.51,2500,0
OXLCP.US,5,20260218,175500,24.51,24.55,24.51,24.5101,1100,0
OXLCP.US,5,20260218,182000,24.51,24.51,24.4999,24.4999,1368,0
OXLCP.US,5,20260218,183000,24.48,24.48,24.48,24.48,100,0
OXLCP.US,5,20260218,193000,24.5101,24.5101,24.5101,24.5101,200,0
OXLCP.US,5,20260218,200500,24.55,24.55,24.53,24.53,200,0
OXLCP.US,5,20260218,205500,24.51,24.51,24.51,24.51,137,0
OXLCP.US,5,20260218,210000,24.55,24.55,24.55,24.55,100,0
OXLCP.US,5,20260218,213500,24.51,24.51,24.51,24.51,100,0
OXLCP.US,5,20260218,214000,24.5362,24.5362,24.5362,24.5362,100,0
OXLCP.US,5,20260218,214500,24.51,24.51,24.51,24.51,300,0
OXLCP.US,5,20260218,215000,24.51,24.51,24.5,24.5,963,0
OXLCP.US,5,20260219,153000,24.5,24.5,24.5,24.5,400,0
OXLCP.US,5,20260219,153500,24.55,24.55,24.55,24.55,2884,0
OXLCP.US,5,20260219,154000,24.55,24.55,24.55,24.55,700,0
OXLCP.US,5,20260219,160000,24.525,24.525,24.525,24.525,300,0
OXLCP.US,5,20260219,162000,24.55,24.55,24.55,24.55,1916,0
OXLCP.US,5,20260219,164500,24.58,24.58,24.58,24.58,200,0
OXLCP.US,5,20260219,174500,24.55,24.55,24.5,24.5,6150,0
OXLCP.US,5,20260219,194500,24.5,24.5,24.5,24.5,5600,0
OXLCP.US,5,20260219,201000,24.5,24.5,24.5,24.5,4200,0
OXLCP.US,5,20260219,203000,24.55,24.55,24.55,24.55,1128,0
OXLCP.US,5,20260219,204000,24.55,24.55,24.55,24.55,162,0
OXLCP.US,5,20260220,154500,24.55,24.55,24.55,24.55,600,0
OXLCP.US,5,20260220,165000,24.55,24.55,24.5,24.5,10382,0
OXLCP.US,5,20260220,173000,24.55,24.55,24.55,24.55,610,0
OXLCP.US,5,20260220,173500,24.5,24.55,24.5,24.55,10350,0
OXLCP.US,5,20260220,181000,24.55,24.55,24.55,24.55,100,0
OXLCP.US,5,20260220,184000,24.56,24.57,24.56,24.57,266,0
OXLCP.US,5,20260220,185500,24.58,24.58,24.58,24.58,300,0
OXLCP.US,5,20260220,191000,24.565,24.565,24.565,24.565,300,0
OXLCP.US,5,20260220,201000,24.55,24.55,24.5,24.55,2919,0
OXLCP.US,5,20260223,153500,24.55,24.55,24.55,24.55,500,0
OXLCP.US,5,20260223,154500,24.52,24.555,24.5,24.5,6245,0
OXLCP.US,5,20260223,155000,24.4998,24.5,24.4998,24.5,2105,0
OXLCP.US,5,20260223,155500,24.55,24.55,24.55,24.55,400,0
OXLCP.US,5,20260223,162500,24.5,24.5,24.5,24.5,4955,0
OXLCP.US,5,20260223,163500,24.53,24.53,24.53,24.53,100,0
OXLCP.US,5,20260223,164500,24.53,24.53,24.53,24.53,500,0
OXLCP.US,5,20260223,180500,24.5,24.5123,24.5,24.5123,3050,0
OXLCP.US,5,20260223,183500,24.5,24.5,24.485,24.5,2900,0
OXLCP.US,5,20260223,185500,24.5025,24.5025,24.5025,24.5025,200,0
OXLCP.US,5,20260223,190000,24.5,24.5,24.5,24.5,100,0
OXLCP.US,5,20260223,191000,24.5,24.5,24.5,24.5,100,0
OXLCP.US,5,20260223,202500,24.5165,24.5165,24.5165,24.5165,100,0
OXLCP.US,5,20260223,203500,24.5012,24.53,24.5012,24.53,1200,0
OXLCP.US,5,20260223,205500,24.53,24.53,24.53,24.53,100,0
OXLCP.US,5,20260223,213500,24.55,24.55,24.525,24.525,1560,0
OXLCP.US,5,20260223,215500,24.53,24.53,24.525,24.525,600,0
OXLCP.US,5,20260224,155500,24.55,24.55,24.55,24.55,2475,0
OXLCP.US,5,20260224,160500,24.6,24.6,24.6,24.6,407,0
OXLCP.US,5,20260224,161000,24.6,24.6,24.6,24.6,300,0
OXLCP.US,5,20260224,163000,24.59,24.6,24.5814,24.5814,1200,0
OXLCP.US,5,20260224,170500,24.55,24.5599,24.55,24.5599,7900,0
OXLCP.US,5,20260224,172500,24.59,24.59,24.5602,24.5602,1000,0
OXLCP.US,5,20260224,174500,24.55,24.55,24.55,24.55,4950,0
OXLCP.US,5,20260224,175000,24.55,24.57,24.55,24.57,3300,0
OXLCP.US,5,20260224,181500,24.57,24.57,24.57,24.57,1000,0
OXLCP.US,5,20260224,182500,24.55,24.55,24.55,24.55,100,0
OXLCP.US,5,20260224,195000,24.57,24.59,24.555,24.5638,938,0
OXLCP.US,5,20260224,201000,24.56,24.56,24.56,24.56,196,0
OXLCP.US,5,20260224,202000,24.5301,24.5301,24.5301,24.5301,600,0
OXLCP.US,5,20260224,203500,24.55,24.55,24.51,24.535,4922,0
OXLCP.US,5,20260224,214500,24.53,24.55,24.53,24.53,3296,0
OXLCP.US,5,20260224,215500,24.55,24.55,24.525,24.54,2773,0
OXLCP.US,5,20260225,155500,24.53,24.53,24.49,24.49,2392,0
OXLCP.US,5,20260225,160000,24.5,24.5,24.5,24.5,500,0
OXLCP.US,5,20260225,160500,24.54,24.54,24.54,24.54,278,0
OXLCP.US,5,20260225,165500,24.5547,24.5547,24.5547,24.5547,1000,0
OXLCP.US,5,20260225,175000,24.56,24.56,24.56,24.56,100,0
OXLCP.US,5,20260225,181500,24.5601,24.5601,24.5601,24.5601,200,0
OXLCP.US,5,20260225,194000,24.56,24.56,24.56,24.56,200,0
OXLCP.US,5,20260225,195000,24.51,24.51,24.5,24.5,2970,0
OXLCP.US,5,20260225,215000,24.49,24.49,24.49,24.49,100,0
OXLCP.US,5,20260226,165500,24.55,24.55,24.55,24.55,446,0
OXLCP.US,5,20260226,171500,24.54,24.54,24.54,24.54,300,0
OXLCP.US,5,20260226,175500,24.5011,24.5011,24.5011,24.5011,200,0
OXLCP.US,5,20260226,183000,24.5,24.514,24.5,24.514,1092,0
OXLCP.US,5,20260226,192500,24.53,24.53,24.53,24.53,450,0
OXLCP.US,5,20260226,210500,24.5656,24.5656,24.5656,24.5656,225,0
OXLCP.US,5,20260226,213000,24.6178,24.6178,24.6178,24.6178,100,0
OXLCP.US,5,20260226,215000,24.585,24.585,24.585,24.585,150,0
OXLCP.US,5,20260227,154500,24.49,24.49,24.49,24.49,455,0
OXLCP.US,5,20260227,163000,24.55,24.55,24.55,24.55,609,0
OXLCP.US,5,20260227,163500,24.53,24.53,24.53,24.53,160,0
OXLCP.US,5,20260227,173000,24.5495,24.5495,24.5495,24.5495,608,0
OXLCP.US,5,20260227,193000,24.5499,24.5499,24.5499,24.5499,100,0
OXLCP.US,5,20260227,211000,24.55,24.55,24.55,24.55,456,0
OXLCP.US,5,20260227,214000,24.47,24.47,24.47,24.47,199,0
OXLCP.US,5,20260302,153500,24.5,24.5,24.5,24.5,1188,0
OXLCP.US,5,20260302,154500,24.48,24.6,24.48,24.6,212,0
OXLCP.US,5,20260302,161500,24.48,24.48,24.48,24.48,100,0
OXLCP.US,5,20260302,162000,24.485,24.485,24.485,24.485,100,0
OXLCP.US,5,20260302,173500,24.48,24.48,24.48,24.48,200,0
OXLCP.US,5,20260302,174500,24.48,24.5,24.48,24.5,1800,0
OXLCP.US,5,20260302,180500,24.4997,24.4997,24.4997,24.4997,114,0
OXLCP.US,5,20260302,185000,24.5,24.5,24.5,24.5,300,0
OXLCP.US,5,20260302,195000,24.5009,24.5009,24.5009,24.5009,500,0
OXLCP.US,5,20260302,210500,24.57,24.57,24.57,24.57,402,0
OXLCP.US,5,20260303,154000,24.56,24.56,24.56,24.56,215,0
OXLCP.US,5,20260303,162000,24.51,24.51,24.51,24.51,100,0
OXLCP.US,5,20260303,162500,24.51,24.51,24.45,24.45,1425,0
OXLCP.US,5,20260303,163000,24.5,24.5,24.5,24.5,100,0
OXLCP.US,5,20260303,165500,24.47,24.475,24.47,24.475,444,0
OXLCP.US,5,20260303,170000,24.4999,24.4999,24.4999,24.4999,1794,0
OXLCP.US,5,20260303,171000,24.46,24.46,24.46,24.46,100,0
OXLCP.US,5,20260303,173000,24.5,24.5,24.5,24.5,300,0
OXLCP.US,5,20260303,173500,24.5,24.5,24.5,24.5,350,0
OXLCP.US,5,20260303,174000,24.5,24.5,24.5,24.5,254,0
OXLCP.US,5,20260303,174500,24.5,24.58,24.499,24.499,2000,0
OXLCP.US,5,20260303,182000,24.47,24.47,24.47,24.47,100,0
OXLCP.US,5,20260303,193000,24.48,24.48,24.48,24.48,100,0
OXLCP.US,5,20260303,195500,24.5195,24.5195,24.5195,24.5195,100,0
OXLCP.US,5,20260303,202000,24.525,24.525,24.525,24.525,125,0
OXLCP.US,5,20260303,202500,24.49,24.49,24.49,24.49,100,0
OXLCP.US,5,20260303,212000,24.48,24.48,24.48,24.48,100,0
OXLCP.US,5,20260303,215500,24.56,24.56,24.56,24.56,100,0
OXLCP.US,5,20260304,153000,24.58,24.58,24.58,24.58,200,0
OXLCP.US,5,20260304,165500,24.45,24.45,24.45,24.45,406,0
OXLCP.US,5,20260304,171500,24.48,24.48,24.48,24.48,100,0
OXLCP.US,5,20260304,172500,24.525,24.525,24.525,24.525,300,0
OXLCP.US,5,20260304,173000,24.57,24.57,24.5,24.5,700,0
OXLCP.US,5,20260304,174000,24.56,24.58,24.5,24.5,614,0
OXLCP.US,5,20260304,192000,24.5799,24.58,24.5426,24.58,4327,0
OXLCP.US,5,20260304,195500,24.59,24.59,24.59,24.59,100,0
OXLCP.US,5,20260304,210500,24.59,24.62,24.59,24.62,1590,0
OXLCP.US,5,20260304,211000,24.6783,24.6783,24.6783,24.6783,610,0
OXLCP.US,5,20260304,212000,24.63,24.63,24.63,24.63,100,0
OXLCP.US,5,20260304,213500,24.67,24.67,24.67,24.67,176,0
OXLCP.US,5,20260305,153000,24.53,24.53,24.53,24.53,100,0
OXLCP.US,5,20260305,161500,24.51,24.52,24.32,24.41,8673,0
OXLCP.US,5,20260305,162000,24.2798,24.4,24.2798,24.4,1100,0
OXLCP.US,5,20260305,170500,24.5,24.5,24.5,24.5,300,0
OXLCP.US,5,20260305,172000,24.5001,24.5001,24.5001,24.5001,600,0
OXLCP.US,5,20260305,173000,24.5,24.51,24.5,24.51,300,0
OXLCP.US,5,20260305,173500,24.58,24.59,24.58,24.59,2100,0
OXLCP.US,5,20260305,174000,24.59,24.59,24.59,24.59,200,0
OXLCP.US,5,20260305,175000,24.6,24.61,24.6,24.61,1489,0
OXLCP.US,5,20260305,175500,24.59,24.59,24.59,24.59,120,0
OXLCP.US,5,20260305,183000,24.59,24.59,24.59,24.59,100,0
OXLCP.US,5,20260305,190000,24.575,24.575,24.575,24.575,843,0
OXLCP.US,5,20260305,192500,24.5983,24.5983,24.5983,24.5983,125,0
OXLCP.US,5,20260305,193000,24.6,24.6,24.6,24.6,900,0
OXLCP.US,5,20260305,194000,24.59,24.59,24.59,24.59,1500,0
OXLCP.US,5,20260305,200500,24.59,24.59,24.59,24.59,1100,0
OXLCP.US,5,20260305,201000,24.59,24.59,24.59,24.59,1000,0
OXLCP.US,5,20260305,202500,24.6,24.6,24.6,24.6,100,0
OXLCP.US,5,20260305,203000,24.61,24.61,24.61,24.61,200,0
OXLCP.US,5,20260305,205000,24.59,24.59,24.59,24.59,100,0
OXLCP.US,5,20260305,210500,24.59,24.59,24.59,24.59,600,0
OXLCP.US,5,20260305,211500,24.615,24.62,24.615,24.62,450,0
OXLCP.US,5,20260305,212500,24.62,24.63,24.62,24.63,400,0
OXLCP.US,5,20260305,213500,24.59,24.59,24.59,24.59,100,0
OXLCP.US,5,20260305,214500,24.62,24.62,24.62,24.62,100,0
OXLCP.US,5,20260305,215500,24.62,24.62,24.62,24.62,300,0
OXLCP.US,5,20260306,153000,24.55,24.55,24.5255,24.5255,1475,0
OXLCP.US,5,20260306,154500,24.5503,24.5503,24.5503,24.5503,201,0
OXLCP.US,5,20260306,160000,24.52,24.52,24.5189,24.5189,700,0
OXLCP.US,5,20260306,160500,24.52,24.52,24.52,24.52,400,0
OXLCP.US,5,20260306,161000,24.525,24.525,24.525,24.525,390,0
OXLCP.US,5,20260306,165000,24.4999,24.4999,24.4999,24.4999,2000,0
OXLCP.US,5,20260306,165500,24.4936,24.4936,24.4936,24.4936,1000,0
OXLCP.US,5,20260306,170500,24.5,24.5,24.5,24.5,295,0
OXLCP.US,5,20260306,171000,24.5,24.5,24.4984,24.4984,525,0
OXLCP.US,5,20260306,173000,24.473,24.473,24.473,24.473,198,0
OXLCP.US,5,20260306,175000,24.485,24.485,24.485,24.485,100,0
OXLCP.US,5,20260306,181000,24.5,24.5,24.5,24.5,100,0
OXLCP.US,5,20260306,181500,24.5,24.5,24.5,24.5,100,0
OXLCP.US,5,20260306,182000,24.5,24.5,24.4995,24.5,1400,0
OXLCP.US,5,20260306,184000,24.5,24.5,24.5,24.5,150,0
OXLCP.US,5,20260306,192000,24.56,24.56,24.5,24.5,1320,0
OXLCP.US,5,20260306,193000,24.5,24.5,24.5,24.5,500,0
OXLCP.US,5,20260306,194000,24.4915,24.5,24.4775,24.5,800,0
OXLCP.US,5,20260306,194500,24.475,24.5,24.475,24.4918,2100,0
OXLCP.US,5,20260306,195000,24.4918,24.5,24.475,24.475,1100,0
OXLCP.US,5,20260306,195500,24.475,24.475,24.475,24.475,120,0
OXLCP.US,5,20260306,200500,24.5,24.5,24.4999,24.5,1230,0
OXLCP.US,5,20260306,201000,24.491,24.5,24.49,24.5,1800,0
OXLCP.US,5,20260306,204000,24.5,24.54,24.5,24.54,320,0
OXLCP.US,5,20260306,211000,24.6,24.6,24.6,24.6,200,0
OXLCP.US,5,20260306,211500,24.6,24.61,24.6,24.6,1423,0
OXLCP.US,5,20260306,212000,24.6,24.69,24.6,24.69,4025,0
OXLCP.US,5,20260306,212500,24.69,24.75,24.69,24.74,4179,0
OXLCP.US,5,20260306,213000,24.74,24.75,24.74,24.75,2143,0
OXLCP.US,5,20260306,213500,24.7101,24.735,24.7101,24.735,300,0
OXLCP.US,5,20260306,214000,24.74,24.74,24.74,24.74,165,0
OXLCP.US,5,20260306,214500,24.7101,24.75,24.7101,24.75,1004,0
OXLCP.US,5,20260306,215000,24.76,24.76,24.7101,24.7101,710,0
OXLCP.US,5,20260306,215500,24.735,24.75,24.7101,24.75,2032,0
OXLCP.US,5,20260309,143000,24.61,24.61,24.61,24.61,500,0
OXLCP.US,5,20260309,151000,24.55,24.55,24.55,24.55,215,0
OXLCP.US,5,20260309,152000,24.55,24.55,24.55,24.55,1239,0
OXLCP.US,5,20260309,155000,24.55,24.55,24.55,24.55,1210,0
OXLCP.US,5,20260309,161000,24.72,24.8,24.72,24.8,3531,0
OXLCP.US,5,20260309,162000,24.8,24.8,24.8,24.8,138,0
OXLCP.US,5,20260309,164000,24.7501,24.79,24.75,24.79,7200,0
OXLCP.US,5,20260309,164500,24.7501,24.77,24.75,24.75,6689,0
OXLCP.US,5,20260309,165000,24.7664,24.77,24.7592,24.766,2200,0
OXLCP.US,5,20260309,170500,24.77,24.77,24.77,24.77,500,0
OXLCP.US,5,20260309,171000,24.7501,24.7501,24.7501,24.7501,254,0
OXLCP.US,5,20260309,171500,24.76,24.774,24.76,24.774,767,0
OXLCP.US,5,20260309,174000,24.7566,24.7566,24.7566,24.7566,100,0
OXLCP.US,5,20260309,180500,24.768,24.768,24.768,24.768,170,0
OXLCP.US,5,20260309,190000,24.78,24.78,24.78,24.78,300,0
OXLCP.US,5,20260309,192000,24.79,24.79,24.79,24.79,100,0
OXLCP.US,5,20260309,192500,24.79,24.7999,24.7801,24.7801,555,0
OXLCP.US,5,20260309,201000,24.78,24.8,24.78,24.8,1292,0
OXLCP.US,5,20260309,204500,24.82,24.82,24.82,24.82,200,0
OXLCP.US,5,20260309,205500,24.86,24.86,24.86,24.86,100,0
OXLCP.US,5,20260310,150000,24.6,24.6,24.6,24.6,2100,0
OXLCP.US,5,20260310,150500,24.8165,24.8165,24.8165,24.8165,411,0
OXLCP.US,5,20260310,151500,24.5,24.5,24.5,24.5,600,0
OXLCP.US,5,20260310,153000,24.62,24.73,24.6,24.685,2578,0
OXLCP.US,5,20260310,154500,24.6,24.6,24.6,24.6,1800,0
OXLCP.US,5,20260310,155500,24.6,24.6,24.6,24.6,199,0
OXLCP.US,5,20260310,162500,24.6,24.685,24.6,24.6,2100,0
OXLCP.US,5,20260310,164500,24.51,24.51,24.51,24.51,407,0
OXLCP.US,5,20260310,172000,24.69,24.695,24.69,24.695,800,0
OXLCP.US,5,20260310,173000,24.76,24.78,24.74,24.74,500,0
OXLCP.US,5,20260310,173500,24.74,24.78,24.74,24.78,1000,0
OXLCP.US,5,20260310,174000,24.77,24.77,24.77,24.77,500,0
OXLCP.US,5,20260310,174500,24.78,24.78,24.78,24.78,1000,0
OXLCP.US,5,20260310,180500,24.78,24.78,24.78,24.78,500,0
OXLCP.US,5,20260310,182000,24.8599,24.8599,24.8599,24.8599,1115,0
OXLCP.US,5,20260310,184000,24.72,24.78,24.7,24.7,6199,0
OXLCP.US,5,20260310,190000,24.68,24.7,24.68,24.7,2300,0
OXLCP.US,5,20260310,190500,24.735,24.735,24.7,24.7,2100,0
OXLCP.US,5,20260310,191000,24.6101,24.6101,24.6101,24.6101,400,0
OXLCP.US,5,20260310,192000,24.7,24.735,24.7,24.7,4400,0
OXLCP.US,5,20260310,200000,24.8,24.8,24.735,24.735,211,0
OXLCP.US,5,20260310,202000,24.735,24.735,24.735,24.735,209,0
OXLCP.US,5,20260310,204500,24.83,24.85,24.8,24.83,9730,0
OXLCP.US,5,20260310,205000,24.85,24.85,24.84,24.85,14184,0
OXLCP.US,5,20260310,205500,24.85,24.85,24.85,24.85,100,0
OXLCP.US,5,20260311,152500,24.647,24.647,24.647,24.647,1428,0
OXLCP.US,5,20260311,155000,24.6608,24.6608,24.6608,24.6608,200,0
OXLCP.US,5,20260311,163500,24.66,24.6925,24.65,24.65,2579,0
OXLCP.US,5,20260311,171500,24.77,24.79,24.77,24.79,2223,0
OXLCP.US,5,20260311,180000,24.8499,24.8499,24.8499,24.8499,400,0
OXLCP.US,5,20260311,182500,24.83,24.85,24.83,24.85,1178,0
OXLCP.US,5,20260311,183000,24.85,24.85,24.85,24.85,636,0
OXLCP.US,5,20260311,183500,24.85,24.85,24.85,24.85,477,0
OXLCP.US,5,20260311,184000,24.85,24.85,24.85,24.85,100,0
OXLCP.US,5,20260311,184500,24.88,24.88,24.75,24.75,3200,0
OXLCP.US,5,20260311,185000,24.75,24.84,24.75,24.84,2148,0
OXLCP.US,5,20260311,185500,24.84,24.84,24.84,24.84,600,0
OXLCP.US,5,20260311,190000,24.84,24.85,24.84,24.85,577,0
OXLCP.US,5,20260311,190500,24.85,24.85,24.85,24.85,637,0
OXLCP.US,5,20260311,205500,24.85,24.85,24.83,24.85,9394,0
OXLCP.US,5,20260312,143000,24.7557,24.7557,24.7557,24.7557,400,0
OXLCP.US,5,20260312,144000,24.735,24.735,24.7,24.7,2500,0
OXLCP.US,5,20260312,154500,24.7403,24.7403,24.7403,24.7403,201,0
OXLCP.US,5,20260312,165000,24.745,24.745,24.74,24.745,2900,0
OXLCP.US,5,20260312,165500,24.745,24.75,24.74,24.75,1100,0
OXLCP.US,5,20260312,170000,24.82,24.82,24.82,24.82,100,0
OXLCP.US,5,20260312,170500,24.8499,24.8499,24.8499,24.8499,400,0
OXLCP.US,5,20260312,180000,24.75,24.75,24.75,24.75,6382,0
OXLCP.US,5,20260312,192500,24.83,24.85,24.83,24.85,200,0
OXLCP.US,5,20260312,193000,24.83,24.84,24.83,24.84,200,0
OXLCP.US,5,20260312,193500,24.84,24.84,24.84,24.84,200,0
OXLCP.US,5,20260312,194000,24.84,24.84,24.8,24.8,800,0
OXLCP.US,5,20260312,194500,24.76,24.8,24.76,24.8,317,0
OXLCP.US,5,20260312,195500,24.84,24.84,24.84,24.84,300,0
OXLCP.US,5,20260312,200500,24.85,24.85,24.85,24.85,300,0
OXLCP.US,5,20260312,204500,24.85,24.85,24.85,24.85,1200,0
OXLCP.US,5,20260312,205000,24.85,24.85,24.85,24.85,1340,0
OXLCP.US,5,20260312,205500,24.85,24.85,24.75,24.85,3257,0
OXLCP.US,5,20260313,152000,24.85,24.85,24.85,24.85,776,0
OXLCP.US,5,20260313,153500,24.76,24.76,24.76,24.76,400,0
OXLCP.US,5,20260313,163500,24.79,24.8,24.79,24.8,400,0
OXLCP.US,5,20260313,164000,24.8,24.88,24.8,24.88,300,0
OXLCP.US,5,20260313,165000,24.88,24.88,24.88,24.88,138,0
OXLCP.US,5,20260313,170500,24.88,24.88,24.88,24.88,100,0
OXLCP.US,5,20260313,171500,24.868,24.868,24.868,24.868,290,0
OXLCP.US,5,20260313,174000,24.8617,24.8617,24.8617,24.8617,535,0
OXLCP.US,5,20260313,184000,24.88,24.88,24.88,24.88,762,0
OXLCP.US,5,20260313,194500,24.84,24.84,24.84,24.84,349,0
OXLCP.US,5,20260313,195000,24.85,24.85,24.85,24.85,200,0
OXLCP.US,5,20260313,195500,24.8345,24.8345,24.8345,24.8345,100,0
OXLCP.US,5,20260313,200000,24.85,24.85,24.85,24.85,1500,0
OXLCP.US,5,20260313,201500,24.85,24.85,24.85,24.85,100,0
OXLCP.US,5,20260313,202000,24.89,24.89,24.89,24.89,169,0
OXLCP.US,5,20260313,202500,24.9,24.9,24.9,24.9,330,0
OXLCP.US,5,20260316,143000,24.88,24.88,24.88,24.88,100,0
OXLCP.US,5,20260316,144500,24.88,24.88,24.86,24.86,1000,0
OXLCP.US,5,20260316,145000,24.85,24.85,24.85,24.85,200,0
OXLCP.US,5,20260316,145500,24.85,24.85,24.85,24.85,500,0
OXLCP.US,5,20260316,150000,24.88,24.88,24.88,24.88,1000,0
OXLCP.US,5,20260316,150500,24.89,24.89,24.89,24.89,100,0
OXLCP.US,5,20260316,152000,24.89,24.89,24.83,24.83,4666,0
OXLCP.US,5,20260316,153000,24.83,24.83,24.83,24.83,450,0
OXLCP.US,5,20260316,154500,24.83,24.83,24.83,24.83,100,0
OXLCP.US,5,20260316,155500,24.83,24.83,24.83,24.83,200,0
OXLCP.US,5,20260316,161000,24.8585,24.8585,24.8585,24.8585,476,0
OXLCP.US,5,20260316,165000,24.8999,24.8999,24.8999,24.8999,600,0
OXLCP.US,5,20260316,172000,24.9,24.9,24.9,24.9,100,0
OXLCP.US,5,20260316,174000,24.8724,24.8724,24.8724,24.8724,200,0
OXLCP.US,5,20260316,175000,24.9,24.9,24.9,24.9,100,0
OXLCP.US,5,20260316,180000,24.87,24.87,24.87,24.87,4760,0
OXLCP.US,5,20260316,190000,24.835,24.835,24.835,24.835,100,0
OXLCP.US,5,20260316,193000,24.835,24.835,24.82,24.82,221,0
OXLCP.US,5,20260316,203500,24.835,24.835,24.835,24.835,162,0
OXLCP.US,5,20260316,205500,24.87,24.87,24.87,24.87,357,0
OXLCP.US,5,20260317,163500,24.65,24.65,24.65,24.65,100,0
OXLCP.US,5,20260317,171500,24.6358,24.6358,24.6358,24.6358,400,0
OXLCP.US,5,20260317,172000,24.65,24.65,24.65,24.65,200,0
OXLCP.US,5,20260317,172500,24.65,24.65,24.65,24.65,100,0
OXLCP.US,5,20260317,173000,24.635,24.635,24.635,24.635,400,0
OXLCP.US,5,20260317,174000,24.6457,24.6457,24.6457,24.6457,100,0
OXLCP.US,5,20260317,174500,24.6448,24.6448,24.6264,24.6264,300,0
OXLCP.US,5,20260317,175500,24.6453,24.65,24.6453,24.65,300,0
OXLCP.US,5,20260317,182000,24.65,24.65,24.65,24.65,100,0
OXLCP.US,5,20260317,184500,24.65,24.65,24.65,24.65,394,0
OXLCP.US,5,20260318,151000,24.74,24.74,24.74,24.74,100,0
OXLCP.US,5,20260318,152500,24.74,24.74,24.74,24.74,103,0
OXLCP.US,5,20260318,175500,24.63,24.63,24.63,24.63,346,0
OXLCP.US,5,20260318,180500,24.63,24.64,24.62,24.62,1139,0
OXLCP.US,5,20260318,182000,24.71,24.71,24.62,24.62,1143,0
OXLCP.US,5,20260318,182500,24.665,24.665,24.6,24.6,1914,0
OXLCP.US,5,20260318,184000,24.6,24.6,24.6,24.6,607,0
OXLCP.US,5,20260318,185000,24.6,24.6,24.6,24.6,1214,0
OXLCP.US,5,20260318,190000,24.6,24.6,24.6,24.6,545,0
OXLCP.US,5,20260318,202000,24.576,24.576,24.576,24.576,791,0
OXLCP.US,5,20260318,204000,24.57,24.57,24.57,24.57,200,0
OXLCP.US,5,20260318,205000,24.55,24.55,24.55,24.55,300,0
OXLCP.US,5,20260319,143000,24.57,24.57,24.57,24.57,100,0
OXLCP.US,5,20260319,145000,24.6,24.6,24.6,24.6,445,0
OXLCP.US,5,20260319,145500,24.48,24.48,24.48,24.48,400,0
OXLCP.US,5,20260319,150000,24.6,24.6,24.6,24.6,100,0
OXLCP.US,5,20260319,152000,24.4756,24.5,24.4756,24.5,274,0
OXLCP.US,5,20260319,160500,24.6,24.6,24.6,24.6,154,0
OXLCP.US,5,20260319,161000,24.6,24.6,24.6,24.6,100,0
OXLCP.US,5,20260319,162500,24.6,24.6,24.6,24.6,100,0
OXLCP.US,5,20260319,165500,24.56,24.56,24.5501,24.5501,1200,0
OXLCP.US,5,20260319,170000,24.6,24.6,24.6,24.6,560,0
OXLCP.US,5,20260319,175500,24.6,24.6,24.6,24.6,100,0
OXLCP.US,5,20260319,183500,24.565,24.565,24.565,24.565,379,0
OXLCP.US,5,20260319,195000,24.6499,24.6499,24.6499,24.6499,240,0
OXLCP.US,5,20260319,200500,24.55,24.55,24.55,24.55,110,0
OXLCP.US,5,20260320,151000,24.4,24.4,24.4,24.4,100,0
OXLCP.US,5,20260320,154000,24.5,24.5,24.4,24.41,478,0
OXLCP.US,5,20260320,195000,24.56,24.63,24.52,24.63,610,0
OXLCP.US,5,20260320,203500,24.62,24.62,24.62,24.62,206,0
OXLCP.US,5,20260320,204500,24.7,24.7,24.7,24.7,100,0
OXLCP.US,5,20260320,205000,24.7,24.7,24.7,24.7,100,0
OXLCP.US,5,20260320,205500,24.7,24.7,24.7,24.7,100,0
OXLCP.US,5,20260323,144000,24.77,24.78,24.77,24.78,200,0
OXLCP.US,5,20260323,144500,24.79,24.79,24.79,24.79,100,0
OXLCP.US,5,20260323,145000,24.77,24.785,24.77,24.785,200,0
OXLCP.US,5,20260323,145500,24.78,24.78,24.78,24.78,100,0
OXLCP.US,5,20260323,150000,24.77,24.77,24.74,24.74,200,0
OXLCP.US,5,20260323,150500,24.73,24.73,24.73,24.73,100,0
OXLCP.US,5,20260323,151000,24.75,24.75,24.75,24.75,100,0
OXLCP.US,5,20260323,151500,24.75,24.75,24.75,24.75,100,0
OXLCP.US,5,20260323,152000,24.75,24.75,24.75,24.75,100,0
OXLCP.US,5,20260323,152500,24.75,24.75,24.75,24.75,200,0
OXLCP.US,5,20260323,164500,24.645,24.645,24.645,24.645,160,0
OXLCP.US,5,20260323,191500,24.56,24.62,24.56,24.57,9280,0
OXLCP.US,5,20260324,143000,24.7,24.7,24.7,24.7,100,0
OXLCP.US,5,20260324,161500,24.57,24.57,24.57,24.57,229,0
OXLCP.US,5,20260324,180000,24.715,24.715,24.715,24.715,619,0
OXLCP.US,5,20260324,205500,24.58,24.58,24.58,24.58,100,0
OXLCP.US,5,20260325,160500,24.63,24.63,24.63,24.63,100,0
OXLCP.US,5,20260325,184000,24.715,24.715,24.64,24.64,1100,0
OXLCP.US,5,20260325,192500,24.63,24.6725,24.59,24.6725,1410,0
OXLCP.US,5,20260325,204500,24.58,24.58,24.58,24.58,100,0
OXLCP.US,5,20260326,145500,24.72,24.72,24.72,24.72,100,0
OXLCP.US,5,20260326,152500,24.72,24.72,24.72,24.72,859,0
OXLCP.US,5,20260326,161000,24.74,24.74,24.73,24.74,1102,0
OXLCP.US,5,20260326,171000,24.66,24.66,24.66,24.66,792,0
OXLCP.US,5,20260326,182500,24.6001,24.6001,24.6001,24.6001,330,0
OXLCP.US,5,20260326,195000,24.57,24.57,24.57,24.57,150,0
OXLCP.US,5,20260326,205000,24.6314,24.6599,24.58,24.6599,936,0
OXLCP.US,5,20260327,185000,24.6,24.6,24.6,24.6,100,0
OXLCP.US,5,20260327,185500,24.62,24.62,24.61,24.61,200,0
OXLCP.US,5,20260327,190000,24.61,24.61,24.61,24.61,100,0
OXLCP.US,5,20260327,191000,24.6,24.6,24.6,24.6,100,0
OXLCP.US,5,20260327,193000,24.6,24.6,24.6,24.6,200,0
OXLCP.US,5,20260327,193500,24.6,24.6,24.6,24.6,200,0
OXLCP.US,5,20260327,194000,24.6,24.6,24.6,24.6,100,0
OXLCP.US,5,20260327,194500,24.6,24.6,24.6,24.6,100,0
OXLCP.US,5,20260327,195000,24.6,24.6,24.6,24.6,200,0
OXLCP.US,5,20260327,195500,24.6,24.6,24.6,24.6,200,0
OXLCP.US,5,20260327,200000,24.6,24.6,24.6,24.6,100,0
OXLCP.US,5,20260327,200500,24.6,24.6,24.6,24.6,200,0
OXLCP.US,5,20260327,201000,24.6,24.6,24.6,24.6,100,0
OXLCP.US,5,20260327,201500,24.6,24.6,24.6,24.6,100,0
OXLCP.US,5,20260327,202000,24.6,24.6,24.6,24.6,100,0
OXLCP.US,5,20260327,202500,24.6,24.6,24.6,24.6,200,0
OXLCP.US,5,20260327,203000,24.6,24.6,24.6,24.6,100,0
OXLCP.US,5,20260327,203500,24.6,24.6,24.6,24.6,200,0
OXLCP.US,5,20260327,204500,24.57,24.57,24.57,24.57,200,0
OXLCP.US,5,20260327,205000,24.59,24.59,24.59,24.59,100,0
OXLCP.US,5,20260327,205500,24.6,24.6,24.6,24.6,247,0
OXLCP.US,5,20260330,154500,24.61,24.61,24.61,24.61,266,0
OXLCP.US,5,20260330,155000,24.61,24.61,24.61,24.61,100,0
OXLCP.US,5,20260330,160000,24.62,24.62,24.62,24.62,450,0
OXLCP.US,5,20260330,161000,24.65,24.65,24.65,24.65,444,0
OXLCP.US,5,20260330,165000,24.65,24.65,24.65,24.65,114,0
OXLCP.US,5,20260330,194500,24.5708,24.6494,24.5708,24.6494,573,0
OXLCP.US,5,20260330,195000,24.61,24.61,24.61,24.61,1220,0
OXLCP.US,5,20260330,213000,24.59,24.59,24.59,24.59,100,0
OXLCP.US,5,20260330,213500,24.57,24.61,24.53,24.53,1597,0
OXLCP.US,5,20260330,214000,24.58,24.58,24.58,24.58,446,0
OXLCP.US,5,20260331,153500,24.585,24.585,24.585,24.585,100,0
OXLCP.US,5,20260331,154000,24.54,24.54,24.54,24.54,200,0
OXLCP.US,5,20260331,160500,24.63,24.65,24.63,24.6499,2100,0
OXLCP.US,5,20260331,161500,24.65,24.65,24.65,24.65,100,0
OXLCP.US,5,20260331,162000,24.6499,24.65,24.6499,24.65,396,0
OXLCP.US,5,20260331,162500,24.7145,24.7145,24.7145,24.7145,100,0
OXLCP.US,5,20260331,163500,24.85,24.85,24.85,24.85,993,0
OXLCP.US,5,20260331,165000,24.81,24.81,24.755,24.81,415,0
OXLCP.US,5,20260331,170500,24.7449,24.7449,24.7449,24.7449,100,0
OXLCP.US,5,20260331,185500,24.73,24.73,24.7,24.7,1718,0
OXLCP.US,5,20260331,190500,24.7,24.7,24.7,24.7,200,0
OXLCP.US,5,20260331,192000,24.7499,24.7499,24.7499,24.7499,375,0
OXLCP.US,5,20260331,204500,24.715,24.715,24.715,24.715,344,0
OXLCP.US,5,20260401,153000,24.59,24.59,24.59,24.59,102,0
OXLCP.US,5,20260401,160000,24.63,24.63,24.63,24.63,1000,0
OXLCP.US,5,20260401,160500,24.7299,24.7299,24.7299,24.7299,1000,0
OXLCP.US,5,20260401,162000,24.54,24.6995,24.54,24.6995,1021,0
OXLCP.US,5,20260401,162500,24.66,24.75,24.66,24.75,2499,0
OXLCP.US,5,20260401,183500,24.75,24.75,24.75,24.75,1900,0
OXLCP.US,5,20260401,184000,24.75,24.81,24.73,24.81,3600,0
OXLCP.US,5,20260401,185000,24.8412,24.8412,24.8412,24.8412,125,0
OXLCP.US,5,20260401,185500,24.8,24.81,24.8,24.81,3072,0
OXLCP.US,5,20260401,190000,24.85,24.85,24.71,24.71,2330,0
OXLCP.US,5,20260401,200500,24.84,24.87,24.82,24.83,4700,0
OXLCP.US,5,20260401,201000,24.84,24.9,24.84,24.9,13839,0
OXLCP.US,5,20260401,202000,24.89,24.89,24.89,24.89,400,0
OXLCP.US,5,20260401,203000,24.9,24.9,24.8193,24.8193,200,0
OXLCP.US,5,20260401,203500,24.845,24.845,24.845,24.845,100,0
OXLCP.US,5,20260401,212500,24.8,24.8,24.79,24.79,300,0
OXLCP.US,5,20260402,153000,24.87,24.89,24.81,24.83,6335,0
OXLCP.US,5,20260402,153500,24.83,24.83,24.83,24.83,100,0
OXLCP.US,5,20260402,154000,24.85,24.86,24.84,24.86,1748,0
OXLCP.US,5,20260402,155000,24.87,24.87,24.87,24.87,2162,0
OXLCP.US,5,20260402,161000,24.785,24.785,24.785,24.785,100,0
OXLCP.US,5,20260402,162500,24.8502,24.87,24.85,24.87,2405,0
OXLCP.US,5,20260402,163000,24.87,24.87,24.86,24.87,410,0
OXLCP.US,5,20260402,163500,24.86,24.86,24.86,24.86,840,0
OXLCP.US,5,20260402,164500,24.87,24.87,24.87,24.87,426,0
OXLCP.US,5,20260402,165000,24.87,24.87,24.87,24.87,1139,0
OXLCP.US,5,20260402,165500,24.87,24.87,24.87,24.87,576,0
OXLCP.US,5,20260402,170500,24.89,24.89,24.8895,24.8895,1200,0
OXLCP.US,5,20260402,173000,24.87,24.87,24.87,24.87,524,0
OXLCP.US,5,20260402,175000,24.85,24.86,24.85,24.86,1074,0
OXLCP.US,5,20260402,180500,24.855,24.855,24.8,24.8,3370,0
OXLCP.US,5,20260402,181000,24.8599,24.8599,24.8599,24.8599,200,0
OXLCP.US,5,20260402,184000,24.835,24.835,24.8,24.81,965,0
OXLCP.US,5,20260402,184500,24.8599,24.8599,24.8599,24.8599,1000,0
OXLCP.US,5,20260402,185000,24.8401,24.8401,24.84,24.84,609,0
OXLCP.US,5,20260402,191000,24.86,24.86,24.86,24.86,100,0
OXLCP.US,5,20260402,192000,24.86,24.86,24.86,24.86,720,0
OXLCP.US,5,20260402,194000,24.87,24.8725,24.87,24.8725,500,0
OXLCP.US,5,20260402,194500,24.86,24.86,24.86,24.86,2375,0
OXLCP.US,5,20260402,195000,24.875,24.875,24.875,24.875,500,0
OXLCP.US,5,20260402,195500,24.875,24.875,24.875,24.875,100,0
OXLCP.US,5,20260402,204000,24.875,24.875,24.875,24.875,100,0
OXLCP.US,5,20260402,211500,24.875,24.875,24.875,24.875,200,0
OXLCP.US,5,20260402,212500,24.875,24.88,24.87,24.87,600,0
OXLCP.US,5,20260402,213000,24.89,24.89,24.84,24.84,700,0
OXLCP.US,5,20260402,214000,24.86,24.86,24.86,24.86,100,0
OXLCP.US,5,20260402,214500,24.89,24.89,24.89,24.89,255,0
OXLCP.US,5,20260402,215000,24.87,24.87,24.87,24.87,160,0
OXLCP.US,5,20260402,215500,24.85,24.85,24.85,24.85,149,0
OXLCP.US,5,20260406,153000,24.91,24.92,24.91,24.92,200,0
OXLCP.US,5,20260406,153500,24.91,24.91,24.88,24.88,400,0
OXLCP.US,5,20260406,155000,24.92,24.92,24.92,24.92,100,0
OXLCP.US,5,20260406,162500,24.8401,24.8401,24.8401,24.8401,100,0
OXLCP.US,5,20260406,163000,24.9599,24.9599,24.9599,24.9599,158,0
OXLCP.US,5,20260406,164500,24.88,24.88,24.85,24.85,300,0
OXLCP.US,5,20260406,175000,24.86,24.86,24.86,24.86,700,0
OXLCP.US,5,20260406,180500,24.84,24.8655,24.84,24.8655,1043,0
OXLCP.US,5,20260406,185000,24.85,24.85,24.85,24.85,500,0
OXLCP.US,5,20260406,190500,24.89,24.89,24.89,24.89,193,0
OXLCP.US,5,20260406,194500,24.85,24.85,24.85,24.85,1477,0
OXLCP.US,5,20260406,200000,24.85,24.85,24.85,24.85,498,0
OXLCP.US,5,20260406,203000,24.85,24.85,24.841,24.841,964,0
OXLCP.US,5,20260406,204500,24.85,24.85,24.841,24.841,1000,0
OXLCP.US,5,20260406,211000,24.865,24.865,24.865,24.865,400,0
OXLCP.US,5,20260406,212000,24.89,24.89,24.89,24.89,100,0
OXLCP.US,5,20260406,214500,24.865,24.865,24.865,24.865,400,0
OXLCP.US,5,20260406,215500,24.865,24.865,24.865,24.865,100,0
OXLCP.US,5,20260407,154500,24.845,24.845,24.845,24.845,1000,0
OXLCP.US,5,20260407,162500,24.8,24.8101,24.8,24.8,716,0
OXLCP.US,5,20260407,164500,24.82,24.82,24.82,24.82,130,0
OXLCP.US,5,20260407,165000,24.845,24.845,24.845,24.845,200,0
OXLCP.US,5,20260407,175000,24.84,24.84,24.84,24.84,100,0
OXLCP.US,5,20260407,175500,24.87,24.89,24.86,24.87,999,0
OXLCP.US,5,20260407,185000,24.87,24.87,24.84,24.84,1363,0
OXLCP.US,5,20260407,191500,24.865,24.865,24.84,24.84,1054,0
OXLCP.US,5,20260407,192000,24.84,24.88,24.84,24.88,600,0
OXLCP.US,5,20260407,193500,24.84,24.84,24.84,24.84,100,0
OXLCP.US,5,20260407,204000,24.81,24.81,24.81,24.81,497,0
OXLCP.US,5,20260407,205000,24.85,24.85,24.85,24.85,400,0
OXLCP.US,5,20260408,153000,24.86,24.86,24.86,24.86,100,0
OXLCP.US,5,20260408,173500,24.86,24.86,24.86,24.86,600,0
OXLCP.US,5,20260408,175500,24.8799,24.8799,24.8799,24.8799,223,0
OXLCP.US,5,20260408,181000,24.8798,24.8798,24.8798,24.8798,182,0
OXLCP.US,5,20260408,195000,24.88,24.88,24.88,24.88,100,0
OXLCP.US,5,20260408,204000,24.88,24.88,24.88,24.88,100,0
OXLCP.US,5,20260408,210500,24.827,24.845,24.827,24.827,324,0
OXLCP.US,5,20260408,212500,24.845,24.845,24.845,24.845,101,0
OXLCP.US,5,20260409,161500,24.85,24.85,24.82,24.83,700,0
OXLCP.US,5,20260409,163500,24.83,24.83,24.83,24.83,100,0
OXLCP.US,5,20260409,164000,24.8201,24.8201,24.8201,24.8201,300,0
OXLCP.US,5,20260409,165000,24.855,24.855,24.855,24.855,100,0
OXLCP.US,5,20260409,165500,24.83,24.83,24.83,24.83,100,0
OXLCP.US,5,20260409,183500,24.89,24.89,24.8201,24.8201,728,0
OXLCP.US,5,20260409,192500,24.85,24.85,24.85,24.85,100,0
OXLCP.US,5,20260409,203000,24.8538,24.87,24.8538,24.87,2107,0
OXLCP.US,5,20260409,205000,24.8607,24.8607,24.8607,24.8607,525,0
OXLCP.US,5,20260409,212500,24.86,24.87,24.8419,24.8419,2083,0
OXLCP.US,5,20260410,171000,24.84,24.84,24.84,24.84,800,0
OXLCP.US,5,20260410,192000,24.82,24.84,24.82,24.84,200,0
OXLCP.US,5,20260410,214500,24.87,24.8799,24.87,24.8799,920,0
OXLCP.US,5,20260413,153000,24.85,24.85,24.85,24.85,500,0
OXLCP.US,5,20260413,153500,24.85,24.85,24.85,24.85,100,0
OXLCP.US,5,20260413,154000,24.85,24.85,24.85,24.85,400,0
OXLCP.US,5,20260413,154500,24.855,24.855,24.83,24.83,250,0
OXLCP.US,5,20260413,155000,24.8657,24.8657,24.8657,24.8657,150,0
OXLCP.US,5,20260413,163500,24.86,24.86,24.86,24.86,300,0
OXLCP.US,5,20260413,165000,24.85,24.87,24.85,24.87,574,0
OXLCP.US,5,20260413,170000,24.86,24.86,24.86,24.86,200,0
OXLCP.US,5,20260413,201000,24.87,24.87,24.87,24.87,200,0
OXLCP.US,5,20260413,201500,24.8501,24.8501,24.8501,24.8501,125,0
OXLCP.US,5,20260413,205500,24.88,24.88,24.88,24.88,388,0
OXLCP.US,5,20260413,215000,24.88,24.8814,24.88,24.8814,899,0
OXLCP.US,5,20260414,153000,24.89,24.98,24.89,24.98,700,0
OXLCP.US,5,20260414,160000,25,25,25,25,100,0
OXLCP.US,5,20260414,161000,24.995,24.995,24.9914,24.9914,312,0
OXLCP.US,5,20260414,161500,24.995,25,24.995,24.9999,1305,0
OXLCP.US,5,20260414,163000,24.99,24.99,24.99,24.99,150,0
OXLCP.US,5,20260414,164000,24.995,24.995,24.99,24.99,604,0
OXLCP.US,5,20260414,165500,25,25,25,25,2110,0
OXLCP.US,5,20260414,170500,25.025,25.025,25.025,25.025,104,0
OXLCP.US,5,20260414,171000,25.025,25.025,25.025,25.025,104,0
OXLCP.US,5,20260414,183500,25,25,25,25,100,0
OXLCP.US,5,20260414,190500,25.01,25.0191,25.01,25.0191,200,0
OXLCP.US,5,20260414,191000,25.0191,25.0191,25.0191,25.0191,340,0
OXLCP.US,5,20260414,215500,25.01,25.01,25.01,25.01,219,0
OXLCP.US,5,20260415,154500,25.02,25.02,25.02,25.02,200,0
OXLCP.US,5,20260415,155000,25.007,25.007,25.007,25.007,114,0
OXLCP.US,5,20260415,155500,25.01,25.01,25.01,25.01,100,0
OXLCP.US,5,20260415,160000,25.01,25.01,25,25,400,0
OXLCP.US,5,20260415,161000,25.01,25.01,25.01,25.01,100,0
OXLCP.US,5,20260415,161500,25.0337,25.0337,25.0213,25.0213,1029,0
OXLCP.US,5,20260415,163000,25.03,25.0591,25.03,25.0591,782,0
OXLCP.US,5,20260415,164000,25.04,25.04,25.04,25.04,110,0
OXLCP.US,5,20260415,171000,25.0785,25.0785,25.0785,25.0785,245,0
OXLCP.US,5,20260415,171500,25.06,25.06,25.06,25.06,160,0
OXLCP.US,5,20260415,175000,25.0415,25.0415,25.0415,25.0415,278,0
OXLCP.US,5,20260415,191000,25.06,25.06,25.06,25.06,100,0
OXLCP.US,5,20260415,194000,25.0198,25.0198,25.0198,25.0198,357,0
OXLCP.US,5,20260415,200000,25.02,25.02,25.02,25.02,300,0
OXLCP.US,5,20260415,200500,25.02,25.02,25.02,25.02,100,0
OXLCP.US,5,20260415,202000,25.01,25.01,25.01,25.01,162,0
OXLCP.US,5,20260416,164000,24.9,24.9,24.8999,24.8999,200,0
OXLCP.US,5,20260416,164500,24.895,24.97,24.895,24.97,3439,0
OXLCP.US,5,20260416,172000,24.9596,24.9596,24.9596,24.9596,300,0
OXLCP.US,5,20260416,180500,24.9699,24.97,24.9,24.97,508,0
OXLCP.US,5,20260416,183000,24.94,24.94,24.94,24.94,100,0
OXLCP.US,5,20260416,200000,24.94,24.97,24.94,24.97,2276,0
OXLCP.US,5,20260416,210500,24.97,24.97,24.97,24.97,400,0
OXLCP.US,5,20260416,213000,24.9,24.9,24.9,24.9,480,0
OXLCP.US,5,20260417,162500,24.9,24.9,24.9,24.9,160,0
OXLCP.US,5,20260417,163500,24.8867,24.8867,24.8867,24.8867,208,0
OXLCP.US,5,20260417,173500,24.8807,24.8807,24.8807,24.8807,310,0
OXLCP.US,5,20260417,180500,24.91,24.91,24.9,24.91,700,0
OXLCP.US,5,20260417,184000,24.9,24.9,24.865,24.865,2000,0
OXLCP.US,5,20260417,190000,24.9,24.9,24.9,24.9,1251,0
OXLCP.US,5,20260417,195500,24.94,24.94,24.94,24.94,100,0
OXLCP.US,5,20260417,203500,24.91,24.91,24.9,24.9,5657,0
OXLCP.US,5,20260417,212000,24.9,24.9,24.9,24.9,100,0
OXLCP.US,5,20260417,212500,24.9,24.9,24.9,24.9,306,0
OXLCP.US,5,20260420,155500,24.94,24.95,24.94,24.95,913,0
OXLCP.US,5,20260420,163000,24.9,24.9,24.9,24.9,800,0
OXLCP.US,5,20260420,195000,24.9,24.9,24.9,24.9,200,0
OXLCP.US,5,20260420,200000,24.92,24.92,24.92,24.92,1000,0
OXLCP.US,5,20260420,201000,24.9499,24.9499,24.9,24.9,1600,0
OXLCP.US,5,20260420,201500,24.9,24.9,24.9,24.9,1123,0
OXLCP.US,5,20260420,202000,24.9,24.9,24.9,24.9,160,0
OXLCP.US,5,20260420,211000,24.9,24.9,24.9,24.9,100,0
OXLCP.US,5,20260420,211500,24.9,24.9,24.9,24.9,184,0
OXLCP.US,5,20260420,212000,24.9,24.9,24.88,24.88,282,0
OXLCP.US,5,20260420,213000,24.9,24.9,24.9,24.9,100,0
OXLCP.US,5,20260420,215500,24.9,24.9,24.9,24.9,395,0
OXLCP.US,5,20260421,153000,24.94,24.94,24.94,24.94,100,0
OXLCP.US,5,20260421,164500,24.9,24.9,24.9,24.9,100,0
OXLCP.US,5,20260421,170500,24.94,24.94,24.9,24.9269,1307,0
OXLCP.US,5,20260421,171000,24.91,24.91,24.91,24.91,907,0
OXLCP.US,5,20260421,184000,24.91,24.91,24.91,24.91,999,0
OXLCP.US,5,20260421,190500,24.9,24.9,24.9,24.9,102,0
OXLCP.US,5,20260421,215500,24.9036,24.9036,24.9036,24.9036,999,0
OXLCP.US,5,20260422,155000,24.88,24.88,24.88,24.88,135,0
OXLCP.US,5,20260422,213500,24.9,24.9,24.9,24.9,100,0
OXLCP.US,5,20260423,153000,24.9,24.93,24.9,24.93,587,0
OXLCP.US,5,20260423,174500,24.9,24.9,24.8999,24.8999,500,0
OXLCP.US,5,20260423,194500,24.9,24.9,24.9,24.9,100,0
OXLCP.US,5,20260423,195000,24.89,24.89,24.89,24.89,200,0
OXLCP.US,5,20260423,212500,24.9,24.9,24.9,24.9,100,0
OXLCP.US,5,20260424,153000,24.91,24.91,24.91,24.91,100,0
OXLCP.US,5,20260424,154500,24.91,24.91,24.91,24.91,100,0
OXLCP.US,5,20260424,162500,24.89,24.89,24.89,24.89,633,0
OXLCP.US,5,20260424,164500,24.89,24.89,24.89,24.89,104,0
OXLCP.US,5,20260424,170000,24.9,24.9,24.9,24.9,100,0
OXLCP.US,5,20260424,170500,24.8999,24.9,24.8999,24.9,300,0
OXLCP.US,5,20260424,181500,24.895,24.895,24.895,24.895,125,0
OXLCP.US,5,20260424,182000,24.8901,24.8901,24.89,24.89,224,0
OXLCP.US,5,20260424,192000,24.89,24.89,24.89,24.89,100,0
OXLCP.US,5,20260427,153000,25.01,25.01,25.01,25.01,194,0
OXLCP.US,5,20260427,154000,25.02,25.02,25.0114,25.0114,652,0
OXLCP.US,5,20260427,154500,25.02,25.02,25.0117,25.0117,452,0
OXLCP.US,5,20260427,155000,25.02,25.02,25.02,25.02,103,0
OXLCP.US,5,20260427,160000,25.035,25.05,25.035,25.05,230,0
OXLCP.US,5,20260427,164500,25.03,25.03,25.03,25.03,442,0
OXLCP.US,5,20260427,170000,25.06,25.06,25.06,25.06,100,0
OXLCP.US,5,20260427,182500,25.01,25.01,25.01,25.01,187,0
OXLCP.US,5,20260427,190500,25.03,25.03,25.03,25.03,100,0
OXLCP.US,5,20260427,205000,25.0499,25.0499,25.0499,25.0499,104,0
OXLCP.US,5,20260427,210000,25.02,25.02,25.02,25.02,200,0
OXLCP.US,5,20260428,161000,25.05,25.05,25.05,25.05,100,0
OXLCP.US,5,20260428,184500,25.035,25.035,25.035,25.035,400,0
OXLCP.US,5,20260428,185000,25.02,25.03,25.02,25.03,200,0
OXLCP.US,5,20260428,185500,25.03,25.03,25.03,25.03,100,0
OXLCP.US,5,20260428,192500,25.0299,25.0299,25.0299,25.0299,100,0
OXLCP.US,5,20260428,202500,25.03,25.0301,25.03,25.0301,200,0
OXLCP.US,5,20260428,203500,25.035,25.035,25.035,25.035,400,0
OXLCP.US,5,20260429,160000,25.05,25.05,25.05,25.05,100,0
OXLCP.US,5,20260429,181000,25.04,25.04,25.04,25.04,100,0
OXLCP.US,5,20260429,192500,25.0248,25.0248,25.0248,25.0248,100,0
OXLCP.US,5,20260429,215500,25.04,25.04,25.04,25.04,100,0
OXLCP.US,5,20260430,160000,25.05,25.05,25.05,25.05,100,0
OXLCP.US,5,20260430,162500,25.0315,25.05,25.0315,25.05,212,0
OXLCP.US,5,20260430,165500,25.05,25.05,25.05,25.05,100,0
OXLCP.US,5,20260430,171500,25.05,25.05,25.035,25.0499,1246,0
OXLCP.US,5,20260430,172000,25.05,25.05,25.05,25.05,200,0
OXLCP.US,5,20260430,173000,25.05,25.05,25.05,25.05,100,0
OXLCP.US,5,20260430,174000,25.05,25.05,25.05,25.05,100,0
OXLCP.US,5,20260430,183000,25.03,25.03,25.03,25.03,100,0
OXLCP.US,5,20260430,183500,25.03,25.03,25.03,25.03,313,0
OXLCP.US,5,20260430,185000,25.05,25.05,25.05,25.05,100,0
OXLCP.US,5,20260430,195500,25.0251,25.0251,25.0251,25.0251,119,0
OXLCP.US,5,20260430,215500,25.035,25.035,25.02,25.02,400,0
OXLCP.US,5,20260501,153000,25,25,25,25,246,0
OXLCP.US,5,20260501,155500,25.045,25.045,25.045,25.045,100,0
OXLCP.US,5,20260501,160000,25.06,25.06,25.06,25.06,100,0
OXLCP.US,5,20260501,215000,25.0315,25.0315,25.0315,25.0315,133,0
OXLCP.US,5,20260504,163500,25.065,25.065,25.065,25.065,540,0
OXLCP.US,5,20260504,164000,25.09,25.09,25.065,25.065,397,0
OXLCP.US,5,20260504,172000,25.05,25.05,25.05,25.05,100,0
OXLCP.US,5,20260504,174000,25.0464,25.0464,25.0464,25.0464,159,0
OXLCP.US,5,20260504,184500,25.04,25.05,25.04,25.04,916,0
OXLCP.US,5,20260504,193500,25.0419,25.0419,25.0419,25.0419,158,0
OXLCP.US,5,20260504,194000,25.04,25.04,25.04,25.04,1342,0
OXLCP.US,5,20260504,213500,25.05,25.05,25.05,25.05,400,0
OXLCP.US,5,20260505,155500,25.04,25.04,25.04,25.04,125,0
OXLCP.US,5,20260505,161500,25.034,25.034,25.034,25.034,104,0
OXLCP.US,5,20260505,184500,25.0414,25.0414,25.0414,25.0414,227,0
OXLCP.US,5,20260505,190500,25.0388,25.0388,25.0388,25.0388,113,0
OXLCP.US,5,20260505,214500,25.04,25.04,25.04,25.04,208,0
OXLCP.US,5,20260506,153000,25.04,25.04,25.04,25.04,201,0
OXLCP.US,5,20260506,153500,25.03,25.03,25.03,25.03,100,0
OXLCP.US,5,20260506,165500,25.03,25.0467,25.03,25.0467,1679,0
OXLCP.US,5,20260506,171000,25.0494,25.05,25.0494,25.0494,779,0
OXLCP.US,5,20260506,172500,25.045,25.045,25.045,25.045,320,0
OXLCP.US,5,20260506,185000,25.0401,25.0401,25.0401,25.0401,137,0
OXLCP.US,5,20260506,210500,25.04,25.04,25.04,25.04,200,0
OXLCP.US,5,20260507,153000,25.04,25.04,25.04,25.04,224,0
OXLCP.US,5,20260507,162000,25.05,25.05,25.05,25.05,100,0
OXLCP.US,5,20260508,153500,25.05,25.05,25.05,25.05,400,0
OXLCP.US,5,20260508,154000,25.05,25.05,25.04,25.0415,15638,0
OXLCP.US,5,20260508,171000,25.0525,25.0525,25.0525,25.0525,130,0
OXLCP.US,5,20260508,172500,25.06,25.06,25.058,25.06,1000,0
OXLCP.US,5,20260508,173000,25.0593,25.0593,25.05,25.05,700,0
OXLCP.US,5,20260508,180000,25.05,25.05,25.05,25.05,6300,0
OXLCP.US,5,20260508,191000,25.0499,25.05,25.0499,25.05,232,0
OXLCP.US,5,20260508,193500,25.06,25.07,25.06,25.07,404,0
OXLCP.US,5,20260508,203500,25.0501,25.0501,25.0501,25.0501,100,0
OXLCP.US,5,20260511,180500,25.0514,25.0514,25.0514,25.0514,114,0
OXLCP.US,5,20260511,194000,25.09,25.09,25.09,25.09,159,0
OXLCP.US,5,20260511,204500,25.05,25.05,25.05,25.05,100,0
OXLCP.US,5,20260511,212000,25.05,25.05,25.05,25.05,212,0
OXLCP.US,5,20260512,153000,25.06,25.06,25.06,25.06,176,0
OXLCP.US,5,20260512,181500,25.09,25.09,25.09,25.09,120,0
OXLCP.US,5,20260513,192500,25.06,25.06,25.06,25.06,817,0
OXLCP.US,5,20260513,202000,25.075,25.075,25.075,25.075,642,0
OXLCP.US,5,20260514,173500,25.0736,25.0736,25.0736,25.0736,280,0
OXLCP.US,5,20260518,191000,24.9501,24.9501,24.9501,24.9501,110,0
OXLCP.US,5,20260518,195000,24.97,24.97,24.9699,24.9699,700,0
OXLCP.US,5,20260518,201000,24.985,24.985,24.985,24.985,381,0
OXLCP.US,5,20260518,202500,24.985,24.985,24.985,24.985,150,0
OXLCP.US,5,20260518,211000,24.9899,24.99,24.9899,24.99,200,0
OXLCP.US,5,20260518,211500,25.03,25.03,25.03,25.03,250,0
OXLCP.US,5,20260518,214000,25.02,25.02,25.02,25.02,600,0
OXLCP.US,5,20260519,165000,25.05,25.05,25.05,25.05,500,0
OXLCP.US,5,20260519,170500,25,25,25,25,215,0
OXLCP.US,5,20260519,184000,25.02,25.05,25.02,25.05,385,0
OXLCP.US,5,20260519,193500,25,25.0102,25,25.0102,438,0
OXLCP.US,5,20260520,155500,24.99,24.99,24.99,24.99,242,0
OXLCP.US,5,20260520,171000,25.03,25.03,25.03,25.03,100,0
OXLCP.US,5,20260521,185500,25.03,25.03,25.03,25.03,100,0
OXLCP.US,5,20260521,192000,24.9659,24.9659,24.9659,24.9659,226,0
OXLCP.US,5,20260521,194000,25,25,25,25,166,0
OXLCP.US,5,20260521,212000,24.95,24.95,24.94,24.94,1739,0
OXLCP.US,5,20260521,212500,24.95,24.95,24.95,24.95,700,0
OXLCP.US,5,20260521,214000,24.95,24.95,24.9499,24.9499,5820,0
OXLCP.US,5,20260522,153000,24.95,24.95,24.95,24.95,300,0
OXLCP.US,5,20260522,202500,24.97,24.97,24.96,24.96,15545,0
OXLCP.US,5,20260522,210500,24.985,24.985,24.97,24.97,200,0
OXLCP.US,5,20260526,154500,25,25,25,25,100,0
OXLCP.US,5,20260526,163000,24.99,24.99,24.99,24.99,629,0
OXLCP.US,5,20260526,175500,24.97,24.97,24.97,24.97,200,0
OXLCP.US,5,20260526,184000,24.98,24.98,24.98,24.98,321,0
OXLCP.US,5,20260527,153000,25,25,25,25,1000,0
OXLCP.US,5,20260527,161000,25,25,25,25,100,0
OXLCP.US,5,20260527,165000,24.98,24.99,24.98,24.99,6800,0
OXLCP.US,5,20260527,180500,24.985,24.985,24.985,24.985,106,0
OXLCP.US,5,20260527,184000,24.98,24.98,24.98,24.98,128,0
OXLCP.US,5,20260527,184500,24.99,24.99,24.985,24.985,246,0
OXLCP.US,5,20260527,185000,24.99,24.99,24.985,24.985,560,0
OXLCP.US,5,20260528,153000,24.99,24.99,24.99,24.99,208,0
OXLCP.US,5,20260528,170000,24.99,24.99,24.99,24.99,100,0
OXLCP.US,5,20260528,183500,24.99,24.99,24.99,24.99,400,0
OXLCP.US,5,20260528,191000,24.99,24.99,24.99,24.99,397,0
OXLCP.US,5,20260528,195500,24.995,24.995,24.99,24.99,1319,0
OXLCP.US,5,20260528,213500,24.9922,24.9922,24.9922,24.9922,475,0
OXLCP.US,5,20260529,161500,25,25,25,25,829,0
OXLCP.US,5,20260529,162000,25.01,25.01,25,25.01,768,0
OXLCP.US,5,20260529,200000,25,25,25,25,100,0
OXLCP.US,5,20260529,201500,25.0089,25.01,25.0089,25.01,686,0
