<TICKER>,<PER>,<DATE>,<TIME>,<OPEN>,<HIGH>,<LOW>,<CLOSE>,<VOL>,<OPENINT>
PBFS.US,5,20260126,153000,13.56,13.7822,13.56,13.7822,397,0
PBFS.US,5,20260126,180500,13.66,13.695,13.66,13.695,600,0
PBFS.US,5,20260126,181000,13.69,13.69,13.69,13.69,100,0
PBFS.US,5,20260126,185500,13.69,13.69,13.69,13.69,200,0
PBFS.US,5,20260126,190000,13.72,13.72,13.72,13.72,100,0
PBFS.US,5,20260126,204500,13.645,13.645,13.645,13.645,100,0
PBFS.US,5,20260126,205000,13.645,13.645,13.645,13.645,100,0
PBFS.US,5,20260126,212000,13.645,13.645,13.645,13.645,100,0
PBFS.US,5,20260126,214500,13.6,13.645,13.6,13.645,200,0
PBFS.US,5,20260126,215000,13.55,13.55,13.55,13.55,120,0
PBFS.US,5,20260126,215500,13.7,13.7,13.68,13.68,3274,0
PBFS.US,5,20260127,153000,13.61,13.8098,13.61,13.8098,1327,0
PBFS.US,5,20260127,175000,13.61,13.61,13.61,13.61,200,0
PBFS.US,5,20260127,181000,13.71,13.71,13.71,13.71,1403,0
PBFS.US,5,20260127,181500,13.54,13.54,13.54,13.54,100,0
PBFS.US,5,20260127,191500,13.635,13.635,13.56,13.5825,1200,0
PBFS.US,5,20260127,193500,13.59,13.59,13.59,13.59,500,0
PBFS.US,5,20260127,194500,13.59,13.59,13.59,13.59,100,0
PBFS.US,5,20260127,200500,13.59,13.59,13.59,13.59,254,0
PBFS.US,5,20260127,210500,13.59,13.6548,13.59,13.6548,225,0
PBFS.US,5,20260127,215500,13.61,13.72,13.61,13.72,1925,0
PBFS.US,5,20260128,162000,13.66,13.66,13.66,13.66,239,0
PBFS.US,5,20260128,173000,13.52,13.52,13.52,13.52,795,0
PBFS.US,5,20260128,175000,13.58,13.58,13.58,13.58,100,0
PBFS.US,5,20260128,183500,13.55,13.55,13.55,13.55,200,0
PBFS.US,5,20260128,190500,13.58,13.58,13.58,13.58,100,0
PBFS.US,5,20260128,193000,13.59,13.59,13.59,13.59,100,0
PBFS.US,5,20260128,203000,13.63,13.63,13.63,13.63,1992,0
PBFS.US,5,20260128,211000,13.55,13.58,13.55,13.58,300,0
PBFS.US,5,20260128,211500,13.58,13.58,13.58,13.58,474,0
PBFS.US,5,20260128,212500,13.52,13.52,13.52,13.52,100,0
PBFS.US,5,20260128,215500,13.55,13.6,13.55,13.6,2229,0
PBFS.US,5,20260129,155500,13.58,13.7687,13.58,13.7687,225,0
PBFS.US,5,20260129,175000,13.75,13.75,13.75,13.75,100,0
PBFS.US,5,20260129,184500,13.67,13.67,13.67,13.67,100,0
PBFS.US,5,20260129,192000,13.66,13.66,13.66,13.66,100,0
PBFS.US,5,20260129,194000,13.66,13.66,13.66,13.66,100,0
PBFS.US,5,20260129,200500,13.84,13.84,13.84,13.84,100,0
PBFS.US,5,20260129,203000,13.97,13.97,13.97,13.97,100,0
PBFS.US,5,20260129,213500,13.9276,13.9276,13.9276,13.9276,292,0
PBFS.US,5,20260129,214000,13.98,13.98,13.98,13.98,100,0
PBFS.US,5,20260129,215000,13.88,13.88,13.88,13.88,118,0
PBFS.US,5,20260130,153000,13.99,13.99,13.99,13.99,100,0
PBFS.US,5,20260130,162500,14.17,14.17,14.17,14.17,100,0
PBFS.US,5,20260130,174500,14.205,14.205,14.205,14.205,100,0
PBFS.US,5,20260130,182500,14.17,14.17,14.17,14.17,100,0
PBFS.US,5,20260130,201500,14.14,14.14,14.14,14.14,200,0
PBFS.US,5,20260130,202000,14.15,14.15,14.15,14.15,100,0
PBFS.US,5,20260130,203500,14.13,14.13,14.11,14.11,200,0
PBFS.US,5,20260130,204500,14.23,14.24,14.23,14.24,200,0
PBFS.US,5,20260130,205000,14.24,14.24,14.24,14.24,100,0
PBFS.US,5,20260130,212000,14.25,14.25,14.25,14.25,200,0
PBFS.US,5,20260130,212500,14.24,14.24,14.24,14.24,100,0
PBFS.US,5,20260130,214000,14.15,14.15,14.15,14.15,200,0
PBFS.US,5,20260130,215000,14.2,14.2,14.12,14.12,200,0
PBFS.US,5,20260130,215500,14.17,14.23,14.15,14.15,5962,0
PBFS.US,5,20260202,153000,14.245,14.245,14.245,14.245,125,0
PBFS.US,5,20260202,163500,14.76,14.76,14.76,14.76,125,0
PBFS.US,5,20260202,172000,14.65,14.65,14.65,14.65,101,0
PBFS.US,5,20260202,181000,14.33,14.33,14.33,14.33,100,0
PBFS.US,5,20260202,182500,14.51,14.51,14.38,14.51,825,0
PBFS.US,5,20260202,184000,14.52,14.53,14.52,14.53,200,0
PBFS.US,5,20260202,190000,14.59,14.59,14.59,14.59,401,0
PBFS.US,5,20260202,192000,14.52,14.52,14.52,14.52,100,0
PBFS.US,5,20260202,194000,14.65,14.65,14.65,14.65,300,0
PBFS.US,5,20260202,194500,14.63,14.65,14.63,14.65,500,0
PBFS.US,5,20260202,200000,14.65,14.65,14.65,14.65,100,0
PBFS.US,5,20260202,203000,14.73,14.73,14.73,14.73,150,0
PBFS.US,5,20260202,213500,14.75,14.75,14,14.22,9528,0
PBFS.US,5,20260202,214000,14.12,14.37,14.12,14.37,1373,0
PBFS.US,5,20260202,214500,14.4,14.4,14.4,14.4,100,0
PBFS.US,5,20260202,215000,14.3,14.4,14.3,14.4,514,0
PBFS.US,5,20260202,215500,14.4,14.4,14.21,14.23,3693,0
PBFS.US,5,20260203,153000,14.15,14.15,14.15,14.15,134,0
PBFS.US,5,20260203,172000,14.335,14.335,14.335,14.335,100,0
PBFS.US,5,20260203,201500,14.26,14.26,14.26,14.26,100,0
PBFS.US,5,20260203,210500,14.26,14.26,14.26,14.26,200,0
PBFS.US,5,20260203,211000,14.26,14.26,14.26,14.26,100,0
PBFS.US,5,20260203,214000,14.27,14.34,14.24,14.34,504,0
PBFS.US,5,20260203,215000,14.44,14.44,14.44,14.44,100,0
PBFS.US,5,20260203,215500,14.46,14.46,14.38,14.38,2965,0
PBFS.US,5,20260204,153000,14.48,14.48,14.48,14.48,134,0
PBFS.US,5,20260204,160000,15.18,15.18,15.18,15.18,100,0
PBFS.US,5,20260204,160500,14.87,14.87,14.87,14.87,100,0
PBFS.US,5,20260204,163000,15.18,15.18,15.18,15.18,100,0
PBFS.US,5,20260204,164500,15.18,15.18,15.18,15.18,100,0
PBFS.US,5,20260204,170000,15.1,15.1,15.1,15.1,100,0
PBFS.US,5,20260204,172000,15.1,15.1,15.1,15.1,100,0
PBFS.US,5,20260204,173500,15.08,15.08,15.08,15.08,100,0
PBFS.US,5,20260204,175500,15.08,15.08,15.08,15.08,100,0
PBFS.US,5,20260204,181500,15.09,15.09,15.09,15.09,100,0
PBFS.US,5,20260204,183500,14.91,14.91,14.91,14.91,100,0
PBFS.US,5,20260204,191000,15.005,15.005,15.005,15.005,100,0
PBFS.US,5,20260204,193500,15.005,15.005,15.005,15.005,100,0
PBFS.US,5,20260204,200000,15.005,15.005,15.0025,15.0025,600,0
PBFS.US,5,20260204,204500,15.04,15.04,15,15,200,0
PBFS.US,5,20260204,205000,15,15,15,15,100,0
PBFS.US,5,20260204,211000,15,15,15,15,100,0
PBFS.US,5,20260204,211500,14.88,14.93,14.86,14.86,300,0
PBFS.US,5,20260204,214000,14.858,14.858,14.7401,14.7401,1102,0
PBFS.US,5,20260204,215500,14.86,14.97,14.83,14.97,1003,0
PBFS.US,5,20260205,153000,14.98,14.98,14.98,14.98,210,0
PBFS.US,5,20260205,160000,14.86,14.86,14.86,14.86,100,0
PBFS.US,5,20260205,162000,14.575,14.575,14.575,14.575,800,0
PBFS.US,5,20260205,163000,14.575,14.575,14.575,14.575,100,0
PBFS.US,5,20260205,163500,14.56,14.56,14.56,14.56,100,0
PBFS.US,5,20260205,190000,14.53,14.53,14.53,14.53,100,0
PBFS.US,5,20260205,193000,14.4644,14.55,14.46,14.55,500,0
PBFS.US,5,20260205,194000,14.55,14.55,14.55,14.55,100,0
PBFS.US,5,20260205,194500,14.58,14.58,14.58,14.58,100,0
PBFS.US,5,20260205,213500,14.73,14.73,14.73,14.73,107,0
PBFS.US,5,20260205,214000,14.875,14.875,14.875,14.875,400,0
PBFS.US,5,20260205,214500,14.85,14.8775,14.85,14.8775,200,0
PBFS.US,5,20260205,215500,15.08,15.09,14.97,14.97,2371,0
PBFS.US,5,20260206,153000,15.12,15.12,15.12,15.12,130,0
PBFS.US,5,20260206,173000,15.07,15.07,15.07,15.07,100,0
PBFS.US,5,20260206,191500,15.03,15.03,15.03,15.03,200,0
PBFS.US,5,20260206,194500,15.125,15.125,15.125,15.125,100,0
PBFS.US,5,20260206,205500,14.995,14.995,14.995,14.995,100,0
PBFS.US,5,20260206,211500,14.93,14.93,14.93,14.93,100,0
PBFS.US,5,20260206,212000,14.995,14.995,14.995,14.995,236,0
PBFS.US,5,20260206,212500,14.985,14.985,14.985,14.985,100,0
PBFS.US,5,20260206,213500,14.98,14.98,14.98,14.98,100,0
PBFS.US,5,20260206,214500,15.055,15.055,15.055,15.055,100,0
PBFS.US,5,20260206,215500,14.94,14.94,14.94,14.94,100,0
PBFS.US,5,20260209,162000,14.625,14.625,14.625,14.625,303,0
PBFS.US,5,20260209,200000,14.64,14.64,14.64,14.64,200,0
PBFS.US,5,20260209,200500,14.69,14.69,14.69,14.69,100,0
PBFS.US,5,20260209,210500,14.65,14.65,14.65,14.65,100,0
PBFS.US,5,20260209,213500,14.565,14.565,14.565,14.565,141,0
PBFS.US,5,20260209,215500,14.67,14.72,14.67,14.72,200,0
PBFS.US,5,20260210,161500,14.895,14.895,14.8029,14.8029,256,0
PBFS.US,5,20260210,171000,14.73,14.73,14.73,14.73,100,0
PBFS.US,5,20260210,181500,14.77,14.77,14.77,14.77,100,0
PBFS.US,5,20260210,192000,14.81,14.81,14.81,14.81,100,0
PBFS.US,5,20260210,193500,14.81,14.81,14.81,14.81,100,0
PBFS.US,5,20260210,203000,14.785,14.785,14.785,14.785,100,0
PBFS.US,5,20260210,204500,14.76,14.76,14.76,14.76,100,0
PBFS.US,5,20260210,205000,14.64,14.64,14.64,14.64,100,0
PBFS.US,5,20260210,213500,14.69,14.69,14.69,14.69,100,0
PBFS.US,5,20260210,214500,14.7,14.7,14.7,14.7,100,0
PBFS.US,5,20260210,215500,14.59,14.59,14.56,14.56,3728,0
PBFS.US,5,20260211,153000,14.69,14.69,14.69,14.69,114,0
PBFS.US,5,20260211,181000,14.54,14.54,14.54,14.54,100,0
PBFS.US,5,20260211,182500,14.62,14.65,14.62,14.65,700,0
PBFS.US,5,20260211,214000,14.686,14.686,14.686,14.686,997,0
PBFS.US,5,20260212,153000,14.69,14.825,14.69,14.825,284,0
PBFS.US,5,20260212,162000,14.88,14.88,14.88,14.88,100,0
PBFS.US,5,20260213,153000,14.87,14.87,14.87,14.87,150,0
PBFS.US,5,20260213,162000,14.9,14.9,14.9,14.9,100,0
PBFS.US,5,20260213,184500,14.95,14.95,14.95,14.95,218,0
PBFS.US,5,20260213,210000,14.86,14.86,14.86,14.86,369,0
PBFS.US,5,20260213,210500,14.95,14.96,14.95,14.96,385,0
PBFS.US,5,20260213,213500,14.93,14.93,14.89,14.89,200,0
PBFS.US,5,20260213,215000,14.92,14.92,14.88,14.88,200,0
PBFS.US,5,20260217,192000,14.66,14.66,14.66,14.66,300,0
PBFS.US,5,20260217,213000,14.73,14.73,14.73,14.73,479,0
PBFS.US,5,20260217,215000,14.69,14.69,14.69,14.69,242,0
PBFS.US,5,20260217,215500,14.66,14.66,14.66,14.66,100,0
PBFS.US,5,20260218,153500,14.79,14.79,14.79,14.79,125,0
PBFS.US,5,20260218,165500,14.725,14.725,14.725,14.725,100,0
PBFS.US,5,20260218,172500,14.695,14.695,14.695,14.695,141,0
PBFS.US,5,20260218,180500,14.67,14.67,14.67,14.67,100,0
PBFS.US,5,20260218,190000,14.65,14.7,14.65,14.69,1900,0
PBFS.US,5,20260218,192000,14.675,14.675,14.675,14.675,100,0
PBFS.US,5,20260218,192500,14.665,14.7,14.665,14.665,665,0
PBFS.US,5,20260218,202000,14.73,14.73,14.73,14.73,100,0
PBFS.US,5,20260218,203500,14.745,14.745,14.745,14.745,765,0
PBFS.US,5,20260218,211000,14.74,14.74,14.74,14.74,100,0
PBFS.US,5,20260218,212000,14.71,14.71,14.71,14.71,100,0
PBFS.US,5,20260218,214000,14.745,14.745,14.7,14.7,236,0
PBFS.US,5,20260218,214500,14.7,14.7,14.7,14.7,1396,0
PBFS.US,5,20260218,215500,14.735,14.745,14.735,14.745,217,0
PBFS.US,5,20260219,153000,14.62,14.62,14.5,14.5,425,0
PBFS.US,5,20260219,163500,14.5,14.51,14.5,14.51,400,0
PBFS.US,5,20260219,181000,14.535,14.535,14.535,14.535,100,0
PBFS.US,5,20260219,194500,14.52,14.52,14.52,14.52,100,0
PBFS.US,5,20260219,200000,14.55,14.55,14.55,14.55,113,0
PBFS.US,5,20260219,203500,14.535,14.535,14.535,14.535,200,0
PBFS.US,5,20260219,210500,14.51,14.51,14.51,14.51,100,0
PBFS.US,5,20260219,215000,14.51,14.51,14.5,14.5,572,0
PBFS.US,5,20260219,215500,14.51,14.51,14.51,14.51,200,0
PBFS.US,5,20260220,153000,14.59,14.59,14.46,14.51,1743,0
PBFS.US,5,20260220,153500,14.45,14.45,14.45,14.45,160,0
PBFS.US,5,20260220,154000,14.45,14.45,14.45,14.45,100,0
PBFS.US,5,20260220,215000,14.45,14.45,14.45,14.45,100,0
PBFS.US,5,20260220,215500,14.45,14.48,14.45,14.45,2392,0
PBFS.US,5,20260223,153000,14.565,14.565,14.565,14.565,125,0
PBFS.US,5,20260223,154500,14.565,14.565,14.565,14.565,100,0
PBFS.US,5,20260223,155500,14.5,14.5,14.5,14.5,503,0
PBFS.US,5,20260223,160000,14.5,14.505,14.5,14.5,700,0
PBFS.US,5,20260223,160500,14.5,14.5,14.5,14.5,367,0
PBFS.US,5,20260223,161500,14.5,14.5,14.5,14.5,338,0
PBFS.US,5,20260223,162000,14.5001,14.5001,14.5,14.5,225,0
PBFS.US,5,20260223,171000,14.44,14.44,14.44,14.44,593,0
PBFS.US,5,20260223,180000,14.33,14.33,14.33,14.33,100,0
PBFS.US,5,20260223,182500,14.1201,14.1201,14.1201,14.1201,2000,0
PBFS.US,5,20260223,190000,14.15,14.15,14.15,14.15,247,0
PBFS.US,5,20260223,193500,14.18,14.18,14.18,14.18,100,0
PBFS.US,5,20260223,212000,14.1641,14.1641,14.1641,14.1641,168,0
PBFS.US,5,20260223,213500,14.22,14.22,14.22,14.22,100,0
PBFS.US,5,20260223,215000,14.15,14.15,14.11,14.11,442,0
PBFS.US,5,20260223,215500,14.11,14.11,14.1,14.11,2386,0
PBFS.US,5,20260224,153000,14.38,14.38,14.38,14.38,125,0
PBFS.US,5,20260224,181000,14.12,14.258,14.12,14.25,1000,0
PBFS.US,5,20260224,212500,14.11,14.11,14.1,14.1,555,0
PBFS.US,5,20260224,213000,14.1,14.11,14.1,14.1,1141,0
PBFS.US,5,20260224,214500,14.148,14.15,14.11,14.125,1197,0
PBFS.US,5,20260224,215000,14.13,14.13,14.11,14.11,300,0
PBFS.US,5,20260224,215500,14.12,14.14,14.1,14.13,1774,0
PBFS.US,5,20260225,153000,14.4322,14.4322,14.4322,14.4322,125,0
PBFS.US,5,20260225,192000,14.34,14.34,14.34,14.34,120,0
PBFS.US,5,20260225,203000,14.335,14.335,14.335,14.335,102,0
PBFS.US,5,20260225,214500,14.38,14.38,14.38,14.38,568,0
PBFS.US,5,20260225,215000,14.33,14.33,14.33,14.33,100,0
PBFS.US,5,20260226,172000,14.505,14.505,14.505,14.505,1000,0
PBFS.US,5,20260226,173500,14.505,14.505,14.505,14.505,100,0
PBFS.US,5,20260226,213000,14.52,14.52,14.52,14.52,100,0
PBFS.US,5,20260226,215500,14.61,14.69,14.61,14.69,221,0
PBFS.US,5,20260227,161000,14.49,14.49,14.49,14.49,100,0
PBFS.US,5,20260227,172000,14.4707,14.4707,14.4707,14.4707,135,0
PBFS.US,5,20260227,203500,14.35,14.35,14.25,14.25,300,0
PBFS.US,5,20260227,210000,14.2501,14.2501,14.2501,14.2501,125,0
PBFS.US,5,20260227,211000,14.26,14.26,14.26,14.26,100,0
PBFS.US,5,20260227,213000,14.25,14.25,14.25,14.25,317,0
PBFS.US,5,20260227,214500,14.25,14.28,14.25,14.2704,2015,0
PBFS.US,5,20260227,215000,14.25,14.25,14.137,14.137,818,0
PBFS.US,5,20260227,215500,14.04,14.11,14.04,14.11,9704,0
PBFS.US,5,20260302,154500,14.405,14.405,14.405,14.405,105,0
PBFS.US,5,20260302,160000,14.3624,14.3624,14.17,14.285,1395,0
PBFS.US,5,20260302,171000,14.16,14.19,14.16,14.19,464,0
PBFS.US,5,20260302,184500,14.21,14.21,14.21,14.21,158,0
PBFS.US,5,20260302,195000,14.38,14.54,14.38,14.38,300,0
PBFS.US,5,20260302,200000,14.48,14.48,14.48,14.48,270,0
PBFS.US,5,20260302,200500,14.615,14.615,14.615,14.615,100,0
PBFS.US,5,20260302,202000,14.48,14.48,14.48,14.48,100,0
PBFS.US,5,20260302,213000,14.35,14.4,14.35,14.4,1566,0
PBFS.US,5,20260302,213500,14.35,14.35,14.35,14.35,296,0
PBFS.US,5,20260302,215000,14.29,14.4,14.29,14.4,1100,0
PBFS.US,5,20260302,215500,14.39,14.39,14.39,14.39,100,0
PBFS.US,5,20260303,175000,14.25,14.25,14.23,14.23,830,0
PBFS.US,5,20260303,214000,14.39,14.4,14.35,14.4,828,0
PBFS.US,5,20260304,153000,14.55,14.55,14.55,14.55,108,0
PBFS.US,5,20260304,213500,14.715,14.715,14.715,14.715,100,0
PBFS.US,5,20260304,214500,14.5612,14.5612,14.5612,14.5612,108,0
PBFS.US,5,20260304,215000,14.715,14.715,14.715,14.715,100,0
PBFS.US,5,20260305,174000,14.51,14.51,14.51,14.51,101,0
PBFS.US,5,20260305,190000,14.52,14.53,14.52,14.53,400,0
PBFS.US,5,20260305,191000,14.51,14.51,14.51,14.51,100,0
PBFS.US,5,20260305,210500,14.5,14.5,14.5,14.5,1000,0
PBFS.US,5,20260305,214000,14.41,14.41,14.41,14.41,100,0
PBFS.US,5,20260305,214500,14.485,14.485,14.485,14.485,200,0
PBFS.US,5,20260305,215500,14.43,14.43,14.4,14.4,300,0
PBFS.US,5,20260306,153000,14.13,14.44,14.13,14.44,330,0
PBFS.US,5,20260306,170000,14.14,14.17,14.11,14.11,1576,0
PBFS.US,5,20260306,170500,14.02,14.02,14.02,14.02,100,0
PBFS.US,5,20260306,171000,14.01,14.01,14.01,14.01,500,0
PBFS.US,5,20260306,171500,14.0118,14.0118,14.0118,14.0118,100,0
PBFS.US,5,20260306,175500,14.01,14.01,14,14,1203,0
PBFS.US,5,20260306,181000,13.92,13.92,13.92,13.92,221,0
PBFS.US,5,20260306,181500,13.86,13.86,13.85,13.85,250,0
PBFS.US,5,20260306,182000,13.91,13.91,13.91,13.91,145,0
PBFS.US,5,20260306,184000,13.86,13.87,13.82,13.87,1669,0
PBFS.US,5,20260306,185500,13.87,13.87,13.86,13.86,219,0
PBFS.US,5,20260306,201000,13.9,13.9,13.9,13.9,206,0
PBFS.US,5,20260306,204500,13.9,13.9,13.9,13.9,100,0
PBFS.US,5,20260306,210500,13.91,14.015,13.91,14.015,200,0
PBFS.US,5,20260306,212000,13.9,13.9,13.9,13.9,112,0
PBFS.US,5,20260306,214000,13.9,13.9,13.9,13.9,132,0
PBFS.US,5,20260306,215500,13.945,13.99,13.9396,13.99,316,0
PBFS.US,5,20260309,151000,13.75,13.79,13.7,13.7,680,0
PBFS.US,5,20260309,152000,13.72,13.72,13.72,13.72,119,0
PBFS.US,5,20260309,152500,13.71,13.71,13.66,13.66,600,0
PBFS.US,5,20260309,162500,13.78,13.78,13.78,13.78,125,0
PBFS.US,5,20260309,180000,13.78,13.78,13.78,13.78,1000,0
PBFS.US,5,20260309,183500,13.66,13.66,13.66,13.66,100,0
PBFS.US,5,20260309,184000,13.68,13.68,13.68,13.68,400,0
PBFS.US,5,20260309,184500,13.71,13.71,13.71,13.71,100,0
PBFS.US,5,20260309,191500,13.76,13.76,13.76,13.76,100,0
PBFS.US,5,20260309,201000,13.866,13.866,13.866,13.866,125,0
PBFS.US,5,20260309,202500,14,14,13.94,13.94,300,0
PBFS.US,5,20260309,203000,14,14,14,14,100,0
PBFS.US,5,20260309,203500,14,14.05,14,14.05,400,0
PBFS.US,5,20260309,205000,14,14,13.99,14,1128,0
PBFS.US,5,20260309,205500,13.95,13.96,13.95,13.96,1302,0
PBFS.US,5,20260310,143000,13.82,14.225,13.82,14.225,273,0
PBFS.US,5,20260310,153000,13.94,13.96,13.94,13.95,312,0
PBFS.US,5,20260310,155000,14,14,14,14,300,0
PBFS.US,5,20260310,162000,13.93,13.93,13.93,13.93,1000,0
PBFS.US,5,20260310,172000,13.955,13.955,13.955,13.955,125,0
PBFS.US,5,20260310,191500,13.9,13.9,13.87,13.9,1000,0
PBFS.US,5,20260310,194500,13.77,13.77,13.77,13.77,125,0
PBFS.US,5,20260310,200500,13.82,13.82,13.82,13.82,600,0
PBFS.US,5,20260310,201000,13.8,13.8,13.8,13.8,183,0
PBFS.US,5,20260310,202500,13.775,13.8,13.755,13.77,948,0
PBFS.US,5,20260310,204500,13.76,13.76,13.76,13.76,242,0
PBFS.US,5,20260310,205500,13.78,13.78,13.78,13.78,100,0
PBFS.US,5,20260311,143000,13.8,13.9,13.8,13.8,675,0
PBFS.US,5,20260311,143500,13.8,13.8,13.8,13.8,100,0
PBFS.US,5,20260311,144000,13.805,13.805,13.805,13.805,100,0
PBFS.US,5,20260311,144500,13.84,13.84,13.84,13.84,125,0
PBFS.US,5,20260311,152500,13.8,13.8,13.8,13.8,500,0
PBFS.US,5,20260311,154000,13.895,13.895,13.895,13.895,125,0
PBFS.US,5,20260311,170500,13.81,13.81,13.71,13.71,400,0
PBFS.US,5,20260311,181000,13.71,13.71,13.62,13.62,200,0
PBFS.US,5,20260311,195000,13.6927,13.6927,13.6927,13.6927,150,0
PBFS.US,5,20260311,195500,13.7088,13.73,13.7088,13.73,500,0
PBFS.US,5,20260311,201000,13.815,13.815,13.815,13.815,105,0
PBFS.US,5,20260311,202000,13.73,13.73,13.73,13.73,253,0
PBFS.US,5,20260311,203000,13.79,13.79,13.79,13.79,100,0
PBFS.US,5,20260311,203500,13.795,13.795,13.795,13.795,100,0
PBFS.US,5,20260311,205500,13.78,13.78,13.78,13.78,1687,0
PBFS.US,5,20260312,143000,13.56,13.56,13.56,13.56,306,0
PBFS.US,5,20260312,150000,13.56,13.57,13.56,13.57,300,0
PBFS.US,5,20260312,153000,13.6,13.6,13.6,13.6,200,0
PBFS.US,5,20260312,153500,13.56,13.56,13.559,13.56,900,0
PBFS.US,5,20260312,170500,13.57,13.57,13.57,13.57,117,0
PBFS.US,5,20260312,173500,13.6,13.64,13.6,13.64,322,0
PBFS.US,5,20260312,184000,13.62,13.62,13.62,13.62,100,0
PBFS.US,5,20260312,194500,13.61,13.61,13.61,13.61,100,0
PBFS.US,5,20260312,195000,13.6686,13.6686,13.6686,13.6686,125,0
PBFS.US,5,20260312,201500,13.6,13.6,13.6,13.6,100,0
PBFS.US,5,20260312,205000,13.6,13.6,13.6,13.6,100,0
PBFS.US,5,20260312,205500,13.6,13.6,13.6,13.6,100,0
PBFS.US,5,20260313,160000,13.6,13.6,13.6,13.6,460,0
PBFS.US,5,20260313,160500,13.6,13.6,13.56,13.56,3574,0
PBFS.US,5,20260313,164500,13.56,13.56,13.52,13.52,971,0
PBFS.US,5,20260313,182500,13.5,13.5,13.5,13.5,1300,0
PBFS.US,5,20260313,183000,13.5,13.5,13.5,13.5,100,0
PBFS.US,5,20260313,192000,13.53,13.54,13.53,13.54,200,0
PBFS.US,5,20260313,195500,13.635,13.7,13.635,13.7,497,0
PBFS.US,5,20260313,201500,13.695,13.695,13.695,13.695,100,0
PBFS.US,5,20260313,202500,13.695,13.695,13.65,13.65,200,0
PBFS.US,5,20260313,203500,13.695,13.695,13.695,13.695,100,0
PBFS.US,5,20260313,204000,13.68,13.68,13.68,13.68,100,0
PBFS.US,5,20260313,204500,13.7,13.7,13.7,13.7,100,0
PBFS.US,5,20260313,205000,13.7,13.76,13.7,13.76,600,0
PBFS.US,5,20260313,205500,13.85,13.85,13.7,13.7,8203,0
PBFS.US,5,20260316,143000,13.58,13.7,13.58,13.7,378,0
PBFS.US,5,20260316,152000,13.7,13.7,13.7,13.7,100,0
PBFS.US,5,20260316,152500,13.68,13.68,13.68,13.68,126,0
PBFS.US,5,20260316,161000,13.6207,13.6207,13.6207,13.6207,1333,0
PBFS.US,5,20260316,162000,13.68,13.68,13.68,13.68,100,0
PBFS.US,5,20260316,174000,13.7,13.7,13.7,13.7,200,0
PBFS.US,5,20260316,181000,13.7,13.7,13.7,13.7,500,0
PBFS.US,5,20260316,181500,13.7,13.7,13.7,13.7,300,0
PBFS.US,5,20260316,202500,13.56,13.56,13.56,13.56,100,0
PBFS.US,5,20260316,205000,13.55,13.55,13.55,13.55,100,0
PBFS.US,5,20260316,205500,13.53,13.54,13.53,13.54,3440,0
PBFS.US,5,20260317,145500,13.49,13.5,13.49,13.5,1195,0
PBFS.US,5,20260317,150000,13.49,13.49,13.49,13.49,100,0
PBFS.US,5,20260317,150500,13.49,13.605,13.49,13.605,852,0
PBFS.US,5,20260317,152000,13.56,13.56,13.55,13.55,4782,0
PBFS.US,5,20260317,152500,13.6,13.6,13.6,13.6,125,0
PBFS.US,5,20260317,161000,13.55,13.55,13.55,13.55,100,0
PBFS.US,5,20260317,171000,13.56,13.56,13.56,13.56,100,0
PBFS.US,5,20260317,195000,13.56,13.56,13.56,13.56,100,0
PBFS.US,5,20260317,203000,13.56,13.67,13.55,13.66,900,0
PBFS.US,5,20260317,205000,13.68,13.68,13.67,13.67,600,0
PBFS.US,5,20260317,205500,13.67,13.68,13.67,13.67,8529,0
PBFS.US,5,20260318,145500,13.61,13.61,13.61,13.61,200,0
PBFS.US,5,20260318,150000,13.71,13.71,13.71,13.71,200,0
PBFS.US,5,20260318,151000,13.62,13.62,13.62,13.62,152,0
PBFS.US,5,20260318,152000,13.61,13.72,13.55,13.71,3939,0
PBFS.US,5,20260318,152500,13.69,13.69,13.63,13.67,1099,0
PBFS.US,5,20260318,160000,13.815,13.815,13.815,13.815,100,0
PBFS.US,5,20260318,172000,13.7783,13.7783,13.7783,13.7783,300,0
PBFS.US,5,20260318,174000,13.6,13.61,13.6,13.61,200,0
PBFS.US,5,20260318,175500,13.655,13.655,13.655,13.655,189,0
PBFS.US,5,20260318,183500,13.62,13.65,13.62,13.64,445,0
PBFS.US,5,20260318,184000,13.685,13.75,13.685,13.75,1100,0
PBFS.US,5,20260318,194000,13.6,13.6,13.6,13.6,900,0
PBFS.US,5,20260318,202500,13.48,13.48,13.48,13.48,100,0
PBFS.US,5,20260318,203000,13.5,13.51,13.5,13.51,835,0
PBFS.US,5,20260318,205000,13.51,13.51,13.46,13.47,508,0
PBFS.US,5,20260318,205500,13.48,13.56,13.48,13.53,4967,0
PBFS.US,5,20260319,143000,13.95,13.95,13.95,13.95,125,0
PBFS.US,5,20260319,183500,13.52,13.62,13.42,13.62,325,0
PBFS.US,5,20260319,185500,13.43,13.43,13.43,13.43,200,0
PBFS.US,5,20260319,191000,13.52,13.52,13.47,13.52,343,0
PBFS.US,5,20260319,192500,13.57,13.57,13.5,13.57,400,0
PBFS.US,5,20260319,194000,13.525,13.525,13.525,13.525,100,0
PBFS.US,5,20260319,200500,13.53,13.53,13.53,13.53,200,0
PBFS.US,5,20260319,203000,13.53,13.53,13.53,13.53,100,0
PBFS.US,5,20260319,205500,13.51,13.51,13.51,13.51,2769,0
PBFS.US,5,20260320,143000,13.48,13.48,13.41,13.41,5880,0
PBFS.US,5,20260320,160500,13.49,13.49,13.49,13.49,371,0
PBFS.US,5,20260320,164500,13.45,13.45,13.45,13.45,100,0
PBFS.US,5,20260320,172500,13.64,13.64,13.56,13.56,200,0
PBFS.US,5,20260320,174000,13.71,13.71,13.71,13.71,100,0
PBFS.US,5,20260320,175000,13.75,13.75,13.75,13.75,100,0
PBFS.US,5,20260320,180000,13.765,13.765,13.765,13.765,100,0
PBFS.US,5,20260320,180500,13.97,13.97,13.97,13.97,200,0
PBFS.US,5,20260320,181000,13.8,13.8,13.8,13.8,100,0
PBFS.US,5,20260320,182500,13.89,13.89,13.89,13.89,100,0
PBFS.US,5,20260320,184500,13.86,13.86,13.86,13.86,100,0
PBFS.US,5,20260320,185500,13.89,13.89,13.89,13.89,100,0
PBFS.US,5,20260320,191500,13.91,13.965,13.89,13.89,700,0
PBFS.US,5,20260320,194000,13.97,13.97,13.97,13.97,100,0
PBFS.US,5,20260320,195000,14.12,14.14,14.12,14.14,200,0
PBFS.US,5,20260320,201500,14.025,14.025,13.9,13.9,500,0
PBFS.US,5,20260320,202000,13.91,14.11,13.91,14.11,250,0
PBFS.US,5,20260320,203500,13.81,13.83,13.81,13.83,340,0
PBFS.US,5,20260320,204000,13.84,13.84,13.84,13.84,471,0
PBFS.US,5,20260320,205000,13.73,13.78,13.67,13.67,1322,0
PBFS.US,5,20260320,205500,13.52,13.66,13.51,13.53,5989,0
PBFS.US,5,20260323,143000,13.74,13.74,13.74,13.74,778,0
PBFS.US,5,20260323,143500,14.235,14.235,13.82,13.82,225,0
PBFS.US,5,20260323,144000,13.72,14.235,13.72,14.235,225,0
PBFS.US,5,20260323,164000,14.15,14.15,14.15,14.15,100,0
PBFS.US,5,20260323,165000,14.2,14.2,14.2,14.2,125,0
PBFS.US,5,20260323,173000,14.04,14.04,13.94,13.94,426,0
PBFS.US,5,20260323,175000,13.86,13.86,13.86,13.86,200,0
PBFS.US,5,20260323,175500,13.925,13.925,13.85,13.85,450,0
PBFS.US,5,20260323,183000,14,14.01,14,14.01,1962,0
PBFS.US,5,20260323,192000,14.055,14.055,14.055,14.055,119,0
PBFS.US,5,20260323,193500,14.09,14.17,14.09,14.17,212,0
PBFS.US,5,20260323,194500,14.07,14.07,14.07,14.07,200,0
PBFS.US,5,20260323,200500,14.0064,14.14,13.99,13.99,1904,0
PBFS.US,5,20260323,201000,14.05,14.24,13.96,13.96,4432,0
PBFS.US,5,20260323,202500,14.08,14.08,14.08,14.08,360,0
PBFS.US,5,20260323,205500,13.96,13.96,13.96,13.96,100,0
PBFS.US,5,20260324,143000,13.99,13.99,13.99,13.99,235,0
PBFS.US,5,20260324,143500,13.8749,13.8749,13.8749,13.8749,125,0
PBFS.US,5,20260324,162500,14.16,14.16,14.16,14.16,100,0
PBFS.US,5,20260324,164000,14.17,14.17,14.17,14.17,400,0
PBFS.US,5,20260324,170000,14.15,14.15,14.15,14.15,100,0
PBFS.US,5,20260324,170500,14.15,14.15,14.15,14.15,100,0
PBFS.US,5,20260324,174000,14.08,14.25,14.08,14.25,225,0
PBFS.US,5,20260324,180000,14.1,14.1,14.1,14.1,100,0
PBFS.US,5,20260324,183500,14.0875,14.0875,14.0875,14.0875,100,0
PBFS.US,5,20260324,201000,14.1088,14.1088,14.1088,14.1088,178,0
PBFS.US,5,20260324,202500,13.93,13.93,13.93,13.93,309,0
PBFS.US,5,20260324,203000,13.94,13.94,13.94,13.94,100,0
PBFS.US,5,20260324,204000,13.99,13.99,13.96,13.96,673,0
PBFS.US,5,20260324,205500,13.91,13.91,13.76,13.76,4909,0
PBFS.US,5,20260325,143000,13.9,14.25,13.68,14.25,783,0
PBFS.US,5,20260325,165000,13.7826,13.7826,13.7826,13.7826,122,0
PBFS.US,5,20260325,165500,13.86,13.86,13.86,13.86,113,0
PBFS.US,5,20260325,170000,13.86,13.94,13.86,13.94,360,0
PBFS.US,5,20260325,172000,13.805,13.805,13.805,13.805,100,0
PBFS.US,5,20260325,180000,13.82,13.88,13.82,13.88,300,0
PBFS.US,5,20260325,204500,13.79,13.89,13.79,13.89,673,0
PBFS.US,5,20260325,205000,13.76,13.76,13.76,13.76,300,0
PBFS.US,5,20260325,205500,13.77,13.78,13.76,13.77,3548,0
PBFS.US,5,20260326,143000,13.58,14.49,13.58,14.49,7981,0
PBFS.US,5,20260326,150500,13.7,13.7,13.65,13.65,313,0
PBFS.US,5,20260326,180500,13.65,13.65,13.65,13.65,100,0
PBFS.US,5,20260326,204000,13.6,13.69,13.6,13.69,522,0
PBFS.US,5,20260326,204500,13.68,13.7,13.68,13.7,396,0
PBFS.US,5,20260326,205000,13.66,13.66,13.6,13.6,700,0
PBFS.US,5,20260326,205500,13.62,13.63,13.41,13.41,3450,0
PBFS.US,5,20260327,143000,13.4101,13.95,13.41,13.54,650,0
PBFS.US,5,20260327,144500,13.7161,13.7161,13.7161,13.7161,100,0
PBFS.US,5,20260327,175500,13.65,13.65,13.65,13.65,100,0
PBFS.US,5,20260327,183000,13.6147,13.6147,13.6147,13.6147,101,0
PBFS.US,5,20260327,185500,13.63,13.63,13.63,13.63,100,0
PBFS.US,5,20260327,192000,13.59,13.59,13.59,13.59,100,0
PBFS.US,5,20260327,194000,13.6,13.63,13.6,13.63,200,0
PBFS.US,5,20260327,194500,13.63,13.64,13.63,13.64,291,0
PBFS.US,5,20260327,200000,13.75,13.75,13.75,13.75,100,0
PBFS.US,5,20260327,202000,13.63,13.63,13.63,13.63,100,0
PBFS.US,5,20260327,203000,13.615,13.615,13.615,13.615,180,0
PBFS.US,5,20260327,205000,13.5,13.5,13.5,13.5,182,0
PBFS.US,5,20260327,205500,13.57,13.6,13.57,13.6,2705,0
PBFS.US,5,20260330,153000,13.7,13.7,13.7,13.7,118,0
PBFS.US,5,20260330,161000,13.69,13.69,13.69,13.69,100,0
PBFS.US,5,20260330,163000,13.74,13.74,13.74,13.74,200,0
PBFS.US,5,20260330,171500,13.685,13.685,13.685,13.685,100,0
PBFS.US,5,20260330,172000,13.67,13.67,13.67,13.67,100,0
PBFS.US,5,20260330,172500,13.66,13.66,13.66,13.66,100,0
PBFS.US,5,20260330,181000,13.67,13.67,13.67,13.67,200,0
PBFS.US,5,20260330,183000,13.72,13.72,13.72,13.72,100,0
PBFS.US,5,20260330,184000,13.67,13.67,13.67,13.67,131,0
PBFS.US,5,20260330,185000,13.74,13.74,13.74,13.74,100,0
PBFS.US,5,20260330,195500,13.83,13.83,13.83,13.83,100,0
PBFS.US,5,20260330,204000,13.89,13.91,13.89,13.91,200,0
PBFS.US,5,20260330,212000,13.875,13.875,13.875,13.875,500,0
PBFS.US,5,20260330,213500,13.93,13.93,13.93,13.93,100,0
PBFS.US,5,20260330,214000,13.87,13.94,13.87,13.87,3338,0
PBFS.US,5,20260330,215000,13.825,13.825,13.825,13.825,180,0
PBFS.US,5,20260330,215500,13.88,13.88,13.83,13.83,200,0
PBFS.US,5,20260331,153000,14,14,14,14,185,0
PBFS.US,5,20260331,171000,14.105,14.105,14.105,14.105,357,0
PBFS.US,5,20260331,175000,13.82,13.82,13.82,13.82,100,0
PBFS.US,5,20260331,181000,13.9,13.9,13.9,13.9,125,0
PBFS.US,5,20260331,194000,13.995,13.995,13.995,13.995,100,0
PBFS.US,5,20260331,195500,14.09,14.09,14.09,14.09,100,0
PBFS.US,5,20260331,200000,14.03,14.03,14.03,14.03,100,0
PBFS.US,5,20260331,205000,14.08,14.08,14.08,14.08,125,0
PBFS.US,5,20260331,205500,14.02,14.02,14.02,14.02,100,0
PBFS.US,5,20260331,213500,13.95,13.95,13.95,13.95,100,0
PBFS.US,5,20260331,215000,13.93,13.93,13.93,13.93,100,0
PBFS.US,5,20260331,215500,13.97,13.97,13.92,13.92,5919,0
PBFS.US,5,20260401,191000,13.93,13.93,13.93,13.93,100,0
PBFS.US,5,20260401,213000,13.805,13.805,13.805,13.805,200,0
PBFS.US,5,20260401,215500,13.89,13.89,13.78,13.78,300,0
PBFS.US,5,20260402,160500,13.735,13.735,13.735,13.735,230,0
PBFS.US,5,20260402,205500,13.835,13.835,13.75,13.75,967,0
PBFS.US,5,20260402,210000,13.83,13.88,13.83,13.87,607,0
PBFS.US,5,20260402,215000,13.855,13.855,13.855,13.855,100,0
PBFS.US,5,20260406,182500,13.9848,13.9848,13.9848,13.9848,192,0
PBFS.US,5,20260406,201500,13.97,13.97,13.97,13.97,100,0
PBFS.US,5,20260406,210000,14.09,14.09,14.09,14.09,100,0
PBFS.US,5,20260406,212500,14,14,14,14,101,0
PBFS.US,5,20260406,215500,13.79,13.79,13.79,13.79,4310,0
PBFS.US,5,20260407,174000,13.86,13.86,13.86,13.86,100,0
PBFS.US,5,20260407,204000,13.94,13.94,13.94,13.94,100,0
PBFS.US,5,20260407,204500,13.99,14.03,13.92,13.944,400,0
PBFS.US,5,20260407,210000,13.75,13.75,13.75,13.75,412,0
PBFS.US,5,20260407,215500,13.93,14,13.93,14,655,0
PBFS.US,5,20260408,153000,14.1,14.1,14.1,14.1,306,0
PBFS.US,5,20260408,161500,14.2025,14.2025,14.2025,14.2025,100,0
PBFS.US,5,20260408,181500,14.3025,14.3025,14.3025,14.3025,100,0
PBFS.US,5,20260408,184500,14.3,14.3,14.3,14.3,170,0
PBFS.US,5,20260408,195500,14.33,14.34,14.32,14.34,300,0
PBFS.US,5,20260408,201500,14.3025,14.39,14.3025,14.39,200,0
PBFS.US,5,20260408,204500,14.38,14.38,14.38,14.38,100,0
PBFS.US,5,20260408,205500,14.21,14.29,14.18,14.29,400,0
PBFS.US,5,20260408,212500,14.16,14.16,14.16,14.16,100,0
PBFS.US,5,20260408,213000,14.17,14.17,14.17,14.17,100,0
PBFS.US,5,20260408,215500,14.18,14.35,14.18,14.35,500,0
PBFS.US,5,20260409,170500,14.16,14.16,14.16,14.16,100,0
PBFS.US,5,20260409,171000,14.01,14.01,14.01,14.01,100,0
PBFS.US,5,20260409,190000,14.09,14.1,14.06,14.06,640,0
PBFS.US,5,20260409,192000,14.21,14.21,14.21,14.21,100,0
PBFS.US,5,20260409,193500,14.25,14.29,14.24,14.24,750,0
PBFS.US,5,20260409,204500,14.305,14.305,13.92,13.92,2945,0
PBFS.US,5,20260409,212500,14.2276,14.2276,14.2276,14.2276,100,0
PBFS.US,5,20260410,153000,14.48,14.48,14.48,14.48,139,0
PBFS.US,5,20260410,190500,14.0301,14.0301,14.0301,14.0301,418,0
PBFS.US,5,20260410,193500,14.2125,14.2125,14.2125,14.2125,200,0
PBFS.US,5,20260410,194000,14.2175,14.2175,14.2175,14.2175,600,0
PBFS.US,5,20260410,200500,14.22,14.225,14.22,14.225,200,0
PBFS.US,5,20260410,203000,14.225,14.34,14.225,14.34,225,0
PBFS.US,5,20260410,205000,14.32,14.41,14.32,14.41,300,0
PBFS.US,5,20260410,211000,14.33,14.33,14.33,14.33,100,0
PBFS.US,5,20260410,215000,14.415,14.415,14.41,14.41,202,0
PBFS.US,5,20260410,215500,14.41,14.41,14.41,14.41,3538,0
PBFS.US,5,20260413,164000,14.52,14.52,14.52,14.52,210,0
PBFS.US,5,20260413,165500,14.5453,14.5453,14.405,14.405,250,0
PBFS.US,5,20260413,175500,14.15,14.15,14.15,14.15,100,0
PBFS.US,5,20260413,181500,14.21,14.21,14.21,14.21,100,0
PBFS.US,5,20260413,215000,14.44,14.44,14.41,14.41,424,0
PBFS.US,5,20260413,215500,14.34,14.35,14.34,14.35,400,0
PBFS.US,5,20260414,153000,14.22,14.22,14.22,14.22,180,0
PBFS.US,5,20260414,185500,14.23,14.23,14.23,14.23,101,0
PBFS.US,5,20260414,200000,14.235,14.235,14.235,14.235,139,0
PBFS.US,5,20260414,205500,14.26,14.26,14.26,14.26,185,0
PBFS.US,5,20260414,214500,14.29,14.305,14.29,14.305,400,0
PBFS.US,5,20260414,215000,14.385,14.42,14.385,14.42,554,0
PBFS.US,5,20260414,215500,14.34,14.57,14.34,14.57,2833,0
PBFS.US,5,20260415,172000,14.555,14.555,14.34,14.34,1228,0
PBFS.US,5,20260415,172500,14.73,14.73,14.73,14.73,125,0
PBFS.US,5,20260415,201000,14.385,14.385,14.385,14.385,100,0
PBFS.US,5,20260415,202000,14.4415,14.4415,14.4415,14.4415,200,0
PBFS.US,5,20260415,203000,14.405,14.405,14.405,14.405,100,0
PBFS.US,5,20260415,204000,14.325,14.325,14.325,14.325,184,0
PBFS.US,5,20260415,205000,14.37,14.37,14.37,14.37,100,0
PBFS.US,5,20260415,212500,14.41,14.41,14.41,14.41,100,0
PBFS.US,5,20260415,214000,14.4,14.41,14.4,14.41,300,0
PBFS.US,5,20260415,214500,14.42,14.42,14.42,14.42,329,0
PBFS.US,5,20260415,215000,14.36,14.39,14.36,14.36,510,0
PBFS.US,5,20260415,215500,14.39,14.39,14.39,14.39,354,0
PBFS.US,5,20260416,195500,14.135,14.135,14.135,14.135,400,0
PBFS.US,5,20260416,201500,14.14,14.14,14.14,14.14,159,0
PBFS.US,5,20260416,203500,14.03,14.03,14.03,14.03,100,0
PBFS.US,5,20260416,205500,14.09,14.09,14.09,14.09,125,0
PBFS.US,5,20260417,153000,14.21,14.21,14.21,14.21,1610,0
PBFS.US,5,20260417,162500,14.3,14.32,14.29,14.29,462,0
PBFS.US,5,20260417,163000,14.32,14.32,14.32,14.32,199,0
PBFS.US,5,20260417,193000,14.215,14.215,14.18,14.18,300,0
PBFS.US,5,20260417,200000,14.3,14.3,14.3,14.3,100,0
PBFS.US,5,20260417,205000,14.205,14.205,14.14,14.14,200,0
PBFS.US,5,20260417,213000,14.19,14.19,14.19,14.19,125,0
PBFS.US,5,20260417,215500,14.32,14.38,14.32,14.38,4368,0
PBFS.US,5,20260420,203500,14.43,14.43,14.09,14.09,2188,0
PBFS.US,5,20260421,153000,14.19,14.19,14.19,14.19,136,0
PBFS.US,5,20260421,194500,14,14,14,14,134,0
PBFS.US,5,20260421,195500,14.1,14.1,14.1,14.1,150,0
PBFS.US,5,20260421,205500,13.71,13.75,13.71,13.72,2749,0
PBFS.US,5,20260421,214000,13.91,13.91,13.91,13.91,665,0
PBFS.US,5,20260421,214500,13.94,13.96,13.92,13.96,300,0
PBFS.US,5,20260421,215000,13.91,13.91,13.91,13.91,188,0
PBFS.US,5,20260421,215500,13.98,14.05,13.98,14.04,821,0
PBFS.US,5,20260422,153000,14.01,14.3749,14.01,14.3749,430,0
PBFS.US,5,20260422,180000,14.255,14.255,14.24,14.255,540,0
PBFS.US,5,20260422,185000,14.2375,14.2375,14.23,14.2375,300,0
PBFS.US,5,20260423,153500,14.395,14.395,14.395,14.395,125,0
PBFS.US,5,20260423,194000,14.2225,14.2225,14.2225,14.2225,128,0
PBFS.US,5,20260423,215000,14.15,14.15,14.15,14.15,100,0
PBFS.US,5,20260424,153000,14.405,14.405,14.405,14.405,110,0
PBFS.US,5,20260424,182000,14.065,14.065,14.065,14.065,100,0
PBFS.US,5,20260424,183000,14.0601,14.225,14.0601,14.225,345,0
PBFS.US,5,20260424,185000,14.1,14.1,14.1,14.1,100,0
PBFS.US,5,20260424,185500,14.1,14.1,14.1,14.1,490,0
PBFS.US,5,20260424,195500,14.18,14.18,14.18,14.18,610,0
PBFS.US,5,20260424,205500,14.1,14.25,14.1,14.25,512,0
PBFS.US,5,20260424,212500,14.3,14.32,14.3,14.32,900,0
PBFS.US,5,20260427,153000,14.24,14.24,14.24,14.24,230,0
PBFS.US,5,20260427,200000,14.36,14.36,14.36,14.36,359,0
PBFS.US,5,20260427,210000,14.3,14.3,14.3,14.3,100,0
PBFS.US,5,20260427,215500,14.27,14.27,14.27,14.27,3900,0
PBFS.US,5,20260428,175000,14.485,14.485,14.485,14.485,200,0
PBFS.US,5,20260428,181000,14.56,14.56,14.56,14.56,199,0
PBFS.US,5,20260428,203000,14.5031,14.5031,14.5031,14.5031,101,0
PBFS.US,5,20260428,204500,14.26,14.26,14.26,14.26,111,0
PBFS.US,5,20260428,205500,14.58,14.58,14.58,14.58,125,0
PBFS.US,5,20260428,213000,14.27,14.27,14.25,14.25,298,0
PBFS.US,5,20260428,213500,14.38,14.38,14.38,14.38,125,0
PBFS.US,5,20260428,215500,14.27,14.29,14.23,14.23,3486,0
PBFS.US,5,20260429,154000,14.475,14.475,14.475,14.475,125,0
PBFS.US,5,20260429,175000,14.21,14.21,14.21,14.21,300,0
PBFS.US,5,20260429,180500,14.21,14.21,14.21,14.21,400,0
PBFS.US,5,20260429,181000,14.21,14.21,14.21,14.21,346,0
PBFS.US,5,20260429,181500,14.21,14.21,14.21,14.21,700,0
PBFS.US,5,20260429,182500,14.17,14.17,14.17,14.17,200,0
PBFS.US,5,20260429,184000,14.005,14.005,14.005,14.005,100,0
PBFS.US,5,20260429,185000,13.76,13.76,13.76,13.76,100,0
PBFS.US,5,20260429,191000,13.95,13.95,13.95,13.95,100,0
PBFS.US,5,20260429,193000,14.021,14.075,14.021,14.075,247,0
PBFS.US,5,20260429,193500,14.065,14.065,14.065,14.065,209,0
PBFS.US,5,20260429,194500,14.155,14.155,14.155,14.155,115,0
PBFS.US,5,20260429,195000,14.16,14.16,14.02,14.02,365,0
PBFS.US,5,20260429,195500,14.16,14.16,14.16,14.16,215,0
PBFS.US,5,20260429,200000,14.02,14.095,14.02,14.095,425,0
PBFS.US,5,20260429,200500,14.03,14.03,14.03,14.03,200,0
PBFS.US,5,20260429,201000,14.03,14.03,14.03,14.03,100,0
PBFS.US,5,20260429,201500,14.08,14.08,14.03,14.03,223,0
PBFS.US,5,20260429,202500,14.03,14.03,14.03,14.03,100,0
PBFS.US,5,20260429,203000,14.03,14.03,14.03,14.03,100,0
PBFS.US,5,20260429,203500,14.03,14.03,14.03,14.03,100,0
PBFS.US,5,20260429,204000,14.03,14.03,14.02,14.02,200,0
PBFS.US,5,20260429,204500,14.02,14.02,14.02,14.02,100,0
PBFS.US,5,20260429,205500,14.02,14.02,14.02,14.02,100,0
PBFS.US,5,20260429,211000,14.02,14.02,14.02,14.02,100,0
PBFS.US,5,20260429,212500,14.06,14.06,14.06,14.06,100,0
PBFS.US,5,20260429,213500,14.02,14.02,14.02,14.02,137,0
PBFS.US,5,20260429,214000,14.02,14.02,14.02,14.02,738,0
PBFS.US,5,20260429,214500,14.02,14.02,14.02,14.02,300,0
PBFS.US,5,20260429,215000,14.02,14.02,14.02,14.02,100,0
PBFS.US,5,20260429,215500,14.05,14.05,14.05,14.05,600,0
PBFS.US,5,20260430,153000,14.02,14.02,14.02,14.02,276,0
PBFS.US,5,20260430,153500,14.16,14.16,14.16,14.16,115,0
PBFS.US,5,20260430,171000,14.15,14.15,14.15,14.15,300,0
PBFS.US,5,20260430,183500,14.185,14.185,14.185,14.185,100,0
PBFS.US,5,20260430,215500,14.09,14.205,14.09,14.205,1487,0
PBFS.US,5,20260501,190000,14.265,14.265,14.265,14.265,218,0
PBFS.US,5,20260501,190500,14.265,14.265,14.265,14.265,197,0
PBFS.US,5,20260501,191500,14.3,14.3,14.3,14.3,412,0
PBFS.US,5,20260501,194000,14.3,14.3,14.3,14.3,182,0
PBFS.US,5,20260501,200500,14.2919,14.2919,14.2919,14.2919,100,0
PBFS.US,5,20260501,201000,14.3,14.3,14.265,14.265,232,0
PBFS.US,5,20260501,202500,14.3,14.33,14.3,14.33,308,0
PBFS.US,5,20260501,204000,14.355,14.355,14.355,14.355,141,0
PBFS.US,5,20260501,215000,14.28,14.28,14.28,14.28,100,0
PBFS.US,5,20260501,215500,14.3,14.34,14.3,14.34,3026,0
PBFS.US,5,20260504,153000,14.25,14.25,14.23,14.23,322,0
PBFS.US,5,20260504,160000,14.23,14.23,14.23,14.23,100,0
PBFS.US,5,20260504,161500,14.26,14.26,14.26,14.26,100,0
PBFS.US,5,20260504,171500,14.22,14.22,14.22,14.22,400,0
PBFS.US,5,20260504,172000,14.22,14.22,14.22,14.22,100,0
PBFS.US,5,20260504,175000,14.11,14.11,14.11,14.11,200,0
PBFS.US,5,20260504,180000,14.205,14.205,14.205,14.205,100,0
PBFS.US,5,20260504,180500,14.195,14.195,14.195,14.195,100,0
PBFS.US,5,20260504,181500,14.1999,14.1999,14.1999,14.1999,500,0
PBFS.US,5,20260504,190000,14.11,14.15,14.11,14.15,600,0
PBFS.US,5,20260504,192500,14.1604,14.17,14.14,14.17,947,0
PBFS.US,5,20260504,193500,14.11,14.17,14.11,14.17,300,0
PBFS.US,5,20260504,204500,14.165,14.165,14.165,14.165,159,0
PBFS.US,5,20260504,212000,14.11,14.11,14.11,14.11,100,0
PBFS.US,5,20260504,214000,14.11,14.11,14.11,14.11,100,0
PBFS.US,5,20260504,214500,14.14,14.14,14.14,14.14,100,0
PBFS.US,5,20260504,215000,14.16,14.16,14.16,14.16,300,0
PBFS.US,5,20260504,215500,14.18,14.21,14.18,14.21,700,0
PBFS.US,5,20260505,183500,14.3605,14.3605,14.3605,14.3605,136,0
PBFS.US,5,20260505,204500,14.285,14.285,14.285,14.285,141,0
PBFS.US,5,20260505,210000,14.265,14.265,14.265,14.265,100,0
PBFS.US,5,20260506,183000,14.2,14.2,14.2,14.2,300,0
PBFS.US,5,20260506,184500,14.2,14.2,14.2,14.2,1235,0
PBFS.US,5,20260506,192000,14.33,14.33,14.33,14.33,916,0
PBFS.US,5,20260506,201500,14.4536,14.4536,14.4536,14.4536,126,0
PBFS.US,5,20260506,202500,14.4999,14.4999,14.4999,14.4999,316,0
PBFS.US,5,20260506,215500,14.49,14.61,14.47,14.61,3392,0
PBFS.US,5,20260507,205500,14.73,14.74,14.7,14.74,300,0
PBFS.US,5,20260507,210000,14.57,14.57,14.57,14.57,118,0
PBFS.US,5,20260507,215500,14.89,14.89,14.89,14.89,3126,0
PBFS.US,5,20260508,153000,14.77,15,14.77,15,791,0
PBFS.US,5,20260508,154500,15,15,15,15,100,0
PBFS.US,5,20260508,204500,14.74,14.78,14.74,14.78,314,0
PBFS.US,5,20260511,153000,14.625,14.625,14.625,14.625,127,0
PBFS.US,5,20260511,185000,14.48,14.48,14.48,14.48,100,0
PBFS.US,5,20260511,191500,14.455,14.455,14.455,14.455,200,0
PBFS.US,5,20260511,193000,14.46,14.46,14.46,14.46,1000,0
PBFS.US,5,20260511,193500,14.365,14.365,14.365,14.365,1000,0
PBFS.US,5,20260511,205000,14.425,14.425,14.425,14.425,125,0
PBFS.US,5,20260511,211500,14.595,14.595,14.595,14.595,100,0
PBFS.US,5,20260511,213500,14.54,14.54,14.54,14.54,119,0
PBFS.US,5,20260512,153000,14.4,14.88,14.4,14.88,235,0
PBFS.US,5,20260512,160500,14.705,14.705,14.705,14.705,350,0
PBFS.US,5,20260512,173500,14.48,14.48,14.48,14.48,100,0
PBFS.US,5,20260512,175000,14.5918,14.5918,14.5918,14.5918,150,0
PBFS.US,5,20260512,175500,14.5,14.5,14.5,14.5,500,0
PBFS.US,5,20260512,211000,14.73,14.73,14.73,14.73,119,0
PBFS.US,5,20260513,153000,14.54,14.54,14.54,14.54,321,0
PBFS.US,5,20260513,170500,14.845,14.845,14.845,14.845,100,0
PBFS.US,5,20260513,174000,14.85,14.85,14.85,14.85,100,0
PBFS.US,5,20260513,181500,14.85,14.9,14.8,14.9,25305,0
PBFS.US,5,20260513,183000,14.77,14.77,14.77,14.77,187,0
PBFS.US,5,20260513,192000,14.8,14.8,14.8,14.8,100,0
PBFS.US,5,20260513,194500,14.75,14.8,14.74,14.75,3531,0
PBFS.US,5,20260513,215000,14.78,14.808,14.78,14.808,807,0
PBFS.US,5,20260513,215500,14.8,14.85,14.8,14.81,744,0
PBFS.US,5,20260514,153000,14.8,14.8,14.8,14.8,100,0
PBFS.US,5,20260514,165500,14.75,14.75,14.75,14.75,188,0
PBFS.US,5,20260514,170000,14.75,14.75,14.75,14.75,100,0
PBFS.US,5,20260514,175000,14.75,14.75,14.74,14.74,200,0
PBFS.US,5,20260514,200000,14.75,14.8,14.73,14.8,6216,0
PBFS.US,5,20260514,200500,14.8,14.8,14.8,14.8,172,0
PBFS.US,5,20260514,203000,15.1499,15.1499,15.1499,15.1499,232,0
PBFS.US,5,20260514,213500,14.84,14.84,14.84,14.84,634,0
PBFS.US,5,20260514,215500,14.84,14.86,14.84,14.84,2677,0
PBFS.US,5,20260515,153000,14.71,14.71,14.71,14.71,1079,0
PBFS.US,5,20260515,201500,14.705,14.705,14.705,14.705,311,0
PBFS.US,5,20260515,204500,14.68,14.68,14.68,14.68,100,0
PBFS.US,5,20260515,212500,14.73,14.73,14.73,14.73,200,0
PBFS.US,5,20260515,214000,14.7,14.7,14.7,14.7,200,0
PBFS.US,5,20260515,214500,14.71,14.71,14.71,14.71,100,0
PBFS.US,5,20260515,215000,14.72,14.72,14.72,14.72,100,0
PBFS.US,5,20260515,215500,14.69,14.73,14.67,14.73,2521,0
PBFS.US,5,20260518,192500,14.8,14.8,14.8,14.8,275,0
PBFS.US,5,20260518,205000,14.78,14.78,14.78,14.78,135,0
PBFS.US,5,20260518,205500,14.78,14.78,14.66,14.66,277,0
PBFS.US,5,20260518,215500,14.73,14.74,14.72,14.74,902,0
PBFS.US,5,20260519,155000,14.825,14.825,14.825,14.825,120,0
PBFS.US,5,20260519,162500,14.8,14.8,14.8,14.8,100,0
PBFS.US,5,20260519,163000,14.8,14.8,14.8,14.8,400,0
PBFS.US,5,20260519,175000,14.8,14.8,14.8,14.8,156609,0
PBFS.US,5,20260519,184500,15.0195,15.0195,15.0195,15.0195,117,0
PBFS.US,5,20260519,210500,14.95,14.95,14.95,14.95,131,0
PBFS.US,5,20260519,215500,14.93,14.93,14.925,14.93,1878,0
PBFS.US,5,20260520,153000,14.94,14.94,14.94,14.94,163,0
PBFS.US,5,20260520,164000,15.117,15.117,15.117,15.117,120,0
PBFS.US,5,20260520,173500,15.06,15.06,15.06,15.06,100,0
PBFS.US,5,20260520,174000,15.1,15.14,15.1,15.14,200,0
PBFS.US,5,20260520,175500,15.05,15.09,15.05,15.085,2000,0
PBFS.US,5,20260520,180000,15.08,15.08,15.07,15.07,400,0
PBFS.US,5,20260520,180500,15.07,15.07,15.07,15.07,500,0
PBFS.US,5,20260520,181500,15.04,15.04,15,15,577,0
PBFS.US,5,20260520,185500,14.92,14.92,14.92,14.92,100,0
PBFS.US,5,20260520,190500,14.93,14.93,14.93,14.93,152,0
PBFS.US,5,20260520,191000,14.91,14.91,14.91,14.91,440,0
PBFS.US,5,20260520,195000,14.94,14.94,14.94,14.94,100,0
PBFS.US,5,20260520,203500,14.88,14.88,14.88,14.88,240,0
PBFS.US,5,20260520,204000,14.8801,14.955,14.8801,14.91,2390,0
PBFS.US,5,20260520,210000,14.92,14.975,14.92,14.975,300,0
PBFS.US,5,20260520,214000,15,15,15,15,100,0
PBFS.US,5,20260520,214500,14.93,14.93,14.93,14.93,100,0
PBFS.US,5,20260520,215500,14.96,14.96,14.92,14.92,314,0
PBFS.US,5,20260521,153000,14.8,14.8,14.8,14.8,332,0
PBFS.US,5,20260521,163500,14.95,14.95,14.95,14.95,250,0
PBFS.US,5,20260521,183000,14.79,14.79,14.78,14.78,200,0
PBFS.US,5,20260521,183500,14.78,14.78,14.78,14.78,200,0
PBFS.US,5,20260521,184000,14.77,14.77,14.77,14.77,101,0
PBFS.US,5,20260521,200500,14.815,14.815,14.815,14.815,100,0
PBFS.US,5,20260521,201500,14.81,14.81,14.81,14.81,100,0
PBFS.US,5,20260521,202000,14.8259,14.885,14.8259,14.885,252,0
PBFS.US,5,20260521,203500,14.903773,14.903773,14.903773,14.903773,228,0
PBFS.US,5,20260521,214500,14.83,14.83,14.83,14.83,100,0
PBFS.US,5,20260521,215000,14.82,14.84,14.82,14.84,525,0
PBFS.US,5,20260522,180000,15.015,15.015,15.0075,15.015,599,0
PBFS.US,5,20260522,183500,15.015,15.015,15.015,15.015,360,0
PBFS.US,5,20260522,191000,14.81,14.81,14.81,14.81,100,0
PBFS.US,5,20260522,191500,14.84,14.84,14.84,14.84,100,0
PBFS.US,5,20260522,194500,14.86,14.86,14.86,14.86,414,0
PBFS.US,5,20260522,201000,14.85,14.85,14.85,14.85,234,0
PBFS.US,5,20260522,204500,14.9,14.9,14.9,14.9,100,0
PBFS.US,5,20260522,210500,14.825,14.825,14.825,14.825,129,0
PBFS.US,5,20260522,215500,14.8,14.81,14.8,14.81,478,0
PBFS.US,5,20260526,153000,14.85,14.85,14.85,14.85,205,0
PBFS.US,5,20260526,155000,14.86,14.86,14.77,14.77,2999,0
PBFS.US,5,20260526,155500,14.955,14.955,14.955,14.955,125,0
PBFS.US,5,20260526,165500,14.82,14.82,14.82,14.82,137,0
PBFS.US,5,20260526,170000,14.81,14.87,14.81,14.85,3425,0
PBFS.US,5,20260526,170500,14.8,14.88,14.8,14.88,347,0
PBFS.US,5,20260526,173000,14.8,14.8,14.8,14.8,100,0
PBFS.US,5,20260526,175000,14.8,14.8,14.8,14.8,594,0
PBFS.US,5,20260526,175500,14.82,14.82,14.82,14.82,100,0
PBFS.US,5,20260526,184500,14.82,14.84,14.76,14.81,51475,0
PBFS.US,5,20260526,200000,14.83,14.83,14.83,14.83,200,0
PBFS.US,5,20260526,213000,14.91,14.91,14.91,14.91,125,0
PBFS.US,5,20260526,214500,14.91,14.91,14.91,14.91,100,0
PBFS.US,5,20260526,215500,14.925,14.925,14.925,14.925,100,0
PBFS.US,5,20260527,153000,14.99,14.99,14.99,14.99,182,0
PBFS.US,5,20260527,163000,14.975,14.975,14.975,14.975,100,0
PBFS.US,5,20260527,173500,14.96,14.96,14.96,14.96,100,0
PBFS.US,5,20260527,181500,14.97,14.985,14.95,14.95,600,0
PBFS.US,5,20260527,182500,14.95,14.95,14.95,14.95,100,0
PBFS.US,5,20260527,185000,14.955,14.955,14.955,14.955,100,0
PBFS.US,5,20260527,193000,14.96,14.96,14.95,14.96,300,0
PBFS.US,5,20260527,194500,14.96,14.96,14.96,14.96,100,0
PBFS.US,5,20260527,200500,14.975,14.975,14.975,14.975,100,0
PBFS.US,5,20260527,201000,14.99,14.99,14.99,14.99,119,0
PBFS.US,5,20260527,201500,14.94,14.95,14.94,14.95,318,0
PBFS.US,5,20260527,211000,14.97,14.97,14.97,14.97,100,0
PBFS.US,5,20260527,214000,14.95,14.95,14.95,14.95,137,0
PBFS.US,5,20260527,215500,14.99,14.99,14.99,14.99,220,0
PBFS.US,5,20260528,174000,14.89,14.89,14.89,14.89,168,0
PBFS.US,5,20260528,181000,14.99,14.99,14.99,14.99,120,0
PBFS.US,5,20260528,211500,14.93,14.97,14.93,14.97,200,0
PBFS.US,5,20260528,213000,14.91,14.91,14.91,14.91,116,0
PBFS.US,5,20260528,214500,14.925,14.925,14.925,14.925,100,0
PBFS.US,5,20260528,215000,14.97,14.97,14.97,14.97,200,0
PBFS.US,5,20260528,215500,14.94,15,14.94,14.99,719,0
PBFS.US,5,20260529,153000,15.07,15.07,15.07,15.07,306,0
PBFS.US,5,20260529,154500,14.9,14.9,14.9,14.9,100,0
PBFS.US,5,20260529,161500,14.8801,14.94,14.8801,14.94,320,0
PBFS.US,5,20260529,200000,14.93,14.93,14.93,14.93,100,0
PBFS.US,5,20260529,200500,14.99,14.99,14.99,14.99,100,0
PBFS.US,5,20260529,203000,14.94,14.94,14.94,14.94,1000,0
PBFS.US,5,20260529,205000,14.89,14.9999,14.89,14.9999,263,0
PBFS.US,5,20260529,215000,14.97,14.97,14.97,14.97,100,0
PBFS.US,5,20260529,215500,14.97,14.97,14.97,14.97,107,0
PBFS.US,5,20260601,154500,14.98,15,14.98,15,2194,0
PBFS.US,5,20260601,155000,15.085,15.085,15.085,15.085,120,0
PBFS.US,5,20260601,165000,15.2,15.23,15.2,15.23,1200,0
PBFS.US,5,20260601,170500,15.4,15.4,15.4,15.4,240,0
PBFS.US,5,20260601,171000,15.241,15.26,15.241,15.26,200,0
PBFS.US,5,20260601,172000,15.365,15.365,15.365,15.365,120,0
PBFS.US,5,20260601,181500,15.27,15.27,15.27,15.27,100,0
PBFS.US,5,20260601,183000,15.31,15.49,15.31,15.49,407,0
PBFS.US,5,20260601,185000,15.39,15.5,15.37,15.5,1000,0
PBFS.US,5,20260601,191500,15.47,15.47,15.47,15.47,171,0
PBFS.US,5,20260601,193500,15.45,15.49,15.45,15.45,4269,0
PBFS.US,5,20260601,194000,15.52,15.52,15.52,15.52,100,0
PBFS.US,5,20260601,201500,15.36,15.36,15.36,15.36,220,0
PBFS.US,5,20260601,210000,15.36,15.52,15.36,15.505,1006,0
PBFS.US,5,20260601,210500,15.4,15.73,15.4,15.73,3355,0
PBFS.US,5,20260601,211500,15.73,15.93,15.73,15.73,400,0
PBFS.US,5,20260601,212000,15.98,15.98,15.98,15.98,100,0
PBFS.US,5,20260601,212500,15.9,15.99,15.9,15.97,1500,0
PBFS.US,5,20260601,213000,15.94,15.99,15.94,15.99,1585,0
PBFS.US,5,20260601,213500,15.98,15.99,15.925,15.925,1785,0
PBFS.US,5,20260601,214000,15.98,16,15.91,16,2315,0
PBFS.US,5,20260601,214500,16,16.28,16,16.27,3806,0
PBFS.US,5,20260601,215000,16.27,16.77,16.22,16.77,4837,0
PBFS.US,5,20260601,215500,16.62,16.91,16.36,16.36,3952,0
PBFS.US,5,20260602,153000,16.36,16.36,16.36,16.36,655,0
PBFS.US,5,20260602,163500,16,16,16,16,100,0
PBFS.US,5,20260602,165000,16.13,16.29,16.13,16.29,566,0
PBFS.US,5,20260602,165500,16.2,16.8,16.2,16.74,2934,0
PBFS.US,5,20260602,170500,16.735,16.98,16.735,16.98,1200,0
PBFS.US,5,20260602,171000,16.75,16.97,16.75,16.97,974,0
PBFS.US,5,20260602,171500,16.98,16.99,16.98,16.99,2523,0
PBFS.US,5,20260602,172000,16.98,16.99,16.98,16.99,498,0
PBFS.US,5,20260602,172500,17,17,17,17,100,0
PBFS.US,5,20260602,173000,17,17,17,17,104,0
PBFS.US,5,20260602,173500,16.9745,17.04,16.9745,17.04,1090,0
PBFS.US,5,20260602,174500,16.985,16.985,16.985,16.985,100,0
PBFS.US,5,20260602,175500,16.92,16.9699,16.92,16.9699,1100,0
PBFS.US,5,20260602,180000,16.945,16.95,16.935,16.935,1900,0
PBFS.US,5,20260602,180500,16.91,16.91,16.91,16.91,100,0
PBFS.US,5,20260602,183000,16.81,16.81,16.81,16.81,111,0
PBFS.US,5,20260602,183500,16.85,16.85,16.85,16.85,468,0
PBFS.US,5,20260602,184000,16.8848,16.8848,16.88,16.88,617,0
PBFS.US,5,20260602,190000,16.87,16.87,16.87,16.87,745,0
PBFS.US,5,20260602,190500,16.815,16.815,16.815,16.815,1000,0
PBFS.US,5,20260602,192000,16.88,16.88,16.815,16.815,1000,0
PBFS.US,5,20260602,192500,16.7962,16.7962,16.75,16.75,2268,0
PBFS.US,5,20260602,193000,16.56,16.56,16.56,16.56,100,0
PBFS.US,5,20260602,193500,16.61,16.61,16.61,16.61,220,0
PBFS.US,5,20260602,201000,16.695,16.695,16.695,16.695,165,0
PBFS.US,5,20260602,205000,16.78,16.78,16.78,16.78,1939,0
PBFS.US,5,20260602,210000,16.9899,16.9899,16.9899,16.9899,1500,0
PBFS.US,5,20260602,211500,16.92,16.92,16.85,16.86,2823,0
PBFS.US,5,20260602,212500,16.785,16.785,16.785,16.785,178,0
PBFS.US,5,20260602,214500,16.755,16.755,16.755,16.755,102,0
PBFS.US,5,20260602,215500,16.79,16.79,16.79,16.79,1776,0
PBFS.US,5,20260603,153000,16.8,16.8,16.8,16.8,206,0
PBFS.US,5,20260603,153500,16.85,16.85,16.82,16.82,481,0
PBFS.US,5,20260603,154000,16.795,16.795,16.795,16.795,100,0
PBFS.US,5,20260603,154500,16.65,16.65,16.5,16.5,993,0
PBFS.US,5,20260603,161500,16.35,16.35,16.35,16.35,100,0
PBFS.US,5,20260603,162000,16.44,16.44,16.44,16.44,303,0
PBFS.US,5,20260603,162500,16.34,16.34,16.34,16.34,100,0
PBFS.US,5,20260603,163000,16.25,16.25,16.02,16.03,2283,0
PBFS.US,5,20260603,164500,16.01,16.01,15.95,15.95,2540,0
PBFS.US,5,20260603,165500,15.98,16.04,15.98,16.04,540,0
PBFS.US,5,20260603,170500,16.05,16.05,16.05,16.05,250,0
PBFS.US,5,20260603,172000,16.03,16.03,16.03,16.03,100,0
PBFS.US,5,20260603,172500,15.975,15.975,15.975,15.975,200,0
PBFS.US,5,20260603,173500,15.935,15.935,15.935,15.935,200,0
PBFS.US,5,20260603,174000,15.9,15.9,15.9,15.9,500,0
PBFS.US,5,20260603,181000,15.82,15.82,15.82,15.82,200,0
PBFS.US,5,20260603,184000,15.81,15.81,15.81,15.81,716,0
PBFS.US,5,20260603,190000,15.74,15.74,15.74,15.74,200,0
PBFS.US,5,20260603,195000,15.75,15.75,15.75,15.75,100,0
PBFS.US,5,20260603,200000,15.75,15.75,15.75,15.75,1872,0
PBFS.US,5,20260603,200500,15.71,15.71,15.71,15.71,100,0
PBFS.US,5,20260603,201000,15.75,15.75,15.75,15.75,100,0
PBFS.US,5,20260603,202000,15.74,15.74,15.74,15.74,100,0
PBFS.US,5,20260603,204000,15.72,15.73,15.72,15.73,378,0
PBFS.US,5,20260603,204500,15.74,15.82,15.74,15.82,300,0
PBFS.US,5,20260603,210000,15.78,15.83,15.78,15.83,200,0
PBFS.US,5,20260603,213000,15.8,15.81,15.76,15.76,2499,0
PBFS.US,5,20260603,213500,15.77,15.77,15.76,15.76,500,0
PBFS.US,5,20260603,215000,15.765,15.77,15.765,15.77,200,0
PBFS.US,5,20260603,215500,15.83,15.83,15.83,15.83,141,0
PBFS.US,5,20260604,153000,16.08,16.08,16.08,16.08,367,0
PBFS.US,5,20260604,153500,16.42,16.42,16.42,16.42,100,0
PBFS.US,5,20260604,163000,16.17,16.17,16.17,16.17,100,0
PBFS.US,5,20260604,171000,15.9493,15.9493,15.9493,15.9493,500,0
PBFS.US,5,20260604,172000,16.03,16.095,16,16.03,525,0
PBFS.US,5,20260604,180000,16.07,16.07,16.02,16.02,923,0
PBFS.US,5,20260604,181500,15.91,15.91,15.91,15.91,100,0
PBFS.US,5,20260604,184000,16,16.01,16,16.01,894,0
PBFS.US,5,20260604,184500,16.02,16.115,16.02,16.115,656,0
PBFS.US,5,20260604,185500,16.11,16.12,16.11,16.12,1374,0
PBFS.US,5,20260604,200500,16.125,16.125,16.125,16.125,186,0
PBFS.US,5,20260604,213000,16.14,16.14,16.14,16.14,100,0
PBFS.US,5,20260604,214500,16.14,16.145,16.14,16.145,200,0
PBFS.US,5,20260604,215000,16.14,16.14,16.14,16.14,200,0
PBFS.US,5,20260604,215500,16.15,16.2,16.14,16.14,3805,0
PBFS.US,5,20260605,153000,16.05,16.05,16.05,16.05,1004,0
PBFS.US,5,20260605,164500,16.195,16.195,16.195,16.195,120,0
PBFS.US,5,20260605,175500,16.2,16.2,16.2,16.2,400,0
PBFS.US,5,20260605,192500,16.23,16.29,16.23,16.29,200,0
PBFS.US,5,20260605,193500,16.29,16.29,16.29,16.29,300,0
PBFS.US,5,20260605,195000,16.29,16.29,16.29,16.29,200,0
PBFS.US,5,20260605,203500,16.43,16.43,16.43,16.43,100,0
PBFS.US,5,20260605,205000,16.27,16.27,16.26,16.26,400,0
PBFS.US,5,20260605,210000,16.35,16.4,16.35,16.4,300,0
PBFS.US,5,20260605,210500,16.1529,16.27,16.1529,16.27,1000,0
PBFS.US,5,20260605,211000,16.1514,16.1514,16.12,16.13,1385,0
PBFS.US,5,20260605,211500,16.265,16.265,16.265,16.265,125,0
PBFS.US,5,20260605,214000,16.19,16.19,16.19,16.19,300,0
PBFS.US,5,20260605,214500,16.15,16.15,16.15,16.15,100,0
PBFS.US,5,20260605,215000,16.19,16.19,16.19,16.19,100,0
PBFS.US,5,20260605,215500,16.15,16.19,16.15,16.175,300,0
PBFS.US,5,20260608,153000,16.29,16.29,16.29,16.29,100,0
PBFS.US,5,20260608,154000,16.045,16.045,16.045,16.045,100,0
PBFS.US,5,20260608,161500,16.23,16.23,16.23,16.23,100,0
PBFS.US,5,20260608,163500,16.28,16.28,16.225,16.225,1055,0
PBFS.US,5,20260608,170500,16.47,16.47,16.47,16.47,100,0
PBFS.US,5,20260608,172500,16.47,16.47,16.47,16.47,119,0
PBFS.US,5,20260608,175000,16.35,16.35,16.35,16.35,928,0
PBFS.US,5,20260608,180000,16.345,16.39,16.3,16.3001,900,0
PBFS.US,5,20260608,181000,16.3,16.3,16.3,16.3,655,0
PBFS.US,5,20260608,183500,16.3125,16.3125,16.3125,16.3125,100,0
PBFS.US,5,20260608,185500,16.3,16.3,16.3,16.3,800,0
PBFS.US,5,20260608,192500,16.29,16.3862,16.175,16.3862,2912,0
PBFS.US,5,20260608,193500,16.27,16.27,16.27,16.27,100,0
PBFS.US,5,20260608,204000,16.225,16.225,16.225,16.225,431,0
PBFS.US,5,20260608,213000,16.215,16.215,16.215,16.215,849,0
PBFS.US,5,20260608,213500,16.16,16.21,16.16,16.2,1100,0
PBFS.US,5,20260608,214000,16.27,16.27,16.27,16.27,100,0
PBFS.US,5,20260608,214500,16.2,16.2,16.18,16.1977,1000,0
PBFS.US,5,20260608,215000,16.15,16.15,16.15,16.15,2260,0
PBFS.US,5,20260608,215500,16.14,16.16,16.12,16.12,437,0
PBFS.US,5,20260609,153000,16.19,16.19,16.19,16.19,202,0
PBFS.US,5,20260609,164000,16.24,16.27,16.195,16.27,500,0
PBFS.US,5,20260609,170000,16.215,16.215,16.215,16.215,100,0
PBFS.US,5,20260609,170500,16.35,16.35,16.35,16.35,120,0
PBFS.US,5,20260609,173000,16.41,16.41,16.33,16.345,1200,0
PBFS.US,5,20260609,180000,16.56,16.56,16.56,16.56,100,0
PBFS.US,5,20260609,184000,16.575,16.575,16.575,16.575,100,0
PBFS.US,5,20260609,193000,16.545,16.545,16.545,16.545,100,0
PBFS.US,5,20260609,211000,16.485,16.485,16.485,16.485,100,0
PBFS.US,5,20260609,213500,16.485,16.485,16.485,16.485,100,0
PBFS.US,5,20260609,215500,16.54,16.54,16.54,16.54,2694,0
PBFS.US,5,20260610,153000,16.54,16.54,16.54,16.54,1015,0
PBFS.US,5,20260610,160000,16.66,16.66,16.66,16.66,1000,0
PBFS.US,5,20260610,172000,16.66,16.665,16.66,16.665,500,0
PBFS.US,5,20260610,173000,16.65,16.65,16.65,16.65,100,0
PBFS.US,5,20260610,173500,16.79,16.79,16.79,16.79,100,0
PBFS.US,5,20260610,175500,16.78,16.795,16.78,16.795,282,0
PBFS.US,5,20260610,180500,16.63,16.63,16.63,16.63,100,0
PBFS.US,5,20260610,184000,16.63,16.635,16.63,16.63,400,0
PBFS.US,5,20260610,190000,16.605,16.63,16.6,16.6,500,0
PBFS.US,5,20260610,190500,16.6,16.6,16.6,16.6,100,0
PBFS.US,5,20260610,191000,16.58,16.58,16.54,16.55,300,0
PBFS.US,5,20260610,192500,16.64,16.64,16.64,16.64,100,0
PBFS.US,5,20260610,200500,16.61,16.61,16.61,16.61,100,0
PBFS.US,5,20260610,203000,16.65,16.65,16.65,16.65,100,0
PBFS.US,5,20260610,210500,16.63,16.63,16.63,16.63,200,0
PBFS.US,5,20260610,215000,16.65,16.65,16.65,16.65,100,0
PBFS.US,5,20260610,215500,16.66,16.66,16.66,16.66,100,0
PBFS.US,5,20260611,165500,16.76,16.76,16.76,16.76,100,0
PBFS.US,5,20260611,180000,16.7,16.7,16.7,16.7,500,0
PBFS.US,5,20260611,181000,16.76,16.76,16.76,16.76,900,0
PBFS.US,5,20260611,185500,16.76,16.76,16.76,16.76,100,0
PBFS.US,5,20260611,191500,16.76,16.76,16.76,16.76,100,0
PBFS.US,5,20260611,192000,16.76,16.76,16.76,16.76,114,0
PBFS.US,5,20260611,211000,16.91,16.91,16.91,16.91,100,0
PBFS.US,5,20260611,214500,16.88,16.92,16.88,16.92,792,0
PBFS.US,5,20260611,215000,16.91,16.93,16.9092,16.92,1506,0
PBFS.US,5,20260612,154000,16.64,16.64,16.64,16.64,100,0
PBFS.US,5,20260612,154500,16.6242,16.6242,16.6241,16.6241,245,0
PBFS.US,5,20260612,161500,16.805,16.805,16.805,16.805,100,0
PBFS.US,5,20260612,164000,16.79,16.79,16.79,16.79,100,0
PBFS.US,5,20260612,173000,16.85,16.85,16.85,16.85,500,0
PBFS.US,5,20260612,173500,16.9,16.9,16.9,16.9,600,0
PBFS.US,5,20260612,175500,16.905,16.905,16.905,16.905,200,0
PBFS.US,5,20260612,180000,16.95,16.95,16.95,16.95,100,0
PBFS.US,5,20260612,181500,16.915,16.915,16.915,16.915,209,0
PBFS.US,5,20260612,192000,16.835,16.835,16.835,16.835,226,0
PBFS.US,5,20260612,203000,16.835,16.835,16.835,16.835,163,0
PBFS.US,5,20260612,210500,16.83,16.83,16.83,16.83,100,0
PBFS.US,5,20260612,213000,16.83,16.83,16.83,16.83,660,0
PBFS.US,5,20260612,214000,16.75,16.75,16.75,16.75,100,0
PBFS.US,5,20260612,215500,16.91,16.92,16.91,16.92,696,0
PBFS.US,5,20260615,153000,16.84,16.84,16.84,16.84,239,0
PBFS.US,5,20260615,155000,16.845,16.845,16.845,16.845,100,0
PBFS.US,5,20260615,180000,16.86,16.86,16.86,16.86,100,0
PBFS.US,5,20260615,190000,16.79,16.79,16.75,16.75,921,0
PBFS.US,5,20260615,201500,16.795,16.795,16.795,16.795,100,0
PBFS.US,5,20260615,214500,16.75,16.75,16.7,16.7,598,0
PBFS.US,5,20260615,215000,16.735,16.735,16.69,16.69,200,0
PBFS.US,5,20260615,215500,16.775,16.775,16.73,16.73,2077,0
PBFS.US,5,20260616,153000,16.93,16.93,16.93,16.93,142,0
PBFS.US,5,20260616,153500,16.93,16.93,16.93,16.93,213,0
PBFS.US,5,20260616,171000,16.87,16.87,16.87,16.87,296,0
PBFS.US,5,20260616,173000,16.86,16.8601,16.765,16.765,1880,0
PBFS.US,5,20260616,203000,16.76,16.76,16.76,16.76,1000,0
PBFS.US,5,20260616,212000,16.805,16.805,16.76,16.805,1208,0
PBFS.US,5,20260616,213500,16.825,16.825,16.825,16.825,125,0
PBFS.US,5,20260616,214000,16.805,16.85,16.805,16.81,800,0
PBFS.US,5,20260616,214500,16.805,16.805,16.805,16.805,251,0
PBFS.US,5,20260616,215500,16.84,16.85,16.82,16.84,1481,0
PBFS.US,5,20260617,153000,16.8,16.8,16.8,16.8,202,0
PBFS.US,5,20260617,154000,16.87,16.87,16.87,16.87,300,0
PBFS.US,5,20260617,154500,16.93,17.14,16.93,17.015,5957,0
PBFS.US,5,20260617,161000,17.08,17.08,17.08,17.08,125,0
PBFS.US,5,20260617,161500,17.14,17.14,17.14,17.14,100,0
PBFS.US,5,20260617,164500,16.975,16.975,16.975,16.975,100,0
PBFS.US,5,20260617,173000,16.965,16.965,16.965,16.965,1000,0
PBFS.US,5,20260617,185000,16.935,16.935,16.935,16.935,100,0
PBFS.US,5,20260617,190500,16.925,16.925,16.925,16.925,100,0
PBFS.US,5,20260617,200500,16.87,16.87,16.81,16.81,1165,0
PBFS.US,5,20260617,212000,16.66,16.66,16.655,16.655,200,0
PBFS.US,5,20260617,212500,16.65,16.65,16.65,16.65,199,0
PBFS.US,5,20260617,213000,16.6,16.64,16.44,16.44,2538,0
PBFS.US,5,20260617,213500,16.44,16.47,16.41,16.47,918,0
PBFS.US,5,20260617,214000,16.39,16.43,16.39,16.43,740,0
PBFS.US,5,20260617,214500,16.45,16.565,16.45,16.565,2520,0
PBFS.US,5,20260617,215000,16.51,16.56,16.51,16.56,500,0
PBFS.US,5,20260617,215500,16.58,16.63,16.52,16.58,1915,0
PBFS.US,5,20260618,153000,16.84,16.84,16.84,16.84,11993,0
PBFS.US,5,20260618,164000,16.84,16.84,16.84,16.84,800,0
PBFS.US,5,20260618,164500,16.84,16.84,16.84,16.84,1000,0
PBFS.US,5,20260618,191000,16.865,16.865,16.865,16.865,100,0
PBFS.US,5,20260618,192000,16.88,16.88,16.88,16.88,100,0
PBFS.US,5,20260618,200500,16.83,16.83,16.83,16.83,100,0
PBFS.US,5,20260618,203000,16.92,16.925,16.92,16.925,200,0
PBFS.US,5,20260618,203500,16.93,16.93,16.925,16.93,600,0
PBFS.US,5,20260618,204500,16.8701,16.99,16.8701,16.99,615,0
PBFS.US,5,20260618,205000,16.93,16.93,16.93,16.93,200,0
PBFS.US,5,20260618,210500,16.92,16.92,16.92,16.92,100,0
PBFS.US,5,20260618,211500,16.95,16.95,16.95,16.95,394,0
PBFS.US,5,20260618,214500,16.99,16.99,16.99,16.99,271,0
PBFS.US,5,20260618,215000,16.99,17.1,16.99,17.1,4452,0
PBFS.US,5,20260618,215500,17.1,17.14,17.07,17.14,600,0
PBFS.US,5,20260622,153000,17.06,17.11,17.06,17.11,257,0
PBFS.US,5,20260622,161500,17.05,17.05,17.05,17.05,100,0
PBFS.US,5,20260622,162000,17.15,17.15,17.15,17.15,118,0
PBFS.US,5,20260622,173000,17.03,17.03,16.9,16.9,966,0
PBFS.US,5,20260622,191500,16.9,16.94,16.82,16.82,486,0
PBFS.US,5,20260622,200000,16.88,16.88,16.88,16.88,100,0
PBFS.US,5,20260622,203500,16.96,16.96,16.96,16.96,100,0
PBFS.US,5,20260622,204000,16.97,16.97,16.95,16.95,494,0
PBFS.US,5,20260622,205500,16.9659,17.05,16.9659,17.05,235,0
PBFS.US,5,20260622,210500,17.045,17.045,17.045,17.045,100,0
PBFS.US,5,20260622,211500,17.045,17.045,17.045,17.045,100,0
PBFS.US,5,20260622,212500,17.13,17.13,17.13,17.13,200,0
PBFS.US,5,20260622,213000,17.13,17.13,17.13,17.13,100,0
PBFS.US,5,20260622,214500,17.13,17.13,17.13,17.13,100,0
PBFS.US,5,20260622,215000,17.06,17.1,17.06,17.1,232,0
PBFS.US,5,20260622,215500,17.07,17.07,17.06,17.065,791,0
