<TICKER>,<PER>,<DATE>,<TIME>,<OPEN>,<HIGH>,<LOW>,<CLOSE>,<VOL>,<OPENINT>
PTOR.US,5,20260316,162500,9.85,9.85,9.85,9.85,100,0
PTOR.US,5,20260316,205000,9.85,9.85,9.85,9.85,912,0
PTOR.US,5,20260316,205500,9.85,9.86,9.85,9.86,1888,0
PTOR.US,5,20260317,143000,9.83,9.83,9.8,9.8,2913,0
PTOR.US,5,20260317,143500,9.8,9.8,9.8,9.8,381,0
PTOR.US,5,20260317,144000,9.8,9.8,9.8,9.8,411,0
PTOR.US,5,20260317,144500,9.8,9.8,9.8,9.8,598,0
PTOR.US,5,20260317,145000,9.828,9.828,9.8,9.8,572,0
PTOR.US,5,20260317,145500,9.8,9.8,9.8,9.8,350,0
PTOR.US,5,20260317,150000,9.8,9.8,9.8,9.8,126,0
PTOR.US,5,20260317,151000,9.82,9.8999,9.82,9.89,462,0
PTOR.US,5,20260317,152500,9.8,9.8,9.8,9.8,181,0
PTOR.US,5,20260317,153000,9.8,9.8017,9.8,9.8017,327,0
PTOR.US,5,20260317,154000,9.8025,9.8025,9.8,9.8,607,0
PTOR.US,5,20260317,154500,9.8,9.8042,9.8,9.8042,349,0
PTOR.US,5,20260317,155500,9.85,9.85,9.84,9.84,211,0
PTOR.US,5,20260317,162500,9.85,9.85,9.81,9.82,1289,0
PTOR.US,5,20260317,163000,9.82,9.82,9.82,9.82,100,0
PTOR.US,5,20260317,163500,9.82,9.82,9.81,9.81,441,0
PTOR.US,5,20260317,164000,9.83,9.83,9.81,9.81,200,0
PTOR.US,5,20260317,165000,9.8,9.8,9.8,9.8,194,0
PTOR.US,5,20260317,165500,9.8,9.8,9.8,9.8,100,0
PTOR.US,5,20260317,171500,9.85,9.85,9.85,9.85,100,0
PTOR.US,5,20260317,174500,9.81,9.8145,9.8,9.8145,2113,0
PTOR.US,5,20260317,175000,9.85,9.85,9.85,9.85,2317,0
PTOR.US,5,20260317,175500,9.83,9.83,9.83,9.83,105,0
PTOR.US,5,20260317,180000,9.81,9.81,9.81,9.81,1720,0
PTOR.US,5,20260317,181000,9.8104,9.8223,9.81,9.82,2857,0
PTOR.US,5,20260317,184000,9.84,9.85,9.84,9.85,1896,0
PTOR.US,5,20260317,192000,9.81,9.81,9.81,9.81,686,0
PTOR.US,5,20260317,194500,9.85,9.85,9.85,9.85,372,0
PTOR.US,5,20260317,195000,9.82,9.85,9.82,9.85,1671,0
PTOR.US,5,20260317,195500,9.81,9.81,9.81,9.81,650,0
PTOR.US,5,20260317,203500,9.81,9.81,9.81,9.81,242,0
PTOR.US,5,20260317,204000,9.8306,9.85,9.83,9.85,5392,0
PTOR.US,5,20260317,204500,9.85,9.85,9.85,9.85,600,0
PTOR.US,5,20260317,205000,9.83,9.85,9.83,9.85,1084,0
PTOR.US,5,20260317,205500,9.84,9.89,9.83,9.83,11926,0
PTOR.US,5,20260318,143000,9.8,9.81,9.8,9.81,300,0
PTOR.US,5,20260318,143500,9.81,9.81,9.81,9.81,600,0
PTOR.US,5,20260318,145000,9.8014,9.8014,9.8,9.8,250,0
PTOR.US,5,20260318,145500,9.8,9.8,9.8,9.8,300,0
PTOR.US,5,20260318,150000,9.8,9.8,9.8,9.8,201,0
PTOR.US,5,20260318,152500,9.8,9.8,9.8,9.8,300,0
PTOR.US,5,20260318,153500,9.8095,9.8095,9.8095,9.8095,123,0
PTOR.US,5,20260318,154500,9.8,9.8,9.8,9.8,148,0
PTOR.US,5,20260318,155000,9.8,9.8,9.8,9.8,200,0
PTOR.US,5,20260318,155500,9.8,9.8,9.8,9.8,1233,0
PTOR.US,5,20260318,160500,9.805,9.805,9.8,9.8,319,0
PTOR.US,5,20260318,162000,9.8,9.8,9.8,9.8,1069,0
PTOR.US,5,20260318,162500,9.805,9.805,9.8,9.8,1139,0
PTOR.US,5,20260318,163000,9.8,9.8001,9.79,9.8001,722,0
PTOR.US,5,20260318,173500,9.805,9.805,9.8,9.8,620,0
PTOR.US,5,20260318,181500,9.8,9.8,9.8,9.8,100,0
PTOR.US,5,20260318,190500,9.8,9.8,9.8,9.8,257,0
PTOR.US,5,20260318,192500,9.8,9.8,9.8,9.8,249,0
PTOR.US,5,20260318,201000,9.8,9.8,9.8,9.8,272,0
PTOR.US,5,20260318,203500,9.82,9.82,9.82,9.82,2100,0
PTOR.US,5,20260318,204500,9.8,9.8,9.8,9.8,600,0
PTOR.US,5,20260318,205000,9.8,9.8,9.8,9.8,400,0
PTOR.US,5,20260318,205500,9.8,9.81,9.795,9.795,1191,0
PTOR.US,5,20260319,143000,9.77,9.77,9.77,9.77,201,0
PTOR.US,5,20260319,144000,9.79,9.8,9.79,9.8,1050,0
PTOR.US,5,20260319,144500,9.8,9.8,9.7901,9.799,1000,0
PTOR.US,5,20260319,145000,9.79,9.79,9.79,9.79,388,0
PTOR.US,5,20260319,151000,9.8,9.8,9.8,9.8,200,0
PTOR.US,5,20260319,153500,9.8,9.8,9.8,9.8,100,0
PTOR.US,5,20260319,155000,9.79,9.79,9.79,9.79,200,0
PTOR.US,5,20260319,160000,9.8,9.8,9.8,9.8,100,0
PTOR.US,5,20260319,161500,9.8,9.8,9.8,9.8,100,0
PTOR.US,5,20260319,163500,9.8,9.8,9.8,9.8,200,0
PTOR.US,5,20260319,180000,9.82,9.82,9.82,9.82,454,0
PTOR.US,5,20260319,183500,9.82,9.82,9.81,9.81,300,0
PTOR.US,5,20260319,184500,9.79,9.79,9.79,9.79,495,0
PTOR.US,5,20260319,195500,9.81,9.81,9.81,9.81,100,0
PTOR.US,5,20260320,143500,9.82,9.82,9.82,9.82,200,0
PTOR.US,5,20260320,144500,9.82,9.82,9.82,9.82,100,0
PTOR.US,5,20260320,153500,9.82,9.82,9.82,9.82,200,0
PTOR.US,5,20260320,165000,9.82,9.82,9.82,9.82,100,0
PTOR.US,5,20260320,165500,9.83,9.83,9.83,9.83,100,0
PTOR.US,5,20260320,170500,9.83,9.83,9.83,9.83,200,0
PTOR.US,5,20260320,185000,9.8,9.8,9.8,9.8,200,0
PTOR.US,5,20260320,191000,9.79,9.79,9.79,9.79,400,0
PTOR.US,5,20260320,201000,9.83,9.83,9.83,9.83,100,0
PTOR.US,5,20260320,205500,9.8,9.8,9.8,9.8,292,0
PTOR.US,5,20260323,144000,9.7801,9.7801,9.7801,9.7801,160,0
PTOR.US,5,20260323,151500,9.8,9.8,9.7962,9.8,1800,0
PTOR.US,5,20260323,152000,9.79,9.8,9.79,9.8,600,0
PTOR.US,5,20260323,154000,9.79,9.79,9.79,9.79,100,0
PTOR.US,5,20260323,162500,9.8,9.8,9.8,9.8,400,0
PTOR.US,5,20260323,163500,9.8,9.8,9.78,9.8,1500,0
PTOR.US,5,20260323,164000,9.8,9.8,9.7966,9.7966,400,0
PTOR.US,5,20260323,171000,9.8,9.8,9.7973,9.7973,500,0
PTOR.US,5,20260323,172000,9.82,9.82,9.82,9.82,100,0
PTOR.US,5,20260323,174000,9.8,9.8,9.78,9.8,2100,0
PTOR.US,5,20260323,174500,9.78,9.8,9.78,9.8,1400,0
PTOR.US,5,20260323,175500,9.8,9.8,9.8,9.8,100,0
PTOR.US,5,20260323,183000,9.8,9.8,9.8,9.8,100,0
PTOR.US,5,20260323,183500,9.78,9.8,9.78,9.8,300,0
PTOR.US,5,20260323,185500,9.8,9.8,9.8,9.8,100,0
PTOR.US,5,20260323,194500,9.79,9.8,9.79,9.8,500,0
PTOR.US,5,20260323,195500,9.8,9.8,9.79,9.7962,2400,0
PTOR.US,5,20260323,201000,9.8,9.8,9.78,9.8,2500,0
PTOR.US,5,20260323,201500,9.7962,9.8,9.79,9.8,1000,0
PTOR.US,5,20260323,202500,9.78,9.8,9.78,9.8,1500,0
PTOR.US,5,20260323,204000,9.83,9.83,9.78,9.8,2377,0
PTOR.US,5,20260323,205000,9.8,9.8,9.78,9.78,800,0
PTOR.US,5,20260323,205500,9.7962,9.8,9.79,9.79,1245,0
PTOR.US,5,20260324,150000,9.8,9.8,9.8,9.8,100,0
PTOR.US,5,20260324,153500,9.8,9.8,9.8,9.8,5000,0
PTOR.US,5,20260324,155000,9.8,9.8,9.8,9.8,100,0
PTOR.US,5,20260324,160500,9.7996,9.8,9.7996,9.8,400,0
PTOR.US,5,20260324,162500,9.82,9.82,9.82,9.82,100,0
PTOR.US,5,20260324,164500,9.78,9.8,9.78,9.8,1100,0
PTOR.US,5,20260324,165000,9.8,9.8,9.78,9.8,6500,0
PTOR.US,5,20260324,165500,9.8,9.8,9.78,9.8,2600,0
PTOR.US,5,20260324,170000,9.8,9.8,9.78,9.8,1800,0
PTOR.US,5,20260324,170500,9.8,9.8,9.78,9.8,1406,0
PTOR.US,5,20260324,171000,9.8,9.8,9.78,9.8,5900,0
PTOR.US,5,20260324,171500,9.8,9.8,9.7962,9.7962,3503,0
PTOR.US,5,20260324,172000,9.8,9.8,9.7963,9.8,2327,0
PTOR.US,5,20260324,174500,9.79,9.79,9.7805,9.7805,988,0
PTOR.US,5,20260324,185500,9.8,9.8,9.8,9.8,200,0
PTOR.US,5,20260324,192000,9.8,9.8,9.8,9.8,300,0
PTOR.US,5,20260324,193500,9.8,9.8,9.8,9.8,100,0
PTOR.US,5,20260324,204000,9.8,9.8,9.78,9.78,2000,0
PTOR.US,5,20260324,205000,9.8,9.8,9.79,9.8,6790,0
PTOR.US,5,20260324,205500,9.8,9.825,9.79,9.8,5700,0
PTOR.US,5,20260325,145000,9.7996,9.7996,9.7996,9.7996,119,0
PTOR.US,5,20260325,152000,9.8,9.8,9.79,9.8,1100,0
PTOR.US,5,20260325,153000,9.799,9.8,9.799,9.8,400,0
PTOR.US,5,20260325,154000,9.8,9.8,9.8,9.8,400,0
PTOR.US,5,20260325,154500,9.8,9.8,9.8,9.8,100,0
PTOR.US,5,20260325,155000,9.8,9.8,9.8,9.8,100,0
PTOR.US,5,20260325,160500,9.8,9.8,9.8,9.8,1100,0
PTOR.US,5,20260325,162000,9.81,9.81,9.81,9.81,100,0
PTOR.US,5,20260325,163000,9.82,9.82,9.8,9.8,900,0
PTOR.US,5,20260325,163500,9.8,9.8,9.8,9.8,700,0
PTOR.US,5,20260325,172000,9.8,9.8,9.8,9.8,86800,0
PTOR.US,5,20260325,173000,9.8,9.8,9.79,9.8,2200,0
PTOR.US,5,20260325,173500,9.8,9.8,9.8,9.8,2800,0
PTOR.US,5,20260325,174000,9.8,9.8,9.8,9.8,800,0
PTOR.US,5,20260325,180500,9.81,9.81,9.81,9.81,100,0
PTOR.US,5,20260325,182000,9.8,9.8,9.8,9.8,1500,0
PTOR.US,5,20260325,184500,9.8,9.805,9.8,9.805,2100,0
PTOR.US,5,20260325,185500,9.8,9.8,9.8,9.8,600,0
PTOR.US,5,20260325,190500,9.8,9.8,9.8,9.8,100,0
PTOR.US,5,20260325,200000,9.8,9.8,9.8,9.8,15980,0
PTOR.US,5,20260326,161500,9.79,9.7916,9.79,9.79,1778,0
PTOR.US,5,20260326,165000,9.79,9.79,9.79,9.79,343,0
PTOR.US,5,20260326,183000,9.795,9.795,9.79,9.795,4780,0
PTOR.US,5,20260326,195000,9.8,9.8,9.8,9.8,400,0
PTOR.US,5,20260326,201000,9.8,9.8,9.8,9.8,1373,0
PTOR.US,5,20260326,201500,9.8,9.8,9.8,9.8,2396,0
PTOR.US,5,20260326,202000,9.8,9.8,9.8,9.8,400,0
PTOR.US,5,20260326,203000,9.8,9.8,9.795,9.8,500,0
PTOR.US,5,20260326,204000,9.8,9.8,9.8,9.8,400,0
PTOR.US,5,20260326,205500,9.8,9.8,9.795,9.8,855,0
PTOR.US,5,20260327,144500,9.78,9.78,9.78,9.78,164,0
PTOR.US,5,20260327,173000,9.795,9.795,9.795,9.795,216,0
PTOR.US,5,20260327,201000,9.8,9.8,9.8,9.8,100,0
PTOR.US,5,20260327,202000,9.8,9.8,9.8,9.8,600,0
PTOR.US,5,20260327,202500,9.8,9.8,9.8,9.8,400,0
PTOR.US,5,20260327,203000,9.8,9.8,9.8,9.8,1000,0
PTOR.US,5,20260327,203500,9.8,9.8,9.8,9.8,5706,0
PTOR.US,5,20260330,171000,9.7826,9.7826,9.7826,9.7826,130,0
PTOR.US,5,20260330,182500,9.78,9.78,9.78,9.78,2000,0
PTOR.US,5,20260330,183000,9.78,9.78,9.78,9.78,2000,0
PTOR.US,5,20260331,161000,9.78,9.78,9.78,9.78,190,0
PTOR.US,5,20260331,202000,9.79,9.79,9.79,9.79,1758,0
PTOR.US,5,20260331,213000,9.8,9.8,9.8,9.8,100,0
PTOR.US,5,20260331,213500,9.79,9.79,9.79,9.79,4789,0
PTOR.US,5,20260331,214000,9.8,9.8,9.8,9.8,208,0
PTOR.US,5,20260401,194500,9.8,9.8,9.8,9.8,100,0
PTOR.US,5,20260401,214000,9.795,9.795,9.795,9.795,100,0
PTOR.US,5,20260402,153000,9.8,9.8,9.8,9.8,100,0
PTOR.US,5,20260402,153500,9.79,9.79,9.79,9.79,2407,0
PTOR.US,5,20260402,185000,9.8,9.8,9.8,9.8,100,0
PTOR.US,5,20260406,155000,9.79,9.79,9.79,9.79,165,0
PTOR.US,5,20260406,155500,9.79,9.79,9.79,9.79,3435,0
PTOR.US,5,20260406,160000,9.79,9.79,9.785,9.7899,2800,0
PTOR.US,5,20260406,160500,9.79,9.79,9.79,9.79,3507,0
PTOR.US,5,20260406,161000,9.79,9.79,9.79,9.79,1775,0
PTOR.US,5,20260406,161500,9.79,9.79,9.79,9.79,100,0
PTOR.US,5,20260406,173500,9.79,9.79,9.79,9.79,400,0
PTOR.US,5,20260406,175000,9.7899,9.79,9.785,9.79,300,0
PTOR.US,5,20260406,194000,9.79,9.79,9.79,9.79,5000,0
PTOR.US,5,20260406,200000,9.8,9.8,9.8,9.8,100,0
PTOR.US,5,20260406,200500,9.79,9.8,9.79,9.8,5280,0
PTOR.US,5,20260406,211500,9.8,9.8,9.79,9.795,600,0
PTOR.US,5,20260406,212500,9.8,9.8,9.8,9.8,100,0
PTOR.US,5,20260407,153000,9.8,9.8,9.8,9.8,200,0
PTOR.US,5,20260407,161000,9.8,9.8,9.8,9.8,100,0
PTOR.US,5,20260407,163000,9.795,9.8,9.79,9.8,5140,0
PTOR.US,5,20260407,165000,9.79,9.79,9.79,9.79,200,0
PTOR.US,5,20260407,165500,9.8,9.8,9.8,9.8,100,0
PTOR.US,5,20260407,171500,9.795,9.795,9.795,9.795,7775,0
PTOR.US,5,20260407,172000,9.8,9.8,9.8,9.8,100,0
PTOR.US,5,20260407,174500,9.8,9.8,9.8,9.8,100,0
PTOR.US,5,20260407,182500,9.7998,9.8,9.795,9.8,2700,0
PTOR.US,5,20260407,183000,9.8,9.8,9.8,9.8,100,0
PTOR.US,5,20260407,184500,9.8,9.81,9.8,9.8,15957,0
PTOR.US,5,20260407,185000,9.8,9.8,9.8,9.8,110,0
PTOR.US,5,20260407,185500,9.8,9.8,9.8,9.8,100,0
PTOR.US,5,20260407,190500,9.8,9.8,9.8,9.8,1539,0
PTOR.US,5,20260407,191500,9.81,9.825,9.8,9.8,2100,0
PTOR.US,5,20260407,192000,9.8179,9.8179,9.8,9.801,3000,0
PTOR.US,5,20260407,192500,9.801,9.81,9.8,9.81,1300,0
PTOR.US,5,20260407,194500,9.81,9.81,9.81,9.81,200,0
PTOR.US,5,20260407,195000,9.81,9.81,9.8,9.8,15810,0
PTOR.US,5,20260407,195500,9.81,9.81,9.8,9.8,5228,0
PTOR.US,5,20260407,200000,9.81,9.81,9.8,9.805,4000,0
PTOR.US,5,20260407,200500,9.81,9.81,9.805,9.81,600,0
PTOR.US,5,20260407,202000,9.81,9.81,9.8,9.8,4745,0
PTOR.US,5,20260407,202500,9.82,9.82,9.82,9.82,100,0
PTOR.US,5,20260407,204000,9.81,9.82,9.81,9.82,400,0
PTOR.US,5,20260407,211000,9.82,9.82,9.82,9.82,100,0
PTOR.US,5,20260407,213500,9.81,9.82,9.81,9.81,700,0
PTOR.US,5,20260407,214000,9.81,9.8101,9.81,9.81,600,0
PTOR.US,5,20260407,215000,9.81,9.81,9.81,9.81,100,0
PTOR.US,5,20260408,153000,9.8,9.8,9.8,9.8,200,0
PTOR.US,5,20260408,164000,9.799,9.805,9.795,9.8,19194,0
PTOR.US,5,20260408,164500,9.8,9.8,9.8,9.8,3000,0
PTOR.US,5,20260408,165000,9.81,9.81,9.81,9.81,100,0
PTOR.US,5,20260408,170000,9.8,9.81,9.8,9.81,9740,0
PTOR.US,5,20260408,174000,9.8,9.8,9.8,9.8,100,0
PTOR.US,5,20260408,183000,9.8,9.8,9.8,9.8,1400,0
PTOR.US,5,20260408,205000,9.795,9.8,9.79,9.795,1200,0
PTOR.US,5,20260408,210000,9.795,9.795,9.79,9.7921,3509,0
PTOR.US,5,20260408,210500,9.7921,9.8,9.79,9.8,2110,0
PTOR.US,5,20260408,211000,9.79,9.8,9.79,9.8,20979,0
PTOR.US,5,20260408,211500,9.79,9.8,9.79,9.8,1200,0
PTOR.US,5,20260408,212000,9.7936,9.795,9.79,9.7936,1000,0
PTOR.US,5,20260408,213000,9.7936,9.795,9.79,9.795,1000,0
PTOR.US,5,20260408,214000,9.7932,9.795,9.79,9.79,2400,0
PTOR.US,5,20260408,215000,9.8,9.8,9.8,9.8,200,0
PTOR.US,5,20260408,215500,9.795,9.795,9.7932,9.795,1000,0
PTOR.US,5,20260409,161000,9.795,9.795,9.79,9.795,1906,0
PTOR.US,5,20260409,200000,9.795,9.8,9.79,9.795,5840,0
PTOR.US,5,20260410,154000,9.8,9.8,9.8,9.8,100,0
PTOR.US,5,20260410,154500,9.8,9.8004,9.79,9.79,1400,0
PTOR.US,5,20260410,155000,9.8,9.8,9.8,9.8,300,0
PTOR.US,5,20260410,161000,9.799,9.8,9.7965,9.7965,500,0
PTOR.US,5,20260410,161500,9.7923,9.7923,9.7923,9.7923,1000,0
PTOR.US,5,20260410,170500,9.79,9.79,9.79,9.79,100,0
PTOR.US,5,20260410,180500,9.8,9.8,9.8,9.8,100,0
PTOR.US,5,20260410,185000,9.795,9.795,9.795,9.795,100,0
PTOR.US,5,20260410,191000,9.795,9.8,9.795,9.8,1980,0
PTOR.US,5,20260410,200500,9.795,9.795,9.795,9.795,2130,0
PTOR.US,5,20260410,212000,9.8,9.8,9.7975,9.8,400,0
PTOR.US,5,20260410,212500,9.8,9.8,9.7975,9.8,1100,0
PTOR.US,5,20260413,153000,9.8,9.8,9.8,9.8,100,0
PTOR.US,5,20260413,164000,9.8,9.8,9.8,9.8,100,0
PTOR.US,5,20260413,164500,9.8,9.8,9.8,9.8,300,0
PTOR.US,5,20260413,165000,9.8,9.8,9.7975,9.8,500,0
PTOR.US,5,20260413,165500,9.8,9.8,9.795,9.8,1100,0
PTOR.US,5,20260413,170000,9.8,9.8,9.8,9.8,9893,0
PTOR.US,5,20260413,171500,9.8,9.8,9.8,9.8,9567,0
PTOR.US,5,20260413,172000,9.8,9.8,9.795,9.8,8000,0
PTOR.US,5,20260413,172500,9.8,9.8,9.8,9.8,18224,0
PTOR.US,5,20260413,173000,9.82,9.82,9.82,9.82,500,0
PTOR.US,5,20260413,173500,9.82,9.8206,9.8,9.8,1200,0
PTOR.US,5,20260413,174000,9.8,9.8,9.8,9.8,400,0
PTOR.US,5,20260413,174500,9.8,9.8,9.8,9.8,2000,0
PTOR.US,5,20260413,175500,9.8,9.8,9.8,9.8,100,0
PTOR.US,5,20260413,180000,9.83,9.83,9.81,9.81,2100,0
PTOR.US,5,20260413,180500,9.8,9.81,9.8,9.8,500,0
PTOR.US,5,20260413,181500,9.8,9.81,9.8,9.805,2200,0
PTOR.US,5,20260413,182500,9.8,9.8,9.8,9.8,100,0
PTOR.US,5,20260413,184000,9.8,9.81,9.8,9.8,500,0
PTOR.US,5,20260413,185000,9.8,9.81,9.8,9.81,1000,0
PTOR.US,5,20260413,190000,9.81,9.81,9.81,9.81,2000,0
PTOR.US,5,20260413,190500,9.8,9.8,9.8,9.8,23600,0
PTOR.US,5,20260413,192000,9.8,9.8,9.795,9.795,800,0
PTOR.US,5,20260413,192500,9.79,9.79,9.79,9.79,600,0
PTOR.US,5,20260413,193000,9.8,9.8,9.8,9.8,8225,0
PTOR.US,5,20260413,193500,9.8,9.8,9.8,9.8,100,0
PTOR.US,5,20260413,194500,9.8,9.81,9.8,9.81,41429,0
PTOR.US,5,20260413,195000,9.8,9.8,9.8,9.8,2700,0
PTOR.US,5,20260413,200500,9.8,9.805,9.8,9.8,500,0
PTOR.US,5,20260413,201000,9.8,9.8,9.8,9.8,100,0
PTOR.US,5,20260413,201500,9.8,9.8,9.8,9.8,600,0
PTOR.US,5,20260413,202500,9.8,9.8007,9.8,9.8007,700,0
PTOR.US,5,20260413,203000,9.8,9.8012,9.8,9.8012,1400,0
PTOR.US,5,20260413,203500,9.8,9.8012,9.8,9.8,600,0
PTOR.US,5,20260413,204000,9.8,9.8012,9.8,9.8,3800,0
PTOR.US,5,20260413,204500,9.8,9.81,9.8,9.8,2600,0
PTOR.US,5,20260413,205000,9.8,9.8,9.8,9.8,100,0
PTOR.US,5,20260413,205500,9.8,9.8,9.8,9.8,200,0
PTOR.US,5,20260413,211000,9.8,9.8,9.8,9.8,500,0
PTOR.US,5,20260413,213000,9.8,9.8,9.8,9.8,500,0
PTOR.US,5,20260413,214500,9.8,9.8,9.8,9.8,500,0
PTOR.US,5,20260413,215000,9.79,9.81,9.79,9.81,300,0
PTOR.US,5,20260413,215500,9.8,9.8,9.79,9.8,1114,0
PTOR.US,5,20260414,154500,9.8,9.8,9.8,9.8,416,0
PTOR.US,5,20260414,161000,9.8,9.8,9.8,9.8,100,0
PTOR.US,5,20260414,162000,9.8,9.8,9.8,9.8,100,0
PTOR.US,5,20260414,165500,9.8,9.8,9.8,9.8,200,0
PTOR.US,5,20260414,173500,9.8,9.8,9.8,9.8,100,0
PTOR.US,5,20260414,182000,9.8,9.8,9.8,9.8,100,0
PTOR.US,5,20260414,182500,9.801,9.801,9.8,9.8,500,0
PTOR.US,5,20260414,184500,9.8,9.801,9.8,9.801,800,0
PTOR.US,5,20260414,185000,9.8,9.801,9.8,9.8,500,0
PTOR.US,5,20260414,190000,9.801,9.801,9.8,9.801,1000,0
PTOR.US,5,20260414,190500,9.8,9.801,9.8,9.8,500,0
PTOR.US,5,20260414,191000,9.8,9.8,9.8,9.8,400,0
PTOR.US,5,20260414,192500,9.8,9.8,9.8,9.8,100,0
PTOR.US,5,20260414,193500,9.801,9.801,9.8,9.8,500,0
PTOR.US,5,20260414,195000,9.801,9.801,9.8,9.8,700,0
PTOR.US,5,20260414,200500,9.81,9.81,9.81,9.81,500,0
PTOR.US,5,20260414,203000,9.8,9.8,9.8,9.8,900,0
PTOR.US,5,20260414,203500,9.8,9.8,9.8,9.8,400,0
PTOR.US,5,20260414,204000,9.8006,9.8009,9.8,9.8009,3200,0
PTOR.US,5,20260414,204500,9.8,9.8009,9.8,9.8,8692,0
PTOR.US,5,20260414,205000,9.8011,9.8011,9.8,9.8,3264,0
PTOR.US,5,20260414,205500,9.8,9.8011,9.8,9.8,1900,0
PTOR.US,5,20260414,210000,9.8011,9.8011,9.8,9.8008,800,0
PTOR.US,5,20260414,210500,9.8,9.8008,9.8,9.8,8158,0
PTOR.US,5,20260414,212000,9.8,9.8,9.8,9.8,790,0
PTOR.US,5,20260414,212500,9.8,9.8001,9.8,9.8,800,0
PTOR.US,5,20260414,213000,9.8,9.805,9.8,9.8,5688,0
PTOR.US,5,20260414,213500,9.8,9.805,9.8,9.8,3934,0
PTOR.US,5,20260414,214000,9.8,9.8001,9.8,9.8,2126,0
PTOR.US,5,20260414,214500,9.8,9.8002,9.8,9.8,2413,0
PTOR.US,5,20260414,215000,9.8,9.8,9.8,9.8,3526,0
PTOR.US,5,20260414,215500,9.8,9.8001,9.8,9.8001,7153,0
PTOR.US,5,20260415,154000,9.8,9.8052,9.8,9.8,900,0
PTOR.US,5,20260415,160000,9.8,9.8,9.8,9.8,100,0
PTOR.US,5,20260415,160500,9.81,9.81,9.81,9.81,400,0
PTOR.US,5,20260415,162000,9.8007,9.8007,9.8,9.8,2000,0
PTOR.US,5,20260415,162500,9.8,9.8007,9.8,9.8,600,0
PTOR.US,5,20260415,164000,9.8,9.8007,9.8,9.8,1100,0
PTOR.US,5,20260415,164500,9.8,9.8004,9.8,9.8002,1200,0
PTOR.US,5,20260415,165000,9.8,9.8004,9.8,9.8004,500,0
PTOR.US,5,20260415,165500,9.8,9.8,9.8,9.8,100,0
PTOR.US,5,20260415,170000,9.8,9.8,9.8,9.8,300,0
PTOR.US,5,20260415,172000,9.8,9.8011,9.8,9.8011,720,0
PTOR.US,5,20260415,172500,9.8011,9.8011,9.8,9.8,1000,0
PTOR.US,5,20260415,203000,9.805,9.805,9.8,9.8,1800,0
PTOR.US,5,20260415,214000,9.8,9.8,9.8,9.8,700,0
PTOR.US,5,20260415,214500,9.8,9.8001,9.8,9.8,1100,0
PTOR.US,5,20260415,215000,9.8,9.8,9.8,9.8,100,0
PTOR.US,5,20260415,215500,9.81,9.81,9.8,9.8,2800,0
PTOR.US,5,20260416,153500,9.8,9.8,9.8,9.8,100,0
PTOR.US,5,20260416,173500,9.81,9.81,9.8,9.8,7338,0
PTOR.US,5,20260416,174000,9.81,9.81,9.81,9.81,300,0
PTOR.US,5,20260416,175000,9.8045,9.81,9.8,9.81,700,0
PTOR.US,5,20260416,175500,9.81,9.81,9.8,9.8,25820,0
PTOR.US,5,20260416,180000,9.8044,9.805,9.8,9.805,2475,0
PTOR.US,5,20260416,181000,9.805,9.805,9.8,9.8,1100,0
PTOR.US,5,20260416,183500,9.805,9.805,9.805,9.805,100,0
PTOR.US,5,20260416,184000,9.805,9.81,9.805,9.81,8880,0
PTOR.US,5,20260416,185000,9.81,9.81,9.81,9.81,100,0
PTOR.US,5,20260416,190000,9.81,9.8101,9.81,9.8101,800,0
PTOR.US,5,20260416,190500,9.81,9.81,9.81,9.81,100,0
PTOR.US,5,20260416,202000,9.81,9.81,9.81,9.81,100,0
PTOR.US,5,20260416,214000,9.81,9.81,9.81,9.81,100,0
PTOR.US,5,20260417,155500,9.81,9.82,9.81,9.81,9428,0
PTOR.US,5,20260417,160500,9.81,9.81,9.81,9.81,100,0
PTOR.US,5,20260417,161500,9.81,9.8106,9.81,9.81,2983,0
PTOR.US,5,20260417,162000,9.81,9.8102,9.81,9.81,1301,0
PTOR.US,5,20260417,165500,9.81,9.8101,9.81,9.8101,200,0
PTOR.US,5,20260417,170000,9.815,9.82,9.81,9.82,42236,0
PTOR.US,5,20260417,170500,9.821,9.821,9.82,9.82,4600,0
PTOR.US,5,20260417,171000,9.82,9.82,9.82,9.82,2107,0
PTOR.US,5,20260417,173500,9.82,9.82,9.82,9.82,100,0
PTOR.US,5,20260417,175500,9.82,9.82,9.82,9.82,1274,0
PTOR.US,5,20260417,180000,9.82,9.825,9.82,9.82,1763,0
PTOR.US,5,20260417,181500,9.82,9.82,9.82,9.82,100,0
PTOR.US,5,20260417,192500,9.82,9.82,9.82,9.82,1700,0
PTOR.US,5,20260417,193000,9.82,9.82,9.82,9.82,1000,0
PTOR.US,5,20260417,195500,9.82,9.82,9.82,9.82,8380,0
PTOR.US,5,20260417,200500,9.81,9.815,9.81,9.815,600,0
PTOR.US,5,20260417,205500,9.815,9.815,9.81,9.81,45511,0
PTOR.US,5,20260417,211500,9.81,9.81,9.81,9.81,560,0
PTOR.US,5,20260417,213500,9.81,9.81,9.81,9.81,170,0
PTOR.US,5,20260417,215500,9.81,9.81,9.81,9.81,500,0
PTOR.US,5,20260420,153000,9.82,9.8204,9.82,9.82,3920,0
PTOR.US,5,20260420,161000,9.82,9.82,9.82,9.82,100,0
PTOR.US,5,20260420,164000,9.82,9.8202,9.815,9.82,12520,0
PTOR.US,5,20260420,164500,9.8201,9.8201,9.8201,9.8201,100,0
PTOR.US,5,20260420,165000,9.82,9.82,9.82,9.82,100,0
PTOR.US,5,20260420,181000,9.82,9.82,9.82,9.82,100,0
PTOR.US,5,20260420,203500,9.825,9.825,9.825,9.825,1000,0
PTOR.US,5,20260420,205500,9.82,9.82,9.82,9.82,100,0
PTOR.US,5,20260420,210500,9.82,9.82,9.82,9.82,1135,0
PTOR.US,5,20260420,211000,9.82,9.82,9.82,9.82,100,0
PTOR.US,5,20260420,215500,9.82,9.8201,9.82,9.82,4183,0
PTOR.US,5,20260421,153000,9.8201,9.8201,9.82,9.82,3350,0
PTOR.US,5,20260421,153500,9.82,9.82,9.82,9.82,160,0
PTOR.US,5,20260421,160500,9.83,9.83,9.82,9.82,2396,0
PTOR.US,5,20260421,161000,9.82,9.83,9.82,9.82,4600,0
PTOR.US,5,20260421,170500,9.82,9.82,9.82,9.82,100,0
PTOR.US,5,20260421,171500,9.8201,9.825,9.82,9.8234,600,0
PTOR.US,5,20260421,172000,9.821,9.8231,9.82,9.82,6416,0
PTOR.US,5,20260421,174000,9.825,9.83,9.82,9.83,233345,0
PTOR.US,5,20260421,214000,9.83,9.83,9.82,9.83,44840,0
PTOR.US,5,20260422,164500,9.84,9.84,9.84,9.84,243,0
PTOR.US,5,20260422,185500,9.835,9.835,9.835,9.835,400,0
PTOR.US,5,20260422,192000,9.84,9.84,9.835,9.84,13667,0
PTOR.US,5,20260422,194000,9.84,9.84,9.84,9.84,89903,0
PTOR.US,5,20260422,202500,9.83,9.84,9.83,9.84,1500,0
PTOR.US,5,20260422,215000,9.84,9.84,9.84,9.84,300,0
PTOR.US,5,20260422,215500,9.84,9.84,9.84,9.84,300,0
PTOR.US,5,20260423,183500,9.845,9.845,9.845,9.845,100,0
PTOR.US,5,20260423,184000,9.84,9.845,9.84,9.84,18621,0
PTOR.US,5,20260423,193000,9.84,9.84,9.84,9.84,100,0
PTOR.US,5,20260423,193500,9.84,9.84,9.84,9.84,1700,0
PTOR.US,5,20260423,205500,9.84,9.84,9.84,9.84,244,0
PTOR.US,5,20260424,154500,9.845,9.845,9.84,9.84,2500,0
PTOR.US,5,20260427,153000,9.8435,9.8435,9.8435,9.8435,103,0
PTOR.US,5,20260427,163500,9.84,9.84,9.84,9.84,3115,0
PTOR.US,5,20260427,173500,9.84,9.84,9.835,9.835,3080,0
PTOR.US,5,20260427,193500,9.835,9.835,9.835,9.835,200,0
PTOR.US,5,20260427,212000,9.84,9.84,9.835,9.84,4600,0
PTOR.US,5,20260428,154500,9.845,9.845,9.84,9.84,2500,0
PTOR.US,5,20260428,165000,9.845,9.845,9.84,9.845,1500,0
PTOR.US,5,20260428,175000,9.84,9.845,9.84,9.84,38378,0
PTOR.US,5,20260428,175500,9.84,9.84,9.84,9.84,100,0
PTOR.US,5,20260428,204000,9.84,9.84,9.84,9.84,1660,0
PTOR.US,5,20260429,182000,9.845,9.845,9.84,9.84,7300,0
PTOR.US,5,20260429,211500,9.835,9.84,9.835,9.84,6000,0
PTOR.US,5,20260430,154500,9.845,9.845,9.84,9.84,1700,0
PTOR.US,5,20260430,155500,9.84,9.845,9.84,9.845,5053,0
PTOR.US,5,20260430,211000,9.84,9.84,9.84,9.84,7106,0
PTOR.US,5,20260430,211500,9.84,9.845,9.84,9.84,14234,0
PTOR.US,5,20260430,215500,9.85,9.85,9.85,9.85,194,0
PTOR.US,5,20260501,155500,9.845,9.845,9.835,9.835,6400,0
PTOR.US,5,20260501,165000,9.84,9.84,9.835,9.84,12353,0
PTOR.US,5,20260501,171000,9.845,9.845,9.84,9.845,300,0
PTOR.US,5,20260501,175500,9.845,9.845,9.845,9.845,100,0
PTOR.US,5,20260501,182000,9.845,9.845,9.84,9.84,300,0
PTOR.US,5,20260501,184500,9.845,9.845,9.845,9.845,100,0
PTOR.US,5,20260501,195000,9.845,9.845,9.84,9.84,300,0
PTOR.US,5,20260501,195500,9.845,9.845,9.845,9.845,100,0
PTOR.US,5,20260501,211500,9.845,9.845,9.84,9.84,7775,0
PTOR.US,5,20260501,212000,9.845,9.845,9.84,9.84,3100,0
PTOR.US,5,20260501,213000,9.845,9.845,9.845,9.845,100,0
PTOR.US,5,20260501,215000,9.845,9.845,9.845,9.845,100,0
PTOR.US,5,20260501,215500,9.84,9.845,9.84,9.84,26678,0
PTOR.US,5,20260504,155000,9.85,9.85,9.85,9.85,192,0
PTOR.US,5,20260504,173500,9.85,9.85,9.85,9.85,500,0
PTOR.US,5,20260504,192500,9.85,9.85,9.85,9.85,2292,0
PTOR.US,5,20260504,210500,9.84,9.84,9.84,9.84,25000,0
PTOR.US,5,20260505,173000,9.84,9.84,9.84,9.84,15000,0
PTOR.US,5,20260505,205000,9.85,9.85,9.85,9.85,5200,0
PTOR.US,5,20260506,160500,9.85,9.85,9.85,9.85,53944,0
PTOR.US,5,20260506,205500,9.855,9.86,9.855,9.86,1030,0
PTOR.US,5,20260506,210000,9.86,9.86,9.85,9.85,800,0
PTOR.US,5,20260508,164000,9.87,9.87,9.87,9.87,200,0
PTOR.US,5,20260508,185500,9.87,9.87,9.87,9.87,3300,0
PTOR.US,5,20260508,211500,9.865,9.87,9.865,9.87,2000,0
PTOR.US,5,20260508,212000,9.865,9.87,9.865,9.87,2000,0
PTOR.US,5,20260511,153500,9.88,9.88,9.88,9.88,100,0
PTOR.US,5,20260512,153500,9.8783,9.8783,9.8752,9.8752,2910,0
PTOR.US,5,20260512,173500,9.88,9.88,9.88,9.88,100,0
PTOR.US,5,20260512,192500,9.875,9.88,9.875,9.88,10000,0
PTOR.US,5,20260512,200000,9.88,9.88,9.88,9.88,8000,0
PTOR.US,5,20260513,153500,9.89,9.89,9.89,9.89,100,0
PTOR.US,5,20260513,190000,9.885,9.885,9.885,9.885,600,0
PTOR.US,5,20260514,153000,9.89,9.89,9.89,9.89,5600,0
PTOR.US,5,20260515,155000,9.9,9.9,9.9,9.9,100,0
PTOR.US,5,20260518,153000,9.9,9.9,9.9,9.9,5000,0
PTOR.US,5,20260518,195500,9.91,9.91,9.91,9.91,148,0
PTOR.US,5,20260519,193500,9.91,9.91,9.91,9.91,149,0
PTOR.US,5,20260520,153000,9.91,9.91,9.91,9.91,1000,0
PTOR.US,5,20260520,181000,9.9,9.9,9.9,9.9,300,0
PTOR.US,5,20260521,153000,9.91,9.91,9.91,9.91,1000,0
PTOR.US,5,20260521,160000,9.905,9.91,9.905,9.91,194402,0
PTOR.US,5,20260521,164000,9.91,9.91,9.91,9.91,1000,0
PTOR.US,5,20260521,171500,9.91,9.92,9.91,9.91,61196,0
PTOR.US,5,20260521,202500,9.915,9.915,9.91,9.91,14500,0
PTOR.US,5,20260522,172000,9.91,9.91,9.91,9.91,100,0
PTOR.US,5,20260522,173000,9.915,9.915,9.915,9.915,1500,0
PTOR.US,5,20260522,173500,9.915,9.915,9.915,9.915,250,0
PTOR.US,5,20260522,195000,9.92,9.92,9.92,9.92,118,0
PTOR.US,5,20260522,202000,9.92,9.92,9.92,9.92,100,0
PTOR.US,5,20260522,213000,9.9179,9.9179,9.9179,9.9179,226,0
PTOR.US,5,20260522,215500,9.92,9.92,9.92,9.92,100,0
PTOR.US,5,20260526,153000,9.92,9.92,9.915,9.915,9380,0
PTOR.US,5,20260526,160500,9.91,9.91,9.91,9.91,100,0
PTOR.US,5,20260526,165500,9.92,9.92,9.92,9.92,100,0
PTOR.US,5,20260526,205000,9.92,9.92,9.92,9.92,100,0
PTOR.US,5,20260527,154000,9.93,9.93,9.93,9.93,196,0
PTOR.US,5,20260527,214500,9.92,9.93,9.92,9.93,7100,0
PTOR.US,5,20260528,200000,9.92,9.92,9.92,9.92,100,0
PTOR.US,5,20260528,200500,9.93,9.93,9.93,9.93,100,0
PTOR.US,5,20260528,205500,9.92,9.93,9.92,9.93,546,0
PTOR.US,5,20260529,174500,9.93,9.93,9.92,9.92,300,0
PTOR.US,5,20260529,185500,9.93,9.93,9.93,9.93,100,0
PTOR.US,5,20260529,190000,9.93,9.93,9.93,9.93,100,0
PTOR.US,5,20260529,205000,9.92,9.93,9.92,9.93,4800,0
PTOR.US,5,20260601,160500,9.9301,9.94,9.9301,9.94,1100,0
PTOR.US,5,20260601,175500,9.935,9.94,9.935,9.94,1000,0
PTOR.US,5,20260601,180500,9.93,9.93,9.93,9.93,100,0
PTOR.US,5,20260602,155000,9.94,9.94,9.94,9.94,200,0
PTOR.US,5,20260602,161500,9.93,9.93,9.93,9.93,100,0
PTOR.US,5,20260602,181500,9.93,9.93,9.93,9.93,12250,0
PTOR.US,5,20260602,182500,9.92,9.92,9.92,9.92,100,0
PTOR.US,5,20260602,190500,9.92,9.92,9.92,9.92,100,0
PTOR.US,5,20260603,173500,9.92,9.92,9.92,9.92,100,0
PTOR.US,5,20260604,160500,9.93,9.93,9.93,9.93,100,0
PTOR.US,5,20260604,175000,9.93,9.93,9.93,9.93,168,0
PTOR.US,5,20260604,180500,9.93,9.93,9.93,9.93,100,0
PTOR.US,5,20260604,190000,9.93,9.93,9.93,9.93,100,0
PTOR.US,5,20260604,211500,9.94,9.94,9.94,9.94,110,0
PTOR.US,5,20260605,153000,9.94,9.94,9.94,9.94,3400,0
PTOR.US,5,20260605,161500,9.93,9.93,9.93,9.93,100,0
PTOR.US,5,20260605,191500,9.93,9.93,9.92,9.92,10890,0
PTOR.US,5,20260605,210500,9.925,9.925,9.925,9.925,108,0
PTOR.US,5,20260605,211000,9.92,9.92,9.92,9.92,100,0
PTOR.US,5,20260608,161500,9.92,9.92,9.92,9.92,100,0
PTOR.US,5,20260608,215500,9.93,9.93,9.93,9.93,100,0
PTOR.US,5,20260609,185500,9.93,9.93,9.92,9.92,5511,0
PTOR.US,5,20260609,215000,9.93,9.93,9.93,9.93,500,0
PTOR.US,5,20260610,184500,9.93,9.93,9.93,9.93,100,0
PTOR.US,5,20260610,190000,9.94,9.94,9.94,9.94,100,0
PTOR.US,5,20260610,201000,9.93,9.9301,9.93,9.93,1400,0
PTOR.US,5,20260610,203500,9.94,9.94,9.94,9.94,100,0
PTOR.US,5,20260611,205000,9.93,9.93,9.93,9.93,4898,0
PTOR.US,5,20260611,211000,9.92,9.92,9.92,9.92,100,0
PTOR.US,5,20260611,213000,9.94,9.94,9.94,9.94,200,0
PTOR.US,5,20260612,205500,9.935,9.935,9.935,9.935,400,0
PTOR.US,5,20260612,211000,9.935,9.94,9.935,9.935,1800,0
PTOR.US,5,20260612,211500,9.935,9.94,9.93,9.94,4137,0
PTOR.US,5,20260616,202000,9.935,9.94,9.935,9.94,600,0
PTOR.US,5,20260617,163000,9.93,9.93,9.93,9.93,200,0
PTOR.US,5,20260618,192000,9.94,9.94,9.94,9.94,100,0
PTOR.US,5,20260618,215500,9.94,9.94,9.94,9.94,200,0
PTOR.US,5,20260622,165500,9.94,9.94,9.94,9.94,4015,0
PTOR.US,5,20260622,204500,9.94,9.94,9.94,9.94,100,0
