<TICKER>,<PER>,<DATE>,<TIME>,<OPEN>,<HIGH>,<LOW>,<CLOSE>,<VOL>,<OPENINT>
QUMS.US,5,20260127,154000,10.05,10.05,10.05,10.05,1944,0
QUMS.US,5,20260127,162000,10.09,10.09,10.09,10.09,100,0
QUMS.US,5,20260128,153500,10.05,10.06,10.05,10.06,1700,0
QUMS.US,5,20260128,163500,10.1,10.1,10.1,10.1,100,0
QUMS.US,5,20260129,153500,10.06,10.07,10.05,10.05,1300,0
QUMS.US,5,20260129,154000,10.05,10.06,10.05,10.05,1000,0
QUMS.US,5,20260129,160500,10.07,10.07,10.07,10.07,100,0
QUMS.US,5,20260129,161500,10.07,10.07,10.0699,10.07,2500,0
QUMS.US,5,20260129,165500,10.1,10.1,10.1,10.1,100,0
QUMS.US,5,20260129,174000,10.07,10.07,10.07,10.07,5000,0
QUMS.US,5,20260129,183000,10.09,10.09,10.09,10.09,100,0
QUMS.US,5,20260130,160500,10.07,10.1,10.07,10.1,300,0
QUMS.US,5,20260130,164500,10.07,10.07,10.07,10.07,200,0
QUMS.US,5,20260130,173000,10.1,10.1,10.1,10.1,100,0
QUMS.US,5,20260130,173500,10.07,10.07,10.07,10.07,200,0
QUMS.US,5,20260130,182500,10.07,10.07,10.07,10.07,200,0
QUMS.US,5,20260130,184000,10.1,10.1,10.1,10.1,100,0
QUMS.US,5,20260130,190500,10.07,10.07,10.07,10.07,954,0
QUMS.US,5,20260202,153500,10.07,10.07,10.07,10.07,1300,0
QUMS.US,5,20260202,154500,10.08,10.08,10.08,10.08,100,0
QUMS.US,5,20260203,161000,10.07,10.1,10.07,10.1,1710,0
QUMS.US,5,20260203,163000,10.09,10.09,10.09,10.09,100,0
QUMS.US,5,20260203,213500,10.09,10.09,10.09,10.09,100,0
QUMS.US,5,20260204,153000,10.13,10.13,10.13,10.13,589,0
QUMS.US,5,20260204,155500,10.07,10.07,10.06,10.06,3429,0
QUMS.US,5,20260204,161000,10.08,10.08,10.08,10.08,100,0
QUMS.US,5,20260204,165500,10.08,10.08,10.08,10.08,100,0
QUMS.US,5,20260204,195000,10.08,10.08,10.08,10.08,100,0
QUMS.US,5,20260204,201000,10.08,10.08,10.08,10.08,100000,0
QUMS.US,5,20260204,202500,10.08,10.08,10.075,10.08,4613,0
QUMS.US,5,20260205,153000,10.15,10.15,10.15,10.15,289,0
QUMS.US,5,20260205,154500,10.08,10.08,10.08,10.08,200,0
QUMS.US,5,20260205,160000,10.08,10.08,10.06,10.07,2530,0
QUMS.US,5,20260205,163000,10.07,10.07,10.07,10.07,200,0
QUMS.US,5,20260205,164500,10.1,10.1,10.1,10.1,100,0
QUMS.US,5,20260205,170500,10.07,10.07,10.07,10.07,200,0
QUMS.US,5,20260205,174500,10.07,10.07,10.07,10.07,200,0
QUMS.US,5,20260205,182500,10.07,10.07,10.07,10.07,200,0
QUMS.US,5,20260205,184500,10.07,10.07,10.07,10.07,1200,0
QUMS.US,5,20260206,153000,10.15,10.15,10.15,10.15,230,0
QUMS.US,5,20260206,154000,10.07,10.07,10.07,10.07,1500,0
QUMS.US,5,20260206,154500,10.06,10.07,10.06,10.07,7400,0
QUMS.US,5,20260209,153000,10.15,10.15,10.07,10.07,436,0
QUMS.US,5,20260209,153500,10.07,10.07,10.06,10.06,5143,0
QUMS.US,5,20260210,153000,10.15,10.15,10.15,10.15,233,0
QUMS.US,5,20260210,153500,10.06,10.06,10.06,10.06,4300,0
QUMS.US,5,20260210,154000,10.06,10.06,10.06,10.06,472,0
QUMS.US,5,20260211,155000,10.06,10.06,10.06,10.06,3000,0
QUMS.US,5,20260211,155500,10.06,10.06,10.06,10.06,1422,0
QUMS.US,5,20260212,153500,10.06,10.06,10.06,10.06,3000,0
QUMS.US,5,20260212,154000,10.05,10.05,10.05,10.05,1087,0
QUMS.US,5,20260212,183000,10.07,10.07,10.07,10.07,50000,0
QUMS.US,5,20260212,214000,10.0734,10.0734,10.0734,10.0734,100,0
QUMS.US,5,20260213,160000,10.07,10.07,10.07,10.07,3405,0
QUMS.US,5,20260213,160500,10.07,10.07,10.07,10.07,700,0
QUMS.US,5,20260217,154000,10.07,10.07,10.07,10.07,54662,0
QUMS.US,5,20260218,153500,10.06,10.06,10.06,10.06,5500,0
QUMS.US,5,20260219,153500,10.06,10.06,10.06,10.06,5104,0
QUMS.US,5,20260219,154000,10.07,10.07,10.07,10.07,2000,0
QUMS.US,5,20260220,153500,10.07,10.07,10.07,10.07,4811,0
QUMS.US,5,20260223,153500,10.06,10.06,10.06,10.06,4417,0
QUMS.US,5,20260223,154500,10.06,10.06,10.06,10.06,2000,0
QUMS.US,5,20260224,153500,10.06,10.06,10.06,10.06,4159,0
QUMS.US,5,20260224,165500,10.0687,10.07,10.065,10.07,2000,0
QUMS.US,5,20260224,171500,10.065,10.069,10.065,10.065,2000,0
QUMS.US,5,20260224,172000,10.069,10.07,10.069,10.069,800,0
QUMS.US,5,20260225,153000,10.06,10.06,10.06,10.06,4287,0
QUMS.US,5,20260225,153500,10.07,10.07,10.07,10.07,400,0
QUMS.US,5,20260225,154000,10.07,10.07,10.065,10.07,1600,0
QUMS.US,5,20260225,154500,10.07,10.07,10.0688,10.07,1200,0
QUMS.US,5,20260225,165500,10.065,10.07,10.0645,10.07,2400,0
QUMS.US,5,20260225,172500,10.07,10.07,10.07,10.07,400,0
QUMS.US,5,20260227,155000,10.06,10.06,10.06,10.06,3857,0
QUMS.US,5,20260302,172500,10.08,10.08,10.08,10.08,6598,0
QUMS.US,5,20260302,173000,10.08,10.08,10.08,10.08,100,0
QUMS.US,5,20260302,210000,10.08,10.08,10.08,10.08,100,0
QUMS.US,5,20260302,215500,10.08,10.08,10.08,10.08,100,0
QUMS.US,5,20260303,153500,10.06,10.06,10.06,10.06,3400,0
QUMS.US,5,20260303,161500,10.08,10.08,10.08,10.08,100,0
QUMS.US,5,20260303,215000,10.07,10.07,10.07,10.07,102,0
QUMS.US,5,20260304,153500,10.07,10.075,10.07,10.07,3223,0
QUMS.US,5,20260304,154000,10.07,10.07,10.07,10.07,2073,0
QUMS.US,5,20260304,161500,10.08,10.08,10.08,10.08,100,0
QUMS.US,5,20260304,180500,10.08,10.08,10.08,10.08,30400,0
QUMS.US,5,20260305,154000,10.07,10.08,10.07,10.07,4104,0
QUMS.US,5,20260305,163000,10.1,10.1,10.1,10.1,100,0
QUMS.US,5,20260306,153500,10.08,10.08,10.08,10.08,3500,0
QUMS.US,5,20260309,143500,10.09,10.09,10.09,10.09,3200,0
QUMS.US,5,20260309,190500,10.08,10.08,10.08,10.08,2500,0
QUMS.US,5,20260309,205500,10.08,10.08,10.08,10.08,423,0
QUMS.US,5,20260311,144000,10.09,10.09,10.09,10.09,2800,0
QUMS.US,5,20260312,144000,10.09,10.09,10.09,10.09,2641,0
QUMS.US,5,20260312,145000,10.095,10.095,10.095,10.095,1500,0
QUMS.US,5,20260312,151000,10.1,10.1,10.1,10.1,7300,0
QUMS.US,5,20260313,143000,10.11,10.11,10.11,10.11,1200,0
QUMS.US,5,20260313,143500,10.11,10.11,10.11,10.11,1500,0
QUMS.US,5,20260313,144000,10.11,10.11,10.11,10.11,1100,0
QUMS.US,5,20260313,155000,10.11,10.115,10.11,10.11,38021,0
QUMS.US,5,20260313,162000,10.12,10.12,10.12,10.12,209,0
QUMS.US,5,20260313,205000,10.11,10.11,10.11,10.11,10000,0
QUMS.US,5,20260316,143500,10.11,10.11,10.11,10.11,1700,0
QUMS.US,5,20260316,144000,10.11,10.11,10.11,10.11,2100,0
QUMS.US,5,20260316,152000,10.11,10.11,10.11,10.11,7626,0
QUMS.US,5,20260316,182000,10.115,10.115,10.115,10.115,200,0
QUMS.US,5,20260316,184500,10.115,10.12,10.115,10.12,12874,0
QUMS.US,5,20260316,203500,10.12,10.125,10.1199,10.125,18584,0
QUMS.US,5,20260316,204000,10.125,10.125,10.12,10.12,1280,0
QUMS.US,5,20260317,143500,10.1,10.1,10.1,10.1,4579,0
QUMS.US,5,20260317,150000,10.11,10.11,10.11,10.11,200,0
QUMS.US,5,20260317,151500,10.1,10.1,10.1,10.1,1379,0
QUMS.US,5,20260317,155000,10.105,10.105,10.105,10.105,200,0
QUMS.US,5,20260318,143500,10.105,10.105,10.1,10.1,4279,0
QUMS.US,5,20260318,164500,10.1,10.1,10.1,10.1,100,0
QUMS.US,5,20260319,144000,10.1,10.1,10.1,10.1,4001,0
QUMS.US,5,20260319,153500,10.1,10.1,10.1,10.1,2000,0
QUMS.US,5,20260320,143500,10.1,10.1,10.1,10.1,3720,0
QUMS.US,5,20260323,153000,10.1,10.1,10.1,10.1,10000,0
QUMS.US,5,20260324,143500,10.1,10.1,10.1,10.1,5792,0
QUMS.US,5,20260324,144000,10.1,10.1001,10.1,10.1,1700,0
QUMS.US,5,20260324,151500,10.1,10.1,10.1,10.1,400,0
QUMS.US,5,20260325,143500,10.1,10.1,10.1,10.1,3366,0
QUMS.US,5,20260325,164500,10.11,10.11,10.105,10.11,3194,0
QUMS.US,5,20260325,165000,10.1,10.1,10.1,10.1,25000,0
QUMS.US,5,20260325,180500,10.1,10.11,10.1,10.11,5794,0
QUMS.US,5,20260325,202000,10.11,10.11,10.11,10.11,11492,0
QUMS.US,5,20260326,144000,10.11,10.11,10.11,10.11,4200,0
QUMS.US,5,20260327,143500,10.11,10.11,10.11,10.11,3940,0
QUMS.US,5,20260330,153000,10.12,10.12,10.12,10.12,26500,0
QUMS.US,5,20260330,153500,10.11,10.12,10.11,10.12,3700,0
QUMS.US,5,20260330,154500,10.12,10.12,10.1105,10.1105,1998,0
QUMS.US,5,20260330,155500,10.12,10.12,10.12,10.12,4482,0
QUMS.US,5,20260331,153500,10.11,10.12,10.11,10.12,4442,0
QUMS.US,5,20260331,154000,10.1224,10.1224,10.12,10.12,4187,0
QUMS.US,5,20260401,153500,10.12,10.12,10.12,10.12,4000,0
QUMS.US,5,20260401,154000,10.12,10.12,10.12,10.12,900,0
QUMS.US,5,20260401,170000,10.12,10.125,10.12,10.12,2000,0
QUMS.US,5,20260402,153500,10.12,10.12,10.12,10.12,4332,0
QUMS.US,5,20260402,215500,10.125,10.125,10.125,10.125,100,0
QUMS.US,5,20260406,154000,10.13,10.13,10.13,10.13,3560,0
QUMS.US,5,20260407,153500,10.13,10.13,10.13,10.13,3290,0
QUMS.US,5,20260408,153500,10.13,10.13,10.13,10.13,3000,0
QUMS.US,5,20260409,153000,10.14,10.14,10.14,10.14,151,0
QUMS.US,5,20260409,153500,10.13,10.13,10.13,10.13,2810,0
QUMS.US,5,20260409,212500,10.13,10.14,10.13,10.13,4988,0
QUMS.US,5,20260409,213000,10.13,10.13,10.13,10.13,100,0
QUMS.US,5,20260409,213500,10.13,10.13,10.13,10.13,200,0
QUMS.US,5,20260409,214000,10.13,10.13,10.13,10.13,300,0
QUMS.US,5,20260409,214500,10.13,10.13,10.13,10.13,400,0
QUMS.US,5,20260409,215000,10.13,10.13,10.13,10.13,300,0
QUMS.US,5,20260409,215500,10.13,10.13,10.13,10.13,1247,0
QUMS.US,5,20260410,153500,10.13,10.13,10.13,10.13,2806,0
QUMS.US,5,20260413,153500,10.13,10.13,10.13,10.13,400,0
QUMS.US,5,20260414,153500,10.13,10.13,10.13,10.13,2398,0
QUMS.US,5,20260415,153500,10.135,10.135,10.135,10.135,2200,0
QUMS.US,5,20260416,153500,10.14,10.14,10.14,10.14,2074,0
QUMS.US,5,20260417,153500,10.14,10.14,10.14,10.14,1917,0
QUMS.US,5,20260417,201500,10.15,10.15,10.15,10.15,100,0
QUMS.US,5,20260420,153000,10.145,10.15,10.145,10.15,7000,0
QUMS.US,5,20260421,154000,10.15,10.15,10.15,10.15,700,0
QUMS.US,5,20260421,214000,10.15,10.15,10.15,10.15,1400,0
QUMS.US,5,20260422,192500,10.1499,10.1499,10.1499,10.1499,148,0
QUMS.US,5,20260423,204000,10.15,10.15,10.15,10.15,15600,0
QUMS.US,5,20260424,185500,10.1599,10.1599,10.1599,10.1599,117,0
QUMS.US,5,20260427,211500,10.16,10.16,10.16,10.16,2300,0
QUMS.US,5,20260427,214500,10.16,10.16,10.16,10.16,1323,0
QUMS.US,5,20260428,215500,10.14,10.14,10.14,10.14,405,0
QUMS.US,5,20260429,171000,10.1599,10.16,10.1599,10.16,200,0
QUMS.US,5,20260504,160500,10.16,10.16,10.16,10.16,117,0
QUMS.US,5,20260505,153000,10.155,10.155,10.155,10.155,336,0
QUMS.US,5,20260507,170500,10.16,10.16,10.16,10.16,49915,0
QUMS.US,5,20260507,203500,10.17,10.17,10.17,10.17,200,0
QUMS.US,5,20260511,200000,10.17,10.17,10.17,10.17,100,0
QUMS.US,5,20260511,202000,10.17,10.17,10.17,10.17,100,0
QUMS.US,5,20260511,204500,10.17,10.17,10.17,10.17,100,0
QUMS.US,5,20260511,210500,10.17,10.17,10.17,10.17,400,0
QUMS.US,5,20260511,211500,10.17,10.17,10.17,10.17,200,0
QUMS.US,5,20260511,213000,10.17,10.17,10.17,10.17,200,0
QUMS.US,5,20260511,214000,10.17,10.17,10.17,10.17,200,0
QUMS.US,5,20260511,215500,10.17,10.17,10.17,10.17,400,0
QUMS.US,5,20260514,200000,10.18,10.18,10.18,10.18,18606,0
QUMS.US,5,20260518,215000,10.19,10.19,10.19,10.19,100,0
QUMS.US,5,20260527,153000,10.2,10.2,10.2,10.2,5000,0
QUMS.US,5,20260527,201500,10.19,10.19,10.19,10.19,20000,0
QUMS.US,5,20260529,215500,10.2,10.2,10.2,10.2,18974,0
QUMS.US,5,20260601,215500,10.21,10.21,10.21,10.21,3995,0
QUMS.US,5,20260602,201500,10.21,10.21,10.21,10.21,2000,0
QUMS.US,5,20260604,203500,10.22,10.22,10.22,10.22,23031,0
QUMS.US,5,20260604,204000,10.225,10.225,10.225,10.225,629,0
QUMS.US,5,20260608,211000,10.23,10.23,10.23,10.23,100,0
QUMS.US,5,20260608,212500,10.22,10.22,10.22,10.22,86121,0
QUMS.US,5,20260610,171500,10.23,10.23,10.23,10.23,184,0
QUMS.US,5,20260610,191000,10.23,10.23,10.23,10.23,24000,0
QUMS.US,5,20260610,204500,10.22,10.22,10.22,10.22,46551,0
QUMS.US,5,20260610,215500,10.22,10.22,10.22,10.22,900,0
QUMS.US,5,20260611,164000,10.23,10.23,10.23,10.23,100,0
QUMS.US,5,20260611,164500,10.23,10.23,10.23,10.23,200,0
QUMS.US,5,20260611,165000,10.23,10.23,10.23,10.23,528,0
QUMS.US,5,20260611,165500,10.23,10.23,10.23,10.23,100,0
QUMS.US,5,20260611,170000,10.23,10.23,10.23,10.23,100,0
QUMS.US,5,20260611,194000,10.23,10.23,10.23,10.23,193,0
QUMS.US,5,20260611,215500,10.22,10.22,10.22,10.22,185,0
QUMS.US,5,20260615,153000,10.23,10.23,10.23,10.23,100,0
QUMS.US,5,20260615,173500,10.22,10.22,10.22,10.22,25000,0
QUMS.US,5,20260615,215500,10.23,10.23,10.23,10.23,20988,0
QUMS.US,5,20260616,215500,10.23,10.23,10.23,10.23,24992,0
QUMS.US,5,20260617,194000,10.24,10.24,10.23,10.23,600000,0
QUMS.US,5,20260617,200000,10.23,10.23,10.23,10.23,150000,0
