<TICKER>,<PER>,<DATE>,<TIME>,<OPEN>,<HIGH>,<LOW>,<CLOSE>,<VOL>,<OPENINT>
RNWWW.US,5,20260126,174000,0.0084,0.0084,0.0084,0.0084,1200,0
RNWWW.US,5,20260126,202500,0.0057,0.0059,0.0057,0.0057,400,0
RNWWW.US,5,20260127,153000,0.0056,0.0056,0.0056,0.0056,400,0
RNWWW.US,5,20260128,215500,0.0059,0.0059,0.0059,0.0059,6669,0
RNWWW.US,5,20260129,214000,0.0075,0.0075,0.0059,0.0059,5300,0
RNWWW.US,5,20260130,153000,0.0059,0.0059,0.0059,0.0059,5000,0
RNWWW.US,5,20260130,215500,0.0059,0.0059,0.0059,0.0059,6335,0
RNWWW.US,5,20260202,170500,0.0059,0.0059,0.0059,0.0059,500,0
RNWWW.US,5,20260203,163000,0.0057,0.0057,0.0056,0.0056,1228,0
RNWWW.US,5,20260203,163500,0.0056,0.0056,0.0056,0.0056,200,0
RNWWW.US,5,20260203,164500,0.0056,0.0056,0.0056,0.0056,200,0
RNWWW.US,5,20260203,215500,0.0056,0.0056,0.0056,0.0056,154,0
RNWWW.US,5,20260204,171500,0.0056,0.0057,0.0056,0.0056,2333,0
RNWWW.US,5,20260204,172000,0.0056,0.0056,0.0056,0.0056,200,0
RNWWW.US,5,20260204,172500,0.0056,0.0056,0.0056,0.0056,400,0
RNWWW.US,5,20260204,174000,0.0058,0.0058,0.0056,0.0057,8288,0
RNWWW.US,5,20260204,174500,0.0056,0.0056,0.0056,0.0056,100,0
RNWWW.US,5,20260204,180000,0.0056,0.0056,0.0056,0.0056,100,0
RNWWW.US,5,20260204,210000,0.0058,0.0058,0.0053,0.0053,10043,0
RNWWW.US,5,20260204,210500,0.0053,0.0053,0.0053,0.0053,100,0
RNWWW.US,5,20260205,153000,0.0053,0.0053,0.0053,0.0053,153,0
RNWWW.US,5,20260205,163000,0.0053,0.0053,0.0052,0.0052,330,0
RNWWW.US,5,20260205,181500,0.0052,0.0053,0.0052,0.0053,500,0
RNWWW.US,5,20260205,190000,0.0052,0.0052,0.0052,0.0052,100,0
RNWWW.US,5,20260206,153000,0.0052,0.0052,0.0052,0.0052,7769,0
RNWWW.US,5,20260206,203500,0.0067,0.0067,0.0066,0.0066,1400,0
RNWWW.US,5,20260206,204500,0.0085,0.0085,0.0085,0.0085,100,0
RNWWW.US,5,20260206,213000,0.0085,0.0085,0.0085,0.0085,100,0
RNWWW.US,5,20260209,153000,0.0051,0.0051,0.0051,0.0051,100,0
RNWWW.US,5,20260209,193000,0.0079,0.0079,0.0079,0.0079,225,0
RNWWW.US,5,20260209,194000,0.0078,0.0079,0.0078,0.0079,2000,0
RNWWW.US,5,20260211,212000,0.0079,0.0079,0.0079,0.0079,1000,0
RNWWW.US,5,20260211,215500,0.0051,0.0051,0.0051,0.0051,4000,0
RNWWW.US,5,20260212,153000,0.008,0.008,0.008,0.008,200,0
RNWWW.US,5,20260212,160500,0.0078,0.0078,0.0078,0.0078,6300,0
RNWWW.US,5,20260212,161500,0.0051,0.0051,0.0051,0.0051,3215,0
RNWWW.US,5,20260212,214500,0.0065,0.0078,0.0065,0.0078,200,0
RNWWW.US,5,20260217,153500,0.0051,0.0051,0.0051,0.0051,600,0
RNWWW.US,5,20260217,160000,0.0062,0.0062,0.0062,0.0062,100,0
RNWWW.US,5,20260218,161500,0.0057,0.0057,0.0054,0.0054,200,0
RNWWW.US,5,20260218,163000,0.0051,0.0057,0.0046,0.0046,27063,0
RNWWW.US,5,20260218,164000,0.0049,0.0049,0.0049,0.0049,100,0
RNWWW.US,5,20260218,202500,0.005,0.0057,0.0048,0.005,18000,0
RNWWW.US,5,20260218,205500,0.005,0.005,0.0049,0.0049,600,0
RNWWW.US,5,20260218,211500,0.0046,0.0046,0.0046,0.0046,100,0
RNWWW.US,5,20260218,212500,0.005,0.005,0.00485,0.005,2700,0
RNWWW.US,5,20260218,213000,0.0049,0.0049,0.0049,0.0049,100,0
RNWWW.US,5,20260220,171000,0.0047,0.0047,0.0045,0.0045,19600,0
RNWWW.US,5,20260220,171500,0.0048,0.0048,0.0048,0.0048,10000,0
RNWWW.US,5,20260220,194000,0.0048,0.0048,0.0047,0.0047,1337,0
RNWWW.US,5,20260220,200000,0.0047,0.0047,0.0047,0.0047,100,0
RNWWW.US,5,20260223,160500,0.0049,0.0049,0.0049,0.0049,1500,0
RNWWW.US,5,20260224,155000,0.0044,0.0044,0.0044,0.0044,6300,0
RNWWW.US,5,20260225,194000,0.005,0.005,0.005,0.005,452,0
RNWWW.US,5,20260227,164500,0.005,0.0055,0.005,0.0055,17023,0
RNWWW.US,5,20260227,192000,0.0057,0.0059,0.0057,0.0059,500,0
RNWWW.US,5,20260227,192500,0.0057,0.0057,0.0057,0.0057,600,0
RNWWW.US,5,20260227,202000,0.0074,0.0074,0.0074,0.0074,5000,0
RNWWW.US,5,20260227,215000,0.0059,0.0074,0.0059,0.0073,2300,0
RNWWW.US,5,20260303,160000,0.0068,0.0068,0.0068,0.0068,510,0
RNWWW.US,5,20260303,162500,0.0082,0.0082,0.0082,0.0082,1000,0
RNWWW.US,5,20260303,165500,0.0082,0.0083,0.0081,0.0081,2000,0
RNWWW.US,5,20260303,180500,0.0083,0.01,0.0072,0.0099,16300,0
RNWWW.US,5,20260303,181000,0.0072,0.0072,0.007,0.007,6000,0
RNWWW.US,5,20260303,192000,0.0097,0.0099,0.0097,0.0099,8679,0
RNWWW.US,5,20260303,194500,0.0099,0.0099,0.0099,0.0099,1500,0
RNWWW.US,5,20260303,202000,0.0098,0.0098,0.0098,0.0098,2000,0
RNWWW.US,5,20260303,202500,0.0097,0.0097,0.0097,0.0097,100,0
RNWWW.US,5,20260303,203000,0.00975,0.0098,0.0096,0.0097,3251,0
RNWWW.US,5,20260303,204000,0.0098,0.0098,0.0097,0.0097,1434,0
RNWWW.US,5,20260303,204500,0.0098,0.0098,0.0098,0.0098,1515,0
RNWWW.US,5,20260303,205000,0.0071,0.0071,0.0071,0.0071,1515,0
RNWWW.US,5,20260303,210000,0.0084,0.0084,0.0084,0.0084,1000,0
RNWWW.US,5,20260303,214000,0.0097,0.0098,0.0097,0.0098,24985,0
RNWWW.US,5,20260304,181500,0.0094,0.0094,0.0094,0.0094,15000,0
RNWWW.US,5,20260304,182000,0.0093,0.0093,0.0093,0.0093,100,0
RNWWW.US,5,20260304,182500,0.0093,0.0093,0.0093,0.0093,200,0
RNWWW.US,5,20260304,183500,0.0093,0.0093,0.0093,0.0093,100,0
RNWWW.US,5,20260304,193500,0.00935,0.00935,0.0093,0.0093,700,0
RNWWW.US,5,20260304,203000,0.0086,0.009,0.007,0.007,11900,0
RNWWW.US,5,20260305,153000,0.005,0.005,0.005,0.005,10000,0
RNWWW.US,5,20260305,212000,0.0051,0.0051,0.0051,0.0051,1034,0
RNWWW.US,5,20260305,214000,0.0056,0.0056,0.0056,0.0056,100,0
RNWWW.US,5,20260306,153000,0.0056,0.0056,0.0056,0.0056,14294,0
RNWWW.US,5,20260306,213000,0.0062,0.0062,0.0062,0.0062,100,0
RNWWW.US,5,20260309,174500,0.0051,0.0051,0.0051,0.0051,5100,0
RNWWW.US,5,20260309,175000,0.0061,0.0061,0.0061,0.0061,200,0
RNWWW.US,5,20260309,175500,0.0057,0.0062,0.0051,0.0061,11454,0
RNWWW.US,5,20260309,182000,0.0056,0.0056,0.0056,0.0056,100,0
RNWWW.US,5,20260309,195500,0.0061,0.0062,0.0061,0.0062,200,0
RNWWW.US,5,20260310,160500,0.0062,0.0062,0.0061,0.0061,1000,0
RNWWW.US,5,20260311,204000,0.0051,0.0056,0.0046,0.0046,15000,0
RNWWW.US,5,20260311,204500,0.0059,0.0059,0.0059,0.0059,300,0
RNWWW.US,5,20260312,151500,0.0046,0.0053,0.0042,0.0042,27546,0
RNWWW.US,5,20260312,152000,0.0053,0.0059,0.0041,0.0049,16300,0
RNWWW.US,5,20260312,155500,0.0049,0.0049,0.0049,0.0049,100,0
RNWWW.US,5,20260312,170500,0.005,0.005,0.005,0.005,5856,0
RNWWW.US,5,20260312,172000,0.0045,0.0051,0.0045,0.0049,600,0
RNWWW.US,5,20260312,182500,0.0035,0.0035,0.0035,0.0035,15163,0
RNWWW.US,5,20260312,185500,0.0044,0.0044,0.0044,0.0044,100,0
RNWWW.US,5,20260313,150500,0.0035,0.0035,0.0035,0.0035,5937,0
RNWWW.US,5,20260316,184000,0.004,0.004,0.004,0.004,1200,0
RNWWW.US,5,20260316,184500,0.0038,0.0038,0.0038,0.0038,1000,0
RNWWW.US,5,20260317,205000,0.005,0.005,0.005,0.005,100,0
RNWWW.US,5,20260318,143500,0.0053,0.0053,0.0053,0.0053,2500,0
RNWWW.US,5,20260318,183500,0.005,0.005,0.005,0.005,500,0
RNWWW.US,5,20260318,184500,0.0035,0.0035,0.0033,0.0033,2500,0
RNWWW.US,5,20260318,204000,0.006,0.006,0.006,0.006,100,0
RNWWW.US,5,20260319,155500,0.006,0.006,0.006,0.006,500,0
RNWWW.US,5,20260319,160500,0.006,0.006,0.006,0.006,20000,0
RNWWW.US,5,20260319,163500,0.0054,0.0054,0.0054,0.0054,100,0
RNWWW.US,5,20260319,203500,0.0057,0.0059,0.0055,0.0055,500,0
RNWWW.US,5,20260320,143500,0.0055,0.0055,0.0054,0.0055,61354,0
RNWWW.US,5,20260320,151500,0.0055,0.0055,0.0055,0.0055,100,0
RNWWW.US,5,20260320,161500,0.0055,0.0055,0.0055,0.0055,640,0
RNWWW.US,5,20260320,163000,0.0055,0.0055,0.0055,0.0055,100,0
RNWWW.US,5,20260323,181500,0.0061,0.0061,0.0061,0.0061,500,0
RNWWW.US,5,20260323,203500,0.0061,0.0061,0.0061,0.0061,2100,0
RNWWW.US,5,20260323,205000,0.005,0.005,0.005,0.005,1000,0
RNWWW.US,5,20260324,143000,0.0055,0.0055,0.0055,0.0055,20000,0
RNWWW.US,5,20260324,164000,0.0064,0.0064,0.0064,0.0064,1701,0
RNWWW.US,5,20260324,165500,0.0072,0.0072,0.0071,0.0071,1000,0
RNWWW.US,5,20260324,204000,0.0072,0.0072,0.0072,0.0072,500,0
RNWWW.US,5,20260325,143000,0.0051,0.0097,0.0051,0.0097,7006,0
RNWWW.US,5,20260325,144500,0.0096,0.0096,0.0096,0.0096,1000,0
RNWWW.US,5,20260325,154500,0.0093,0.0093,0.0093,0.0093,100,0
RNWWW.US,5,20260325,162000,0.0093,0.0093,0.0093,0.0093,100,0
RNWWW.US,5,20260325,162500,0.0083,0.0093,0.0083,0.0083,4862,0
RNWWW.US,5,20260325,170000,0.0093,0.0093,0.0092,0.0092,1000,0
RNWWW.US,5,20260325,181500,0.00675,0.007,0.00675,0.007,1000,0
RNWWW.US,5,20260325,184500,0.007,0.007,0.007,0.007,100,0
RNWWW.US,5,20260325,204000,0.007,0.007,0.00668,0.007,6100,0
RNWWW.US,5,20260326,161000,0.0092,0.0093,0.0082,0.0082,1500,0
RNWWW.US,5,20260326,181000,0.009,0.009,0.009,0.009,1037,0
RNWWW.US,5,20260326,182000,0.009,0.009,0.009,0.009,750,0
RNWWW.US,5,20260326,193000,0.009,0.009,0.009,0.009,1000,0
RNWWW.US,5,20260326,195500,0.00915,0.0093,0.00915,0.0093,2000,0
RNWWW.US,5,20260326,200000,0.0092,0.0092,0.0092,0.0092,300,0
RNWWW.US,5,20260327,153000,0.005,0.005,0.005,0.005,9500,0
RNWWW.US,5,20260327,155000,0.0046,0.0046,0.0042,0.0042,1600,0
RNWWW.US,5,20260327,155500,0.0041,0.0043,0.004,0.0042,12000,0
RNWWW.US,5,20260327,160000,0.0038,0.0038,0.0037,0.0037,800,0
RNWWW.US,5,20260327,162500,0.0037,0.0037,0.003,0.003,38983,0
RNWWW.US,5,20260327,163000,0.0031,0.0039,0.0031,0.0039,1400,0
RNWWW.US,5,20260327,163500,0.0036,0.0036,0.0033,0.0033,3100,0
RNWWW.US,5,20260327,164000,0.0033,0.0033,0.0027,0.0027,8000,0
RNWWW.US,5,20260327,164500,0.0026,0.0029,0.0025,0.0029,434,0
RNWWW.US,5,20260327,165500,0.0033,0.0033,0.0033,0.0033,100,0
RNWWW.US,5,20260327,170500,0.0033,0.0033,0.0033,0.0033,100,0
RNWWW.US,5,20260327,171500,0.0033,0.0033,0.0033,0.0033,800,0
RNWWW.US,5,20260327,191500,0.0042,0.0049,0.0042,0.0049,300,0
RNWWW.US,5,20260327,203000,0.005,0.0079,0.005,0.0079,2241,0
RNWWW.US,5,20260327,203500,0.0079,0.0079,0.0079,0.0079,2172,0
RNWWW.US,5,20260327,205500,0.0079,0.0079,0.0079,0.0079,600,0
RNWWW.US,5,20260330,190000,0.005,0.0057,0.005,0.0057,4500,0
RNWWW.US,5,20260331,163500,0.00635,0.00635,0.00635,0.00635,500,0
RNWWW.US,5,20260331,173000,0.0077,0.0077,0.0076,0.0076,1000,0
RNWWW.US,5,20260331,180000,0.0077,0.0077,0.0077,0.0077,4700,0
RNWWW.US,5,20260331,195000,0.0064,0.0064,0.0064,0.0064,250,0
RNWWW.US,5,20260331,213000,0.0077,0.0077,0.0077,0.0077,250,0
RNWWW.US,5,20260401,174000,0.0035,0.0035,0.0035,0.0035,1000,0
RNWWW.US,5,20260401,181000,0.0076,0.0076,0.0075,0.0075,200,0
RNWWW.US,5,20260401,182500,0.0075,0.0076,0.0075,0.0076,5612,0
RNWWW.US,5,20260401,194000,0.0075,0.0075,0.0074,0.0075,1480,0
RNWWW.US,5,20260401,202000,0.0075,0.0075,0.0075,0.0075,134,0
RNWWW.US,5,20260402,154000,0.0032,0.0032,0.0032,0.0032,100,0
RNWWW.US,5,20260402,155500,0.0033,0.0033,0.0033,0.0033,138,0
RNWWW.US,5,20260402,200500,0.0078,0.0078,0.0077,0.0077,7924,0
RNWWW.US,5,20260402,203500,0.006,0.006,0.0034,0.0034,10000,0
RNWWW.US,5,20260402,205500,0.0077,0.0077,0.0034,0.0034,13000,0
RNWWW.US,5,20260402,212000,0.0034,0.0034,0.0034,0.0034,100,0
RNWWW.US,5,20260406,153000,0.0033,0.0033,0.0033,0.0033,400,0
RNWWW.US,5,20260406,180000,0.0034,0.0034,0.0034,0.0034,1700,0
RNWWW.US,5,20260406,193500,0.0034,0.0034,0.0034,0.0034,4000,0
RNWWW.US,5,20260408,192500,0.0058,0.0058,0.0058,0.0058,500,0
RNWWW.US,5,20260408,194500,0.0059,0.0059,0.0059,0.0059,500,0
RNWWW.US,5,20260408,200500,0.006,0.006,0.0041,0.0051,6312,0
RNWWW.US,5,20260408,213000,0.006,0.0076,0.006,0.0076,15000,0
RNWWW.US,5,20260408,213500,0.0076,0.0076,0.0075,0.0075,5654,0
RNWWW.US,5,20260409,164000,0.0076,0.0076,0.0076,0.0076,1282,0
RNWWW.US,5,20260409,180500,0.0075,0.0077,0.0075,0.0077,29949,0
RNWWW.US,5,20260409,195500,0.0077,0.0077,0.0076,0.0076,610,0
RNWWW.US,5,20260409,202500,0.0077,0.0077,0.0076,0.0076,1641,0
RNWWW.US,5,20260409,203000,0.0057,0.0057,0.0057,0.0057,500,0
RNWWW.US,5,20260409,211500,0.0077,0.0077,0.0077,0.0077,100,0
RNWWW.US,5,20260410,172500,0.0036,0.0075,0.0034,0.0075,29600,0
RNWWW.US,5,20260410,173000,0.0075,0.0075,0.0033,0.0033,10200,0
RNWWW.US,5,20260410,173500,0.0033,0.0033,0.0033,0.0033,100,0
RNWWW.US,5,20260410,175500,0.0033,0.0034,0.0033,0.0033,4664,0
RNWWW.US,5,20260410,182000,0.0033,0.0035,0.0033,0.0035,1212,0
RNWWW.US,5,20260410,184500,0.0037,0.0076,0.0037,0.0075,10200,0
RNWWW.US,5,20260410,185000,0.0074,0.0074,0.0052,0.0052,2200,0
RNWWW.US,5,20260410,190500,0.0075,0.0075,0.0075,0.0075,100,0
RNWWW.US,5,20260413,153000,0.0035,0.0035,0.0033,0.0033,30000,0
RNWWW.US,5,20260413,155000,0.0034,0.0034,0.0033,0.0033,817,0
RNWWW.US,5,20260413,165000,0.0075,0.0075,0.0075,0.0075,165,0
RNWWW.US,5,20260414,160000,0.0038,0.0038,0.0038,0.0038,100,0
RNWWW.US,5,20260414,164000,0.0039,0.0039,0.0039,0.0039,2000,0
RNWWW.US,5,20260414,172500,0.0033,0.0036,0.0033,0.0033,1000,0
RNWWW.US,5,20260414,183000,0.0039,0.0041,0.0038,0.0041,5500,0
RNWWW.US,5,20260414,190500,0.0039,0.0039,0.0039,0.0039,17492,0
RNWWW.US,5,20260414,192000,0.0048,0.0048,0.0048,0.0048,100,0
RNWWW.US,5,20260414,193500,0.0049,0.0064,0.0049,0.0062,3700,0
RNWWW.US,5,20260414,195000,0.0065,0.0065,0.0065,0.0065,500,0
RNWWW.US,5,20260415,155000,0.005,0.005,0.005,0.005,130,0
RNWWW.US,5,20260415,165000,0.006,0.0076,0.0059,0.0075,5699,0
RNWWW.US,5,20260415,171000,0.0076,0.0077,0.0076,0.0077,13763,0
RNWWW.US,5,20260415,173500,0.0077,0.0077,0.0076,0.0076,1376,0
RNWWW.US,5,20260415,174000,0.0076,0.0077,0.0076,0.0077,4088,0
RNWWW.US,5,20260415,174500,0.0076,0.0076,0.0076,0.0076,100,0
RNWWW.US,5,20260415,175000,0.0076,0.0076,0.0075,0.0075,707,0
RNWWW.US,5,20260415,193000,0.0077,0.0077,0.0077,0.0077,145,0
RNWWW.US,5,20260415,194000,0.0077,0.0077,0.0077,0.0077,160,0
RNWWW.US,5,20260415,200000,0.0042,0.0043,0.0042,0.0043,610,0
RNWWW.US,5,20260415,205000,0.0042,0.0042,0.0042,0.0042,4500,0
RNWWW.US,5,20260415,212000,0.0076,0.0076,0.0076,0.0076,225,0
RNWWW.US,5,20260416,153000,0.0046,0.0046,0.0046,0.0046,9000,0
RNWWW.US,5,20260416,171500,0.0044,0.0044,0.0044,0.0044,100,0
RNWWW.US,5,20260416,174500,0.0044,0.0044,0.0044,0.0044,5800,0
RNWWW.US,5,20260416,181000,0.0059,0.0059,0.0059,0.0059,100,0
RNWWW.US,5,20260416,185000,0.0059,0.0059,0.0055,0.0059,3400,0
RNWWW.US,5,20260417,164000,0.0052,0.0052,0.0052,0.0052,3400,0
RNWWW.US,5,20260417,180500,0.0042,0.0042,0.0042,0.0042,225,0
RNWWW.US,5,20260417,192000,0.0052,0.0052,0.0052,0.0052,1000,0
RNWWW.US,5,20260417,214000,0.0075,0.0075,0.0074,0.0074,200,0
RNWWW.US,5,20260420,162500,0.0042,0.0042,0.0042,0.0042,9600,0
RNWWW.US,5,20260420,165000,0.0042,0.0049,0.0042,0.0049,10300,0
RNWWW.US,5,20260420,165500,0.005,0.005,0.0049,0.0049,1100,0
RNWWW.US,5,20260420,170000,0.0049,0.0049,0.0035,0.0035,3000,0
RNWWW.US,5,20260420,204500,0.0042,0.0042,0.0042,0.0042,1130,0
RNWWW.US,5,20260420,210000,0.0042,0.0042,0.0042,0.0042,1000,0
RNWWW.US,5,20260420,212500,0.0041,0.0041,0.0041,0.0041,100,0
RNWWW.US,5,20260421,155000,0.0034,0.0034,0.0034,0.0034,100,0
RNWWW.US,5,20260421,162000,0.0041,0.0042,0.0041,0.0042,2276,0
RNWWW.US,5,20260421,162500,0.0042,0.0042,0.0042,0.0042,11910,0
RNWWW.US,5,20260421,165500,0.0045,0.0045,0.0044,0.0044,2000,0
RNWWW.US,5,20260421,172000,0.0044,0.0044,0.0044,0.0044,100,0
RNWWW.US,5,20260421,180500,0.0045,0.0045,0.0044,0.0044,400,0
RNWWW.US,5,20260421,191500,0.0045,0.0045,0.0045,0.0045,100,0
RNWWW.US,5,20260422,153500,0.0036,0.0036,0.0036,0.0036,3000,0
RNWWW.US,5,20260422,154500,0.0036,0.0036,0.0036,0.0036,100,0
RNWWW.US,5,20260422,165000,0.0036,0.0038,0.0036,0.0036,11613,0
RNWWW.US,5,20260422,172500,0.0038,0.0038,0.0038,0.0038,7400,0
RNWWW.US,5,20260422,173000,0.0042,0.0047,0.0042,0.0043,600,0
RNWWW.US,5,20260422,175500,0.0036,0.0036,0.0036,0.0036,100,0
RNWWW.US,5,20260422,180000,0.0036,0.0038,0.0036,0.0038,1100,0
RNWWW.US,5,20260422,182000,0.0036,0.0036,0.0036,0.0036,100,0
RNWWW.US,5,20260422,182500,0.004,0.004,0.0039,0.0039,1900,0
RNWWW.US,5,20260422,183500,0.0036,0.0036,0.0033,0.0033,10000,0
RNWWW.US,5,20260422,184000,0.0042,0.0042,0.0042,0.0042,1100,0
RNWWW.US,5,20260422,185500,0.0033,0.0033,0.0033,0.0033,100,0
RNWWW.US,5,20260422,195500,0.0033,0.0033,0.0033,0.0033,7466,0
RNWWW.US,5,20260422,201000,0.0042,0.0042,0.0042,0.0042,300,0
RNWWW.US,5,20260422,204500,0.004,0.004,0.00389,0.00389,9999,0
RNWWW.US,5,20260422,205000,0.0042,0.0045,0.0042,0.0042,1800,0
RNWWW.US,5,20260422,212000,0.0033,0.0039,0.0033,0.0037,35590,0
RNWWW.US,5,20260422,215000,0.0033,0.0034,0.0033,0.0033,3100,0
RNWWW.US,5,20260423,153000,0.0033,0.0033,0.0033,0.0033,3333,0
RNWWW.US,5,20260423,164500,0.0034,0.0034,0.0034,0.0034,100,0
RNWWW.US,5,20260423,173500,0.0034,0.0034,0.0034,0.0034,166,0
RNWWW.US,5,20260423,182500,0.0034,0.0034,0.0034,0.0034,100,0
RNWWW.US,5,20260423,184500,0.0034,0.0037,0.0034,0.0034,2000,0
RNWWW.US,5,20260423,185500,0.0033,0.0033,0.0033,0.0033,100,0
RNWWW.US,5,20260423,215000,0.004,0.004,0.0039,0.0039,200,0
RNWWW.US,5,20260424,192500,0.0033,0.0034,0.0033,0.0034,200,0
RNWWW.US,5,20260424,215000,0.004,0.004,0.0039,0.0039,200,0
RNWWW.US,5,20260427,162500,0.0033,0.0033,0.0033,0.0033,9999,0
RNWWW.US,5,20260427,164000,0.004,0.004,0.004,0.004,9100,0
RNWWW.US,5,20260427,182000,0.004,0.004,0.004,0.004,1517,0
RNWWW.US,5,20260428,163500,0.0033,0.0034,0.0033,0.0034,5000,0
RNWWW.US,5,20260428,165500,0.0034,0.0049,0.0033,0.0034,800,0
RNWWW.US,5,20260428,170000,0.0033,0.0049,0.0033,0.0049,6700,0
RNWWW.US,5,20260428,171000,0.0033,0.0034,0.0033,0.0034,200,0
RNWWW.US,5,20260428,173500,0.0033,0.0034,0.0033,0.0034,4584,0
RNWWW.US,5,20260428,201000,0.0065,0.0074,0.0065,0.0074,18000,0
RNWWW.US,5,20260428,202000,0.00615,0.00615,0.00615,0.00615,1100,0
RNWWW.US,5,20260428,203500,0.0074,0.0075,0.0074,0.0075,20000,0
RNWWW.US,5,20260428,205500,0.0058,0.0058,0.0058,0.0058,200,0
RNWWW.US,5,20260428,210500,0.0053,0.0053,0.0033,0.0033,17827,0
RNWWW.US,5,20260428,211000,0.0058,0.0058,0.0058,0.0058,1523,0
RNWWW.US,5,20260429,154000,0.0035,0.0035,0.0035,0.0035,100,0
RNWWW.US,5,20260429,155500,0.0035,0.0035,0.0035,0.0035,1523,0
RNWWW.US,5,20260429,161000,0.0035,0.0035,0.0035,0.0035,2000,0
RNWWW.US,5,20260429,180000,0.0039,0.0039,0.0039,0.0039,100,0
RNWWW.US,5,20260429,180500,0.0037,0.0037,0.0037,0.0037,300,0
RNWWW.US,5,20260429,185500,0.0035,0.0037,0.0035,0.0037,10000,0
RNWWW.US,5,20260429,190000,0.0037,0.0037,0.0035,0.0035,9976,0
RNWWW.US,5,20260429,191000,0.004,0.004,0.004,0.004,500,0
RNWWW.US,5,20260429,191500,0.0039,0.0039,0.0036,0.0036,6450,0
RNWWW.US,5,20260429,192000,0.0041,0.0041,0.0041,0.0041,2000,0
RNWWW.US,5,20260430,154000,0.0039,0.0039,0.0039,0.0039,10000,0
RNWWW.US,5,20260430,213500,0.0033,0.0033,0.0033,0.0033,8383,0
RNWWW.US,5,20260430,214000,0.0041,0.0041,0.0041,0.0041,300,0
RNWWW.US,5,20260501,153000,0.0033,0.0033,0.0033,0.0033,1800,0
RNWWW.US,5,20260501,160000,0.0036,0.0036,0.0036,0.0036,100,0
RNWWW.US,5,20260501,182000,0.0033,0.0034,0.0033,0.0034,1000,0
RNWWW.US,5,20260501,192000,0.0038,0.0038,0.0038,0.0038,100,0
RNWWW.US,5,20260504,160000,0.0038,0.0039,0.0038,0.0039,9500,0
RNWWW.US,5,20260504,160500,0.0039,0.0039,0.0039,0.0039,700,0
RNWWW.US,5,20260504,162500,0.005,0.0075,0.005,0.0075,13396,0
RNWWW.US,5,20260504,171000,0.0074,0.0074,0.0074,0.0074,500,0
RNWWW.US,5,20260504,181000,0.0074,0.0074,0.0074,0.0074,1300,0
RNWWW.US,5,20260504,192000,0.0037,0.0037,0.0037,0.0037,6450,0
RNWWW.US,5,20260504,214500,0.007,0.007,0.0069,0.0069,200,0
RNWWW.US,5,20260505,160500,0.0074,0.0074,0.0074,0.0074,9999,0
RNWWW.US,5,20260505,174500,0.0053,0.0053,0.0053,0.0053,766,0
RNWWW.US,5,20260505,192000,0.0074,0.0074,0.0073,0.0073,3800,0
RNWWW.US,5,20260505,210000,0.0054,0.0054,0.0053,0.0053,3600,0
RNWWW.US,5,20260505,212000,0.0053,0.0053,0.0053,0.0053,1100,0
RNWWW.US,5,20260506,173000,0.0033,0.0034,0.0033,0.0034,30900,0
RNWWW.US,5,20260506,191000,0.0053,0.0053,0.0053,0.0053,100,0
RNWWW.US,5,20260506,193000,0.0033,0.0033,0.0033,0.0033,200,0
RNWWW.US,5,20260506,215000,0.0033,0.0054,0.0033,0.0054,200,0
RNWWW.US,5,20260507,172500,0.0033,0.0034,0.0033,0.0034,2412,0
RNWWW.US,5,20260507,201500,0.0074,0.0074,0.0074,0.0074,1014,0
RNWWW.US,5,20260507,205000,0.0074,0.0075,0.0072,0.0072,21498,0
RNWWW.US,5,20260507,211000,0.0073,0.0073,0.0072,0.0072,10199,0
RNWWW.US,5,20260507,212000,0.0073,0.0073,0.00725,0.0073,1100,0
RNWWW.US,5,20260507,212500,0.0073,0.0073,0.0073,0.0073,100,0
RNWWW.US,5,20260507,215500,0.0073,0.0073,0.0073,0.0073,8998,0
RNWWW.US,5,20260508,153000,0.0075,0.0075,0.0073,0.0073,20100,0
RNWWW.US,5,20260511,161500,0.0034,0.0034,0.0033,0.0033,200,0
RNWWW.US,5,20260511,212000,0.0033,0.0033,0.0033,0.0033,100,0
RNWWW.US,5,20260512,180000,0.0033,0.0033,0.0033,0.0033,9298,0
RNWWW.US,5,20260512,181500,0.006,0.006,0.0059,0.0059,2306,0
RNWWW.US,5,20260512,185500,0.0059,0.0059,0.0059,0.0059,1000,0
RNWWW.US,5,20260513,153000,0.0059,0.0059,0.0059,0.0059,4000,0
RNWWW.US,5,20260513,205500,0.0074,0.0074,0.0074,0.0074,200,0
RNWWW.US,5,20260514,181000,0.0033,0.0033,0.0033,0.0033,750,0
RNWWW.US,5,20260515,182000,0.0034,0.0035,0.0034,0.0035,550,0
RNWWW.US,5,20260515,195000,0.0034,0.0034,0.0034,0.0034,100,0
RNWWW.US,5,20260515,205000,0.0074,0.0074,0.0074,0.0074,1645,0
RNWWW.US,5,20260515,214500,0.0035,0.0035,0.0034,0.0034,10000,0
RNWWW.US,5,20260515,215000,0.0067,0.0067,0.0067,0.0067,100,0
RNWWW.US,5,20260518,164500,0.0065,0.0065,0.0065,0.0065,1800,0
RNWWW.US,5,20260518,170500,0.0064,0.0064,0.0064,0.0064,5100,0
RNWWW.US,5,20260518,173000,0.0064,0.0065,0.005,0.00575,1000,0
RNWWW.US,5,20260518,180000,0.0065,0.0065,0.0064,0.0064,312,0
RNWWW.US,5,20260518,180500,0.00575,0.00575,0.005,0.005,1400,0
RNWWW.US,5,20260518,182000,0.0064,0.0065,0.0064,0.0064,3999,0
RNWWW.US,5,20260518,184000,0.0065,0.0065,0.0065,0.0065,500,0
RNWWW.US,5,20260518,184500,0.0064,0.00645,0.0064,0.00645,5500,0
RNWWW.US,5,20260518,190000,0.0064,0.0064,0.0064,0.0064,100,0
RNWWW.US,5,20260518,193000,0.0064,0.0064,0.0064,0.0064,160,0
RNWWW.US,5,20260518,194000,0.0065,0.0065,0.0065,0.0065,3010,0
RNWWW.US,5,20260518,201000,0.0064,0.0064,0.0064,0.0064,100,0
RNWWW.US,5,20260518,204000,0.0064,0.0065,0.0064,0.0064,500,0
RNWWW.US,5,20260518,214500,0.005,0.0051,0.005,0.0051,660,0
RNWWW.US,5,20260519,155500,0.0038,0.0038,0.0037,0.0037,312,0
RNWWW.US,5,20260519,162000,0.0069,0.0069,0.0069,0.0069,300,0
RNWWW.US,5,20260519,163500,0.0037,0.0037,0.0037,0.0037,100,0
RNWWW.US,5,20260520,153000,0.0037,0.0038,0.0037,0.0038,3510,0
RNWWW.US,5,20260520,195500,0.0068,0.0068,0.0068,0.0068,7777,0
RNWWW.US,5,20260521,173000,0.0068,0.0068,0.0068,0.0068,100,0
RNWWW.US,5,20260522,164500,0.0052,0.0052,0.0052,0.0052,8000,0
RNWWW.US,5,20260522,204000,0.0041,0.0048,0.0041,0.0048,2100,0
RNWWW.US,5,20260522,213500,0.0051,0.0051,0.0051,0.0051,100,0
RNWWW.US,5,20260522,215500,0.0051,0.0053,0.0051,0.0053,400,0
RNWWW.US,5,20260526,153500,0.0041,0.0041,0.0041,0.0041,300,0
RNWWW.US,5,20260526,161000,0.0068,0.0068,0.0068,0.0068,300,0
RNWWW.US,5,20260527,171000,0.0066,0.0066,0.0065,0.0065,2000,0
RNWWW.US,5,20260527,200500,0.0062,0.0062,0.0062,0.0062,100,0
RNWWW.US,5,20260528,171000,0.0066,0.0075,0.0065,0.0075,10684,0
RNWWW.US,5,20260528,171500,0.0075,0.0075,0.0075,0.0075,100,0
RNWWW.US,5,20260528,174500,0.0077,0.0077,0.0077,0.0077,300,0
RNWWW.US,5,20260528,175000,0.0077,0.0077,0.0077,0.0077,100,0
RNWWW.US,5,20260528,180500,0.0078,0.0078,0.0077,0.0077,2000,0
RNWWW.US,5,20260528,182500,0.0075,0.0075,0.0075,0.0075,100,0
RNWWW.US,5,20260528,183000,0.0077,0.0077,0.0076,0.0076,2000,0
RNWWW.US,5,20260528,184000,0.00765,0.0077,0.00765,0.0077,400,0
RNWWW.US,5,20260528,185000,0.0076,0.0076,0.0076,0.0076,100,0
RNWWW.US,5,20260528,195500,0.0075,0.0076,0.0075,0.0076,4700,0
RNWWW.US,5,20260528,203000,0.007,0.007,0.007,0.007,100,0
RNWWW.US,5,20260529,153000,0.007,0.007,0.0043,0.0043,17999,0
RNWWW.US,5,20260529,154000,0.0043,0.0043,0.0043,0.0043,100,0
RNWWW.US,5,20260529,154500,0.0044,0.0044,0.0044,0.0044,827,0
RNWWW.US,5,20260529,164000,0.00692,0.0072,0.00692,0.0072,4100,0
RNWWW.US,5,20260529,164500,0.0072,0.0072,0.0072,0.0072,200,0
RNWWW.US,5,20260529,170000,0.00705,0.00705,0.0058,0.006,798,0
RNWWW.US,5,20260529,171000,0.0049,0.005,0.0049,0.0049,600,0
RNWWW.US,5,20260529,172000,0.0058,0.0058,0.0058,0.0058,166,0
RNWWW.US,5,20260529,174500,0.0049,0.0049,0.0049,0.0049,100,0
RNWWW.US,5,20260529,175000,0.0049,0.0049,0.0049,0.0049,100,0
RNWWW.US,5,20260529,202000,0.0049,0.005,0.0049,0.005,200,0
RNWWW.US,5,20260529,203500,0.0045,0.0045,0.0045,0.0045,166,0
RNWWW.US,5,20260601,155000,0.0077,0.0077,0.0076,0.0076,12000,0
RNWWW.US,5,20260604,170000,0.0057,0.0057,0.004,0.004,3600,0
RNWWW.US,5,20260604,170500,0.0057,0.007,0.004,0.0055,13600,0
RNWWW.US,5,20260604,171000,0.0055,0.0055,0.004,0.004,3200,0
RNWWW.US,5,20260604,174000,0.0054,0.0054,0.0054,0.0054,2000,0
RNWWW.US,5,20260604,175500,0.0039,0.004,0.0039,0.004,37200,0
RNWWW.US,5,20260604,180000,0.0053,0.0053,0.0039,0.0039,600,0
RNWWW.US,5,20260604,184000,0.0049,0.005,0.0049,0.005,400,0
RNWWW.US,5,20260604,184500,0.005,0.005,0.0048,0.0048,2000,0
RNWWW.US,5,20260604,185000,0.004,0.004,0.004,0.004,2000,0
RNWWW.US,5,20260604,193000,0.005,0.007,0.0049,0.007,2457,0
RNWWW.US,5,20260604,194000,0.004,0.004,0.004,0.004,2000,0
RNWWW.US,5,20260604,195000,0.0054,0.0068,0.0039,0.004,4900,0
RNWWW.US,5,20260604,195500,0.0052,0.0052,0.004,0.0046,6400,0
RNWWW.US,5,20260604,200000,0.0052,0.0052,0.004,0.00504,1750,0
RNWWW.US,5,20260604,204000,0.004,0.004,0.004,0.004,200,0
RNWWW.US,5,20260604,205500,0.004,0.004,0.0039,0.0039,15100,0
RNWWW.US,5,20260604,210000,0.0051,0.0052,0.0051,0.0052,800,0
RNWWW.US,5,20260605,153000,0.0035,0.0035,0.0035,0.0035,200,0
RNWWW.US,5,20260605,195000,0.004,0.006,0.004,0.006,11100,0
RNWWW.US,5,20260605,195500,0.0041,0.0041,0.004,0.00404,1000,0
RNWWW.US,5,20260609,164000,0.0058,0.0059,0.0056,0.0056,20700,0
RNWWW.US,5,20260609,164500,0.0056,0.0057,0.0056,0.0057,200,0
RNWWW.US,5,20260609,171000,0.0056,0.0056,0.0055,0.0056,2500,0
RNWWW.US,5,20260609,172000,0.0056,0.0057,0.005,0.005,1700,0
RNWWW.US,5,20260609,172500,0.005,0.0056,0.004,0.004,52670,0
RNWWW.US,5,20260609,214000,0.0054,0.0054,0.0054,0.0054,100,0
RNWWW.US,5,20260611,155500,0.0049,0.005,0.0049,0.005,5000,0
RNWWW.US,5,20260612,205000,0.0047,0.0047,0.0047,0.0047,3680,0
RNWWW.US,5,20260615,173000,0.0046,0.0046,0.00459,0.00459,3800,0
RNWWW.US,5,20260616,205000,0.0044,0.0044,0.0044,0.0044,4200,0
RNWWW.US,5,20260616,210000,0.0044,0.0044,0.0044,0.0044,100,0
RNWWW.US,5,20260617,154500,0.0033,0.0034,0.0033,0.0034,600,0
RNWWW.US,5,20260617,162500,0.0033,0.0033,0.0033,0.0033,100,0
RNWWW.US,5,20260617,164500,0.0034,0.0038,0.0033,0.0033,1254,0
RNWWW.US,5,20260617,214500,0.0044,0.0044,0.0044,0.0044,100,0
RNWWW.US,5,20260618,203000,0.0048,0.005,0.0048,0.005,13591,0
RNWWW.US,5,20260618,203500,0.005,0.0056,0.005,0.005,10100,0
RNWWW.US,5,20260618,204000,0.005,0.0051,0.005,0.005,300,0
RNWWW.US,5,20260618,212500,0.005,0.005,0.005,0.005,209,0
RNWWW.US,5,20260618,213000,0.0045,0.0057,0.0045,0.0057,9434,0
RNWWW.US,5,20260618,213500,0.0059,0.0059,0.0055,0.0055,1300,0
RNWWW.US,5,20260618,215000,0.0058,0.0058,0.0058,0.0058,100,0
RNWWW.US,5,20260622,153000,0.0057,0.0057,0.0057,0.0057,361,0
RNWWW.US,5,20260622,163000,0.0057,0.0057,0.0057,0.0057,1724,0
RNWWW.US,5,20260622,191000,0.0039,0.0048,0.0038,0.0038,20640,0
RNWWW.US,5,20260622,191500,0.0038,0.0038,0.0038,0.0038,16600,0
RNWWW.US,5,20260622,193000,0.0041,0.0041,0.0033,0.0033,150300,0
