<TICKER>,<PER>,<DATE>,<TIME>,<OPEN>,<HIGH>,<LOW>,<CLOSE>,<VOL>,<OPENINT>
SCAG.US,5,20260126,191500,2.6205,2.6205,2.6205,2.6205,200,0
SCAG.US,5,20260126,194000,2.42,2.42,2.42,2.42,100,0
SCAG.US,5,20260126,210000,2.546,2.546,2.546,2.546,100,0
SCAG.US,5,20260126,215500,2.46,2.46,2.46,2.46,750,0
SCAG.US,5,20260127,153500,2.46,2.46,2.46,2.46,100,0
SCAG.US,5,20260127,154000,2.48,2.48,2.48,2.48,105,0
SCAG.US,5,20260127,163000,2.5697,2.5697,2.5697,2.5697,200,0
SCAG.US,5,20260127,195000,2.56,2.56,2.56,2.56,266,0
SCAG.US,5,20260128,160000,2.5225,2.5225,2.5225,2.5225,325,0
SCAG.US,5,20260128,181500,2.53,2.53,2.53,2.53,200,0
SCAG.US,5,20260128,182000,2.53,2.53,2.53,2.53,248,0
SCAG.US,5,20260128,185000,2.53,2.53,2.53,2.53,100,0
SCAG.US,5,20260128,192500,2.53,2.53,2.53,2.53,121,0
SCAG.US,5,20260128,195000,2.53,2.53,2.53,2.53,200,0
SCAG.US,5,20260128,205000,2.53,2.53,2.53,2.53,154,0
SCAG.US,5,20260128,215000,2.51,2.51,2.51,2.51,181,0
SCAG.US,5,20260128,215500,2.46,2.46,2.46,2.46,200,0
SCAG.US,5,20260129,155500,2.6116,2.6116,2.6116,2.6116,322,0
SCAG.US,5,20260129,171500,2.4701,2.4701,2.4701,2.4701,598,0
SCAG.US,5,20260129,172000,2.4701,2.4701,2.4701,2.4701,402,0
SCAG.US,5,20260129,172500,2.54,2.54,2.54,2.54,200,0
SCAG.US,5,20260129,191500,2.47,2.47,2.47,2.47,159,0
SCAG.US,5,20260129,201500,2.4148,2.4148,2.4148,2.4148,200,0
SCAG.US,5,20260130,153000,2.4,2.4,2.4,2.4,564,0
SCAG.US,5,20260130,160500,2.4913,2.4913,2.4913,2.4913,560,0
SCAG.US,5,20260130,173000,2.35,2.35,2.35,2.35,300,0
SCAG.US,5,20260130,190500,2.35,2.35,2.35,2.35,500,0
SCAG.US,5,20260130,191500,2.37,2.37,2.3506,2.3506,300,0
SCAG.US,5,20260130,192000,2.37,2.37,2.3506,2.37,486,0
SCAG.US,5,20260130,214000,2.385,2.385,2.385,2.385,200,0
SCAG.US,5,20260130,214500,2.392,2.392,2.392,2.392,100,0
SCAG.US,5,20260202,154000,2.5076,2.5076,2.5076,2.5076,100,0
SCAG.US,5,20260202,155500,2.5543,2.5543,2.5543,2.5543,632,0
SCAG.US,5,20260202,201000,2.35,2.35,2.35,2.35,171,0
SCAG.US,5,20260203,161000,2.2887,2.2887,2.25,2.25,1206,0
SCAG.US,5,20260203,162500,2.25,2.2899,2.25,2.2899,569,0
SCAG.US,5,20260203,171500,2.21,2.21,2.21,2.21,307,0
SCAG.US,5,20260203,174500,2.2,2.2,2.2,2.2,100,0
SCAG.US,5,20260203,195000,2.2,2.2,2.2,2.2,1094,0
SCAG.US,5,20260203,200000,2.2,2.2,2.2,2.2,499,0
SCAG.US,5,20260203,211500,2.2,2.2,2.2,2.2,200,0
SCAG.US,5,20260203,214000,2.22,2.22,2.22,2.22,746,0
SCAG.US,5,20260204,155000,2.2,2.2,2.2,2.2,191,0
SCAG.US,5,20260204,180000,2.19,2.19,2.15,2.15,300,0
SCAG.US,5,20260204,181500,2.17,2.19,2.17,2.18,700,0
SCAG.US,5,20260204,184500,2.18,2.18,2.18,2.18,1100,0
SCAG.US,5,20260204,185000,1.95,1.95,1.95,1.95,200,0
SCAG.US,5,20260204,185500,2.065,2.065,2.065,2.065,170,0
SCAG.US,5,20260204,202000,2.1351,2.1351,2.1351,2.1351,2000,0
SCAG.US,5,20260205,215500,2.05,2.05,2.03,2.03,664,0
SCAG.US,5,20260206,153000,2.05,2.05,2.05,2.05,1000,0
SCAG.US,5,20260206,154000,1.98,2.05,1.98,2.05,600,0
SCAG.US,5,20260206,154500,2.0486,2.0486,2.0486,2.0486,100,0
SCAG.US,5,20260206,173000,1.99,1.99,1.99,1.99,116,0
SCAG.US,5,20260206,184000,1.99,1.99,1.99,1.99,120,0
SCAG.US,5,20260206,195000,1.99,1.99,1.99,1.99,104,0
SCAG.US,5,20260209,161500,2,2.05,2,2.05,536,0
SCAG.US,5,20260209,163000,1.985,2,1.97,1.985,500,0
SCAG.US,5,20260209,163500,2,2,2,2,874,0
SCAG.US,5,20260209,180000,1.9995,1.9995,1.9995,1.9995,142,0
SCAG.US,5,20260209,192000,1.95,1.95,1.95,1.95,216,0
SCAG.US,5,20260209,200000,1.95,1.95,1.835,1.835,212,0
SCAG.US,5,20260209,201000,1.95,1.95,1.95,1.95,750,0
SCAG.US,5,20260210,161000,1.75,2,1.75,1.91,14168,0
SCAG.US,5,20260210,161500,1.91,1.91,1.91,1.91,949,0
SCAG.US,5,20260210,162000,1.91,1.92,1.91,1.91,1222,0
SCAG.US,5,20260210,175500,1.9,1.9,1.9,1.9,499,0
SCAG.US,5,20260210,180000,1.9,1.9,1.83,1.83,2820,0
SCAG.US,5,20260210,183000,1.87,1.87,1.87,1.87,100,0
SCAG.US,5,20260210,185500,1.96,2.05,1.96,2.05,4900,0
SCAG.US,5,20260210,193500,1.9101,1.9101,1.9101,1.9101,100,0
SCAG.US,5,20260210,200500,1.91,1.91,1.91,1.91,200,0
SCAG.US,5,20260210,201500,1.91,1.93,1.91,1.93,1000,0
SCAG.US,5,20260210,214000,1.92,1.92,1.92,1.92,750,0
SCAG.US,5,20260211,155000,1.7065,1.7065,1.7065,1.7065,852,0
SCAG.US,5,20260211,155500,1.9,1.9,1.9,1.9,100,0
SCAG.US,5,20260211,210500,1.8008,1.8008,1.8008,1.8008,199,0
SCAG.US,5,20260211,212000,1.8274,1.8274,1.8274,1.8274,2000,0
SCAG.US,5,20260211,215500,1.8,1.8,1.8,1.8,100,0
SCAG.US,5,20260212,172500,1.765,1.765,1.765,1.765,500,0
SCAG.US,5,20260212,175000,1.8,1.83,1.8,1.83,1134,0
SCAG.US,5,20260212,184500,1.9422,1.9422,1.9422,1.9422,200,0
SCAG.US,5,20260212,185500,1.9497,1.9497,1.885,1.885,2952,0
SCAG.US,5,20260212,193000,1.9,1.94,1.9,1.94,2000,0
SCAG.US,5,20260212,193500,1.885,1.885,1.885,1.885,2000,0
SCAG.US,5,20260213,212000,1.81,1.83,1.81,1.83,850,0
SCAG.US,5,20260213,215500,1.72,1.72,1.71,1.71,300,0
SCAG.US,5,20260217,153500,1.79,1.8,1.79,1.8,800,0
SCAG.US,5,20260217,172000,1.8,1.8,1.8,1.8,994,0
SCAG.US,5,20260217,175000,1.8,1.8,1.8,1.8,100,0
SCAG.US,5,20260217,194000,1.77,1.77,1.77,1.77,700,0
SCAG.US,5,20260217,195000,1.79,1.79,1.79,1.79,100,0
SCAG.US,5,20260217,210000,1.74,1.7416,1.74,1.7416,520,0
SCAG.US,5,20260217,210500,1.765,1.765,1.765,1.765,100,0
SCAG.US,5,20260217,214000,1.75,1.75,1.75,1.75,200,0
SCAG.US,5,20260217,214500,1.78,1.78,1.78,1.78,100,0
SCAG.US,5,20260218,171500,1.8,1.8,1.8,1.8,200,0
SCAG.US,5,20260218,182500,1.7918,1.7918,1.7918,1.7918,121,0
SCAG.US,5,20260218,214500,1.8,1.8,1.8,1.8,600,0
SCAG.US,5,20260219,154000,1.8,1.8,1.79,1.8,3105,0
SCAG.US,5,20260219,215500,1.72,1.72,1.72,1.72,200,0
SCAG.US,5,20260220,161000,1.7201,1.7201,1.7201,1.7201,100,0
SCAG.US,5,20260220,204500,1.78,1.8,1.78,1.8,759,0
SCAG.US,5,20260220,205000,1.8,1.8,1.8,1.8,500,0
SCAG.US,5,20260223,160500,1.78,1.78,1.78,1.78,100,0
SCAG.US,5,20260224,164500,1.9386,1.9386,1.83,1.83,200,0
SCAG.US,5,20260224,170000,1.81,1.81,1.8,1.8,200,0
SCAG.US,5,20260225,155500,1.8749,1.8749,1.8749,1.8749,100,0
SCAG.US,5,20260225,214000,1.87,1.87,1.85,1.85,200,0
SCAG.US,5,20260225,215500,1.78,1.78,1.75,1.75,911,0
SCAG.US,5,20260226,154500,1.76,1.78,1.76,1.78,400,0
SCAG.US,5,20260226,163000,1.75,1.75,1.75,1.75,100,0
SCAG.US,5,20260226,170000,1.75,1.75,1.75,1.75,264,0
SCAG.US,5,20260226,171000,1.75,1.75,1.75,1.75,1701,0
SCAG.US,5,20260226,173500,1.7448,1.7448,1.7448,1.7448,450,0
SCAG.US,5,20260226,180500,1.74,1.74,1.74,1.74,100,0
SCAG.US,5,20260227,153000,1.74,1.74,1.74,1.74,200,0
SCAG.US,5,20260227,184500,1.73,1.75,1.73,1.73,1428,0
SCAG.US,5,20260302,155000,1.6,1.6,1.59,1.6,800,0
SCAG.US,5,20260302,160000,1.54,1.54,1.54,1.54,100,0
SCAG.US,5,20260302,162000,1.59,1.6,1.59,1.6,797,0
SCAG.US,5,20260303,175000,1.59,1.61,1.59,1.61,1024,0
SCAG.US,5,20260303,175500,1.63,1.74,1.62,1.74,1467,0
SCAG.US,5,20260303,180000,1.79,1.79,1.7,1.7,8744,0
SCAG.US,5,20260303,180500,1.76,1.76,1.75,1.75,1610,0
SCAG.US,5,20260303,182000,1.7,1.7,1.7,1.7,100,0
SCAG.US,5,20260303,191000,1.8,1.8,1.8,1.8,249,0
SCAG.US,5,20260303,193500,1.79,1.79,1.79,1.79,200,0
SCAG.US,5,20260304,173500,1.7,1.7,1.7,1.7,566,0
SCAG.US,5,20260304,183500,1.7604,1.7604,1.7604,1.7604,288,0
SCAG.US,5,20260304,184000,1.8,1.8,1.8,1.8,190,0
SCAG.US,5,20260304,215500,1.7,1.7,1.69,1.692,938,0
SCAG.US,5,20260306,160000,1.58,1.7599,1.58,1.7599,950,0
SCAG.US,5,20260310,154500,1.685,1.685,1.61,1.644,4952,0
SCAG.US,5,20260310,195000,1.64,1.64,1.64,1.64,100,0
SCAG.US,5,20260310,205500,1.667,1.667,1.667,1.667,100,0
SCAG.US,5,20260311,184000,1.71,1.73,1.71,1.73,1174,0
SCAG.US,5,20260311,185000,1.7,1.7,1.7,1.7,300,0
SCAG.US,5,20260311,185500,1.7,1.7,1.7,1.7,100,0
SCAG.US,5,20260311,195500,1.7,1.7,1.7,1.7,389,0
SCAG.US,5,20260311,205500,1.7,1.7,1.7,1.7,100,0
SCAG.US,5,20260312,144500,1.7,1.7,1.6567,1.6567,2100,0
SCAG.US,5,20260312,162500,1.65,1.65,1.65,1.65,325,0
SCAG.US,5,20260312,164500,1.68,1.68,1.65,1.65,2553,0
SCAG.US,5,20260313,143000,1.76,1.76,1.76,1.76,160,0
SCAG.US,5,20260313,144500,1.55,1.55,1.55,1.55,551,0
SCAG.US,5,20260316,145500,1.4,1.4,1.4,1.4,679,0
SCAG.US,5,20260316,173000,1.6,1.65,1.59,1.65,300,0
SCAG.US,5,20260316,200500,1.61,1.61,1.61,1.61,600,0
SCAG.US,5,20260316,203000,1.61,1.63,1.61,1.61,600,0
SCAG.US,5,20260317,143000,1.98,1.98,1.79,1.79,534,0
SCAG.US,5,20260317,150500,1.6732,1.6732,1.6732,1.6732,180,0
SCAG.US,5,20260317,170000,1.64,1.6661,1.5899,1.653,2600,0
SCAG.US,5,20260317,190500,1.59,1.59,1.59,1.59,498,0
SCAG.US,5,20260317,203500,1.61,1.61,1.61,1.61,500,0
SCAG.US,5,20260318,143000,1.5,1.5,1.5,1.5,465,0
SCAG.US,5,20260318,144000,1.5,1.5,1.5,1.5,300,0
SCAG.US,5,20260318,150000,1.4999,1.5,1.4999,1.5,2500,0
SCAG.US,5,20260318,153000,1.485,1.485,1.485,1.485,100,0
SCAG.US,5,20260318,204500,1.45,1.45,1.45,1.45,100,0
SCAG.US,5,20260319,164000,1.43,1.43,1.43,1.43,150,0
SCAG.US,5,20260320,160000,1.4855,1.4855,1.4855,1.4855,100,0
SCAG.US,5,20260320,172000,1.45,1.45,1.45,1.45,100,0
SCAG.US,5,20260323,143000,1.29,1.29,1.29,1.29,100,0
SCAG.US,5,20260324,195000,1.36,1.36,1.36,1.36,476,0
SCAG.US,5,20260325,143500,1.39,1.39,1.39,1.39,400,0
SCAG.US,5,20260325,153500,1.39,1.39,1.39,1.39,120,0
SCAG.US,5,20260325,160000,1.34,1.36,1.29,1.36,1003,0
SCAG.US,5,20260325,163500,1.4299,1.4299,1.4299,1.4299,5000,0
SCAG.US,5,20260326,165500,1.37,1.37,1.37,1.37,100,0
SCAG.US,5,20260326,170000,1.37,1.37,1.37,1.37,100,0
SCAG.US,5,20260326,180000,1.3,1.31,1.3,1.31,810,0
SCAG.US,5,20260326,180500,1.3,1.3,1.3,1.3,820,0
SCAG.US,5,20260326,191000,1.26,1.27,1.26,1.26,810,0
SCAG.US,5,20260326,191500,1.27,1.27,1.27,1.27,392,0
SCAG.US,5,20260326,205500,1.25,1.26,1.25,1.26,200,0
SCAG.US,5,20260327,152000,1.15,1.15,1.15,1.15,200,0
SCAG.US,5,20260327,165500,1.19,1.19,1.19,1.19,405,0
SCAG.US,5,20260327,170000,1.21,1.25,1.21,1.25,900,0
SCAG.US,5,20260330,195500,1.21,1.21,1.2,1.2,300,0
SCAG.US,5,20260330,200000,1.155,1.21,1.155,1.21,1200,0
SCAG.US,5,20260330,200500,1.21,1.21,1.21,1.21,1000,0
SCAG.US,5,20260330,203000,1.14,1.1957,1.14,1.1957,833,0
SCAG.US,5,20260331,153000,1.18,1.18,1.18,1.18,141,0
SCAG.US,5,20260331,154000,1.095,1.095,1.095,1.095,138,0
SCAG.US,5,20260331,154500,1.1,1.1,1.1,1.1,314,0
SCAG.US,5,20260331,195000,1.12,1.12,1.12,1.12,100,0
SCAG.US,5,20260331,203500,1.11,1.11,1.11,1.11,200,0
SCAG.US,5,20260401,153000,1.21,1.21,1.21,1.21,176,0
SCAG.US,5,20260401,210500,1.2499,1.25,1.2499,1.25,204,0
SCAG.US,5,20260401,215500,1.22,1.22,1.2,1.2,670,0
SCAG.US,5,20260402,162000,1.17,1.17,1.17,1.17,100,0
SCAG.US,5,20260402,162500,1.17,1.17,1.17,1.17,100,0
SCAG.US,5,20260402,175000,1.14,1.178024,1.1399,1.178024,1240,0
SCAG.US,5,20260402,182000,1.14,1.25,1.14,1.19,4759,0
SCAG.US,5,20260402,185500,1.15,1.15,1.15,1.15,355,0
SCAG.US,5,20260402,190500,1.12,1.12,1.12,1.12,216,0
SCAG.US,5,20260402,201500,1.1,1.1,1.1,1.1,475,0
SCAG.US,5,20260402,203500,1.03,1.04,1.03,1.04,552,0
SCAG.US,5,20260406,153000,1.12,1.12,1.1199,1.12,611,0
SCAG.US,5,20260406,175500,1.148,1.148,1.1,1.14,900,0
SCAG.US,5,20260406,201000,1.07,1.07,1.07,1.07,367,0
SCAG.US,5,20260406,202000,1.08,1.08,1.08,1.08,113,0
SCAG.US,5,20260406,204500,1.08,1.08,1.08,1.08,275,0
SCAG.US,5,20260407,165500,1.01,1.01,1.01,1.01,385,0
SCAG.US,5,20260407,170000,1.0001,1.0001,1.0001,1.0001,1600,0
SCAG.US,5,20260407,172000,1,1,1,1,300,0
SCAG.US,5,20260407,173500,1.02,1.03,1.02,1.03,500,0
SCAG.US,5,20260407,194500,1.01,1.01,1.01,1.01,130,0
SCAG.US,5,20260407,195000,0.9966,0.9966,0.9966,0.9966,200,0
SCAG.US,5,20260407,195500,0.9851,0.9851,0.9851,0.9851,360,0
SCAG.US,5,20260407,202000,1.01,1.03,1.0075,1.03,1040,0
SCAG.US,5,20260407,203500,1.01,1.01,1.01,1.01,337,0
SCAG.US,5,20260408,181500,0.99,1,0.99,1,400,0
SCAG.US,5,20260408,190000,0.9801,0.99,0.98,0.98,2140,0
SCAG.US,5,20260408,191500,1.05,1.05,1.05,1.05,100,0
SCAG.US,5,20260408,192000,1,1,1,1,178,0
SCAG.US,5,20260408,212500,0.986,0.986,0.98,0.98,476,0
SCAG.US,5,20260408,215000,0.99,0.99,0.99,0.99,146,0
SCAG.US,5,20260409,153000,1.03,1.03,1.03,1.03,825,0
SCAG.US,5,20260409,154000,0.99,0.99,0.99,0.99,185,0
SCAG.US,5,20260409,160500,0.99,0.99,0.99,0.99,1100,0
SCAG.US,5,20260409,161500,0.99,1.11,0.99,1.11,8142,0
SCAG.US,5,20260409,162500,1.12,1.15,1.12,1.15,600,0
SCAG.US,5,20260409,164000,1.15,1.15,1.09,1.09,500,0
SCAG.US,5,20260409,172000,1.06,1.06,1.06,1.06,395,0
SCAG.US,5,20260409,173500,1.08,1.08,1.08,1.08,295,0
SCAG.US,5,20260409,175000,1.08,1.08,1.08,1.08,200,0
SCAG.US,5,20260409,183500,1.08,1.08,1.08,1.08,678,0
SCAG.US,5,20260409,185000,1.08,1.08,1.08,1.08,100,0
SCAG.US,5,20260409,193000,1.0602,1.061,1.0602,1.061,351,0
SCAG.US,5,20260409,195500,1.06,1.06,1.06,1.06,1940,0
SCAG.US,5,20260409,200000,1.1,1.1,1.1,1.1,100,0
SCAG.US,5,20260410,200000,1.0597,1.0896,1.0597,1.0896,500,0
SCAG.US,5,20260413,153000,1.083,1.083,1.083,1.083,100,0
SCAG.US,5,20260413,155000,1.09,1.09,1.09,1.09,193,0
SCAG.US,5,20260413,155500,1.165,1.165,1.165,1.165,100,0
SCAG.US,5,20260413,160000,1.182,1.215,1.18,1.18,573,0
SCAG.US,5,20260413,160500,1.19,1.19,1.19,1.19,104,0
SCAG.US,5,20260413,161500,1.11,1.11,1.11,1.11,100,0
SCAG.US,5,20260413,162000,1.145,1.145,1.145,1.145,400,0
SCAG.US,5,20260413,165500,1.22,1.22,1.22,1.22,100,0
SCAG.US,5,20260413,170500,1.22,1.22,1.22,1.22,132,0
SCAG.US,5,20260413,171000,1.22,1.24,1.22,1.24,200,0
SCAG.US,5,20260413,171500,1.22,1.22,1.22,1.22,403,0
SCAG.US,5,20260413,180000,1.14,1.15,1.14,1.15,683,0
SCAG.US,5,20260413,185500,1.19,1.19,1.19,1.19,100,0
SCAG.US,5,20260413,195000,1.18,1.18,1.18,1.18,101,0
SCAG.US,5,20260413,200000,1.19,1.19,1.19,1.19,100,0
SCAG.US,5,20260413,200500,1.18,1.18,1.18,1.18,200,0
SCAG.US,5,20260413,202500,1.18,1.18,1.18,1.18,100,0
SCAG.US,5,20260413,205000,1.175,1.175,1.16,1.16,784,0
SCAG.US,5,20260413,210000,1.18,1.18,1.17,1.18,1240,0
SCAG.US,5,20260413,215500,1.19,1.19,1.19,1.19,100,0
SCAG.US,5,20260414,153000,1.21,1.21,1.21,1.21,340,0
SCAG.US,5,20260414,154500,1.2,1.2,1.2,1.2,500,0
SCAG.US,5,20260414,155000,1.19,1.19,1.19,1.19,185,0
SCAG.US,5,20260414,163000,1.1736,1.1736,1.1714,1.1714,500,0
SCAG.US,5,20260414,175000,1.17,1.17,1.17,1.17,203,0
SCAG.US,5,20260414,175500,1.17,1.17,1.17,1.17,130,0
SCAG.US,5,20260415,194500,1.1299,1.1299,1.1,1.1,900,0
SCAG.US,5,20260415,214500,1.1297,1.13,1.1297,1.13,400,0
SCAG.US,5,20260415,215500,1.11,1.11,1.11,1.11,100,0
SCAG.US,5,20260416,194000,1.09,1.09,1.09,1.09,100,0
SCAG.US,5,20260416,194500,1.09,1.09,1.0078,1.0078,529,0
SCAG.US,5,20260416,202000,1.09,1.1,1.09,1.1,5000,0
SCAG.US,5,20260417,153000,1.1,1.1,1.1,1.1,140,0
SCAG.US,5,20260417,171500,1.219,1.219,1.219,1.219,100,0
SCAG.US,5,20260420,153500,1.2,1.2,1.2,1.2,2000,0
SCAG.US,5,20260420,184500,1.14,1.14,1.14,1.14,420,0
SCAG.US,5,20260420,185000,1.105,1.135,1.105,1.135,1000,0
SCAG.US,5,20260421,160500,1.1198,1.1198,1.1198,1.1198,100,0
SCAG.US,5,20260421,161500,1.09,1.09,1.09,1.09,1000,0
SCAG.US,5,20260421,165000,1.1198,1.1198,1.1198,1.1198,100,0
SCAG.US,5,20260421,181500,1.11,1.11,1.11,1.11,104,0
SCAG.US,5,20260422,162000,1.1,1.1,1.1,1.1,420,0
SCAG.US,5,20260422,180000,1.1491,1.1491,1.1491,1.1491,500,0
SCAG.US,5,20260422,194500,1.095,1.095,1.095,1.095,600,0
SCAG.US,5,20260422,204500,1.09,1.09,1.09,1.09,1200,0
SCAG.US,5,20260422,210000,1.08,1.08,1.08,1.08,600,0
SCAG.US,5,20260422,211000,1.0501,1.06,1.0501,1.06,200,0
SCAG.US,5,20260422,213000,1.06,1.06,1.06,1.06,200,0
SCAG.US,5,20260422,214500,1.06,1.06,1.06,1.06,100,0
SCAG.US,5,20260423,153000,1.08,1.12,1.08,1.12,742,0
SCAG.US,5,20260423,154500,1.16,1.16,1.16,1.16,700,0
SCAG.US,5,20260423,170000,1.08,1.09,1.08,1.08,900,0
SCAG.US,5,20260423,172500,1.16,1.16,1.16,1.16,620,0
SCAG.US,5,20260423,174000,1.12,1.12,1.12,1.12,100,0
SCAG.US,5,20260423,182000,1.08,1.08,1.08,1.08,100,0
SCAG.US,5,20260423,183000,1.05,1.08,1.05,1.0507,700,0
SCAG.US,5,20260423,184500,1.06,1.06,1.06,1.06,1000,0
SCAG.US,5,20260423,190500,1.06,1.06,1.05,1.05,799,0
SCAG.US,5,20260423,193000,1,1,1,1,400,0
SCAG.US,5,20260423,200000,1.01,1.01,1.01,1.01,246,0
SCAG.US,5,20260423,203000,1.0099,1.06,0.9963,1.0263,3935,0
SCAG.US,5,20260423,204000,1,1,1,1,300,0
SCAG.US,5,20260423,204500,1.035,1.035,1,1,200,0
SCAG.US,5,20260423,211500,1.03,1.03,1.03,1.03,415,0
SCAG.US,5,20260423,212000,1,1,1,1,450,0
SCAG.US,5,20260424,154000,1.02,1.19,1.02,1.095,665,0
SCAG.US,5,20260424,155000,1.07,1.07,1.07,1.07,200,0
SCAG.US,5,20260424,155500,1.0701,1.0701,1.07,1.07,710,0
SCAG.US,5,20260424,160000,1.07,1.07,1.07,1.07,400,0
SCAG.US,5,20260424,164500,1.072,1.08,1.07,1.07,1400,0
SCAG.US,5,20260424,173500,1.08,1.09,1.08,1.09,519,0
SCAG.US,5,20260424,202500,1.01,1.01,1.01,1.01,1222,0
SCAG.US,5,20260424,214000,1.04,1.04,1.04,1.04,420,0
SCAG.US,5,20260424,214500,1.02,1.07,1,1.07,6039,0
SCAG.US,5,20260427,154000,0.9769,0.9769,0.9769,0.9769,101,0
SCAG.US,5,20260427,154500,0.9878,0.9878,0.9878,0.9878,101,0
SCAG.US,5,20260427,164500,1.07,1.07,1.07,1.07,1000,0
SCAG.US,5,20260427,181000,0.9771,1.0087,0.9771,1.0087,3000,0
SCAG.US,5,20260427,181500,1.0083,1.0083,1.0083,1.0083,1000,0
SCAG.US,5,20260427,195500,1.04,1.04,1.04,1.04,500,0
SCAG.US,5,20260427,200500,1.04,1.04,1.04,1.04,200,0
SCAG.US,5,20260427,215500,1,1,1,1,120,0
SCAG.US,5,20260428,175000,1,1,1,1,400,0
SCAG.US,5,20260428,185000,1,1,1,1,200,0
SCAG.US,5,20260429,154500,1,1,0.99,0.99,300,0
SCAG.US,5,20260429,155000,0.99,0.99,0.99,0.99,332,0
SCAG.US,5,20260429,161500,0.9371,0.9619,0.9371,0.9619,1907,0
SCAG.US,5,20260429,162000,0.97,0.97,0.9619,0.963563,1100,0
SCAG.US,5,20260429,162500,0.9619,0.9619,0.9619,0.9619,120,0
SCAG.US,5,20260429,163000,0.975,0.975,0.975,0.975,200,0
SCAG.US,5,20260429,165000,0.94,0.94,0.94,0.94,100,0
SCAG.US,5,20260429,170000,0.9619,0.9619,0.9619,0.9619,100,0
SCAG.US,5,20260429,173500,0.920973,0.920973,0.920973,0.920973,600,0
SCAG.US,5,20260429,194000,0.96,0.96,0.96,0.96,220,0
SCAG.US,5,20260429,194500,0.934633,0.952853,0.934633,0.952853,280,0
SCAG.US,5,20260429,195500,0.953,0.953,0.953,0.953,610,0
SCAG.US,5,20260429,200500,0.9515,0.9515,0.9515,0.9515,100,0
SCAG.US,5,20260429,204500,0.92,0.92,0.92,0.92,143,0
SCAG.US,5,20260429,205500,0.92,0.92,0.92,0.92,100,0
SCAG.US,5,20260429,213000,0.9,0.9,0.8881,0.8881,500,0
SCAG.US,5,20260429,215000,0.892,0.892,0.892,0.892,300,0
SCAG.US,5,20260429,215500,0.9399,0.9399,0.9399,0.9399,100,0
SCAG.US,5,20260430,153000,0.94,0.94,0.9,0.9,528,0
SCAG.US,5,20260430,155500,0.9,0.9064,0.9,0.9,3041,0
SCAG.US,5,20260430,171500,0.9,0.9,0.9,0.9,500,0
SCAG.US,5,20260430,191000,0.9326,0.9326,0.9325,0.9325,200,0
SCAG.US,5,20260430,192500,0.9,0.9,0.88,0.88,1560,0
SCAG.US,5,20260501,203000,0.9004,0.9004,0.9,0.9,260,0
SCAG.US,5,20260501,215500,0.902,0.902,0.902,0.902,101,0
SCAG.US,5,20260504,162500,0.9556,0.9556,0.902,0.902,2021,0
SCAG.US,5,20260504,172500,0.85,0.8501,0.85,0.8501,400,0
SCAG.US,5,20260504,175000,0.9578,0.9578,0.9578,0.9578,100,0
SCAG.US,5,20260504,215000,0.8666,0.89,0.85,0.85,711,0
SCAG.US,5,20260504,215500,0.8634,0.8634,0.85,0.85,302,0
SCAG.US,5,20260505,153000,1.0699,1.08,0.8949,0.9,9840,0
SCAG.US,5,20260505,153500,0.927,0.9498,0.927,0.9498,775,0
SCAG.US,5,20260505,154000,0.944,0.944,0.895,0.895,1032,0
SCAG.US,5,20260505,155000,0.8505,0.85055,0.8361,0.85055,631,0
SCAG.US,5,20260505,155500,0.865,0.865,0.8361,0.8361,495,0
SCAG.US,5,20260505,160000,0.836,0.836,0.836,0.836,359,0
SCAG.US,5,20260505,161000,0.83,0.83,0.8299,0.8299,1305,0
SCAG.US,5,20260505,161500,0.8051,0.8051,0.8,0.8,2071,0
SCAG.US,5,20260505,162000,0.815,0.815,0.815,0.815,100,0
SCAG.US,5,20260505,162500,0.8225,0.8225,0.8225,0.8225,1000,0
SCAG.US,5,20260505,163000,0.82245,0.8575,0.815,0.8575,6989,0
SCAG.US,5,20260505,163500,0.8575,0.8575,0.8575,0.8575,200,0
SCAG.US,5,20260505,165000,0.8751,0.8751,0.8751,0.8751,997,0
SCAG.US,5,20260505,165500,0.8151,0.835,0.8151,0.835,932,0
SCAG.US,5,20260505,170000,0.8302,0.8302,0.8302,0.8302,384,0
SCAG.US,5,20260505,172000,0.83465,0.8423,0.8198,0.8415,2849,0
SCAG.US,5,20260505,180500,0.83455,0.83455,0.83455,0.83455,518,0
SCAG.US,5,20260505,182500,0.84,0.8499,0.84,0.8499,228,0
SCAG.US,5,20260505,183500,0.845001,0.845001,0.845001,0.845001,307,0
SCAG.US,5,20260505,185000,0.845,0.845,0.845,0.845,200,0
SCAG.US,5,20260505,185500,0.844999,0.844999,0.844999,0.844999,500,0
SCAG.US,5,20260505,191500,0.85,0.85,0.85,0.85,596,0
SCAG.US,5,20260505,192500,0.82,0.835,0.8151,0.8151,2893,0
SCAG.US,5,20260505,195500,0.833,0.833,0.833,0.833,500,0
SCAG.US,5,20260505,204000,0.84,0.84,0.84,0.84,600,0
SCAG.US,5,20260505,214500,0.83,0.84,0.83,0.84,1030,0
SCAG.US,5,20260505,215500,0.83,0.85,0.816,0.8326,1187,0
SCAG.US,5,20260506,153000,0.84,0.84,0.84,0.84,1000,0
SCAG.US,5,20260506,155000,0.8274,0.8274,0.8274,0.8274,200,0
SCAG.US,5,20260506,162000,0.8274,0.8274,0.8274,0.8274,1000,0
SCAG.US,5,20260506,162500,0.8274,0.8274,0.8274,0.8274,1209,0
SCAG.US,5,20260506,165000,0.8274,0.8274,0.8274,0.8274,196,0
SCAG.US,5,20260506,172000,0.85,0.85,0.85,0.85,108,0
SCAG.US,5,20260506,172500,0.85,0.9137,0.85,0.9137,414,0
SCAG.US,5,20260506,184500,0.9111,0.9111,0.9111,0.9111,760,0
SCAG.US,5,20260506,191000,0.899899,0.899899,0.8651,0.8651,948,0
SCAG.US,5,20260506,195000,0.8302,0.8302,0.8302,0.8302,200,0
SCAG.US,5,20260506,211500,0.8302,0.8302,0.8302,0.8302,375,0
SCAG.US,5,20260506,215500,0.8302,0.8302,0.8274,0.8274,3630,0
SCAG.US,5,20260507,154000,0.8274,0.839216,0.8274,0.839216,1316,0
SCAG.US,5,20260507,155000,0.8437,0.8437,0.8437,0.8437,400,0
SCAG.US,5,20260507,174500,0.8567,0.8567,0.8567,0.8567,150,0
SCAG.US,5,20260507,175500,0.83,0.83,0.83,0.83,150,0
SCAG.US,5,20260507,183500,0.86,0.86,0.8567,0.8567,1460,0
SCAG.US,5,20260507,191500,0.8342,0.8342,0.8342,0.8342,100,0
SCAG.US,5,20260508,174000,0.8401,0.8951,0.78,0.78,11182,0
SCAG.US,5,20260508,183500,0.8,0.8242,0.8,0.8242,1959,0
SCAG.US,5,20260508,184500,0.81,0.81,0.81,0.81,143,0
SCAG.US,5,20260508,185500,0.81,0.81,0.81,0.81,120,0
SCAG.US,5,20260508,192000,0.84,0.84,0.84,0.84,104,0
SCAG.US,5,20260508,195000,0.81,0.81,0.81,0.81,100,0
SCAG.US,5,20260508,205000,0.81,0.81,0.81,0.81,400,0
SCAG.US,5,20260508,215500,0.81,0.81,0.81,0.81,200,0
SCAG.US,5,20260511,155000,0.8,0.8,0.8,0.8,200,0
SCAG.US,5,20260511,155500,0.8,0.8,0.8,0.8,100,0
SCAG.US,5,20260511,162000,0.8002,0.8002,0.8002,0.8002,3000,0
SCAG.US,5,20260511,165000,0.8001,0.8001,0.8001,0.8001,200,0
SCAG.US,5,20260511,175000,0.8001,0.8001,0.8001,0.8001,200,0
SCAG.US,5,20260511,202500,0.800201,0.800201,0.800201,0.800201,600,0
SCAG.US,5,20260511,215500,0.805,0.805,0.805,0.805,105,0
SCAG.US,5,20260512,153000,0.82,0.82,0.82,0.82,616,0
SCAG.US,5,20260512,162000,0.873,0.873,0.873,0.873,100,0
SCAG.US,5,20260512,162500,0.873,0.873,0.873,0.873,1000,0
SCAG.US,5,20260512,164500,0.84,0.9,0.8374,0.8374,4317,0
SCAG.US,5,20260512,165000,0.8999,0.9,0.8939,0.9,8913,0
SCAG.US,5,20260512,170000,0.9,0.9,0.9,0.9,966,0
SCAG.US,5,20260512,172000,0.9,0.9,0.9,0.9,299,0
SCAG.US,5,20260512,172500,0.9,0.9,0.9,0.9,100,0
SCAG.US,5,20260512,174500,0.9,0.9,0.9,0.9,100,0
SCAG.US,5,20260512,183500,0.9,0.9,0.9,0.9,378,0
SCAG.US,5,20260512,192000,0.854299,0.854299,0.854299,0.854299,100,0
SCAG.US,5,20260512,193000,0.8346,0.8346,0.82,0.82,1140,0
SCAG.US,5,20260512,195000,0.8201,0.8201,0.82,0.8201,1000,0
SCAG.US,5,20260512,195500,0.8065,0.8065,0.805,0.805,2483,0
SCAG.US,5,20260512,202000,0.825,0.825,0.825,0.825,378,0
SCAG.US,5,20260512,205500,0.825,0.825,0.825,0.825,670,0
SCAG.US,5,20260513,165000,0.8249,0.8249,0.8249,0.8249,576,0
SCAG.US,5,20260513,170000,0.8125,0.8125,0.81,0.81,351,0
SCAG.US,5,20260513,172500,0.80625,0.80625,0.802463,0.802463,975,0
SCAG.US,5,20260513,183500,0.8001,0.8001,0.8001,0.8001,299,0
SCAG.US,5,20260513,185000,0.8,0.8,0.7553,0.7553,1559,0
SCAG.US,5,20260513,200500,0.8126,0.8126,0.8126,0.8126,100,0
SCAG.US,5,20260513,211500,0.792,0.792,0.792,0.792,216,0
SCAG.US,5,20260513,213000,0.8023,0.8023,0.8023,0.8023,100,0
SCAG.US,5,20260514,153000,0.7244,0.7244,0.7244,0.7244,320,0
SCAG.US,5,20260514,153500,0.76,0.76,0.76,0.76,120,0
SCAG.US,5,20260514,172000,0.779,0.779,0.779,0.779,100,0
SCAG.US,5,20260514,180000,0.770001,0.770001,0.77,0.77,1000,0
SCAG.US,5,20260514,182500,0.77,0.77,0.77,0.77,1050,0
SCAG.US,5,20260514,213000,0.7836,0.7836,0.7836,0.7836,100,0
SCAG.US,5,20260515,154500,0.76,0.76,0.76,0.76,200,0
SCAG.US,5,20260515,194000,0.78,0.78,0.78,0.78,4400,0
SCAG.US,5,20260515,195500,0.78,0.78,0.78,0.78,680,0
SCAG.US,5,20260515,200000,0.75,0.75,0.75,0.75,100,0
SCAG.US,5,20260515,214000,0.74,0.74,0.74,0.74,282,0
SCAG.US,5,20260515,215500,0.725,0.725,0.725,0.725,124,0
SCAG.US,5,20260518,154000,0.72,0.72,0.72,0.72,230,0
SCAG.US,5,20260518,154500,0.7001,0.71,0.7001,0.71,280,0
SCAG.US,5,20260518,161500,0.7125,0.7125,0.7125,0.7125,953,0
SCAG.US,5,20260518,182500,0.71,0.71,0.71,0.71,710,0
SCAG.US,5,20260518,214000,0.7,0.7,0.7,0.7,100,0
SCAG.US,5,20260518,214500,0.7,0.7,0.7,0.7,200,0
SCAG.US,5,20260518,215000,0.7,0.7,0.7,0.7,100,0
SCAG.US,5,20260518,215500,0.7,0.7,0.7,0.7,660,0
SCAG.US,5,20260519,160500,0.65,0.65,0.65,0.65,100,0
SCAG.US,5,20260519,162000,0.66,0.66,0.66,0.66,303,0
SCAG.US,5,20260519,162500,0.63,0.66,0.63,0.66,668,0
SCAG.US,5,20260519,164000,0.6475,0.6475,0.6475,0.6475,160,0
SCAG.US,5,20260519,165500,0.633,0.633,0.633,0.633,114,0
SCAG.US,5,20260519,171000,0.64,0.64,0.64,0.64,179,0
SCAG.US,5,20260519,183000,0.6301,0.6301,0.6301,0.6301,150,0
SCAG.US,5,20260519,190000,0.6362,0.6362,0.6362,0.6362,100,0
SCAG.US,5,20260519,200500,0.6311,0.6311,0.6311,0.6311,100,0
SCAG.US,5,20260519,210000,0.6373,0.6373,0.6373,0.6373,100,0
SCAG.US,5,20260519,214500,0.637,0.637,0.637,0.637,100,0
SCAG.US,5,20260519,215000,0.637,0.637,0.637,0.637,150,0
SCAG.US,5,20260519,215500,0.6377,0.6377,0.6377,0.6377,300,0
SCAG.US,5,20260520,153000,0.638653,0.638653,0.638653,0.638653,244,0
SCAG.US,5,20260520,164000,0.6398,0.6398,0.6398,0.6398,462,0
SCAG.US,5,20260520,170500,0.63,0.63,0.63,0.63,100,0
SCAG.US,5,20260520,174500,0.5727,0.5727,0.5727,0.5727,300,0
SCAG.US,5,20260520,184000,0.613999,0.613999,0.613999,0.613999,300,0
SCAG.US,5,20260520,191000,0.6133,0.6134,0.6,0.6,1500,0
SCAG.US,5,20260520,202000,0.61,0.61,0.61,0.61,300,0
SCAG.US,5,20260520,204500,0.5925,0.5925,0.5925,0.5925,140,0
SCAG.US,5,20260520,205000,0.594,0.594,0.594,0.594,855,0
SCAG.US,5,20260521,154000,0.67178,0.6799,0.65,0.6551,1022,0
SCAG.US,5,20260521,154500,0.65505,0.6551,0.65505,0.6551,1373,0
SCAG.US,5,20260521,155000,0.6551,0.6632,0.6551,0.6632,2106,0
SCAG.US,5,20260521,155500,0.655,0.655,0.63,0.6389,2252,0
SCAG.US,5,20260521,160000,0.62,0.62,0.6027,0.611,1800,0
SCAG.US,5,20260521,160500,0.6019,0.6019,0.6019,0.6019,332,0
SCAG.US,5,20260521,161500,0.6019,0.6089,0.6019,0.6089,4960,0
SCAG.US,5,20260521,162000,0.6019,0.6019,0.6019,0.6019,2756,0
SCAG.US,5,20260521,163000,0.602,0.602,0.602,0.602,3100,0
SCAG.US,5,20260521,164000,0.605,0.605,0.605,0.605,3200,0
SCAG.US,5,20260521,165000,0.605,0.605,0.605,0.605,3300,0
SCAG.US,5,20260521,170000,0.605,0.605,0.605,0.605,3300,0
SCAG.US,5,20260521,170500,0.607,0.607,0.606,0.606,500,0
SCAG.US,5,20260521,171000,0.607,0.607,0.607,0.607,3300,0
SCAG.US,5,20260521,172500,0.608,0.6798,0.607,0.6081,4547,0
SCAG.US,5,20260521,173000,0.6137,0.6179,0.6137,0.6137,2346,0
SCAG.US,5,20260521,173500,0.6137,0.6175,0.6137,0.6137,1870,0
SCAG.US,5,20260521,174000,0.6137,0.6159,0.6137,0.6159,650,0
SCAG.US,5,20260521,174500,0.6166,0.6166,0.6166,0.6166,269,0
SCAG.US,5,20260521,175000,0.6094,0.6094,0.6094,0.6094,3500,0
SCAG.US,5,20260521,175500,0.618,0.62,0.618,0.62,2958,0
SCAG.US,5,20260521,180000,0.61,0.61,0.61,0.61,1900,0
SCAG.US,5,20260521,180500,0.615,0.616,0.605,0.616,1383,0
SCAG.US,5,20260521,181000,0.611,0.6118,0.611,0.6118,1000,0
SCAG.US,5,20260521,182500,0.6,0.6,0.6,0.6,300,0
SCAG.US,5,20260521,194000,0.6117,0.6117,0.6117,0.6117,420,0
SCAG.US,5,20260521,203000,0.624,0.624,0.5895,0.5895,4050,0
SCAG.US,5,20260521,204000,0.6,0.6,0.6,0.6,400,0
SCAG.US,5,20260521,205000,0.602,0.602,0.599,0.599,1100,0
SCAG.US,5,20260521,205500,0.601,0.6217,0.5856,0.6217,1600,0
SCAG.US,5,20260521,210000,0.6,0.6217,0.58,0.6,2330,0
SCAG.US,5,20260521,210500,0.6,0.6,0.5928,0.6,777,0
SCAG.US,5,20260521,211000,0.6,0.6,0.6,0.6,700,0
SCAG.US,5,20260521,212000,0.5928,0.6136,0.5928,0.6136,200,0
SCAG.US,5,20260521,212500,0.6055,0.613,0.5933,0.5933,2539,0
SCAG.US,5,20260521,214500,0.599,0.599,0.599,0.599,300,0
SCAG.US,5,20260521,215000,0.613,0.613,0.606,0.612,522,0
SCAG.US,5,20260522,153000,0.577,0.577,0.577,0.577,2260,0
SCAG.US,5,20260522,153500,0.577,0.577,0.56,0.56,3838,0
SCAG.US,5,20260522,154000,0.56,0.56,0.54,0.545,2895,0
SCAG.US,5,20260522,154500,0.55,0.55,0.51,0.51,1823,0
SCAG.US,5,20260522,155000,0.533,0.533,0.5094,0.51,2440,0
SCAG.US,5,20260522,155500,0.518,0.53,0.518,0.518,760,0
SCAG.US,5,20260522,160000,0.51,0.5267,0.5094,0.5267,1611,0
SCAG.US,5,20260522,160500,0.5,0.5055,0.5,0.5055,300,0
SCAG.US,5,20260522,161000,0.49,0.5161,0.49,0.5161,600,0
SCAG.US,5,20260522,161500,0.5055,0.5055,0.5055,0.5055,300,0
SCAG.US,5,20260522,162000,0.5055,0.5055,0.5055,0.5055,200,0
SCAG.US,5,20260522,162500,0.49,0.515,0.49,0.5055,1948,0
SCAG.US,5,20260522,163000,0.5267,0.5267,0.4729,0.4729,1380,0
SCAG.US,5,20260522,163500,0.49,0.49,0.49,0.49,430,0
SCAG.US,5,20260522,164000,0.49,0.49,0.4749,0.4749,400,0
SCAG.US,5,20260522,164500,0.475,0.475,0.475,0.475,1000,0
SCAG.US,5,20260522,165000,0.475,0.475,0.475,0.475,484,0
SCAG.US,5,20260522,165500,0.477,0.4893,0.477,0.4893,484,0
SCAG.US,5,20260522,170500,0.48,0.48,0.48,0.48,315,0
SCAG.US,5,20260522,171000,0.4756,0.4756,0.4756,0.4756,150,0
SCAG.US,5,20260522,171500,0.475,0.475,0.475,0.475,384,0
SCAG.US,5,20260522,172000,0.475,0.475,0.4749,0.4749,557,0
SCAG.US,5,20260522,172500,0.4729,0.4729,0.4729,0.4729,1389,0
SCAG.US,5,20260522,173500,0.473,0.473,0.473,0.473,1384,0
SCAG.US,5,20260522,174500,0.482,0.482,0.482,0.482,148,0
SCAG.US,5,20260522,175000,0.48,0.48,0.48,0.48,800,0
SCAG.US,5,20260522,175500,0.4865,0.5268,0.4865,0.5268,7513,0
SCAG.US,5,20260522,180000,0.539,0.539,0.539,0.539,370,0
SCAG.US,5,20260522,180500,0.5406,0.5406,0.5011,0.5011,5300,0
SCAG.US,5,20260522,181000,0.5549,0.5549,0.5549,0.5549,700,0
SCAG.US,5,20260522,181500,0.52,0.55245,0.52,0.5375,988,0
SCAG.US,5,20260522,182500,0.5375,0.5375,0.5375,0.5375,200,0
SCAG.US,5,20260522,183000,0.5375,0.5375,0.5375,0.5375,400,0
SCAG.US,5,20260522,184000,0.546,0.546,0.501,0.501,1820,0
SCAG.US,5,20260522,185500,0.501,0.501,0.501,0.501,844,0
SCAG.US,5,20260522,190000,0.501,0.501,0.501,0.501,384,0
SCAG.US,5,20260522,190500,0.501,0.501,0.483101,0.4955,944,0
SCAG.US,5,20260522,191500,0.483,0.483,0.483,0.483,400,0
SCAG.US,5,20260522,192500,0.4831,0.4831,0.4831,0.4831,358,0
SCAG.US,5,20260522,193000,0.485,0.485,0.483,0.483,484,0
SCAG.US,5,20260522,194000,0.4831,0.4831,0.483,0.483,848,0
SCAG.US,5,20260522,195500,0.4831,0.4831,0.4831,0.4831,448,0
SCAG.US,5,20260522,202000,0.4832,0.4832,0.4832,0.4832,118,0
SCAG.US,5,20260522,203500,0.49505,0.49505,0.49505,0.49505,197,0
SCAG.US,5,20260522,204500,0.507,0.507,0.484,0.484,453,0
SCAG.US,5,20260522,205000,0.507,0.507,0.507,0.507,100,0
SCAG.US,5,20260522,215500,0.506,0.506401,0.4836,0.4975,2719,0
SCAG.US,5,20260526,153500,0.48,0.48,0.48,0.48,300,0
SCAG.US,5,20260526,154000,0.48,0.48,0.48,0.48,400,0
SCAG.US,5,20260526,155000,0.48,0.48,0.48,0.48,500,0
SCAG.US,5,20260526,160000,0.48,0.48,0.48,0.48,232,0
SCAG.US,5,20260526,160500,0.48,0.48,0.48,0.48,200,0
SCAG.US,5,20260526,162000,0.48,0.48,0.48,0.48,770,0
SCAG.US,5,20260526,163500,0.48,0.48,0.48,0.48,152,0
SCAG.US,5,20260526,164000,0.4799,0.4799,0.4799,0.4799,263,0
SCAG.US,5,20260526,165000,0.4799,0.4799,0.4798,0.4798,621,0
SCAG.US,5,20260526,181500,0.48,0.48,0.48,0.48,2000,0
SCAG.US,5,20260526,182000,0.4745,0.503,0.4745,0.503,5222,0
SCAG.US,5,20260526,200000,0.5,0.5,0.5,0.5,2000,0
SCAG.US,5,20260526,213000,0.4965,0.4965,0.4965,0.4965,300,0
SCAG.US,5,20260526,213500,0.5,0.52,0.5,0.5198,1299,0
SCAG.US,5,20260526,214000,0.52,0.52,0.52,0.52,502,0
SCAG.US,5,20260526,215000,0.5263,0.5263,0.5263,0.5263,300,0
SCAG.US,5,20260526,215500,0.5319,0.539,0.5319,0.539,546,0
SCAG.US,5,20260527,153000,0.4994,0.4994,0.4994,0.4994,900,0
SCAG.US,5,20260527,153500,0.4994,0.5,0.4994,0.5,1979,0
SCAG.US,5,20260527,154000,0.48,0.5,0.48,0.5,2051,0
SCAG.US,5,20260527,154500,0.5,0.5,0.5,0.5,1112,0
SCAG.US,5,20260527,160000,0.5,0.5,0.5,0.5,326,0
SCAG.US,5,20260527,164000,0.480101,0.480101,0.480101,0.480101,3200,0
SCAG.US,5,20260527,165000,0.5,0.5,0.5,0.5,400,0
SCAG.US,5,20260527,170000,0.4999,0.5,0.4999,0.5,700,0
SCAG.US,5,20260527,174000,0.5,0.5,0.5,0.5,364,0
SCAG.US,5,20260527,175000,0.5,0.5,0.495,0.5,18737,0
SCAG.US,5,20260527,175500,0.5,0.5,0.49,0.49,1720,0
SCAG.US,5,20260527,180000,0.5,0.5,0.5,0.5,1273,0
SCAG.US,5,20260527,181000,0.5,0.5,0.49998,0.5,1700,0
SCAG.US,5,20260527,182000,0.5,0.5,0.4999,0.4999,3117,0
SCAG.US,5,20260527,182500,0.4901,0.495001,0.4901,0.495,12197,0
SCAG.US,5,20260527,191500,0.5,0.5,0.5,0.5,119,0
SCAG.US,5,20260527,194000,0.499999,0.5,0.499999,0.5,1190,0
SCAG.US,5,20260527,194500,0.5,0.5,0.5,0.5,1190,0
SCAG.US,5,20260527,195000,0.5,0.5,0.5,0.5,4985,0
SCAG.US,5,20260527,200000,0.5,0.5,0.5,0.5,400,0
SCAG.US,5,20260527,200500,0.5,0.5,0.5,0.5,610,0
SCAG.US,5,20260527,201000,0.5,0.5,0.5,0.5,1348,0
SCAG.US,5,20260527,201500,0.5,0.5,0.5,0.5,500,0
SCAG.US,5,20260527,202000,0.5,0.5,0.5,0.5,790,0
SCAG.US,5,20260527,203500,0.5,0.5,0.5,0.5,270,0
SCAG.US,5,20260527,204000,0.5,0.5,0.4995,0.4995,870,0
SCAG.US,5,20260527,205000,0.5,0.5,0.5,0.5,647,0
SCAG.US,5,20260527,205500,0.5,0.5,0.5,0.5,569,0
SCAG.US,5,20260527,210500,0.5,0.5,0.5,0.5,100,0
SCAG.US,5,20260527,214000,0.49995,0.49995,0.4999,0.4999,700,0
SCAG.US,5,20260527,214500,0.5,0.5,0.4999,0.4999,300,0
SCAG.US,5,20260527,215500,0.5,0.5226,0.5,0.5226,11472,0
SCAG.US,5,20260528,154500,0.530101,0.530101,0.530101,0.530101,315,0
SCAG.US,5,20260528,155000,0.53,0.5301,0.53,0.53,837,0
SCAG.US,5,20260528,161500,0.53,0.535,0.5199,0.5199,5490,0
SCAG.US,5,20260528,162000,0.546,0.55,0.533,0.5333,3050,0
SCAG.US,5,20260528,164000,0.5493,0.5493,0.5493,0.5493,100,0
SCAG.US,5,20260528,164500,0.571599,0.571599,0.5355,0.5355,6506,0
SCAG.US,5,20260528,165000,0.5356,0.5356,0.52,0.52,6881,0
SCAG.US,5,20260528,173000,0.537,0.537,0.537,0.537,800,0
SCAG.US,5,20260528,175000,0.5355,0.547,0.5355,0.547,200,0
SCAG.US,5,20260528,181000,0.547,0.547,0.547,0.547,500,0
SCAG.US,5,20260528,182500,0.5536,0.57,0.5356,0.5356,4013,0
SCAG.US,5,20260528,192000,0.5356,0.5399,0.5355,0.5399,1740,0
SCAG.US,5,20260528,192500,0.5357,0.54,0.5357,0.54,943,0
SCAG.US,5,20260528,193000,0.528,0.54,0.528,0.54,1170,0
SCAG.US,5,20260528,194000,0.539,0.539,0.539,0.539,500,0
SCAG.US,5,20260528,204500,0.5351,0.5351,0.535,0.535,1772,0
SCAG.US,5,20260528,213500,0.536,0.536,0.536,0.536,489,0
SCAG.US,5,20260528,215500,0.5584,0.5717,0.5584,0.5584,1910,0
SCAG.US,5,20260529,153000,0.558,0.5584,0.51,0.512,5249,0
SCAG.US,5,20260529,153500,0.5182,0.5182,0.5182,0.5182,450,0
SCAG.US,5,20260529,154500,0.512,0.512,0.501,0.505,10018,0
SCAG.US,5,20260529,155000,0.505,0.505,0.471,0.471,1980,0
SCAG.US,5,20260529,155500,0.485,0.485,0.485,0.485,600,0
SCAG.US,5,20260529,160500,0.485,0.485,0.48,0.48,3315,0
SCAG.US,5,20260529,161000,0.4825,0.4825,0.482,0.482,298,0
SCAG.US,5,20260529,161500,0.481999,0.482,0.4728,0.4728,15888,0
SCAG.US,5,20260529,162000,0.475,0.482,0.475,0.482,4233,0
SCAG.US,5,20260529,162500,0.484,0.484,0.484,0.484,600,0
SCAG.US,5,20260529,163000,0.484,0.484,0.482,0.484,2316,0
SCAG.US,5,20260529,163500,0.4835,0.484,0.4835,0.484,796,0
SCAG.US,5,20260529,164500,0.49,0.49,0.49,0.49,408,0
SCAG.US,5,20260529,165000,0.49,0.49,0.49,0.49,996,0
SCAG.US,5,20260529,170000,0.484,0.484,0.484,0.484,1300,0
SCAG.US,5,20260529,171000,0.489,0.49,0.489,0.49,520,0
SCAG.US,5,20260529,171500,0.4899,0.49,0.488,0.488,6117,0
SCAG.US,5,20260529,172000,0.4971,0.4999,0.4971,0.4971,4703,0
SCAG.US,5,20260529,173500,0.4971,0.4971,0.4971,0.4971,140,0
SCAG.US,5,20260529,174000,0.4971,0.4971,0.49,0.49,1577,0
SCAG.US,5,20260529,174500,0.4971,0.4971,0.4971,0.4971,260,0
SCAG.US,5,20260529,181000,0.496899,0.496899,0.4925,0.4925,900,0
SCAG.US,5,20260529,183000,0.49005,0.4918,0.49005,0.4918,200,0
SCAG.US,5,20260529,183500,0.4901,0.4923,0.4901,0.4923,2400,0
SCAG.US,5,20260529,185000,0.492399,0.492399,0.492399,0.492399,100,0
SCAG.US,5,20260529,185500,0.4925,0.4925,0.4924,0.4924,1703,0
SCAG.US,5,20260529,190000,0.4924,0.4924,0.4924,0.4924,500,0
SCAG.US,5,20260529,192000,0.4924,0.4924,0.4924,0.4924,250,0
SCAG.US,5,20260529,201500,0.4925,0.4925,0.4925,0.4925,1064,0
SCAG.US,5,20260529,202500,0.4947,0.5,0.4868,0.4868,17260,0
SCAG.US,5,20260529,203000,0.49,0.49,0.4835,0.4835,34913,0
SCAG.US,5,20260529,203500,0.4892,0.4935,0.4712,0.47715,26181,0
SCAG.US,5,20260529,204000,0.483,0.483,0.4713,0.4729,4650,0
SCAG.US,5,20260529,204500,0.483,0.483,0.43,0.4579,20894,0
SCAG.US,5,20260529,205000,0.483,0.483,0.4715,0.483,3888,0
SCAG.US,5,20260529,205500,0.4715,0.483,0.458,0.483,10247,0
SCAG.US,5,20260529,210000,0.483,0.483,0.483,0.483,1830,0
SCAG.US,5,20260529,210500,0.483,0.483,0.483,0.483,670,0
SCAG.US,5,20260529,211000,0.4789,0.48,0.47,0.47,1100,0
SCAG.US,5,20260529,211500,0.464,0.475,0.464,0.475,3622,0
SCAG.US,5,20260529,212500,0.475,0.475,0.4625,0.4625,2923,0
SCAG.US,5,20260529,213000,0.4603,0.4603,0.4603,0.4603,400,0
SCAG.US,5,20260529,214500,0.4625,0.4705,0.4625,0.4705,1612,0
SCAG.US,5,20260529,215000,0.4735,0.4735,0.4735,0.4735,100,0
SCAG.US,5,20260529,215500,0.483,0.483,0.483,0.483,1000,0
SCAG.US,5,20260601,153000,0.48,0.4801,0.4597,0.4597,2685,0
SCAG.US,5,20260601,153500,0.4597,0.4597,0.457,0.457,2430,0
SCAG.US,5,20260601,154000,0.457,0.457,0.457,0.457,1020,0
SCAG.US,5,20260601,154500,0.457,0.457,0.457,0.457,1451,0
SCAG.US,5,20260601,155000,0.451,0.451,0.441,0.441,806,0
SCAG.US,5,20260601,155500,0.44,0.4402,0.44,0.44,3403,0
SCAG.US,5,20260601,160000,0.44,0.441,0.43,0.43,1530,0
SCAG.US,5,20260601,160500,0.43,0.43,0.43,0.43,400,0
SCAG.US,5,20260601,161000,0.43,0.43,0.43,0.43,300,0
SCAG.US,5,20260601,161500,0.42,0.42,0.41,0.4101,500,0
SCAG.US,5,20260601,162000,0.425,0.425,0.425,0.425,670,0
SCAG.US,5,20260601,162500,0.4101,0.4101,0.4101,0.4101,459,0
SCAG.US,5,20260601,163000,0.42,0.43,0.42,0.43,350,0
SCAG.US,5,20260601,163500,0.42,0.42,0.42,0.42,100,0
SCAG.US,5,20260601,164000,0.439599,0.439599,0.42,0.42,4500,0
SCAG.US,5,20260601,164500,0.42,0.42,0.42,0.42,400,0
SCAG.US,5,20260601,165500,0.42,0.42,0.42,0.42,510,0
SCAG.US,5,20260601,172000,0.4399,0.4399,0.42,0.42,277,0
SCAG.US,5,20260601,174000,0.44,0.44,0.42,0.43,560,0
SCAG.US,5,20260601,175000,0.4326,0.4326,0.4262,0.4262,1520,0
SCAG.US,5,20260601,181000,0.4398,0.4398,0.4398,0.4398,100,0
SCAG.US,5,20260601,184500,0.4364,0.4364,0.4364,0.4364,199,0
SCAG.US,5,20260601,190500,0.44,0.44,0.436,0.438,2008,0
SCAG.US,5,20260601,191000,0.438,0.438,0.438,0.438,600,0
SCAG.US,5,20260601,194500,0.438,0.438,0.438,0.438,100,0
SCAG.US,5,20260601,201000,0.44,0.44,0.44,0.44,200,0
SCAG.US,5,20260601,202000,0.43995,0.43995,0.43995,0.43995,209,0
SCAG.US,5,20260601,204500,0.44,0.44,0.44,0.44,174,0
SCAG.US,5,20260601,205000,0.4399,0.4399,0.4399,0.4399,1030,0
SCAG.US,5,20260601,212000,0.44,0.4408,0.44,0.44,1840,0
SCAG.US,5,20260601,213000,0.44895,0.44895,0.4489,0.4489,300,0
SCAG.US,5,20260601,214000,0.4489,0.4489,0.4489,0.4489,200,0
SCAG.US,5,20260602,153000,0.4326,0.4475,0.4326,0.446,5125,0
SCAG.US,5,20260602,153500,0.44,0.4901,0.434,0.45,8651,0
SCAG.US,5,20260602,154000,0.455,0.455,0.4342,0.443,9797,0
SCAG.US,5,20260602,154500,0.438,0.44,0.43,0.4366,4340,0
SCAG.US,5,20260602,155000,0.4328,0.4328,0.4,0.4,20158,0
SCAG.US,5,20260602,155500,0.4,0.444,0.3946,0.3946,11417,0
SCAG.US,5,20260602,160000,0.3947,0.41715,0.39365,0.4,3937,0
SCAG.US,5,20260602,160500,0.3947,0.4,0.3927,0.3927,4238,0
SCAG.US,5,20260602,161000,0.39,0.3994,0.3864,0.3911,8214,0
SCAG.US,5,20260602,161500,0.3911,0.408,0.3911,0.3996,5500,0
SCAG.US,5,20260602,162000,0.3996,0.4124,0.3996,0.4124,3240,0
SCAG.US,5,20260602,162500,0.4193,0.4194,0.4081,0.419,2856,0
SCAG.US,5,20260602,163000,0.419,0.419,0.3998,0.405,3961,0
SCAG.US,5,20260602,164000,0.4002,0.4002,0.4001,0.4001,2000,0
SCAG.US,5,20260602,170000,0.4183,0.4255,0.4183,0.4255,1300,0
SCAG.US,5,20260602,170500,0.435,0.435,0.42,0.42,300,0
SCAG.US,5,20260602,171500,0.44,0.44,0.411,0.4119,7201,0
SCAG.US,5,20260602,172000,0.4119,0.4119,0.4111,0.4119,1977,0
SCAG.US,5,20260602,172500,0.4119,0.4119,0.41145,0.41145,1837,0
SCAG.US,5,20260602,173000,0.411,0.411,0.411,0.411,100,0
SCAG.US,5,20260602,173500,0.4111,0.4111,0.406,0.406,3564,0
SCAG.US,5,20260602,174000,0.4119,0.4119,0.406,0.409,1424,0
SCAG.US,5,20260602,174500,0.409,0.409,0.409,0.409,700,0
SCAG.US,5,20260602,175000,0.4061,0.4061,0.4061,0.4061,511,0
SCAG.US,5,20260602,175500,0.406,0.406,0.406,0.406,100,0
SCAG.US,5,20260602,180000,0.4061,0.4061,0.4061,0.4061,400,0
SCAG.US,5,20260602,181500,0.4061,0.4119,0.40609,0.4119,3999,0
SCAG.US,5,20260602,183000,0.409,0.411,0.40895,0.40895,900,0
SCAG.US,5,20260602,183500,0.4119,0.4119,0.4119,0.4119,100,0
SCAG.US,5,20260602,185000,0.410449,0.410449,0.410449,0.410449,100,0
SCAG.US,5,20260602,190000,0.4099,0.4099,0.4019,0.4019,2000,0
SCAG.US,5,20260602,191000,0.4069,0.4088,0.4069,0.408,1400,0
SCAG.US,5,20260602,191500,0.4069,0.4069,0.4069,0.4069,300,0
SCAG.US,5,20260602,192000,0.4119,0.4119,0.4119,0.4119,787,0
SCAG.US,5,20260602,193000,0.4069,0.4069,0.4069,0.4069,900,0
SCAG.US,5,20260602,201000,0.4094,0.4094,0.4094,0.4094,100,0
SCAG.US,5,20260602,202000,0.4071,0.4095,0.4071,0.4071,500,0
SCAG.US,5,20260602,204000,0.407,0.407,0.407,0.407,200,0
SCAG.US,5,20260602,205000,0.4071,0.4071,0.40705,0.4071,896,0
SCAG.US,5,20260602,205500,0.4071,0.4071,0.40705,0.4071,1576,0
SCAG.US,5,20260602,210000,0.4071,0.4071,0.40705,0.4071,1600,0
SCAG.US,5,20260602,211000,0.4036,0.4036,0.4036,0.4036,1600,0
SCAG.US,5,20260602,212000,0.407,0.4078,0.4036,0.4049,1300,0
SCAG.US,5,20260602,212500,0.4027,0.4053,0.4027,0.4027,600,0
SCAG.US,5,20260602,213000,0.406,0.4119,0.406,0.406,1462,0
SCAG.US,5,20260602,213500,0.406,0.409,0.406,0.409,415,0
SCAG.US,5,20260602,214000,0.4119,0.4119,0.4105,0.4105,1253,0
SCAG.US,5,20260602,214500,0.409,0.4118,0.409,0.4118,2135,0
SCAG.US,5,20260602,215500,0.4119,0.4119,0.4001,0.4104,9094,0
SCAG.US,5,20260603,153500,0.4101,0.4101,0.4101,0.4101,500,0
SCAG.US,5,20260603,154000,0.4101,0.4101,0.41,0.41,4862,0
SCAG.US,5,20260603,154500,0.42,0.4269,0.41,0.42,7930,0
SCAG.US,5,20260603,155000,0.4196,0.4196,0.412,0.412,438,0
SCAG.US,5,20260603,155500,0.419,0.419,0.41,0.4189,2230,0
SCAG.US,5,20260603,164500,0.41,0.4145,0.41,0.41,870,0
SCAG.US,5,20260603,165000,0.405,0.412,0.391,0.391,6470,0
SCAG.US,5,20260603,165500,0.408,0.408,0.391,0.3955,2500,0
SCAG.US,5,20260603,170000,0.4051,0.4051,0.391,0.391,3650,0
SCAG.US,5,20260603,172500,0.3941,0.3941,0.391,0.391,5147,0
SCAG.US,5,20260603,184500,0.395,0.395,0.395,0.395,100,0
SCAG.US,5,20260603,185000,0.418899,0.418899,0.418899,0.418899,100,0
SCAG.US,5,20260603,190500,0.3951,0.4189,0.395,0.4189,3361,0
SCAG.US,5,20260603,204000,0.4189,0.4189,0.393,0.393,1310,0
SCAG.US,5,20260603,204500,0.396,0.396,0.396,0.396,500,0
SCAG.US,5,20260603,205500,0.4079,0.4079,0.4079,0.4079,100,0
SCAG.US,5,20260603,211000,0.4079,0.4079,0.4079,0.4079,100,0
SCAG.US,5,20260603,211500,0.4,0.4,0.4,0.4,147,0
SCAG.US,5,20260603,213500,0.4189,0.4189,0.4,0.4,1450,0
SCAG.US,5,20260603,215000,0.4002,0.4002,0.4002,0.4002,200,0
SCAG.US,5,20260603,215500,0.4001,0.4001,0.391,0.391,8208,0
SCAG.US,5,20260604,153000,0.3164,0.32,0.2969,0.2994,67881,0
SCAG.US,5,20260604,153500,0.2991,0.3034,0.295,0.295,23550,0
SCAG.US,5,20260604,154000,0.297,0.297,0.2536,0.26,83847,0
SCAG.US,5,20260604,154500,0.2552,0.2808,0.2552,0.2747,98746,0
SCAG.US,5,20260604,155000,0.2747,0.2747,0.27,0.2731,30167,0
SCAG.US,5,20260604,155500,0.2738,0.274,0.267,0.267,28866,0
SCAG.US,5,20260604,160000,0.2677,0.2716,0.2677,0.2716,33667,0
SCAG.US,5,20260604,160500,0.2808,0.29,0.2792,0.2857,35182,0
SCAG.US,5,20260604,161000,0.2864,0.3,0.2864,0.3,29030,0
SCAG.US,5,20260604,161500,0.3,0.3,0.29,0.2958,27402,0
SCAG.US,5,20260604,162000,0.295,0.299,0.2718,0.283,16545,0
SCAG.US,5,20260604,162500,0.2965,0.3018,0.2911,0.295,46635,0
SCAG.US,5,20260604,163000,0.3018,0.3099,0.295,0.3098,31764,0
SCAG.US,5,20260604,163500,0.30795,0.3099,0.3037,0.305,15898,0
SCAG.US,5,20260604,164000,0.3049,0.3099,0.3008,0.307251,11781,0
SCAG.US,5,20260604,164500,0.305,0.3095,0.3029,0.3048,14935,0
SCAG.US,5,20260604,165000,0.3029,0.3048,0.29,0.3001,22146,0
SCAG.US,5,20260604,165500,0.3002,0.304,0.2956,0.2956,15199,0
SCAG.US,5,20260604,170000,0.2956,0.3,0.28725,0.2928,13991,0
SCAG.US,5,20260604,170500,0.2964,0.3,0.29,0.3,14328,0
SCAG.US,5,20260604,171000,0.299,0.299,0.2908,0.2908,4619,0
SCAG.US,5,20260604,171500,0.2921,0.298,0.291,0.291,4307,0
SCAG.US,5,20260604,172000,0.291,0.298,0.2904,0.2956,23952,0
SCAG.US,5,20260604,172500,0.299,0.299,0.2715,0.2851,90397,0
SCAG.US,5,20260604,173000,0.2957,0.2957,0.2836,0.2904,11612,0
SCAG.US,5,20260604,173500,0.2851,0.2867,0.2755,0.28,41918,0
SCAG.US,5,20260604,174000,0.2801,0.2801,0.28,0.28,1520,0
SCAG.US,5,20260604,174500,0.28,0.294,0.28,0.294,2368,0
SCAG.US,5,20260604,175000,0.2862,0.2906,0.283,0.283,6199,0
SCAG.US,5,20260604,175500,0.2808,0.2808,0.27,0.275,26913,0
SCAG.US,5,20260604,180000,0.288,0.294,0.2801,0.2801,4942,0
SCAG.US,5,20260604,180500,0.2851,0.3,0.28065,0.2884,28023,0
SCAG.US,5,20260604,181000,0.2908,0.3,0.2908,0.290801,6516,0
SCAG.US,5,20260604,181500,0.2996,0.3,0.2954,0.2969,4625,0
SCAG.US,5,20260604,182000,0.2999,0.3,0.294,0.295,17939,0
SCAG.US,5,20260604,182500,0.29,0.299,0.29,0.293,7651,0
SCAG.US,5,20260604,183000,0.295,0.295,0.2929,0.295,13380,0
SCAG.US,5,20260604,183500,0.2908,0.2908,0.2908,0.2908,1000,0
SCAG.US,5,20260604,184000,0.2952,0.2952,0.2952,0.2952,366,0
SCAG.US,5,20260604,184500,0.299,0.3072,0.29775,0.3072,24552,0
SCAG.US,5,20260604,185000,0.305,0.305,0.3,0.3,1208,0
SCAG.US,5,20260604,185500,0.2976,0.3076,0.2976,0.3025,16207,0
SCAG.US,5,20260604,190000,0.3025,0.3025,0.3,0.3,2200,0
SCAG.US,5,20260604,190500,0.3,0.305,0.2978,0.304,10099,0
SCAG.US,5,20260604,191000,0.3008,0.3008,0.3001,0.3001,200,0
SCAG.US,5,20260604,191500,0.3025,0.3025,0.2951,0.3,7593,0
SCAG.US,5,20260604,192000,0.2908,0.2999,0.285,0.285,3398,0
SCAG.US,5,20260604,193000,0.28,0.2919,0.28,0.2919,16971,0
SCAG.US,5,20260604,193500,0.2813,0.2814,0.2813,0.2814,726,0
SCAG.US,5,20260604,194000,0.2814,0.2821,0.2813,0.2813,9248,0
SCAG.US,5,20260604,194500,0.2908,0.2908,0.2821,0.2821,1172,0
SCAG.US,5,20260604,195000,0.2861,0.287,0.2861,0.287,2466,0
SCAG.US,5,20260604,195500,0.289,0.289,0.287,0.289,998,0
SCAG.US,5,20260604,200000,0.288,0.288,0.288,0.288,200,0
SCAG.US,5,20260604,200500,0.3098,0.3098,0.291,0.296,3000,0
SCAG.US,5,20260604,201000,0.293,0.293,0.293,0.293,200,0
SCAG.US,5,20260604,201500,0.285,0.2895,0.28,0.2895,11330,0
SCAG.US,5,20260604,202000,0.2989,0.2989,0.2808,0.2989,4599,0
SCAG.US,5,20260604,202500,0.285,0.285,0.2827,0.2827,2722,0
SCAG.US,5,20260604,203000,0.2899,0.2899,0.2828,0.2877,5477,0
SCAG.US,5,20260604,203500,0.2899,0.2899,0.2753,0.28,4160,0
SCAG.US,5,20260604,204000,0.2799,0.2799,0.278,0.279,8277,0
SCAG.US,5,20260604,204500,0.2958,0.2958,0.2958,0.2958,1061,0
SCAG.US,5,20260604,205500,0.2958,0.2958,0.2845,0.2845,899,0
SCAG.US,5,20260604,210000,0.2801,0.29,0.278,0.278,31807,0
SCAG.US,5,20260604,210500,0.2804,0.289,0.278,0.28,22764,0
SCAG.US,5,20260604,211000,0.28,0.28,0.2689,0.27,26685,0
SCAG.US,5,20260604,211500,0.2729,0.2743,0.27,0.27,20316,0
SCAG.US,5,20260604,212000,0.2734,0.2734,0.268,0.2706,27047,0
SCAG.US,5,20260604,212500,0.268,0.27,0.268,0.27,11496,0
SCAG.US,5,20260604,213000,0.2681,0.2707,0.268,0.2701,8197,0
SCAG.US,5,20260604,213500,0.2682,0.2682,0.266,0.268,3678,0
SCAG.US,5,20260604,214500,0.28,0.28,0.2716,0.276,11624,0
SCAG.US,5,20260604,215000,0.2775,0.2799,0.27745,0.2779,5908,0
SCAG.US,5,20260604,215500,0.2798,0.2798,0.2721,0.273,30518,0
SCAG.US,5,20260605,153000,0.2724,0.2724,0.2695,0.27,11411,0
SCAG.US,5,20260605,153500,0.27,0.274834,0.27,0.27,3945,0
SCAG.US,5,20260605,154000,0.2695,0.2695,0.2695,0.2695,2704,0
SCAG.US,5,20260605,154500,0.269601,0.27975,0.2695,0.2695,5965,0
SCAG.US,5,20260605,155000,0.2695,0.2695,0.2695,0.2695,17269,0
SCAG.US,5,20260605,155500,0.29,0.29,0.29,0.29,100,0
SCAG.US,5,20260605,160000,0.2695,0.2695,0.2695,0.2695,100,0
SCAG.US,5,20260605,161500,0.2696,0.2696,0.2696,0.2696,100,0
SCAG.US,5,20260605,162000,0.2696,0.2696,0.2695,0.2695,3751,0
SCAG.US,5,20260605,162500,0.269601,0.269601,0.2695,0.2695,5400,0
SCAG.US,5,20260605,163000,0.2695,0.2695,0.2695,0.2695,2217,0
SCAG.US,5,20260605,163500,0.27,0.27,0.27,0.27,2310,0
SCAG.US,5,20260605,164000,0.27,0.27,0.27,0.27,1173,0
SCAG.US,5,20260605,164500,0.289,0.289,0.2695,0.2695,10276,0
SCAG.US,5,20260605,165000,0.282,0.282,0.282,0.282,2000,0
SCAG.US,5,20260605,165500,0.28325,0.28325,0.2775,0.2775,15199,0
SCAG.US,5,20260605,170000,0.2775,0.2775,0.2775,0.2775,2000,0
SCAG.US,5,20260605,171000,0.2775,0.2776,0.27355,0.2775,5100,0
SCAG.US,5,20260605,171500,0.28325,0.289,0.2695,0.2793,9599,0
SCAG.US,5,20260605,172000,0.2695,0.2695,0.2695,0.2695,353,0
SCAG.US,5,20260605,172500,0.28,0.2877,0.2799,0.2877,10375,0
SCAG.US,5,20260605,173500,0.286,0.286,0.286,0.286,2000,0
SCAG.US,5,20260605,174000,0.2861,0.29,0.2861,0.2881,16917,0
SCAG.US,5,20260605,174500,0.2821,0.2851,0.2821,0.2851,800,0
SCAG.US,5,20260605,175000,0.2832,0.2881,0.282,0.2881,13519,0
SCAG.US,5,20260605,175500,0.2881,0.3,0.282,0.282,36888,0
SCAG.US,5,20260605,180000,0.282,0.282,0.282,0.282,3600,0
SCAG.US,5,20260605,180500,0.2887,0.2887,0.2887,0.2887,256,0
SCAG.US,5,20260605,181000,0.2887,0.2887,0.2887,0.2887,3000,0
SCAG.US,5,20260605,182000,0.2887,0.2887,0.2887,0.2887,403,0
SCAG.US,5,20260605,182500,0.2887,0.2887,0.2887,0.2887,4100,0
SCAG.US,5,20260605,183000,0.29435,0.2972,0.29435,0.2972,11016,0
SCAG.US,5,20260605,185500,0.29,0.29,0.29,0.29,200,0
SCAG.US,5,20260605,190000,0.2969,0.2969,0.2918,0.2918,3012,0
SCAG.US,5,20260605,191000,0.2918,0.2919,0.29175,0.29175,749,0
SCAG.US,5,20260605,191500,0.29175,0.29175,0.2898,0.2898,200,0
SCAG.US,5,20260605,192000,0.2897,0.2897,0.28925,0.2897,8502,0
SCAG.US,5,20260605,194500,0.28875,0.28875,0.28875,0.28875,2781,0
SCAG.US,5,20260605,195000,0.2887,0.2887,0.2887,0.2887,100,0
SCAG.US,5,20260605,200000,0.28875,0.2888,0.28875,0.28875,1388,0
SCAG.US,5,20260605,200500,0.2888,0.2969,0.2887,0.2969,17520,0
SCAG.US,5,20260605,203000,0.2897,0.2897,0.2897,0.2897,416,0
SCAG.US,5,20260605,203500,0.2897,0.2897,0.2897,0.2897,654,0
SCAG.US,5,20260605,204000,0.2897,0.2906,0.2897,0.2898,1895,0
SCAG.US,5,20260605,205000,0.2932,0.295,0.2932,0.295,3000,0
SCAG.US,5,20260605,205500,0.2933,0.31,0.2932,0.31,106003,0
SCAG.US,5,20260605,210000,0.3101,0.3659,0.31,0.3639,154844,0
SCAG.US,5,20260605,210500,0.3639,0.496,0.341,0.4602,2521495,0
SCAG.US,5,20260605,211000,0.4603,0.4603,0.3879,0.4449,3030298,0
SCAG.US,5,20260605,211500,0.441099,0.6399,0.4361,0.60065,7673681,0
SCAG.US,5,20260605,212000,0.6007,0.78,0.6,0.78,5038491,0
SCAG.US,5,20260605,212500,0.7995,0.9399,0.7,0.7,5904898,0
SCAG.US,5,20260605,213000,0.68,0.7851,0.64,0.7567,817237,0
SCAG.US,5,20260605,213500,0.7582,0.8832,0.703,0.8692,8561740,0
SCAG.US,5,20260605,214000,0.8578,1.07,0.8512,0.978451,13004618,0
SCAG.US,5,20260605,214500,0.9701,1.01,0.8191,0.9334,7597996,0
SCAG.US,5,20260605,215000,0.9263,1.02,0.9,0.980001,7020612,0
SCAG.US,5,20260605,215500,0.9871,0.9871,0.8203,0.8431,4294526,0
SCAG.US,5,20260608,153000,0.4978,0.5608,0.4877,0.5299,233590,0
SCAG.US,5,20260608,153500,0.5249,0.5249,0.5011,0.5065,50559,0
SCAG.US,5,20260608,154000,0.507295,0.507295,0.4526,0.4614,176564,0
SCAG.US,5,20260608,154500,0.4598,0.4777,0.4557,0.469,38341,0
SCAG.US,5,20260608,155000,0.4602,0.47,0.4526,0.4526,192933,0
SCAG.US,5,20260608,155500,0.45355,0.4595,0.4526,0.4527,23258,0
SCAG.US,5,20260608,160000,0.4527,0.4698,0.4526,0.4649,64688,0
SCAG.US,5,20260608,160500,0.4648,0.4649,0.4601,0.4621,25363,0
SCAG.US,5,20260608,161000,0.470551,0.48,0.4635,0.47535,48535,0
SCAG.US,5,20260608,161500,0.47535,0.4755,0.4526,0.46355,44905,0
SCAG.US,5,20260608,162000,0.4622,0.474,0.4526,0.4737,30509,0
SCAG.US,5,20260608,162500,0.4683,0.4757,0.4642,0.4721,38885,0
SCAG.US,5,20260608,163000,0.471799,0.471799,0.4077,0.4077,171184,0
SCAG.US,5,20260608,163500,0.4077,0.4483,0.407099,0.4483,74237,0
SCAG.US,5,20260608,164000,0.4203,0.4477,0.42,0.42,32935,0
SCAG.US,5,20260608,164500,0.42275,0.4258,0.41,0.417,30371,0
SCAG.US,5,20260608,165000,0.4165,0.417,0.4007,0.4032,52261,0
SCAG.US,5,20260608,165500,0.40699,0.4149,0.3889,0.389,69818,0
SCAG.US,5,20260608,170000,0.3889,0.4099,0.3889,0.39,103231,0
SCAG.US,5,20260608,170500,0.3929,0.3955,0.39,0.39,49433,0
SCAG.US,5,20260608,171000,0.392,0.3939,0.3804,0.38655,50797,0
SCAG.US,5,20260608,171500,0.3811,0.3998,0.3804,0.3947,82715,0
SCAG.US,5,20260608,172000,0.394599,0.394599,0.3707,0.3752,57192,0
SCAG.US,5,20260608,172500,0.3752,0.3993,0.3746,0.3889,39909,0
SCAG.US,5,20260608,173000,0.387268,0.397,0.3781,0.3781,57148,0
SCAG.US,5,20260608,173500,0.38049,0.3949,0.371,0.3733,157132,0
SCAG.US,5,20260608,174000,0.374,0.38,0.3735,0.3776,14444,0
SCAG.US,5,20260608,174500,0.3788,0.389685,0.3788,0.389685,39181,0
SCAG.US,5,20260608,175000,0.384399,0.3894,0.3768,0.379,101572,0
SCAG.US,5,20260608,175500,0.373301,0.38281,0.3707,0.376599,36327,0
SCAG.US,5,20260608,180000,0.3727,0.37589,0.3707,0.371,118922,0
SCAG.US,5,20260608,180500,0.3714,0.3766,0.3711,0.3765,7584,0
SCAG.US,5,20260608,181000,0.3766,0.3766,0.3714,0.375,28931,0
SCAG.US,5,20260608,181500,0.375,0.375,0.3711,0.3711,5975,0
SCAG.US,5,20260608,182000,0.371551,0.3835,0.3714,0.3835,24862,0
SCAG.US,5,20260608,182500,0.383,0.4,0.382099,0.3939,123929,0
SCAG.US,5,20260608,183000,0.3933,0.4327,0.3932,0.429899,180701,0
SCAG.US,5,20260608,183500,0.42985,0.4299,0.371601,0.392001,129728,0
SCAG.US,5,20260608,184000,0.394251,0.41,0.39425,0.400499,83388,0
SCAG.US,5,20260608,184500,0.399,0.4014,0.3716,0.3875,126260,0
SCAG.US,5,20260608,185000,0.3812,0.393501,0.3768,0.3786,36272,0
SCAG.US,5,20260608,185500,0.3798,0.3959,0.3798,0.3811,13795,0
SCAG.US,5,20260608,190000,0.381,0.381,0.356,0.3582,144800,0
SCAG.US,5,20260608,190500,0.3636,0.3694,0.3597,0.363468,18944,0
SCAG.US,5,20260608,191000,0.3694,0.3699,0.3565,0.3565,65215,0
SCAG.US,5,20260608,191500,0.3591,0.3714,0.3566,0.3566,117682,0
SCAG.US,5,20260608,192000,0.3641,0.37,0.3568,0.3598,19210,0
SCAG.US,5,20260608,192500,0.3598,0.3598,0.3502,0.3507,34498,0
SCAG.US,5,20260608,193000,0.35405,0.3675,0.3507,0.3643,52031,0
SCAG.US,5,20260608,193500,0.360999,0.360999,0.358,0.3601,19355,0
SCAG.US,5,20260608,194000,0.3614,0.3695,0.3517,0.35615,40690,0
SCAG.US,5,20260608,194500,0.3562,0.3694,0.3544,0.3571,77259,0
SCAG.US,5,20260608,195000,0.357,0.358,0.35,0.35005,35421,0
SCAG.US,5,20260608,195500,0.35005,0.3686,0.35,0.354864,22915,0
SCAG.US,5,20260608,200000,0.356,0.36,0.3397,0.3467,73632,0
SCAG.US,5,20260608,200500,0.3553,0.3675,0.34805,0.3641,105671,0
SCAG.US,5,20260608,201000,0.3642,0.3642,0.3505,0.3613,5677,0
SCAG.US,5,20260608,201500,0.3533,0.35935,0.3501,0.35935,22379,0
SCAG.US,5,20260608,202000,0.3613,0.363,0.3515,0.35545,11312,0
SCAG.US,5,20260608,202500,0.353001,0.3714,0.353001,0.370299,92727,0
SCAG.US,5,20260608,203000,0.37,0.388,0.37,0.388,119375,0
SCAG.US,5,20260608,203500,0.38,0.38,0.37,0.3754,27659,0
SCAG.US,5,20260608,204000,0.3714,0.3876,0.3701,0.37445,27861,0
SCAG.US,5,20260608,204500,0.376346,0.3889,0.3701,0.380001,31308,0
SCAG.US,5,20260608,205000,0.3954,0.41,0.392,0.395,100200,0
SCAG.US,5,20260608,205500,0.398079,0.39855,0.3933,0.3936,23212,0
SCAG.US,5,20260608,210000,0.397199,0.41,0.3936,0.40505,47695,0
SCAG.US,5,20260608,210500,0.41,0.42,0.4012,0.4149,22971,0
SCAG.US,5,20260608,211000,0.421049,0.421049,0.3908,0.4001,54799,0
SCAG.US,5,20260608,211500,0.3968,0.41,0.3968,0.39895,21873,0
SCAG.US,5,20260608,212000,0.4019,0.4136,0.3996,0.4064,13001,0
SCAG.US,5,20260608,212500,0.4065,0.4065,0.39,0.3985,16174,0
SCAG.US,5,20260608,213000,0.4,0.4111,0.4,0.4111,20081,0
SCAG.US,5,20260608,213500,0.41,0.42,0.4053,0.419,57046,0
SCAG.US,5,20260608,214000,0.41,0.419,0.401,0.4099,14385,0
SCAG.US,5,20260608,214500,0.409799,0.409799,0.401,0.407,19428,0
SCAG.US,5,20260608,215000,0.407,0.419,0.4026,0.419,9247,0
SCAG.US,5,20260608,215500,0.4101,0.42,0.39,0.39345,57534,0
SCAG.US,5,20260609,153000,0.3993,0.4034,0.3605,0.3728,108512,0
SCAG.US,5,20260609,153500,0.3658,0.3809,0.3541,0.3545,131189,0
SCAG.US,5,20260609,154000,0.3545,0.364399,0.3545,0.3576,19738,0
SCAG.US,5,20260609,154500,0.3593,0.37369,0.3581,0.3725,33414,0
SCAG.US,5,20260609,155000,0.3713,0.37235,0.36,0.36,21896,0
SCAG.US,5,20260609,155500,0.3621,0.3621,0.331251,0.34,56747,0
SCAG.US,5,20260609,160000,0.3345,0.3345,0.3,0.3121,112739,0
SCAG.US,5,20260609,160500,0.3121,0.32,0.3051,0.3184,90250,0
SCAG.US,5,20260609,161000,0.3192,0.33305,0.3192,0.33305,66191,0
SCAG.US,5,20260609,161500,0.3331,0.3477,0.3331,0.33361,35058,0
SCAG.US,5,20260609,162000,0.3368,0.338751,0.3348,0.3375,11166,0
SCAG.US,5,20260609,162500,0.3375,0.3382,0.3375,0.338,6654,0
SCAG.US,5,20260609,163000,0.3392,0.34999,0.3377,0.3491,21490,0
SCAG.US,5,20260609,163500,0.3491,0.35,0.3424,0.35,35821,0
SCAG.US,5,20260609,164000,0.3557,0.3569,0.3502,0.3555,8859,0
SCAG.US,5,20260609,164500,0.3502,0.3555,0.3498,0.35,10165,0
SCAG.US,5,20260609,165000,0.3498,0.35,0.3198,0.34,11469,0
SCAG.US,5,20260609,165500,0.3399,0.3399,0.335,0.3356,4492,0
SCAG.US,5,20260609,170000,0.335,0.3498,0.335,0.3498,12640,0
SCAG.US,5,20260609,170500,0.3436,0.34469,0.33,0.335,7773,0
SCAG.US,5,20260609,171000,0.333884,0.333884,0.3226,0.3227,10280,0
SCAG.US,5,20260609,171500,0.3257,0.3273,0.3233,0.3233,8561,0
SCAG.US,5,20260609,172000,0.3301,0.3399,0.3301,0.3328,8457,0
SCAG.US,5,20260609,172500,0.336401,0.34079,0.3321,0.33385,12201,0
SCAG.US,5,20260609,173000,0.33389,0.3339,0.3305,0.3306,17637,0
SCAG.US,5,20260609,173500,0.3308,0.3308,0.3252,0.3253,9674,0
SCAG.US,5,20260609,174000,0.3268,0.3314,0.3199,0.3258,27690,0
SCAG.US,5,20260609,174500,0.3249,0.3249,0.3199,0.32,5615,0
SCAG.US,5,20260609,175000,0.32,0.3292,0.32,0.3201,17055,0
SCAG.US,5,20260609,175500,0.3202,0.3212,0.313749,0.313749,20227,0
SCAG.US,5,20260609,180000,0.31375,0.3138,0.307,0.3101,31824,0
SCAG.US,5,20260609,180500,0.3101,0.315551,0.3101,0.310101,4364,0
SCAG.US,5,20260609,181000,0.315701,0.321,0.3157,0.3186,3327,0
SCAG.US,5,20260609,181500,0.31855,0.321,0.31565,0.31565,3256,0
SCAG.US,5,20260609,182000,0.3156,0.3156,0.3122,0.3123,3330,0
SCAG.US,5,20260609,182500,0.31225,0.3123,0.3122,0.31225,6449,0
SCAG.US,5,20260609,183000,0.31225,0.31225,0.30905,0.3091,9451,0
SCAG.US,5,20260609,183500,0.30905,0.3091,0.309,0.3091,4569,0
SCAG.US,5,20260609,184000,0.30905,0.3091,0.309,0.3091,12152,0
SCAG.US,5,20260609,184500,0.3091,0.3123,0.3072,0.31,20590,0
SCAG.US,5,20260609,185000,0.3091,0.3123,0.3091,0.3123,1930,0
SCAG.US,5,20260609,185500,0.3123,0.3123,0.30715,0.30715,21466,0
SCAG.US,5,20260609,190000,0.307101,0.3072,0.3071,0.3072,7035,0
SCAG.US,5,20260609,190500,0.3072,0.3083,0.3071,0.3077,27404,0
SCAG.US,5,20260609,191000,0.3076,0.3077,0.3074,0.3077,6405,0
SCAG.US,5,20260609,191500,0.3077,0.3109,0.3073,0.3081,26830,0
SCAG.US,5,20260609,192000,0.311,0.3426,0.311,0.3418,12332,0
SCAG.US,5,20260609,192500,0.3294,0.335249,0.326,0.32605,4392,0
SCAG.US,5,20260609,193000,0.326,0.32605,0.3111,0.314701,24527,0
SCAG.US,5,20260609,193500,0.3101,0.312,0.3101,0.3101,9628,0
SCAG.US,5,20260609,194000,0.3101,0.3218,0.305,0.32,60944,0
SCAG.US,5,20260609,194500,0.328,0.328,0.3201,0.3201,6532,0
SCAG.US,5,20260609,195000,0.324,0.3261,0.3129,0.3129,17443,0
SCAG.US,5,20260609,195500,0.3181,0.3181,0.3118,0.3143,23933,0
SCAG.US,5,20260609,200000,0.3149,0.328,0.3131,0.313101,9733,0
SCAG.US,5,20260609,200500,0.320549,0.320549,0.31315,0.31315,12145,0
SCAG.US,5,20260609,201000,0.31315,0.3206,0.3119,0.314699,20560,0
SCAG.US,5,20260609,201500,0.3108,0.3108,0.30515,0.3052,8480,0
SCAG.US,5,20260609,202000,0.3053,0.3053,0.30515,0.3052,17690,0
SCAG.US,5,20260609,202500,0.30515,0.3052,0.3051,0.3051,22994,0
SCAG.US,5,20260609,203000,0.3051,0.3052,0.3051,0.3052,5132,0
SCAG.US,5,20260609,203500,0.305001,0.305001,0.2811,0.2901,72270,0
SCAG.US,5,20260609,204000,0.2938,0.296,0.29,0.296,13238,0
SCAG.US,5,20260609,204500,0.29,0.296,0.29,0.296,115586,0
SCAG.US,5,20260609,205000,0.2961,0.2961,0.296,0.2961,14801,0
SCAG.US,5,20260609,205500,0.2958,0.2985,0.2901,0.2961,16693,0
SCAG.US,5,20260609,210000,0.2961,0.305,0.2961,0.3045,15869,0
SCAG.US,5,20260609,210500,0.31,0.31,0.304,0.3091,18146,0
SCAG.US,5,20260609,211000,0.30555,0.31,0.3021,0.302101,5719,0
SCAG.US,5,20260609,211500,0.3054,0.3054,0.3008,0.3008,3134,0
SCAG.US,5,20260609,212000,0.3008,0.3008,0.3,0.3,6209,0
SCAG.US,5,20260609,212500,0.30005,0.30005,0.2902,0.2936,53256,0
SCAG.US,5,20260609,213000,0.294,0.2972,0.2901,0.2903,13750,0
SCAG.US,5,20260609,213500,0.2903,0.2945,0.2902,0.2915,19634,0
SCAG.US,5,20260609,214000,0.2904,0.295,0.29,0.295,17939,0
SCAG.US,5,20260609,214500,0.301,0.3075,0.297,0.3075,17041,0
SCAG.US,5,20260609,215000,0.3037,0.3058,0.2938,0.29545,19227,0
SCAG.US,5,20260609,215500,0.3005,0.3075,0.2905,0.30735,50809,0
SCAG.US,5,20260610,153000,0.2965,0.307,0.2802,0.298501,84249,0
SCAG.US,5,20260610,153500,0.2943,0.3411,0.2943,0.335,172514,0
SCAG.US,5,20260610,154000,0.335,0.341099,0.3201,0.330701,29331,0
SCAG.US,5,20260610,154500,0.335999,0.335999,0.32,0.3246,19565,0
SCAG.US,5,20260610,155000,0.326,0.326,0.3107,0.315351,26020,0
SCAG.US,5,20260610,155500,0.3239,0.333,0.310701,0.325301,8432,0
SCAG.US,5,20260610,160000,0.3253,0.3253,0.3253,0.3253,582,0
SCAG.US,5,20260610,160500,0.3272,0.3273,0.311,0.3182,18407,0
SCAG.US,5,20260610,161000,0.325,0.335899,0.3249,0.3296,19963,0
SCAG.US,5,20260610,161500,0.3323,0.3567,0.3313,0.34,205127,0
SCAG.US,5,20260610,162000,0.34,0.3568,0.3393,0.3496,101870,0
SCAG.US,5,20260610,162500,0.3443,0.35,0.3314,0.3394,47768,0
SCAG.US,5,20260610,163000,0.3383,0.34869,0.3326,0.3394,10630,0
SCAG.US,5,20260610,163500,0.333401,0.345199,0.32,0.34519,53147,0
SCAG.US,5,20260610,164000,0.333551,0.34709,0.333551,0.34405,2708,0
SCAG.US,5,20260610,164500,0.34255,0.347,0.3425,0.3426,9731,0
SCAG.US,5,20260610,165000,0.3426,0.355,0.3411,0.355,23793,0
SCAG.US,5,20260610,165500,0.3499,0.35879,0.341,0.3499,13623,0
SCAG.US,5,20260610,170000,0.3499,0.3499,0.341,0.341,3220,0
SCAG.US,5,20260610,170500,0.3463,0.3499,0.34208,0.34208,11957,0
SCAG.US,5,20260610,171000,0.34101,0.3454,0.341,0.341,3936,0
SCAG.US,5,20260610,171500,0.3431,0.3431,0.335,0.335,17196,0
SCAG.US,5,20260610,172000,0.335,0.335,0.33,0.3342,21210,0
SCAG.US,5,20260610,172500,0.34325,0.34325,0.326501,0.33315,4305,0
SCAG.US,5,20260610,173000,0.33825,0.344,0.3265,0.3428,9383,0
SCAG.US,5,20260610,173500,0.33525,0.3353,0.3265,0.335,10965,0
SCAG.US,5,20260610,174000,0.3266,0.33525,0.3265,0.3265,9868,0
SCAG.US,5,20260610,174500,0.3266,0.3266,0.3264,0.3266,2317,0
SCAG.US,5,20260610,175000,0.32,0.332,0.32,0.3207,2044,0
SCAG.US,5,20260610,175500,0.3207,0.332,0.3202,0.325049,19312,0
SCAG.US,5,20260610,180000,0.32011,0.341,0.320101,0.338836,19915,0
SCAG.US,5,20260610,180500,0.3202,0.321,0.3182,0.32,6412,0
SCAG.US,5,20260610,181000,0.3294,0.33069,0.32,0.3201,6009,0
SCAG.US,5,20260610,181500,0.3201,0.3201,0.32005,0.32005,875,0
SCAG.US,5,20260610,182000,0.3201,0.3201,0.3201,0.3201,3467,0
SCAG.US,5,20260610,182500,0.3201,0.3201,0.3201,0.3201,200,0
SCAG.US,5,20260610,183000,0.3201,0.3201,0.3201,0.3201,200,0
SCAG.US,5,20260610,183500,0.3201,0.3225,0.3201,0.321401,5004,0
SCAG.US,5,20260610,184000,0.3299,0.3299,0.3215,0.3215,2038,0
SCAG.US,5,20260610,184500,0.3211,0.3211,0.3211,0.3211,100,0
SCAG.US,5,20260610,185000,0.3211,0.3215,0.321,0.321,73452,0
SCAG.US,5,20260610,185500,0.321,0.321,0.321,0.321,1300,0
SCAG.US,5,20260610,190000,0.3201,0.3202,0.3201,0.3201,4868,0
SCAG.US,5,20260610,190500,0.3202,0.3202,0.3201,0.3201,2100,0
SCAG.US,5,20260610,191000,0.3202,0.3321,0.3202,0.3321,2546,0
SCAG.US,5,20260610,191500,0.3203,0.3203,0.3202,0.3202,10681,0
SCAG.US,5,20260610,192500,0.3203,0.3203,0.3203,0.3203,100,0
SCAG.US,5,20260610,193000,0.3321,0.3321,0.3321,0.3321,2100,0
SCAG.US,5,20260610,194000,0.320401,0.320401,0.320401,0.320401,100,0
SCAG.US,5,20260610,194500,0.33215,0.33215,0.3204,0.33215,2142,0
SCAG.US,5,20260610,195000,0.3203,0.3203,0.3203,0.3203,342,0
SCAG.US,5,20260610,195500,0.3203,0.34,0.3203,0.34,1382,0
SCAG.US,5,20260610,201000,0.3302,0.3302,0.3302,0.3302,300,0
SCAG.US,5,20260610,201500,0.3252,0.3252,0.3252,0.3252,529,0
SCAG.US,5,20260610,202000,0.3263,0.3263,0.3225,0.3239,1100,0
SCAG.US,5,20260610,202500,0.3226,0.3226,0.32255,0.32255,12525,0
SCAG.US,5,20260610,203000,0.3225,0.3225,0.3202,0.3202,3631,0
SCAG.US,5,20260610,203500,0.3203,0.3203,0.3203,0.3203,100,0
SCAG.US,5,20260610,204000,0.3203,0.3231,0.3202,0.3231,33827,0
SCAG.US,5,20260610,204500,0.329999,0.329999,0.3203,0.3203,1073,0
SCAG.US,5,20260610,205000,0.3203,0.324701,0.3203,0.324701,6906,0
SCAG.US,5,20260610,205500,0.3264,0.3264,0.3202,0.3203,9906,0
SCAG.US,5,20260610,210500,0.3203,0.3203,0.3203,0.3203,1500,0
SCAG.US,5,20260610,211000,0.3203,0.3203,0.3203,0.3203,2225,0
SCAG.US,5,20260610,211500,0.32025,0.3203,0.32025,0.3203,6202,0
SCAG.US,5,20260610,212000,0.3203,0.3203,0.3202,0.3203,2531,0
SCAG.US,5,20260610,212500,0.32025,0.3203,0.32025,0.3203,3172,0
SCAG.US,5,20260610,213000,0.32025,0.32025,0.32025,0.32025,1425,0
SCAG.US,5,20260610,213500,0.3202,0.3203,0.3202,0.3202,5166,0
SCAG.US,5,20260610,214000,0.3203,0.3203,0.32025,0.3203,1577,0
SCAG.US,5,20260610,214500,0.320201,0.3203,0.320201,0.3203,7892,0
SCAG.US,5,20260610,215000,0.3202,0.3203,0.3202,0.3203,6635,0
SCAG.US,5,20260610,215500,0.3203,0.3203,0.3202,0.3203,20036,0
SCAG.US,5,20260611,153000,0.3203,0.3425,0.3203,0.3425,48483,0
SCAG.US,5,20260611,153500,0.3426,0.3499,0.3204,0.3205,67217,0
SCAG.US,5,20260611,154000,0.3345,0.34799,0.321101,0.324,22036,0
SCAG.US,5,20260611,154500,0.3242,0.348,0.3242,0.337,6322,0
SCAG.US,5,20260611,155000,0.3466,0.3466,0.3349,0.3463,2099,0
SCAG.US,5,20260611,155500,0.3463,0.3463,0.33815,0.3456,3400,0
SCAG.US,5,20260611,160000,0.3456,0.3456,0.33,0.3456,9900,0
SCAG.US,5,20260611,160500,0.3456,0.3456,0.341699,0.3456,8226,0
SCAG.US,5,20260611,161000,0.3453,0.358,0.341701,0.358,28538,0
SCAG.US,5,20260611,161500,0.358,0.39,0.3478,0.3751,130433,0
SCAG.US,5,20260611,162000,0.3751,0.39,0.37,0.3799,322755,0
SCAG.US,5,20260611,162500,0.3771,0.3779,0.36,0.3684,131880,0
SCAG.US,5,20260611,163000,0.3646,0.3682,0.361,0.364099,9174,0
SCAG.US,5,20260611,163500,0.3641,0.3682,0.352,0.352,35932,0
SCAG.US,5,20260611,164000,0.352,0.3567,0.332,0.3365,44213,0
SCAG.US,5,20260611,164500,0.3365,0.35669,0.3365,0.34,31252,0
SCAG.US,5,20260611,165000,0.3401,0.3499,0.34,0.3499,40279,0
SCAG.US,5,20260611,165500,0.3417,0.3499,0.3402,0.3499,2413,0
SCAG.US,5,20260611,170000,0.3499,0.3641,0.3405,0.35705,18902,0
SCAG.US,5,20260611,170500,0.35705,0.363,0.35,0.3598,18515,0
SCAG.US,5,20260611,171000,0.3582,0.3632,0.3582,0.3632,19152,0
SCAG.US,5,20260611,171500,0.364,0.3641,0.357,0.3641,6155,0
SCAG.US,5,20260611,172000,0.3641,0.3642,0.350101,0.3601,26435,0
SCAG.US,5,20260611,172500,0.3503,0.37,0.3503,0.37,940,0
SCAG.US,5,20260611,173000,0.3601,0.37,0.3601,0.3638,9857,0
SCAG.US,5,20260611,173500,0.3638,0.374,0.3602,0.3703,47282,0
SCAG.US,5,20260611,174000,0.3703,0.3703,0.3651,0.3652,15834,0
SCAG.US,5,20260611,174500,0.365584,0.369,0.3588,0.3588,8373,0
SCAG.US,5,20260611,175000,0.3619,0.3635,0.3589,0.3635,2485,0
SCAG.US,5,20260611,175500,0.36275,0.3635,0.34951,0.3612,11378,0
SCAG.US,5,20260611,180000,0.3612,0.374,0.359,0.372,77987,0
SCAG.US,5,20260611,180500,0.3739,0.374,0.3591,0.3656,13015,0
SCAG.US,5,20260611,181000,0.3679,0.3679,0.3646,0.3646,16898,0
SCAG.US,5,20260611,181500,0.3679,0.374,0.3679,0.372,41397,0
SCAG.US,5,20260611,182000,0.372,0.374,0.36001,0.374,13926,0
SCAG.US,5,20260611,182500,0.374,0.374549,0.3682,0.3692,12591,0
SCAG.US,5,20260611,183000,0.37455,0.3805,0.3692,0.3745,22730,0
SCAG.US,5,20260611,183500,0.3766,0.384,0.3692,0.3765,28939,0
SCAG.US,5,20260611,184000,0.3733,0.3766,0.3692,0.3692,19279,0
SCAG.US,5,20260611,184500,0.3692,0.3692,0.36751,0.3682,2960,0
SCAG.US,5,20260611,185000,0.3761,0.38399,0.368201,0.3741,4332,0
SCAG.US,5,20260611,185500,0.3839,0.384,0.37,0.37,17536,0
SCAG.US,5,20260611,190000,0.3701,0.3839,0.37,0.3701,18295,0
SCAG.US,5,20260611,190500,0.3701,0.38099,0.3701,0.3701,3350,0
SCAG.US,5,20260611,191000,0.3737,0.375,0.3701,0.371899,2701,0
SCAG.US,5,20260611,191500,0.3719,0.3723,0.36,0.36,19080,0
SCAG.US,5,20260611,192000,0.372001,0.384,0.3608,0.384,23446,0
SCAG.US,5,20260611,192500,0.37,0.384,0.3625,0.3689,10680,0
SCAG.US,5,20260611,193000,0.3625,0.37549,0.35411,0.3624,17872,0
SCAG.US,5,20260611,193500,0.3624,0.36425,0.3515,0.3569,14172,0
SCAG.US,5,20260611,194000,0.3569,0.3634,0.3569,0.36,11227,0
SCAG.US,5,20260611,194500,0.3684,0.371,0.362,0.3707,2200,0
SCAG.US,5,20260611,195000,0.3616,0.37075,0.3616,0.37075,1693,0
SCAG.US,5,20260611,195500,0.3616,0.3705,0.36025,0.36025,4198,0
SCAG.US,5,20260611,200000,0.36025,0.362,0.3602,0.36025,2796,0
SCAG.US,5,20260611,200500,0.3611,0.3705,0.361,0.3621,14548,0
SCAG.US,5,20260611,201000,0.3621,0.3705,0.3614,0.3705,16791,0
SCAG.US,5,20260611,201500,0.3705,0.3705,0.3611,0.3694,14230,0
SCAG.US,5,20260611,202000,0.3611,0.3686,0.3611,0.3684,2000,0
SCAG.US,5,20260611,202500,0.3613,0.3705,0.3611,0.3693,16657,0
SCAG.US,5,20260611,203000,0.3652,0.3687,0.361,0.3652,4735,0
SCAG.US,5,20260611,203500,0.3693,0.3693,0.3611,0.36445,5412,0
SCAG.US,5,20260611,204000,0.3678,0.3679,0.36445,0.3673,10107,0
SCAG.US,5,20260611,204500,0.36445,0.3673,0.361,0.36445,14000,0
SCAG.US,5,20260611,205000,0.3676,0.3679,0.361,0.36445,7469,0
SCAG.US,5,20260611,205500,0.3675,0.3679,0.36445,0.3662,2168,0
SCAG.US,5,20260611,210000,0.3662,0.3678,0.364,0.364,3328,0
SCAG.US,5,20260611,210500,0.36285,0.3648,0.3628,0.3646,1300,0
SCAG.US,5,20260611,211000,0.3617,0.3617,0.3571,0.3573,2300,0
SCAG.US,5,20260611,211500,0.3573,0.3646,0.3573,0.3633,3600,0
SCAG.US,5,20260611,212000,0.3573,0.3635,0.35,0.3635,3160,0
SCAG.US,5,20260611,212500,0.3573,0.3633,0.353001,0.3623,1932,0
SCAG.US,5,20260611,213000,0.3622,0.3623,0.353,0.3565,5921,0
SCAG.US,5,20260611,213500,0.3596,0.3596,0.3501,0.355251,58696,0
SCAG.US,5,20260611,214000,0.35051,0.3592,0.35051,0.3532,5123,0
SCAG.US,5,20260611,214500,0.3557,0.3558,0.353149,0.3532,7239,0
SCAG.US,5,20260611,215000,0.35185,0.3558,0.35185,0.35565,5344,0
SCAG.US,5,20260611,215500,0.3558,0.3584,0.3531,0.35315,9729,0
SCAG.US,5,20260612,153000,0.3358,0.362,0.3326,0.3619,37133,0
SCAG.US,5,20260612,153500,0.362,0.3749,0.362,0.36845,21136,0
SCAG.US,5,20260612,154000,0.37115,0.374001,0.368001,0.368001,2810,0
SCAG.US,5,20260612,154500,0.374,0.37705,0.368001,0.37705,9627,0
SCAG.US,5,20260612,155000,0.37705,0.38,0.3741,0.38,8611,0
SCAG.US,5,20260612,155500,0.38335,0.389,0.38,0.3845,23908,0
SCAG.US,5,20260612,160000,0.380101,0.3816,0.3742,0.374201,6585,0
SCAG.US,5,20260612,160500,0.3741,0.378501,0.368,0.378501,2301,0
SCAG.US,5,20260612,161000,0.3772,0.3772,0.368,0.368,4073,0
SCAG.US,5,20260612,161500,0.368001,0.3684,0.368001,0.3684,47520,0
SCAG.US,5,20260612,162000,0.3715,0.3783,0.3684,0.3783,3446,0
SCAG.US,5,20260612,162500,0.38,0.3863,0.3681,0.3681,31519,0
SCAG.US,5,20260612,163000,0.374749,0.3814,0.3746,0.3746,3760,0
SCAG.US,5,20260612,164000,0.3746,0.374749,0.3746,0.374749,835,0
SCAG.US,5,20260612,164500,0.3814,0.3814,0.3814,0.3814,320,0
SCAG.US,5,20260612,165000,0.374,0.374,0.368,0.374,3101,0
SCAG.US,5,20260612,165500,0.368,0.374,0.368,0.368,2426,0
SCAG.US,5,20260612,170000,0.368,0.368,0.368,0.368,183,0
SCAG.US,5,20260612,171000,0.374,0.374001,0.3677,0.368,32829,0
SCAG.US,5,20260612,171500,0.3681,0.3681,0.368,0.3681,4864,0
SCAG.US,5,20260612,172000,0.3681,0.3681,0.368,0.368,5500,0
SCAG.US,5,20260612,172500,0.3681,0.369,0.368,0.369,381,0
SCAG.US,5,20260612,173000,0.37,0.37,0.368,0.368,11549,0
SCAG.US,5,20260612,173500,0.368,0.368,0.368,0.368,3120,0
SCAG.US,5,20260612,174000,0.368,0.368,0.3663,0.368,47103,0
SCAG.US,5,20260612,174500,0.368,0.368,0.3663,0.3663,2143,0
SCAG.US,5,20260612,175000,0.368,0.368,0.362,0.362,36620,0
SCAG.US,5,20260612,175500,0.362,0.362,0.362,0.362,16652,0
SCAG.US,5,20260612,180000,0.3643,0.3643,0.3643,0.3643,819,0
SCAG.US,5,20260612,180500,0.364,0.364,0.364,0.364,100,0
SCAG.US,5,20260612,181000,0.364,0.364,0.362,0.363001,4252,0
SCAG.US,5,20260612,181500,0.362,0.3723,0.362,0.3723,12494,0
SCAG.US,5,20260612,182000,0.3639,0.3639,0.362,0.362,1317,0
SCAG.US,5,20260612,182500,0.362,0.3624,0.362,0.362,15238,0
SCAG.US,5,20260612,183000,0.3621,0.3621,0.3621,0.3621,786,0
SCAG.US,5,20260612,183500,0.3621,0.3621,0.3621,0.3621,100,0
SCAG.US,5,20260612,184000,0.3621,0.3621,0.362,0.362,6869,0
SCAG.US,5,20260612,184500,0.362,0.362,0.362,0.362,281,0
SCAG.US,5,20260612,185500,0.36555,0.36555,0.36555,0.36555,600,0
SCAG.US,5,20260612,190000,0.3621,0.3656,0.362,0.362,8581,0
SCAG.US,5,20260612,190500,0.362,0.362,0.362,0.362,900,0
SCAG.US,5,20260612,191000,0.362,0.3621,0.362,0.3621,6780,0
SCAG.US,5,20260612,191500,0.3621,0.3621,0.362,0.362,381,0
SCAG.US,5,20260612,192000,0.362,0.362,0.362,0.362,569,0
SCAG.US,5,20260612,192500,0.362,0.362,0.362,0.362,281,0
SCAG.US,5,20260612,193000,0.36209,0.36209,0.36209,0.36209,100,0
SCAG.US,5,20260612,194500,0.362,0.3668,0.362,0.3668,35273,0
SCAG.US,5,20260612,195500,0.3644,0.3668,0.3644,0.3668,300,0
SCAG.US,5,20260612,200500,0.3644,0.3644,0.3644,0.3644,381,0
SCAG.US,5,20260612,201500,0.3668,0.3723,0.3668,0.370251,1256,0
SCAG.US,5,20260612,202000,0.3702,0.3702,0.3677,0.3697,700,0
SCAG.US,5,20260612,204000,0.3713,0.3733,0.3713,0.3714,1859,0
SCAG.US,5,20260612,204500,0.372,0.3742,0.3676,0.3694,2812,0
SCAG.US,5,20260612,205000,0.3713,0.3713,0.3712,0.3713,400,0
SCAG.US,5,20260612,205500,0.3682,0.3713,0.3682,0.3713,300,0
SCAG.US,5,20260612,210500,0.3627,0.3627,0.3627,0.3627,500,0
SCAG.US,5,20260612,212500,0.3665,0.371,0.3665,0.371,5396,0
SCAG.US,5,20260612,213000,0.3709,0.3709,0.3709,0.3709,5000,0
SCAG.US,5,20260612,213500,0.371,0.3814,0.371,0.3814,10690,0
SCAG.US,5,20260612,214000,0.3814,0.3814,0.3627,0.3627,8986,0
SCAG.US,5,20260612,214500,0.3627,0.3627,0.3627,0.3627,1486,0
SCAG.US,5,20260612,215000,0.36271,0.36271,0.36271,0.36271,7194,0
SCAG.US,5,20260612,215500,0.3798,0.4025,0.373,0.3827,19788,0
SCAG.US,5,20260615,153000,0.357,0.375,0.357,0.3678,11149,0
SCAG.US,5,20260615,153500,0.366,0.37,0.3658,0.3685,8074,0
SCAG.US,5,20260615,154000,0.37,0.378,0.35101,0.366001,42887,0
SCAG.US,5,20260615,154500,0.3511,0.381,0.3511,0.381,55990,0
SCAG.US,5,20260615,155500,0.378,0.378,0.372499,0.372499,1037,0
SCAG.US,5,20260615,160000,0.371,0.37375,0.37,0.3725,3780,0
SCAG.US,5,20260615,160500,0.37,0.37,0.37,0.37,778,0
SCAG.US,5,20260615,161000,0.367501,0.367501,0.367501,0.367501,1500,0
SCAG.US,5,20260615,161500,0.36,0.3623,0.36,0.361,6611,0
SCAG.US,5,20260615,162000,0.3611,0.3611,0.36,0.36,1700,0
SCAG.US,5,20260615,162500,0.36,0.3705,0.36,0.3674,1100,0
SCAG.US,5,20260615,163000,0.370501,0.370501,0.36,0.36,511,0
SCAG.US,5,20260615,163500,0.355,0.3705,0.3514,0.3705,663,0
SCAG.US,5,20260615,165000,0.352,0.3695,0.352,0.366,3600,0
SCAG.US,5,20260615,165500,0.356,0.35805,0.3511,0.35805,50550,0
SCAG.US,5,20260615,170000,0.352,0.352701,0.352,0.3526,1669,0
SCAG.US,5,20260615,170500,0.354,0.354,0.354,0.354,100,0
SCAG.US,5,20260615,171000,0.3575,0.3575,0.356501,0.356501,800,0
SCAG.US,5,20260615,171500,0.3555,0.3555,0.3555,0.3555,485,0
SCAG.US,5,20260615,172000,0.3565,0.3565,0.3565,0.3565,261,0
SCAG.US,5,20260615,172500,0.355,0.36,0.352,0.35201,6552,0
SCAG.US,5,20260615,173000,0.352101,0.352101,0.3511,0.3511,829,0
SCAG.US,5,20260615,173500,0.3511,0.352,0.3508,0.3508,4476,0
SCAG.US,5,20260615,174000,0.3599,0.3599,0.3599,0.3599,200,0
SCAG.US,5,20260615,174500,0.3509,0.3555,0.3508,0.3555,17700,0
SCAG.US,5,20260615,175000,0.3508,0.3508,0.35,0.3508,13858,0
SCAG.US,5,20260615,180500,0.3603,0.3603,0.345,0.345,1099,0
SCAG.US,5,20260615,181000,0.35,0.35,0.35,0.35,361,0
SCAG.US,5,20260615,181500,0.35,0.35,0.35,0.35,738,0
SCAG.US,5,20260615,182500,0.345,0.345,0.345,0.345,200,0
SCAG.US,5,20260615,183500,0.3401,0.3401,0.3401,0.3401,250,0
SCAG.US,5,20260615,184000,0.341,0.341,0.341,0.341,530,0
SCAG.US,5,20260615,190500,0.3451,0.3451,0.3451,0.3451,100,0
SCAG.US,5,20260615,191500,0.35,0.35,0.35,0.35,100,0
SCAG.US,5,20260615,192000,0.352299,0.352301,0.352299,0.352301,600,0
SCAG.US,5,20260615,192500,0.346,0.346,0.345,0.345,361,0
SCAG.US,5,20260615,193000,0.3451,0.3451,0.3451,0.3451,600,0
SCAG.US,5,20260615,194000,0.346,0.346,0.3405,0.3405,12098,0
SCAG.US,5,20260615,194500,0.3405,0.3405,0.3401,0.3401,2508,0
SCAG.US,5,20260615,195000,0.34615,0.34615,0.34615,0.34615,216,0
SCAG.US,5,20260615,195500,0.34615,0.34615,0.34615,0.34615,1100,0
SCAG.US,5,20260615,200000,0.345,0.345,0.345,0.345,261,0
SCAG.US,5,20260615,202000,0.3456,0.3474,0.3456,0.3474,3540,0
SCAG.US,5,20260615,202500,0.3474,0.3474,0.345,0.345,757,0
SCAG.US,5,20260615,203000,0.341,0.341,0.341,0.341,500,0
SCAG.US,5,20260615,203500,0.341,0.341,0.3401,0.3401,361,0
SCAG.US,5,20260615,204000,0.3401,0.34055,0.33,0.33,21443,0
SCAG.US,5,20260615,204500,0.3351,0.3603,0.335,0.3603,5700,0
SCAG.US,5,20260615,205000,0.335,0.343651,0.335,0.343651,600,0
SCAG.US,5,20260615,210000,0.329,0.33535,0.320001,0.320001,29686,0
SCAG.US,5,20260615,210500,0.325,0.325,0.325,0.325,200,0
SCAG.US,5,20260615,211000,0.3312,0.3437,0.322,0.3437,6700,0
SCAG.US,5,20260615,212000,0.3413,0.3603,0.3357,0.3603,2274,0
SCAG.US,5,20260615,212500,0.36,0.36,0.36,0.36,2100,0
SCAG.US,5,20260615,213000,0.36,0.36,0.325,0.36,4399,0
SCAG.US,5,20260615,213500,0.36,0.36,0.3257,0.355,6219,0
SCAG.US,5,20260615,214000,0.355,0.36,0.34,0.36,4520,0
SCAG.US,5,20260615,214500,0.36,0.36,0.345,0.36,4701,0
SCAG.US,5,20260615,215000,0.36,0.36,0.345,0.36,5520,0
SCAG.US,5,20260615,215500,0.36,0.3705,0.341,0.3705,25954,0
SCAG.US,5,20260616,153000,0.3513,0.364999,0.3513,0.364999,2380,0
SCAG.US,5,20260616,153500,0.365001,0.365001,0.362,0.362,321,0
SCAG.US,5,20260616,154000,0.365,0.365001,0.365,0.365001,28973,0
SCAG.US,5,20260616,154500,0.362,0.362101,0.3591,0.359201,4463,0
SCAG.US,5,20260616,155000,0.3591,0.3592,0.35,0.35,8710,0
SCAG.US,5,20260616,160000,0.350101,0.350101,0.3501,0.3501,1036,0
SCAG.US,5,20260616,161500,0.3508,0.3509,0.3508,0.3509,912,0
SCAG.US,5,20260616,162000,0.3509,0.365,0.3509,0.3579,4682,0
SCAG.US,5,20260616,162500,0.365,0.365,0.35,0.35,6257,0
SCAG.US,5,20260616,163000,0.3508,0.365,0.3508,0.3557,13312,0
SCAG.US,5,20260616,163500,0.365,0.365,0.3465,0.3465,9122,0
SCAG.US,5,20260616,164000,0.3501,0.3501,0.3501,0.3501,102,0
SCAG.US,5,20260616,165500,0.35005,0.3501,0.35,0.35,1376,0
SCAG.US,5,20260616,170000,0.3411,0.3413,0.33955,0.3396,2300,0
SCAG.US,5,20260616,171500,0.339549,0.339549,0.339549,0.339549,100,0
SCAG.US,5,20260616,172000,0.33955,0.33955,0.33075,0.3315,43701,0
SCAG.US,5,20260616,172500,0.33955,0.33955,0.33955,0.33955,664,0
SCAG.US,5,20260616,173500,0.33555,0.33555,0.33555,0.33555,200,0
SCAG.US,5,20260616,174000,0.3356,0.3357,0.3311,0.3311,1152,0
SCAG.US,5,20260616,174500,0.3325,0.3325,0.3325,0.3325,400,0
SCAG.US,5,20260616,175000,0.332501,0.334,0.3325,0.334,9945,0
SCAG.US,5,20260616,175500,0.3331,0.3331,0.3309,0.3311,1993,0
SCAG.US,5,20260616,180000,0.335,0.33935,0.335,0.33935,9672,0
SCAG.US,5,20260616,180500,0.339,0.339,0.335,0.3351,1950,0
SCAG.US,5,20260616,181000,0.335,0.3355,0.3349,0.3355,5068,0
SCAG.US,5,20260616,182500,0.3355,0.3355,0.3355,0.3355,500,0
SCAG.US,5,20260616,183000,0.331,0.3314,0.331,0.3311,3467,0
SCAG.US,5,20260616,184000,0.331,0.331,0.331,0.331,844,0
SCAG.US,5,20260616,184500,0.339301,0.339301,0.3393,0.3393,1838,0
SCAG.US,5,20260616,185500,0.3311,0.3311,0.3311,0.3311,100,0
SCAG.US,5,20260616,192000,0.331,0.331,0.33,0.33,1506,0
SCAG.US,5,20260616,192500,0.33875,0.33875,0.33875,0.33875,100,0
SCAG.US,5,20260616,193000,0.3312,0.3312,0.3299,0.3299,463,0
SCAG.US,5,20260616,194000,0.3224,0.3395,0.3224,0.3395,949,0
SCAG.US,5,20260616,194500,0.3224,0.335001,0.3224,0.3224,2050,0
SCAG.US,5,20260616,195000,0.3228,0.34759,0.3224,0.34759,2050,0
SCAG.US,5,20260616,201000,0.34,0.34,0.330101,0.330101,4027,0
SCAG.US,5,20260616,201500,0.337,0.34,0.3341,0.34,826,0
SCAG.US,5,20260616,202500,0.34,0.34,0.3399,0.3399,1022,0
SCAG.US,5,20260616,204500,0.334,0.334,0.33,0.3306,8386,0
SCAG.US,5,20260616,211000,0.3303,0.3303,0.3303,0.3303,631,0
SCAG.US,5,20260616,211500,0.328,0.3312,0.325,0.3312,6372,0
SCAG.US,5,20260616,212500,0.3312,0.3312,0.3312,0.3312,992,0
SCAG.US,5,20260616,213500,0.3281,0.3281,0.325,0.325,3700,0
SCAG.US,5,20260616,214000,0.33,0.3615,0.33,0.3614,15381,0
SCAG.US,5,20260616,214500,0.36,0.36,0.354,0.354,7256,0
SCAG.US,5,20260616,215000,0.356,0.357,0.348,0.356,8453,0
SCAG.US,5,20260616,215500,0.3537,0.3537,0.3459,0.3459,8034,0
SCAG.US,5,20260617,153000,0.33,0.337,0.326,0.335,6597,0
SCAG.US,5,20260617,154000,0.33,0.33,0.33,0.33,200,0
SCAG.US,5,20260617,160500,0.3429,0.3429,0.3429,0.3429,5000,0
SCAG.US,5,20260617,162000,0.3299,0.3299,0.3299,0.3299,100,0
SCAG.US,5,20260617,162500,0.33,0.33,0.33,0.33,190,0
SCAG.US,5,20260617,164000,0.33,0.342,0.328,0.3375,16531,0
SCAG.US,5,20260617,164500,0.3365,0.3365,0.3325,0.3325,600,0
SCAG.US,5,20260617,165000,0.33,0.33,0.323,0.325,3287,0
SCAG.US,5,20260617,165500,0.3339,0.3339,0.3339,0.3339,355,0
SCAG.US,5,20260617,170000,0.332,0.335,0.332,0.3341,24304,0
SCAG.US,5,20260617,170500,0.3335,0.3335,0.324,0.324,1038,0
SCAG.US,5,20260617,171000,0.32305,0.32305,0.32305,0.32305,166,0
SCAG.US,5,20260617,173000,0.323,0.323,0.323,0.323,200,0
SCAG.US,5,20260617,174000,0.323,0.323,0.323,0.323,400,0
SCAG.US,5,20260617,175000,0.318,0.318,0.318,0.318,549,0
SCAG.US,5,20260617,175500,0.323,0.323,0.323,0.323,180,0
SCAG.US,5,20260617,180500,0.3259,0.3259,0.3229,0.3259,2878,0
SCAG.US,5,20260617,181500,0.3201,0.3201,0.3201,0.3201,150,0
SCAG.US,5,20260617,182000,0.334,0.334,0.327,0.327,10200,0
SCAG.US,5,20260617,182500,0.334,0.334,0.334,0.334,400,0
SCAG.US,5,20260617,183000,0.327201,0.327201,0.3205,0.3205,630,0
SCAG.US,5,20260617,184000,0.3339,0.334,0.3339,0.334,292,0
SCAG.US,5,20260617,184500,0.326749,0.326749,0.326749,0.326749,500,0
SCAG.US,5,20260617,185000,0.3267,0.3267,0.3267,0.3267,200,0
SCAG.US,5,20260617,190500,0.3275,0.3302,0.3275,0.3302,2490,0
SCAG.US,5,20260617,191500,0.332,0.3325,0.331,0.3325,1436,0
SCAG.US,5,20260617,192000,0.3319,0.3319,0.3319,0.3319,140,0
SCAG.US,5,20260617,192500,0.33101,0.33101,0.33101,0.33101,1000,0
SCAG.US,5,20260617,193000,0.3311,0.3311,0.3275,0.3275,10796,0
SCAG.US,5,20260617,193500,0.3205,0.32725,0.3205,0.32725,28292,0
SCAG.US,5,20260617,194000,0.32675,0.3301,0.32675,0.3301,2282,0
SCAG.US,5,20260617,200000,0.3301,0.3301,0.3301,0.3301,900,0
SCAG.US,5,20260617,202500,0.329899,0.333,0.3286,0.333,10035,0
SCAG.US,5,20260617,204000,0.333,0.333,0.333,0.333,1394,0
SCAG.US,5,20260617,205000,0.3306,0.3306,0.3306,0.3306,200,0
SCAG.US,5,20260617,210000,0.334,0.334,0.334,0.334,200,0
SCAG.US,5,20260617,210500,0.3306,0.3306,0.3306,0.3306,473,0
SCAG.US,5,20260617,211500,0.3306,0.3306,0.3272,0.3273,3139,0
SCAG.US,5,20260617,212000,0.3273,0.3273,0.3272,0.3272,400,0
SCAG.US,5,20260617,212500,0.327051,0.327051,0.327051,0.327051,1000,0
SCAG.US,5,20260617,213000,0.333,0.333,0.333,0.333,200,0
SCAG.US,5,20260617,213500,0.333,0.333,0.333,0.333,300,0
SCAG.US,5,20260617,214000,0.333,0.3394,0.332,0.3394,7770,0
SCAG.US,5,20260617,214500,0.3394,0.3394,0.3394,0.3394,10201,0
SCAG.US,5,20260617,215000,0.3394,0.3403,0.3375,0.3375,4714,0
SCAG.US,5,20260617,215500,0.34015,0.3402,0.33715,0.3395,1604,0
SCAG.US,5,20260618,153000,0.3289,0.3289,0.3241,0.3241,15337,0
SCAG.US,5,20260618,153500,0.3381,0.345,0.3381,0.345,8901,0
SCAG.US,5,20260618,154000,0.3449,0.345,0.327701,0.3438,6100,0
SCAG.US,5,20260618,154500,0.345,0.35,0.3395,0.348,8791,0
SCAG.US,5,20260618,155000,0.347,0.347,0.34,0.347,1400,0
SCAG.US,5,20260618,155500,0.347,0.35,0.347,0.35,2181,0
SCAG.US,5,20260618,160000,0.35,0.36,0.35,0.358,6136,0
SCAG.US,5,20260618,160500,0.357,0.3599,0.328,0.3593,16804,0
SCAG.US,5,20260618,161000,0.3592,0.3592,0.330201,0.358,3465,0
SCAG.US,5,20260618,161500,0.3579,0.3579,0.3353,0.3459,4427,0
SCAG.US,5,20260618,162000,0.346,0.346,0.3458,0.3458,400,0
SCAG.US,5,20260618,162500,0.3458,0.3458,0.3367,0.3458,2500,0
SCAG.US,5,20260618,163000,0.3458,0.3459,0.3407,0.3459,500,0
SCAG.US,5,20260618,163500,0.3458,0.3459,0.34,0.3458,1200,0
SCAG.US,5,20260618,164000,0.3458,0.3458,0.3457,0.3457,300,0
SCAG.US,5,20260618,164500,0.3457,0.3457,0.3457,0.3457,500,0
SCAG.US,5,20260618,165000,0.3457,0.3457,0.3449,0.345,2790,0
SCAG.US,5,20260618,165500,0.345,0.345,0.3356,0.345,600,0
SCAG.US,5,20260618,170000,0.345,0.345,0.3449,0.3449,400,0
SCAG.US,5,20260618,170500,0.345,0.345,0.3356,0.345,9897,0
SCAG.US,5,20260618,171000,0.3449,0.345,0.3403,0.345,1500,0
SCAG.US,5,20260618,171500,0.345,0.345,0.344,0.344,400,0
SCAG.US,5,20260618,172000,0.345,0.3573,0.345,0.345,5632,0
SCAG.US,5,20260618,172500,0.3573,0.3573,0.3545,0.3545,1222,0
SCAG.US,5,20260618,173000,0.3573,0.3573,0.3573,0.3573,300,0
SCAG.US,5,20260618,173500,0.3572,0.3572,0.3499,0.35,500,0
SCAG.US,5,20260618,174000,0.35,0.35,0.35,0.35,1249,0
SCAG.US,5,20260618,174500,0.35,0.35,0.35,0.35,495,0
SCAG.US,5,20260618,175000,0.35,0.35,0.35,0.35,300,0
SCAG.US,5,20260618,175500,0.35,0.35,0.3499,0.35,15382,0
SCAG.US,5,20260618,180000,0.35,0.35,0.35,0.35,10400,0
SCAG.US,5,20260618,180500,0.3574,0.3574,0.357,0.357,3400,0
SCAG.US,5,20260618,181000,0.357,0.3595,0.3546,0.3595,24377,0
SCAG.US,5,20260618,181500,0.3596,0.374,0.3596,0.3687,13108,0
SCAG.US,5,20260618,182000,0.3687,0.3771,0.365,0.377,19934,0
SCAG.US,5,20260618,182500,0.376999,0.3771,0.37,0.3736,2600,0
SCAG.US,5,20260618,183000,0.37,0.37,0.3623,0.3623,5700,0
SCAG.US,5,20260618,184000,0.3623,0.3623,0.362,0.362,200,0
SCAG.US,5,20260618,184500,0.361,0.3623,0.361,0.3623,200,0
SCAG.US,5,20260618,185000,0.3623,0.3623,0.361,0.361,200,0
SCAG.US,5,20260618,185500,0.3623,0.3623,0.3496,0.361,5300,0
SCAG.US,5,20260618,190000,0.3583,0.360049,0.357,0.357,300,0
SCAG.US,5,20260618,190500,0.3504,0.3504,0.3504,0.3504,495,0
SCAG.US,5,20260618,191000,0.3504,0.3504,0.3504,0.3504,200,0
SCAG.US,5,20260618,191500,0.3504,0.3504,0.34355,0.3504,1139,0
SCAG.US,5,20260618,192000,0.3504,0.3504,0.3504,0.3504,683,0
SCAG.US,5,20260618,192500,0.3527,0.3552,0.3527,0.355,600,0
SCAG.US,5,20260618,194000,0.355,0.35615,0.355,0.35615,440,0
SCAG.US,5,20260618,200500,0.3603,0.3603,0.3563,0.3563,6100,0
SCAG.US,5,20260618,201500,0.356349,0.35635,0.3563,0.3563,1223,0
SCAG.US,5,20260618,202000,0.3563,0.3563,0.3524,0.3524,1644,0
SCAG.US,5,20260618,202500,0.352501,0.3603,0.352501,0.3603,226,0
SCAG.US,5,20260618,203000,0.3564,0.3564,0.3564,0.3564,2714,0
SCAG.US,5,20260618,203500,0.3564,0.358,0.3564,0.358,367,0
SCAG.US,5,20260618,204000,0.3583,0.3623,0.3583,0.3623,594,0
SCAG.US,5,20260618,204500,0.3623,0.3623,0.3623,0.3623,200,0
SCAG.US,5,20260618,205000,0.3623,0.3624,0.360527,0.3624,1369,0
SCAG.US,5,20260618,210000,0.37,0.37,0.37,0.37,300,0
SCAG.US,5,20260618,210500,0.37,0.37,0.3652,0.3652,400,0
SCAG.US,5,20260618,211000,0.37,0.37,0.3604,0.369,34701,0
SCAG.US,5,20260618,211500,0.3651,0.3739,0.3651,0.3739,600,0
SCAG.US,5,20260618,212000,0.3723,0.374,0.3723,0.374,1976,0
SCAG.US,5,20260618,212500,0.3739,0.3739,0.3702,0.3702,400,0
SCAG.US,5,20260618,213000,0.3702,0.3702,0.3702,0.3702,5400,0
SCAG.US,5,20260618,213500,0.3702,0.3702,0.3702,0.3702,600,0
SCAG.US,5,20260618,214000,0.3739,0.3739,0.3733,0.3733,500,0
SCAG.US,5,20260618,214500,0.3739,0.3739,0.3671,0.3738,1663,0
SCAG.US,5,20260618,215000,0.3737,0.37375,0.3603,0.3734,1800,0
SCAG.US,5,20260618,215500,0.3734,0.376,0.3683,0.376,16947,0
SCAG.US,5,20260622,153000,0.3594,0.36,0.3582,0.3582,13086,0
SCAG.US,5,20260622,153500,0.3582,0.3594,0.3582,0.3594,997,0
SCAG.US,5,20260622,154000,0.3582,0.3582,0.3582,0.3582,598,0
SCAG.US,5,20260622,154500,0.35855,0.35855,0.35855,0.35855,300,0
SCAG.US,5,20260622,155000,0.3582,0.35855,0.3582,0.35855,600,0
SCAG.US,5,20260622,155500,0.35855,0.35855,0.35855,0.35855,150,0
SCAG.US,5,20260622,160500,0.3585,0.3585,0.3582,0.3585,1819,0
SCAG.US,5,20260622,161000,0.3729,0.373,0.3701,0.3701,1661,0
SCAG.US,5,20260622,161500,0.36,0.36,0.36,0.36,213,0
SCAG.US,5,20260622,162000,0.35195,0.35195,0.35195,0.35195,2600,0
SCAG.US,5,20260622,162500,0.344,0.351951,0.3422,0.3475,10337,0
SCAG.US,5,20260622,163500,0.3436,0.3515,0.3436,0.3515,4465,0
SCAG.US,5,20260622,164000,0.3515,0.3515,0.3515,0.3515,357,0
SCAG.US,5,20260622,164500,0.3503,0.3515,0.3503,0.3515,400,0
SCAG.US,5,20260622,165000,0.3432,0.34725,0.3419,0.3432,3427,0
SCAG.US,5,20260622,165500,0.34725,0.34725,0.34725,0.34725,1400,0
SCAG.US,5,20260622,170500,0.3432,0.36,0.3432,0.36,10700,0
SCAG.US,5,20260622,171500,0.343,0.343,0.343,0.343,5000,0
SCAG.US,5,20260622,172000,0.351,0.3515,0.351,0.3515,1398,0
SCAG.US,5,20260622,172500,0.3431,0.3515,0.3419,0.3431,7061,0
SCAG.US,5,20260622,173500,0.3515,0.3515,0.3515,0.3515,929,0
SCAG.US,5,20260622,174000,0.3443,0.35005,0.3419,0.35005,14246,0
SCAG.US,5,20260622,174500,0.35005,0.35005,0.35005,0.35005,400,0
SCAG.US,5,20260622,180500,0.35,0.35,0.35,0.35,480,0
SCAG.US,5,20260622,181000,0.341,0.341,0.341,0.341,204,0
SCAG.US,5,20260622,181500,0.3419,0.3455,0.3419,0.3455,500,0
SCAG.US,5,20260622,182000,0.3455,0.3455,0.3455,0.3455,300,0
SCAG.US,5,20260622,182500,0.3421,0.3421,0.3421,0.3421,106,0
SCAG.US,5,20260622,183000,0.3455,0.3455,0.341,0.341,700,0
SCAG.US,5,20260622,183500,0.342,0.342,0.342,0.342,2090,0
SCAG.US,5,20260622,185000,0.34505,0.34505,0.34505,0.34505,300,0
SCAG.US,5,20260622,185500,0.34505,0.34505,0.34505,0.34505,300,0
SCAG.US,5,20260622,190500,0.34505,0.34505,0.34505,0.34505,300,0
SCAG.US,5,20260622,191000,0.3401,0.3402,0.3401,0.3402,200,0
SCAG.US,5,20260622,191500,0.34505,0.34505,0.3401,0.3401,548,0
SCAG.US,5,20260622,193000,0.35,0.35,0.35,0.35,4000,0
SCAG.US,5,20260622,193500,0.3401,0.34505,0.3401,0.341,1400,0
SCAG.US,5,20260622,194000,0.341,0.34505,0.341,0.34505,475,0
SCAG.US,5,20260622,194500,0.34505,0.34505,0.34505,0.34505,2000,0
SCAG.US,5,20260622,195000,0.34505,0.34505,0.34505,0.34505,578,0
SCAG.US,5,20260622,195500,0.34505,0.34505,0.341,0.341,500,0
SCAG.US,5,20260622,200000,0.34505,0.34505,0.34505,0.34505,300,0
SCAG.US,5,20260622,201000,0.34505,0.34505,0.34505,0.34505,300,0
SCAG.US,5,20260622,202500,0.3451,0.3451,0.34505,0.34505,200,0
SCAG.US,5,20260622,203000,0.34505,0.34505,0.34505,0.34505,200,0
SCAG.US,5,20260622,203500,0.3402,0.34505,0.3402,0.345,10000,0
SCAG.US,5,20260622,204000,0.34505,0.34505,0.34505,0.34505,200,0
SCAG.US,5,20260622,205000,0.341,0.341,0.341,0.341,200,0
SCAG.US,5,20260622,205500,0.34505,0.34505,0.34505,0.34505,500,0
SCAG.US,5,20260622,210000,0.34505,0.34505,0.34505,0.34505,400,0
SCAG.US,5,20260622,212500,0.3402,0.3402,0.3402,0.3402,460,0
SCAG.US,5,20260622,214500,0.35,0.353,0.3465,0.353,6008,0
SCAG.US,5,20260622,215500,0.352,0.352,0.3483,0.3483,2907,0
