<TICKER>,<PER>,<DATE>,<TIME>,<OPEN>,<HIGH>,<LOW>,<CLOSE>,<VOL>,<OPENINT>
BDL.US,5,20260126,153500,31.15,31.15,31.15,31.15,100,0
BDL.US,5,20260126,215500,31.35,31.35,31.35,31.35,261,0
BDL.US,5,20260129,153000,32.3715,32.3715,32.3715,32.3715,200,0
BDL.US,5,20260203,153500,31.8,31.8,31.8,31.8,100,0
BDL.US,5,20260203,163500,31.5,31.5,31.5,31.5,150,0
BDL.US,5,20260204,154000,32.1,32.3182,32.1,32.3182,447,0
BDL.US,5,20260204,215500,32.5,32.5,32.5,32.5,169,0
BDL.US,5,20260209,154500,32,32,32,32,400,0
BDL.US,5,20260209,155000,32.4999,32.5,32.4999,32.4999,1799,0
BDL.US,5,20260209,215000,33.21,33.21,33.21,33.21,100,0
BDL.US,5,20260211,201000,32.25,32.25,32.25,32.25,188,0
BDL.US,5,20260217,215500,32,32,32,32,367,0
BDL.US,5,20260218,153500,33.403,33.403,33.403,33.403,255,0
BDL.US,5,20260219,165000,32.5888,32.5888,32.5888,32.5888,200,0
BDL.US,5,20260225,165500,32.9999,33,32.9999,33,1100,0
BDL.US,5,20260225,191500,33.06,33.67,32.693,33.0999,1000,0
BDL.US,5,20260225,192000,32.5,33.3755,32.5,33.3755,600,0
BDL.US,5,20260225,192500,33.7,33.7,33.7,33.7,279,0
BDL.US,5,20260304,215500,34,34,34,34,139,0
BDL.US,5,20260305,172000,33.5,33.5,33.5,33.5,100,0
BDL.US,5,20260309,151000,33,33,33,33,100,0
BDL.US,5,20260310,181500,33.538059,33.99,33.538059,33.99,200,0
BDL.US,5,20260310,185000,33.744152,33.744152,33.744152,33.744152,100,0
BDL.US,5,20260311,195500,33.3486,33.3486,33.3486,33.3486,160,0
BDL.US,5,20260312,150500,33.825,33.825,33.825,33.825,569,0
BDL.US,5,20260312,205000,34.415,34.415,34.415,34.415,200,0
BDL.US,5,20260316,175000,33.825,33.825,33.825,33.825,600,0
BDL.US,5,20260316,203500,34.8287,35,34.625,34.9999,2375,0
BDL.US,5,20260316,205000,34.6,34.6,34.6,34.6,150,0
BDL.US,5,20260317,145500,34.9745,34.9745,34.9745,34.9745,100,0
BDL.US,5,20260317,162000,34.67,34.67,34.67,34.67,291,0
BDL.US,5,20260317,205500,32.98,32.98,32.98,32.98,217,0
BDL.US,5,20260318,205500,34.6,34.6,34.6,34.6,193,0
BDL.US,5,20260323,172500,33.2577,33.2577,33.2577,33.2577,100,0
BDL.US,5,20260325,161500,32.44,32.49,32,32,600,0
BDL.US,5,20260325,162000,32,32.5,32,32.2375,1200,0
BDL.US,5,20260325,175000,32.01,32.01,32.01,32.01,200,0
BDL.US,5,20260325,190000,32.5,32.5,32.5,32.5,153,0
BDL.US,5,20260326,154500,32.3599,32.36,32,32,376,0
BDL.US,5,20260326,155000,32.5,32.7795,32.3969,32.7795,900,0
BDL.US,5,20260326,155500,31.2,31.2,31.2,31.2,100,0
BDL.US,5,20260327,151000,31.0001,31.001,31,31,986,0
BDL.US,5,20260401,194500,32.5,32.5,32.5,32.5,100,0
BDL.US,5,20260401,201500,33.5,33.5,33.5,33.5,100,0
BDL.US,5,20260401,205500,33.25,33.25,33.25,33.25,100,0
BDL.US,5,20260402,153000,31.71,31.71,31.71,31.71,121,0
BDL.US,5,20260402,163000,32.25,32.25,32.25,32.25,377,0
BDL.US,5,20260408,153000,32.25,32.25,32.25,32.25,111,0
BDL.US,5,20260408,154000,32.27,32.27,31.26,32.25,1860,0
BDL.US,5,20260409,202000,32.225,32.225,32.225,32.225,107,0
BDL.US,5,20260410,185000,31.1301,31.1301,31.1301,31.1301,103,0
BDL.US,5,20260410,211500,31.6,31.6,31.6,31.6,129,0
BDL.US,5,20260413,153000,31.5,31.5,31.5,31.5,310,0
BDL.US,5,20260413,190000,29.75,30,29.75,29.88,1496,0
BDL.US,5,20260413,191000,29.75,29.75,29.75,29.75,200,0
BDL.US,5,20260413,191500,29.45,29.45,29.45,29.45,100,0
BDL.US,5,20260413,192000,29.7054,29.7054,29.631,29.631,426,0
BDL.US,5,20260413,192500,29.45,29.45,29.45,29.45,200,0
BDL.US,5,20260413,201500,29.73,29.73,29.73,29.73,200,0
BDL.US,5,20260414,194000,30.44,30.44,30.44,30.44,100,0
BDL.US,5,20260414,214500,29.635,29.635,29.635,29.635,100,0
BDL.US,5,20260414,215500,29.6,29.6,29.6,29.6,114,0
BDL.US,5,20260415,214000,31,31,31,31,267,0
BDL.US,5,20260416,215500,31.36,31.36,31.36,31.36,121,0
BDL.US,5,20260420,163000,30.63,30.63,30.63,30.63,100,0
BDL.US,5,20260420,182000,30,30,30,30,122,0
BDL.US,5,20260420,195500,29.7,30,29.7,30,623,0
BDL.US,5,20260420,200000,30,30,29.9999,29.9999,4486,0
BDL.US,5,20260420,215500,29.97,29.97,29.97,29.97,299,0
BDL.US,5,20260421,153500,29.56,29.56,29.48,29.48,1597,0
BDL.US,5,20260421,154000,31,31,31,31,250,0
BDL.US,5,20260421,155500,30.25,30.25,30.25,30.25,300,0
BDL.US,5,20260422,153000,30.24,30.24,30.24,30.24,101,0
BDL.US,5,20260422,215500,29.81,29.81,29.81,29.81,210,0
BDL.US,5,20260423,194000,30,30,30,30,100,0
BDL.US,5,20260423,195000,34,34,34,34,494,0
BDL.US,5,20260423,202000,34.12,34.12,34.12,34.12,100,0
BDL.US,5,20260423,204500,30.6,30.6,30.6,30.6,100,0
BDL.US,5,20260427,214000,31,31,31,31,435,0
BDL.US,5,20260427,214500,33.05,33.05,31.99,31.99,680,0
BDL.US,5,20260427,215000,31.33,31.33,31.33,31.33,100,0
BDL.US,5,20260429,153500,30.83,32.5,30.83,32.5,300,0
BDL.US,5,20260429,190000,31,31,31,31,100,0
BDL.US,5,20260429,200000,31,31,31,31,100,0
BDL.US,5,20260429,215500,29,29,29,29,182,0
BDL.US,5,20260430,153000,30.64,31.33,30.55,31.33,300,0
BDL.US,5,20260430,173500,32.24,32.24,32.24,32.24,190,0
BDL.US,5,20260430,175500,31.0001,31.0001,31.0001,31.0001,100,0
BDL.US,5,20260430,213000,31.5,31.5,31.5,31.5,125,0
BDL.US,5,20260430,215500,32.11,32.11,32.11,32.11,192,0
BDL.US,5,20260505,214000,31.5,31.5,31.5,31.5,100,0
BDL.US,5,20260505,215500,29.01,29.01,29.01,29.01,104,0
BDL.US,5,20260506,153000,30.35,30.35,30.35,30.35,122,0
BDL.US,5,20260506,170000,30.5,30.5,30.5,30.5,100,0
BDL.US,5,20260506,190500,30.74,30.74,30.74,30.74,465,0
BDL.US,5,20260506,191000,30.9,30.93,30.76,30.8949,1600,0
BDL.US,5,20260506,213500,30.83,30.83,30.83,30.83,200,0
BDL.US,5,20260507,164000,30.5,30.5,30.5,30.5,205,0
BDL.US,5,20260507,215500,31.38,31.38,31.38,31.38,111,0
BDL.US,5,20260508,163500,30.0001,30.0001,30.0001,30.0001,137,0
BDL.US,5,20260508,214000,30.71,30.71,30.7,30.7,200,0
BDL.US,5,20260508,214500,30.53,30.53,30.53,30.53,100,0
BDL.US,5,20260511,154500,30.01,30.01,30.01,30.01,100,0
BDL.US,5,20260511,213500,30.45,30.45,30.45,30.45,131,0
BDL.US,5,20260513,175000,30.5,30.5,30.4999,30.4999,242,0
BDL.US,5,20260514,190000,29.38,29.38,29.38,29.38,100,0
BDL.US,5,20260514,190500,29.75,29.75,29.45,29.7499,2100,0
BDL.US,5,20260514,201500,30.4999,30.4999,30.4999,30.4999,400,0
BDL.US,5,20260515,165000,30.41,30.41,30.41,30.41,100,0
BDL.US,5,20260515,202500,30.955,30.955,30.955,30.955,200,0
BDL.US,5,20260518,192000,32,32,31.14,31.14,1185,0
BDL.US,5,20260518,202000,31.5,31.5,31.5,31.5,700,0
BDL.US,5,20260518,215500,32.3,32.3,31.5,31.5,393,0
BDL.US,5,20260519,153000,31.46,31.55,31.46,31.55,225,0
BDL.US,5,20260519,160000,32.25,32.25,32.25,32.25,100,0
BDL.US,5,20260519,174000,32.25,32.5,32.25,32.5,433,0
BDL.US,5,20260519,184000,33.31,33.31,33.31,33.31,100,0
BDL.US,5,20260519,193000,32.51,32.51,32.51,32.51,100,0
BDL.US,5,20260519,213000,33.31,33.31,33.31,33.31,100,0
BDL.US,5,20260520,215500,32.95,32.95,32.95,32.95,201,0
BDL.US,5,20260521,175500,31,31,31,31,361,0
BDL.US,5,20260521,184000,30.2628,30.2628,30.2628,30.2628,144,0
BDL.US,5,20260522,153000,31.81,31.81,31.81,31.81,100,0
BDL.US,5,20260522,153500,32.3,32.3,32.3,32.3,100,0
BDL.US,5,20260522,204500,31.97,31.97,31.97,31.97,100,0
BDL.US,5,20260522,215500,32.42,32.42,32.42,32.42,133,0
BDL.US,5,20260526,153000,34.12,34.12,34.12,34.12,300,0
BDL.US,5,20260526,203500,33.9999,33.9999,32.17,33,975,0
BDL.US,5,20260526,204500,33.86,34,33.72,34,1383,0
BDL.US,5,20260526,215500,33.22,33.22,33.22,33.22,209,0
BDL.US,5,20260527,163500,32,32,32,32,198,0
BDL.US,5,20260527,215500,34.5,34.5,34.5,34.5,168,0
BDL.US,5,20260528,213000,34.2504,34.2504,34.2504,34.2504,300,0
BDL.US,5,20260528,215500,34.5,34.5,34.5,34.5,200,0
BDL.US,5,20260529,204000,34,34,34,34,5000,0
BDL.US,5,20260529,205000,34,34,34,34,1780,0
BDL.US,5,20260601,180500,30.25,30.2501,30.25,30.2501,299,0
BDL.US,5,20260601,214500,33.24,33.28,32.65,32.65,752,0
BDL.US,5,20260601,215000,32.65,33.3,32.026,33.3,3778,0
BDL.US,5,20260601,215500,33.2,33.28,31.12,33.28,5005,0
BDL.US,5,20260602,173000,32.41,32.41,32.41,32.41,100,0
BDL.US,5,20260602,215500,32.52,32.52,32.52,32.52,139,0
BDL.US,5,20260604,154500,34.6286,34.6286,34.6286,34.6286,100,0
BDL.US,5,20260604,155500,33.92,33.92,33,33,280,0
BDL.US,5,20260608,155000,34.84,38.32,34.84,38.32,950,0
BDL.US,5,20260608,160500,35.0788,35.0788,35.0788,35.0788,300,0
BDL.US,5,20260608,161500,35.336,35.336,35.336,35.336,303,0
BDL.US,5,20260608,162000,35.56,35.56,35.56,35.56,250,0
BDL.US,5,20260608,183500,35.7,35.85,35.7,35.75,1854,0
BDL.US,5,20260608,192500,34.5,34.5,34.5,34.5,224,0
BDL.US,5,20260609,181500,35.485534,35.485534,35.485534,35.485534,143,0
BDL.US,5,20260609,183000,36.1,36.79,36.08,36.79,1772,0
BDL.US,5,20260609,210000,36.4,36.4,35.69,35.69,398,0
BDL.US,5,20260609,210500,36.51,36.51,35.99,36.09,783,0
BDL.US,5,20260609,212000,36.7,36.7,36.7,36.7,552,0
BDL.US,5,20260609,215500,36.7199,36.7199,36.7199,36.7199,200,0
BDL.US,5,20260610,211500,35.225,35.225,35.225,35.225,2326,0
BDL.US,5,20260611,153000,33.7,33.7,33.7,33.7,201,0
BDL.US,5,20260611,155000,34.8,34.8,34.8,34.8,100,0
BDL.US,5,20260611,205000,35.513,35.513,35.513,35.513,685,0
BDL.US,5,20260611,210000,34.99,34.99,34.7556,34.7556,785,0
BDL.US,5,20260612,165500,35.465,35.465,35.465,35.465,100,0
BDL.US,5,20260615,171000,36.6544,36.6544,36.6544,36.6544,118,0
BDL.US,5,20260615,180000,36.79,36.79,36.79,36.79,200,0
BDL.US,5,20260615,185500,36.92,36.92,36.92,36.92,100,0
BDL.US,5,20260615,203500,37.185,37.185,37.185,37.185,4000,0
BDL.US,5,20260615,214000,37.185,37.185,37.185,37.185,4747,0
BDL.US,5,20260615,215500,37.57,38.15,37.49,38.15,1500,0
BDL.US,5,20260616,153000,38.49,38.49,38.49,38.49,113,0
BDL.US,5,20260616,164500,37.2501,37.2501,37.2501,37.2501,300,0
BDL.US,5,20260616,165000,37.84,37.84,37.84,37.84,300,0
BDL.US,5,20260616,165500,38.11,38.12,38.11,38.12,200,0
BDL.US,5,20260616,173500,38.5,41.99,38.5,41,1466,0
BDL.US,5,20260616,174000,40.6,40.6,40.5,40.51,3014,0
BDL.US,5,20260616,174500,40.44,40.44,40.44,40.44,158,0
BDL.US,5,20260616,191000,39,39,38.975,38.975,800,0
BDL.US,5,20260616,201500,39.66,39.66,39.66,39.66,100,0
BDL.US,5,20260616,202000,39.13,39.13,39.13,39.13,100,0
BDL.US,5,20260616,202500,38.83,38.83,38.83,38.83,100,0
BDL.US,5,20260616,203500,38.63,38.63,38.63,38.63,100,0
BDL.US,5,20260616,204500,38.33,39,38.33,39,200,0
BDL.US,5,20260616,205000,39.4,39.4,39.4,39.4,100,0
BDL.US,5,20260616,205500,40,41.62,40,40.53,1159,0
BDL.US,5,20260616,210000,40.51,41.5,40.51,41.5,545,0
BDL.US,5,20260617,155000,40.62,42.25,40.62,42.25,1023,0
BDL.US,5,20260617,162000,41.5,41.5,41.5,41.5,100,0
BDL.US,5,20260617,165000,41.99,42.31,41.99,42.31,507,0
BDL.US,5,20260618,154500,42.84,42.84,42.74,42.84,500,0
BDL.US,5,20260618,155500,41.09,41.09,41.09,41.09,100,0
BDL.US,5,20260618,160000,41.52,41.52,41.52,41.52,100,0
BDL.US,5,20260618,162000,42.82,43.36,42.82,43.36,1100,0
BDL.US,5,20260618,162500,44.8,44.8,43.01,43.01,1149,0
BDL.US,5,20260618,163500,42.71,42.72,42.7,42.7,300,0
BDL.US,5,20260618,175000,40.61,40.61,40.61,40.61,100,0
BDL.US,5,20260618,183000,41.95,41.95,41.95,41.95,100,0
BDL.US,5,20260618,202000,42.32,42.32,42.32,42.32,200,0
BDL.US,5,20260618,204000,41.67,41.67,41.67,41.67,200,0
BDL.US,5,20260618,211500,41.67,41.67,41.67,41.67,200,0
BDL.US,5,20260618,215500,43.99,43.99,43.99,43.99,856,0
BDL.US,5,20260622,160000,42.95,42.95,42.95,42.95,128,0
BDL.US,5,20260622,211000,43,43,43,43,185,0
BDL.US,5,20260622,215500,43.985,43.9851,43.804208,43.804208,461,0
