<TICKER>,<PER>,<DATE>,<TIME>,<OPEN>,<HIGH>,<LOW>,<CLOSE>,<VOL>,<OPENINT>
BGI.US,5,20260126,153500,0.9092,0.9092,0.9092,0.9092,374,0
BGI.US,5,20260126,154500,0.9379,0.9379,0.9379,0.9379,250,0
BGI.US,5,20260126,160000,0.9111,0.9111,0.911,0.911,400,0
BGI.US,5,20260126,162500,0.911,0.9111,0.911,0.9111,200,0
BGI.US,5,20260126,180500,0.911,0.911,0.911,0.911,200,0
BGI.US,5,20260126,190000,0.9245,0.9245,0.9245,0.9245,100,0
BGI.US,5,20260126,200000,0.92445,0.92445,0.92445,0.92445,1518,0
BGI.US,5,20260126,210000,0.92445,0.92445,0.92445,0.92445,239,0
BGI.US,5,20260126,212500,0.9214,0.9214,0.9214,0.9214,5000,0
BGI.US,5,20260126,213000,0.911,0.911,0.9,0.9,7300,0
BGI.US,5,20260126,215000,0.9,0.9009,0.9,0.9009,300,0
BGI.US,5,20260126,215500,0.915,0.915,0.915,0.915,118,0
BGI.US,5,20260127,153000,0.9182,0.9182,0.9182,0.9182,1255,0
BGI.US,5,20260127,161000,0.9257,0.9264,0.9257,0.9264,300,0
BGI.US,5,20260127,172000,0.9001,0.900101,0.9001,0.900101,640,0
BGI.US,5,20260127,173000,0.9111,0.9111,0.9111,0.9111,100,0
BGI.US,5,20260127,175000,0.9,0.9,0.9,0.9,492,0
BGI.US,5,20260127,175500,0.9132,0.9132,0.9132,0.9132,100,0
BGI.US,5,20260127,180000,0.9132,0.9132,0.9132,0.9132,3050,0
BGI.US,5,20260127,182500,0.92,0.9264,0.9132,0.9264,3647,0
BGI.US,5,20260127,191500,0.906101,0.906101,0.906101,0.906101,238,0
BGI.US,5,20260127,193500,0.928,0.928,0.928,0.928,100,0
BGI.US,5,20260127,212000,0.91405,0.91405,0.891,0.891,7510,0
BGI.US,5,20260127,214000,0.9109,0.9109,0.9109,0.9109,300,0
BGI.US,5,20260127,215000,0.9009,0.9009,0.9009,0.9009,100,0
BGI.US,5,20260127,215500,0.9,0.9,0.9,0.9,500,0
BGI.US,5,20260128,153000,0.9,0.9,0.9,0.9,200,0
BGI.US,5,20260128,154000,0.8998,0.9,0.8955,0.9,3490,0
BGI.US,5,20260128,162500,0.9039,0.9039,0.9039,0.9039,100,0
BGI.US,5,20260128,163500,0.8911,0.9037,0.891,0.8975,22637,0
BGI.US,5,20260128,164000,0.891,0.891,0.891,0.891,100,0
BGI.US,5,20260128,164500,0.891,0.9038,0.88,0.88,7300,0
BGI.US,5,20260128,165000,0.89,0.89,0.8601,0.8674,7927,0
BGI.US,5,20260128,165500,0.880299,0.880299,0.8755,0.8755,3500,0
BGI.US,5,20260128,172500,0.8887,0.8931,0.8887,0.8931,200,0
BGI.US,5,20260128,180000,0.8601,0.8601,0.8601,0.8601,4166,0
BGI.US,5,20260128,180500,0.8931,0.8931,0.87,0.8927,300,0
BGI.US,5,20260128,181000,0.8816,0.8816,0.8816,0.8816,3750,0
BGI.US,5,20260128,183000,0.8932,0.8932,0.8932,0.8932,100,0
BGI.US,5,20260128,183500,0.87,0.87,0.87,0.87,100,0
BGI.US,5,20260128,192500,0.89,0.89,0.89,0.89,100,0
BGI.US,5,20260128,194500,0.8816,0.8931,0.8816,0.8931,700,0
BGI.US,5,20260128,200500,0.8924,0.8924,0.8924,0.8924,100,0
BGI.US,5,20260128,201000,0.876649,0.8809,0.876649,0.8809,5000,0
BGI.US,5,20260128,214000,0.8932,0.8932,0.8932,0.8932,100,0
BGI.US,5,20260128,215500,0.8775,0.8832,0.87,0.87,601,0
BGI.US,5,20260129,153000,0.88,0.88,0.88,0.88,1200,0
BGI.US,5,20260129,160000,0.86,0.8899,0.86,0.8899,335,0
BGI.US,5,20260129,165000,0.8601,0.8899,0.8601,0.8899,1401,0
BGI.US,5,20260129,172000,0.86,0.86,0.86,0.86,7185,0
BGI.US,5,20260129,172500,0.8862,0.8862,0.8862,0.8862,111,0
BGI.US,5,20260129,173000,0.89,0.89,0.89,0.89,100,0
BGI.US,5,20260129,174000,0.9,0.9,0.9,0.9,100,0
BGI.US,5,20260129,182000,0.9,0.9,0.9,0.9,100,0
BGI.US,5,20260129,185000,0.8946,0.9,0.8946,0.9,2000,0
BGI.US,5,20260129,191000,0.9,0.9,0.9,0.9,100,0
BGI.US,5,20260129,192500,0.8914,0.9,0.8801,0.9,1258,0
BGI.US,5,20260129,195000,0.865179,0.865179,0.865179,0.865179,500,0
BGI.US,5,20260129,201000,0.9199,0.9199,0.9199,0.9199,100,0
BGI.US,5,20260129,203500,0.890149,0.890149,0.890149,0.890149,100,0
BGI.US,5,20260129,205500,0.9201,0.9201,0.9201,0.9201,100,0
BGI.US,5,20260129,213000,0.92,0.92,0.92,0.92,500,0
BGI.US,5,20260129,214000,0.873808,0.873808,0.873808,0.873808,1999,0
BGI.US,5,20260129,215000,0.9199,0.92,0.9199,0.92,2100,0
BGI.US,5,20260129,215500,0.91,0.91,0.91,0.91,201,0
BGI.US,5,20260130,153000,0.92,0.92,0.92,0.92,120,0
BGI.US,5,20260130,153500,0.9,0.9177,0.9,0.9111,470,0
BGI.US,5,20260130,154000,0.92,0.9222,0.9,0.9126,6375,0
BGI.US,5,20260130,154500,0.9223,0.9691,0.92,0.94999,25020,0
BGI.US,5,20260130,155000,0.959,0.98,0.959,0.97405,3186,0
BGI.US,5,20260130,155500,0.9772,1,0.9751,0.9751,949,0
BGI.US,5,20260130,160000,0.9502,0.9751,0.9502,0.9751,4929,0
BGI.US,5,20260130,160500,0.992,0.992,0.992,0.992,103,0
BGI.US,5,20260130,161000,0.992,1,0.992,0.9999,7995,0
BGI.US,5,20260130,161500,0.969999,0.975,0.95,0.975,3116,0
BGI.US,5,20260130,162000,0.9731,1,0.9731,1,2703,0
BGI.US,5,20260130,162500,1,1.04,1,1.025,4283,0
BGI.US,5,20260130,163000,1.04,1.09,1.02,1.09,67863,0
BGI.US,5,20260130,163500,1.09,1.1,1.05,1.07,9528,0
BGI.US,5,20260130,164000,1.07,1.07,1.0307,1.05,8773,0
BGI.US,5,20260130,164500,1.05,1.05,1.0048,1.025,3885,0
BGI.US,5,20260130,165000,1.0112,1.03,1,1.03,5204,0
BGI.US,5,20260130,170000,1.048,1.05,1.04,1.04,3000,0
BGI.US,5,20260130,170500,1.05,1.05,1.0201,1.0201,1174,0
BGI.US,5,20260130,171000,1.035,1.0491,1.02,1.0491,3702,0
BGI.US,5,20260130,171500,1.0206,1.035,1.0206,1.035,2001,0
BGI.US,5,20260130,173000,1.0203,1.0203,1.0203,1.0203,134,0
BGI.US,5,20260130,173500,1.02,1.05,1.02,1.05,4000,0
BGI.US,5,20260130,174000,1.02,1.0352,1.02,1.0352,1016,0
BGI.US,5,20260130,174500,1.02,1.02,1.02,1.02,101,0
BGI.US,5,20260130,180500,1.05,1.05,1.05,1.05,100,0
BGI.US,5,20260130,181000,1.04,1.04,1.04,1.04,1500,0
BGI.US,5,20260130,182000,1.05,1.05,1.0452,1.0452,268,0
BGI.US,5,20260130,182500,1.0395,1.0395,1.0395,1.0395,1000,0
BGI.US,5,20260130,183000,1.05,1.05,1.05,1.05,100,0
BGI.US,5,20260130,183500,1.04,1.04,1.04,1.04,168,0
BGI.US,5,20260130,184500,1.05,1.05,1.05,1.05,800,0
BGI.US,5,20260130,185000,1.05,1.05,1.045,1.045,878,0
BGI.US,5,20260130,191000,1.055,1.06,1.055,1.06,2000,0
BGI.US,5,20260130,191500,1.07,1.07,1.07,1.07,132,0
BGI.US,5,20260130,192000,1.07,1.08,1.06,1.06,13527,0
BGI.US,5,20260130,192500,1.07,1.07,1.06,1.06,500,0
BGI.US,5,20260130,193000,1.045,1.045,1.045,1.045,2000,0
BGI.US,5,20260130,193500,1.05,1.05,1.05,1.05,200,0
BGI.US,5,20260130,194000,1.04,1.05,1.04,1.04,1217,0
BGI.US,5,20260130,194500,1.03,1.045,1.03,1.045,1875,0
BGI.US,5,20260130,200000,1.0599,1.0599,1.0599,1.0599,1000,0
BGI.US,5,20260130,202500,1.06,1.06,1.055,1.06,2240,0
BGI.US,5,20260130,203500,1.055,1.055,1.055,1.055,100,0
BGI.US,5,20260130,204000,1.055,1.06,1.05,1.06,4727,0
BGI.US,5,20260130,210000,1.063,1.07,1.0506,1.0506,2192,0
BGI.US,5,20260130,211000,1.05,1.0626,1,1.0101,3994,0
BGI.US,5,20260130,211500,1.035,1.035,1.035,1.035,1750,0
BGI.US,5,20260130,212000,1.035,1.035,1.035,1.035,284,0
BGI.US,5,20260130,213000,1.01,1.0607,1.01,1.0172,2009,0
BGI.US,5,20260130,213500,1.014,1.014,1.014,1.014,100,0
BGI.US,5,20260130,214000,1.03,1.03,1.0162,1.025,1100,0
BGI.US,5,20260130,215500,1.01,1.03,1.01,1.01,432,0
BGI.US,5,20260202,153500,1.01,1.0108,1.01,1.01,2991,0
BGI.US,5,20260202,161000,1.025,1.025,1.025,1.025,100,0
BGI.US,5,20260202,162000,1.0101,1.025,1.0101,1.025,375,0
BGI.US,5,20260202,163500,1.0353,1.0353,1.0353,1.0353,100,0
BGI.US,5,20260202,164000,1.02,1.02,1.02,1.02,521,0
BGI.US,5,20260202,165500,1.02,1.02,1.02,1.02,100,0
BGI.US,5,20260202,170000,1.025,1.025,1.0245,1.0245,860,0
BGI.US,5,20260202,170500,1.03,1.03,1.02,1.025,2117,0
BGI.US,5,20260202,172000,1.01,1.01,1.01,1.01,1289,0
BGI.US,5,20260202,173500,1.01,1.01,1.01,1.01,100,0
BGI.US,5,20260202,174500,1.015,1.015,1.015,1.015,100,0
BGI.US,5,20260202,180000,1.01,1.01,1.01,1.01,100,0
BGI.US,5,20260202,181000,1.02,1.02,1.02,1.02,1000,0
BGI.US,5,20260202,182000,1.0144,1.0144,0.955,0.955,6385,0
BGI.US,5,20260202,182500,0.9826,0.9826,0.9826,0.9826,100,0
BGI.US,5,20260202,183500,0.9651,0.9651,0.9651,0.9651,100,0
BGI.US,5,20260202,184500,0.98,0.98,0.98,0.98,100,0
BGI.US,5,20260202,191500,0.9875,0.9875,0.9875,0.9875,100,0
BGI.US,5,20260202,213000,0.965001,0.965001,0.965001,0.965001,250,0
BGI.US,5,20260202,214000,0.9501,0.9501,0.9501,0.9501,100,0
BGI.US,5,20260202,214500,0.95,0.96,0.9463,0.9463,630,0
BGI.US,5,20260202,215000,0.95,0.9514,0.95,0.95,1328,0
BGI.US,5,20260202,215500,0.9867,0.9867,0.9867,0.9867,500,0
BGI.US,5,20260203,154500,0.9617,0.9617,0.9617,0.9617,220,0
BGI.US,5,20260203,155000,0.9367,0.9367,0.9367,0.9367,164,0
BGI.US,5,20260203,160000,0.936701,0.936701,0.936701,0.936701,200,0
BGI.US,5,20260203,162000,0.9694,0.9694,0.9694,0.9694,100,0
BGI.US,5,20260203,192000,0.9584,0.9584,0.9584,0.9584,212,0
BGI.US,5,20260203,192500,0.94,0.94,0.94,0.94,500,0
BGI.US,5,20260203,193000,0.9617,0.9617,0.9617,0.9617,300,0
BGI.US,5,20260203,205000,0.9367,0.9367,0.9367,0.9367,100,0
BGI.US,5,20260203,210000,0.9584,0.9584,0.9199,0.9408,5434,0
BGI.US,5,20260203,214500,0.9163,0.9199,0.9163,0.9199,400,0
BGI.US,5,20260204,171000,0.98,0.98,0.98,0.98,100,0
BGI.US,5,20260204,210000,0.95,0.95,0.95,0.95,375,0
BGI.US,5,20260204,213500,0.97999,0.97999,0.97999,0.97999,2000,0
BGI.US,5,20260205,153000,0.9406,0.9406,0.93,0.93,449,0
BGI.US,5,20260205,153500,0.9201,0.9201,0.9201,0.9201,140,0
BGI.US,5,20260205,154000,0.92,0.978,0.92,0.978,200,0
BGI.US,5,20260205,155500,0.8866,0.89,0.8848,0.8848,700,0
BGI.US,5,20260205,160000,0.9324,0.9324,0.9324,0.9324,512,0
BGI.US,5,20260205,164000,0.900101,0.900101,0.900101,0.900101,349,0
BGI.US,5,20260205,164500,0.93745,0.93745,0.92,0.92,400,0
BGI.US,5,20260205,170000,0.9052,0.9052,0.9,0.9045,400,0
BGI.US,5,20260205,171000,0.9089,0.92,0.9073,0.9073,400,0
BGI.US,5,20260205,173500,0.9058,0.9061,0.904,0.9061,300,0
BGI.US,5,20260205,183000,0.93945,0.9395,0.904,0.9395,300,0
BGI.US,5,20260205,185000,0.9041,0.9041,0.9041,0.9041,430,0
BGI.US,5,20260205,185500,0.904,0.9375,0.904,0.9375,300,0
BGI.US,5,20260205,194500,0.93745,0.93745,0.93745,0.93745,116,0
BGI.US,5,20260205,212000,0.95,0.95,0.9375,0.9375,610,0
BGI.US,5,20260205,214500,0.910486,0.910486,0.9,0.9,1186,0
BGI.US,5,20260205,215000,0.9203,0.9354,0.9148,0.9148,1350,0
BGI.US,5,20260205,215500,0.9179,0.95059,0.9179,0.93,450,0
BGI.US,5,20260206,153000,0.88,0.895,0.88,0.895,1800,0
BGI.US,5,20260206,153500,0.894999,0.894999,0.894999,0.894999,290,0
BGI.US,5,20260206,154000,0.93,0.93,0.87,0.8701,2200,0
BGI.US,5,20260206,155500,0.878507,0.878507,0.878507,0.878507,109,0
BGI.US,5,20260206,161000,0.8826,0.93,0.8826,0.93,5672,0
BGI.US,5,20260206,161500,0.9373,0.9373,0.9373,0.9373,100,0
BGI.US,5,20260206,174500,0.9295,0.9295,0.9265,0.9265,440,0
BGI.US,5,20260206,175000,0.9205,0.9205,0.9205,0.9205,120,0
BGI.US,5,20260206,180000,0.9325,0.9325,0.93,0.93,420,0
BGI.US,5,20260206,200500,0.915,0.915,0.9125,0.9125,200,0
BGI.US,5,20260206,202000,0.93,0.93,0.93,0.93,500,0
BGI.US,5,20260206,210000,0.91,0.91,0.9001,0.9001,206,0
BGI.US,5,20260206,211500,0.927,0.927,0.927,0.927,100,0
BGI.US,5,20260206,213000,0.92695,0.92695,0.92695,0.92695,100,0
BGI.US,5,20260206,215000,0.9085,0.9085,0.9085,0.9085,100,0
BGI.US,5,20260206,215500,0.9,0.9,0.9,0.9,200,0
BGI.US,5,20260209,153000,0.872,0.872,0.872,0.872,120,0
BGI.US,5,20260209,154500,0.88,0.88,0.88,0.88,100,0
BGI.US,5,20260209,155000,0.872,0.872,0.872,0.872,300,0
BGI.US,5,20260209,163000,0.886,0.886,0.886,0.886,1000,0
BGI.US,5,20260209,163500,0.872,0.872,0.84,0.84,8378,0
BGI.US,5,20260209,171000,0.8756,0.8756,0.8756,0.8756,100,0
BGI.US,5,20260209,171500,0.85,0.85,0.84,0.84,9930,0
BGI.US,5,20260209,172000,0.8755,0.8755,0.83,0.8348,900,0
BGI.US,5,20260209,172500,0.841,0.841,0.841,0.841,100,0
BGI.US,5,20260209,180000,0.8563,0.8563,0.85625,0.8563,485,0
BGI.US,5,20260209,183000,0.8563,0.8563,0.8425,0.8425,4261,0
BGI.US,5,20260209,191000,0.831,0.831,0.83,0.83,200,0
BGI.US,5,20260209,193000,0.82,0.844999,0.82,0.844999,500,0
BGI.US,5,20260209,193500,0.845,0.8699,0.844999,0.8699,1200,0
BGI.US,5,20260209,201500,0.8301,0.8301,0.8301,0.8301,100,0
BGI.US,5,20260209,204500,0.869999,0.869999,0.869999,0.869999,100,0
BGI.US,5,20260209,213500,0.8521,0.8521,0.8521,0.8521,512,0
BGI.US,5,20260209,215500,0.8416,0.8416,0.8416,0.8416,100,0
BGI.US,5,20260210,153000,0.8375,0.8375,0.8375,0.8375,200,0
BGI.US,5,20260210,153500,0.8371,0.8371,0.8371,0.8371,600,0
BGI.US,5,20260210,154000,0.835,0.84,0.835,0.84,600,0
BGI.US,5,20260210,155000,0.830001,0.830001,0.830001,0.830001,100,0
BGI.US,5,20260210,155500,0.83,0.831,0.8257,0.8257,4750,0
BGI.US,5,20260210,160000,0.8013,0.8025,0.8013,0.8025,200,0
BGI.US,5,20260210,160500,0.8013,0.84,0.8013,0.82065,1033,0
BGI.US,5,20260210,161000,0.8022,0.805,0.79,0.8,9463,0
BGI.US,5,20260210,162000,0.82,0.82,0.805,0.819899,2395,0
BGI.US,5,20260210,163500,0.7953,0.7953,0.7953,0.7953,630,0
BGI.US,5,20260210,170000,0.82,0.82,0.81,0.81,2713,0
BGI.US,5,20260210,171500,0.8067,0.8067,0.8067,0.8067,100,0
BGI.US,5,20260210,172500,0.8067,0.8067,0.8067,0.8067,200,0
BGI.US,5,20260210,175500,0.8034,0.8034,0.8033,0.8033,372,0
BGI.US,5,20260210,182500,0.806499,0.806499,0.806499,0.806499,500,0
BGI.US,5,20260210,183000,0.8066,0.8066,0.80495,0.8065,844,0
BGI.US,5,20260210,185500,0.8064,0.8064,0.8064,0.8064,100,0
BGI.US,5,20260210,190000,0.8065,0.8065,0.8065,0.8065,500,0
BGI.US,5,20260210,192000,0.804,0.804,0.804,0.804,100,0
BGI.US,5,20260210,193000,0.8035,0.8035,0.8035,0.8035,100,0
BGI.US,5,20260210,200500,0.8,0.8,0.8,0.8,200,0
BGI.US,5,20260210,205500,0.7983,0.8024,0.79,0.8024,900,0
BGI.US,5,20260210,210000,0.7983,0.8064,0.7965,0.80445,2919,0
BGI.US,5,20260210,211000,0.8065,0.8066,0.8065,0.8065,5576,0
BGI.US,5,20260210,212000,0.8065,0.8065,0.8065,0.8065,804,0
BGI.US,5,20260210,213000,0.8024,0.8024,0.8024,0.8024,100,0
BGI.US,5,20260210,215500,0.79,0.79,0.79,0.79,100,0
BGI.US,5,20260211,154500,0.7875,0.7875,0.7875,0.7875,250,0
BGI.US,5,20260211,160000,0.7878,0.7878,0.7878,0.7878,150,0
BGI.US,5,20260211,160500,0.7878,0.7878,0.7878,0.7878,150,0
BGI.US,5,20260211,162500,0.76,0.76,0.76,0.76,100,0
BGI.US,5,20260211,171000,0.775,0.775,0.775,0.775,100,0
BGI.US,5,20260211,184000,0.77495,0.77495,0.77495,0.77495,100,0
BGI.US,5,20260211,191000,0.7805,0.7805,0.7805,0.7805,200,0
BGI.US,5,20260211,193500,0.77,0.7898,0.77,0.78735,10310,0
BGI.US,5,20260211,194000,0.7874,0.7874,0.7874,0.7874,100,0
BGI.US,5,20260211,201500,0.77,0.7886,0.77,0.78725,10039,0
BGI.US,5,20260211,202500,0.77,0.7898,0.77,0.7898,7440,0
BGI.US,5,20260211,203500,0.78,0.78,0.78,0.78,608,0
BGI.US,5,20260211,204000,0.7706,0.7706,0.7706,0.7706,100,0
BGI.US,5,20260211,210000,0.7837,0.7837,0.7837,0.7837,500,0
BGI.US,5,20260211,210500,0.779999,0.86685,0.779999,0.8132,2367,0
BGI.US,5,20260211,211000,0.87,0.87,0.8475,0.8475,2498,0
BGI.US,5,20260211,212000,0.84,0.84,0.84,0.84,100,0
BGI.US,5,20260211,213500,0.84,0.87,0.823,0.87,6427,0
BGI.US,5,20260211,214500,0.84,0.8554,0.8,0.8389,11072,0
BGI.US,5,20260211,215000,0.802,0.802,0.802,0.802,100,0
BGI.US,5,20260211,215500,0.82,0.84,0.82,0.84,310,0
BGI.US,5,20260212,154000,0.8074,0.8074,0.8,0.8058,3513,0
BGI.US,5,20260212,154500,0.8148,0.8148,0.8148,0.8148,142,0
BGI.US,5,20260212,161000,0.8199,0.8199,0.8199,0.8199,125,0
BGI.US,5,20260212,164500,0.8142,0.8142,0.8142,0.8142,100,0
BGI.US,5,20260212,170000,0.8149,0.8149,0.8142,0.8142,242,0
BGI.US,5,20260212,173500,0.81,0.81,0.81,0.81,103,0
BGI.US,5,20260212,175000,0.815,0.815,0.815,0.815,180,0
BGI.US,5,20260212,181500,0.82999,0.82999,0.8225,0.8225,600,0
BGI.US,5,20260212,182500,0.815,0.815,0.815,0.815,200,0
BGI.US,5,20260212,190000,0.82,0.82,0.82,0.82,100,0
BGI.US,5,20260212,190500,0.82,0.8269,0.82,0.8269,600,0
BGI.US,5,20260212,191000,0.82,0.82,0.82,0.82,100,0
BGI.US,5,20260212,212500,0.810801,0.810801,0.810801,0.810801,500,0
BGI.US,5,20260212,213500,0.8107,0.8107,0.8107,0.8107,100,0
BGI.US,5,20260212,214500,0.8107,0.8108,0.780101,0.780101,1168,0
BGI.US,5,20260212,215500,0.829899,0.829899,0.7936,0.82,6800,0
BGI.US,5,20260213,182000,0.81,0.81,0.81,0.81,1220,0
BGI.US,5,20260217,170500,0.805,0.805,0.805,0.805,300,0
BGI.US,5,20260217,173500,0.79,0.805,0.79,0.805,1443,0
BGI.US,5,20260217,182000,0.805,0.81,0.805,0.81,519,0
BGI.US,5,20260217,183000,0.81,0.81,0.81,0.81,854,0
BGI.US,5,20260217,191500,0.8105,0.8105,0.8105,0.8105,1220,0
BGI.US,5,20260217,202000,0.8105,0.8105,0.8105,0.8105,500,0
BGI.US,5,20260217,214000,0.8151,0.8151,0.8151,0.8151,100,0
BGI.US,5,20260217,214500,0.8238,0.8238,0.8238,0.8238,100,0
BGI.US,5,20260218,153500,0.845,0.845,0.845,0.845,250,0
BGI.US,5,20260218,173500,0.84,0.84,0.84,0.84,100,0
BGI.US,5,20260218,185500,0.81,0.81,0.81,0.81,200,0
BGI.US,5,20260218,193500,0.81,0.81,0.81,0.81,100,0
BGI.US,5,20260218,214000,0.7901,0.7925,0.7901,0.7925,390,0
BGI.US,5,20260218,215500,0.839899,0.839899,0.839899,0.839899,100,0
BGI.US,5,20260219,172000,0.7997,0.82,0.79,0.82,2510,0
BGI.US,5,20260219,172500,0.7998,0.7998,0.7998,0.7998,1750,0
BGI.US,5,20260219,181000,0.8199,0.8199,0.8199,0.8199,100,0
BGI.US,5,20260219,194500,0.8096,0.8096,0.8096,0.8096,2000,0
BGI.US,5,20260219,210500,0.8199,0.8199,0.8199,0.8199,230,0
BGI.US,5,20260219,211500,0.82,0.82,0.82,0.82,100,0
BGI.US,5,20260219,212500,0.82,0.8283,0.79,0.8249,9440,0
BGI.US,5,20260219,215000,0.81,0.81,0.77,0.77,7490,0
BGI.US,5,20260219,215500,0.7861,0.7861,0.77,0.770101,750,0
BGI.US,5,20260220,154500,0.809751,0.809751,0.809751,0.809751,200,0
BGI.US,5,20260220,163500,0.809751,0.8154,0.809751,0.8154,400,0
BGI.US,5,20260220,164500,0.8097,0.8097,0.8097,0.8097,250,0
BGI.US,5,20260220,173000,0.8157,0.8157,0.8157,0.8157,120,0
BGI.US,5,20260220,174000,0.8399,0.8399,0.8399,0.8399,7000,0
BGI.US,5,20260220,175000,0.8399,0.8399,0.8399,0.8399,2000,0
BGI.US,5,20260220,180500,0.8398,0.8398,0.8398,0.8398,1000,0
BGI.US,5,20260220,181000,0.8348,0.8348,0.8348,0.8348,100,0
BGI.US,5,20260220,182000,0.8301,0.84,0.8301,0.84,3355,0
BGI.US,5,20260220,182500,0.84,0.84,0.84,0.84,254,0
BGI.US,5,20260220,183000,0.8394,0.85875,0.8394,0.85875,1932,0
BGI.US,5,20260220,183500,0.83,0.83,0.83,0.83,7250,0
BGI.US,5,20260220,184000,0.83,0.83,0.83,0.83,8100,0
BGI.US,5,20260220,185000,0.85,0.87,0.8491,0.8621,3999,0
BGI.US,5,20260220,185500,0.8669,0.8935,0.8669,0.8863,12830,0
BGI.US,5,20260220,190000,0.845,0.8493,0.83,0.8493,730,0
BGI.US,5,20260220,192000,0.84,0.84,0.84,0.84,8457,0
BGI.US,5,20260220,192500,0.8637,0.8637,0.8637,0.8637,455,0
BGI.US,5,20260220,201000,0.8637,0.8637,0.8637,0.8637,200,0
BGI.US,5,20260220,202000,0.8637,0.8637,0.8637,0.8637,750,0
BGI.US,5,20260220,204500,0.8401,0.8401,0.8401,0.8401,4000,0
BGI.US,5,20260220,205000,0.85,0.85,0.85,0.85,3135,0
BGI.US,5,20260220,210500,0.84,0.84,0.84,0.84,687,0
BGI.US,5,20260220,211000,0.84,0.85875,0.84,0.85875,4000,0
BGI.US,5,20260220,211500,0.84,0.84,0.84,0.84,6487,0
BGI.US,5,20260223,163000,0.8856,0.8856,0.8856,0.8856,600,0
BGI.US,5,20260223,174000,0.821,0.821,0.821,0.821,102,0
BGI.US,5,20260223,195500,0.8399,0.8399,0.8399,0.8399,100,0
BGI.US,5,20260223,204500,0.83135,0.83135,0.83135,0.83135,240,0
BGI.US,5,20260223,210500,0.8433,0.8433,0.775,0.775,6762,0
BGI.US,5,20260223,211000,0.79,0.79,0.77,0.77,5669,0
BGI.US,5,20260223,213000,0.8059,0.8059,0.8059,0.8059,100,0
BGI.US,5,20260223,215500,0.8125,0.82,0.7906,0.82,601,0
BGI.US,5,20260224,175500,0.77,0.7743,0.77,0.7701,8959,0
BGI.US,5,20260224,180000,0.7793,0.7793,0.7793,0.7793,1250,0
BGI.US,5,20260224,181000,0.79,0.79,0.79,0.79,100,0
BGI.US,5,20260224,184500,0.7853,0.7853,0.7843,0.7843,200,0
BGI.US,5,20260224,185000,0.803,0.803,0.803,0.803,100,0
BGI.US,5,20260224,214500,0.7745,0.7745,0.7745,0.7745,100,0
BGI.US,5,20260224,215000,0.7714,0.7714,0.7714,0.7714,1000,0
BGI.US,5,20260225,155000,0.79,0.79,0.79,0.79,200,0
BGI.US,5,20260225,172000,0.7701,0.7701,0.7701,0.7701,500,0
BGI.US,5,20260225,172500,0.7916,0.7916,0.7916,0.7916,200,0
BGI.US,5,20260225,175000,0.7916,0.7916,0.77,0.77,700,0
BGI.US,5,20260225,180500,0.7808,0.7915,0.7808,0.7915,919,0
BGI.US,5,20260225,185000,0.77,0.77,0.77,0.77,200,0
BGI.US,5,20260225,192000,0.777344,0.777344,0.777344,0.777344,1000,0
BGI.US,5,20260225,195000,0.77,0.77,0.77,0.77,200,0
BGI.US,5,20260225,205000,0.77,0.77,0.77,0.77,200,0
BGI.US,5,20260225,215000,0.77,0.77,0.77,0.77,200,0
BGI.US,5,20260225,215500,0.77,0.77,0.77,0.77,423,0
BGI.US,5,20260226,155000,0.773,0.773,0.773,0.773,200,0
BGI.US,5,20260226,161500,0.784,0.784,0.784,0.784,1052,0
BGI.US,5,20260226,162000,0.786749,0.786749,0.786749,0.786749,100,0
BGI.US,5,20260226,164500,0.7944,0.7944,0.7944,0.7944,100,0
BGI.US,5,20260226,165000,0.7896,0.7896,0.7896,0.7896,200,0
BGI.US,5,20260226,170500,0.7948,0.7948,0.784,0.784,1300,0
BGI.US,5,20260226,171000,0.7846,0.7846,0.7846,0.7846,100,0
BGI.US,5,20260226,181000,0.7867,0.7867,0.7867,0.7867,983,0
BGI.US,5,20260226,185000,0.773,0.773,0.773,0.773,200,0
BGI.US,5,20260226,190000,0.7868,0.7868,0.7868,0.7868,100,0
BGI.US,5,20260226,191500,0.795,0.795,0.795,0.795,188,0
BGI.US,5,20260226,205000,0.773,0.773,0.773,0.773,200,0
BGI.US,5,20260226,215000,0.773,0.773,0.773,0.773,100,0
BGI.US,5,20260227,154000,0.7715,0.7715,0.7701,0.7701,500,0
BGI.US,5,20260227,163500,0.782499,0.782499,0.782499,0.782499,250,0
BGI.US,5,20260227,165500,0.795,0.795,0.795,0.795,101,0
BGI.US,5,20260227,172500,0.7712,0.7712,0.77,0.77,830,0
BGI.US,5,20260227,173500,0.77009,0.77009,0.77009,0.77009,100,0
BGI.US,5,20260227,200500,0.77,0.7701,0.76205,0.76205,15702,0
BGI.US,5,20260227,201000,0.762,0.762,0.7419,0.7419,15096,0
BGI.US,5,20260227,201500,0.75,0.75,0.75,0.75,7047,0
BGI.US,5,20260227,203000,0.7361,0.7361,0.7361,0.7361,316,0
BGI.US,5,20260227,203500,0.7441,0.7448,0.739999,0.74,4000,0
BGI.US,5,20260227,210500,0.7499,0.7499,0.743083,0.743083,3750,0
BGI.US,5,20260227,213000,0.75,0.7744,0.75,0.772899,2288,0
BGI.US,5,20260227,215500,0.731,0.731,0.731,0.731,101,0
BGI.US,5,20260302,154000,0.754999,0.754999,0.754999,0.754999,100,0
BGI.US,5,20260302,154500,0.77,0.77,0.77,0.77,200,0
BGI.US,5,20260302,160000,0.764999,0.764999,0.764999,0.764999,100,0
BGI.US,5,20260302,162000,0.765,0.765,0.765,0.765,1000,0
BGI.US,5,20260302,164000,0.765001,0.765001,0.765001,0.765001,200,0
BGI.US,5,20260302,165500,0.75,0.75,0.73,0.73,9384,0
BGI.US,5,20260302,171500,0.76,0.76,0.76,0.76,150,0
BGI.US,5,20260302,175000,0.7371,0.74,0.72,0.72,5540,0
BGI.US,5,20260302,180500,0.72,0.7225,0.72,0.7225,4772,0
BGI.US,5,20260302,181000,0.7209,0.74,0.7,0.74,3431,0
BGI.US,5,20260302,183000,0.7452,0.7452,0.7452,0.7452,100,0
BGI.US,5,20260302,192500,0.720101,0.720101,0.720101,0.720101,500,0
BGI.US,5,20260302,195000,0.7414,0.7449,0.7414,0.7449,950,0
BGI.US,5,20260302,203500,0.7525,0.7525,0.6908,0.7416,7206,0
BGI.US,5,20260302,215500,0.7134,0.7134,0.7134,0.7134,100,0
BGI.US,5,20260303,153000,0.713,0.713,0.713,0.713,100,0
BGI.US,5,20260303,162500,0.72,0.7201,0.72,0.7201,355,0
BGI.US,5,20260303,171000,0.700699,0.721,0.700699,0.721,1600,0
BGI.US,5,20260303,171500,0.7101,0.7101,0.7101,0.7101,100,0
BGI.US,5,20260303,173500,0.71055,0.71055,0.7105,0.7105,303,0
BGI.US,5,20260303,181000,0.7209,0.7209,0.7209,0.7209,100,0
BGI.US,5,20260303,214500,0.701,0.701,0.7001,0.7001,203,0
BGI.US,5,20260303,215000,0.7203,0.7203,0.7203,0.7203,100,0
BGI.US,5,20260304,153000,0.721,0.721,0.721,0.721,149,0
BGI.US,5,20260304,164000,0.760001,0.760001,0.760001,0.760001,100,0
BGI.US,5,20260304,181000,0.7402,0.7434,0.6888,0.6888,7550,0
BGI.US,5,20260304,181500,0.7368,0.7368,0.7135,0.7135,2318,0
BGI.US,5,20260304,182000,0.7389,0.7389,0.7389,0.7389,100,0
BGI.US,5,20260304,190500,0.747049,0.747049,0.747049,0.747049,750,0
BGI.US,5,20260304,200000,0.75,0.75,0.75,0.75,500,0
BGI.US,5,20260304,210000,0.7472,0.7472,0.7472,0.7472,750,0
BGI.US,5,20260304,215000,0.7144,0.7144,0.7144,0.7144,200,0
BGI.US,5,20260304,215500,0.7743,0.7743,0.74705,0.74705,300,0
BGI.US,5,20260305,153000,0.7399,0.7399,0.7399,0.7399,100,0
BGI.US,5,20260305,155000,0.7664,0.7664,0.7664,0.7664,100,0
BGI.US,5,20260305,165000,0.7664,0.7664,0.7664,0.7664,2000,0
BGI.US,5,20260305,172500,0.7401,0.7401,0.7401,0.7401,120,0
BGI.US,5,20260305,183500,0.7206,0.7206,0.7206,0.7206,600,0
BGI.US,5,20260305,184000,0.7489,0.7489,0.7489,0.7489,100,0
BGI.US,5,20260305,202000,0.72,0.724,0.6666,0.724,5909,0
BGI.US,5,20260305,205500,0.74,0.7662,0.728149,0.7662,2170,0
BGI.US,5,20260306,154500,0.700101,0.7022,0.700101,0.7022,501,0
BGI.US,5,20260306,162500,0.7023,0.7094,0.6765,0.6765,4669,0
BGI.US,5,20260306,170500,0.7044,0.7044,0.7044,0.7044,100,0
BGI.US,5,20260306,171500,0.7199,0.7199,0.7199,0.7199,100,0
BGI.US,5,20260306,172000,0.7199,0.7199,0.7199,0.7199,400,0
BGI.US,5,20260306,172500,0.68,0.68,0.68,0.68,4304,0
BGI.US,5,20260306,174500,0.7209,0.7209,0.7209,0.7209,100,0
BGI.US,5,20260306,181000,0.681,0.681,0.681,0.681,100,0
BGI.US,5,20260306,190000,0.71,0.71,0.71,0.71,100,0
BGI.US,5,20260306,191500,0.709999,0.7199,0.709999,0.71,900,0
BGI.US,5,20260306,192000,0.7,0.7,0.7,0.7,100,0
BGI.US,5,20260306,201000,0.710001,0.710001,0.710001,0.710001,100,0
BGI.US,5,20260306,203000,0.7099,0.7099,0.7099,0.7099,300,0
BGI.US,5,20260306,212000,0.704949,0.7097,0.704949,0.7097,1300,0
BGI.US,5,20260306,213500,0.7097,0.7098,0.7097,0.7098,200,0
BGI.US,5,20260309,143500,0.70376,0.70376,0.68,0.68,2000,0
BGI.US,5,20260309,150000,0.699849,0.699849,0.699849,0.699849,148,0
BGI.US,5,20260309,152000,0.69,0.69,0.69,0.69,100,0
BGI.US,5,20260309,152500,0.7096,0.7096,0.7096,0.7096,100,0
BGI.US,5,20260309,184000,0.69,0.69,0.69,0.69,100,0
BGI.US,5,20260309,184500,0.7018,0.7018,0.7018,0.7018,100,0
BGI.US,5,20260309,192000,0.7018,0.7018,0.7018,0.7018,100,0
BGI.US,5,20260309,200000,0.69,0.69,0.69,0.69,100,0
BGI.US,5,20260309,203000,0.715001,0.715001,0.715001,0.715001,100,0
BGI.US,5,20260309,203500,0.71,0.715,0.71,0.715,200,0
BGI.US,5,20260310,151500,0.68,0.695,0.68,0.695,1100,0
BGI.US,5,20260310,152000,0.695,0.71,0.695,0.71,1944,0
BGI.US,5,20260310,160500,0.681,0.681,0.681,0.681,100,0
BGI.US,5,20260310,161000,0.69505,0.69505,0.69505,0.69505,750,0
BGI.US,5,20260310,162000,0.7099,0.71,0.7062,0.7085,2932,0
BGI.US,5,20260310,170500,0.71,0.71,0.71,0.71,114,0
BGI.US,5,20260310,180500,0.71,0.71,0.71,0.71,100,0
BGI.US,5,20260310,181500,0.71,0.7259,0.7053,0.7259,300,0
BGI.US,5,20260310,184500,0.71,0.71,0.71,0.71,100,0
BGI.US,5,20260310,190000,0.75,0.75,0.75,0.75,135,0
BGI.US,5,20260310,191500,0.7275,0.7275,0.7275,0.7275,100,0
BGI.US,5,20260310,202500,0.728,0.7281,0.728,0.7281,900,0
BGI.US,5,20260310,205000,0.7004,0.7004,0.7004,0.7004,100,0
BGI.US,5,20260311,144000,0.755,0.755,0.73,0.73,569,0
BGI.US,5,20260311,145000,0.711,0.711,0.711,0.711,101,0
BGI.US,5,20260311,153000,0.7795,0.7795,0.7795,0.7795,100,0
BGI.US,5,20260311,161000,0.7202,0.7202,0.7202,0.7202,256,0
BGI.US,5,20260311,164000,0.7182,0.7202,0.6939,0.7149,38290,0
BGI.US,5,20260311,164500,0.7149,0.7149,0.6974,0.7025,2200,0
BGI.US,5,20260311,171000,0.69745,0.69745,0.69745,0.69745,100,0
BGI.US,5,20260311,172500,0.6904,0.6904,0.6904,0.6904,100,0
BGI.US,5,20260311,173000,0.69745,0.7148,0.69745,0.7148,200,0
BGI.US,5,20260311,190000,0.68,0.68,0.68,0.68,6237,0
BGI.US,5,20260311,190500,0.68,0.681,0.652,0.652,6179,0
BGI.US,5,20260311,192500,0.6865,0.6865,0.6865,0.6865,2500,0
BGI.US,5,20260311,193500,0.712999,0.712999,0.7101,0.7101,200,0
BGI.US,5,20260311,200000,0.7,0.7,0.679,0.683249,2650,0
BGI.US,5,20260311,202000,0.684,0.684,0.684,0.684,100,0
BGI.US,5,20260311,204000,0.6985,0.6987,0.6985,0.6987,2875,0
BGI.US,5,20260311,205000,0.6854,0.6854,0.684,0.684,200,0
BGI.US,5,20260311,205500,0.713,0.713,0.694,0.6975,500,0
BGI.US,5,20260312,150500,0.6975,0.709999,0.6975,0.709999,243,0
BGI.US,5,20260312,152000,0.709899,0.709899,0.709899,0.709899,200,0
BGI.US,5,20260312,155000,0.68,0.68,0.68,0.68,100,0
BGI.US,5,20260312,160000,0.68,0.68,0.68,0.68,1000,0
BGI.US,5,20260312,165500,0.7008,0.7008,0.7008,0.7008,630,0
BGI.US,5,20260312,172000,0.72,0.72,0.72,0.72,141,0
BGI.US,5,20260312,175500,0.7,0.7,0.7,0.7,155,0
BGI.US,5,20260312,204500,0.6864,0.6864,0.68,0.68,500,0
BGI.US,5,20260313,143000,0.68,0.68,0.68,0.68,100,0
BGI.US,5,20260313,150000,0.6683,0.6683,0.6683,0.6683,399,0
BGI.US,5,20260313,152000,0.6999,0.6999,0.6999,0.6999,10000,0
BGI.US,5,20260313,152500,0.7,0.7,0.7,0.7,228,0
BGI.US,5,20260313,155000,0.6902,0.6902,0.6902,0.6902,100,0
BGI.US,5,20260313,174000,0.6739,0.6739,0.6739,0.6739,6000,0
BGI.US,5,20260313,191500,0.6801,0.6801,0.6801,0.6801,400,0
BGI.US,5,20260313,195500,0.6848,0.69,0.6845,0.686635,6681,0
BGI.US,5,20260313,203500,0.6882,0.6899,0.6882,0.6899,300,0
BGI.US,5,20260313,204000,0.6899,0.69,0.6899,0.69,1212,0
BGI.US,5,20260313,205500,0.6881,0.68999,0.6881,0.68999,550,0
BGI.US,5,20260316,143500,0.67,0.670001,0.6692,0.6692,1402,0
BGI.US,5,20260316,144500,0.6997,0.6997,0.6997,0.6997,100,0
BGI.US,5,20260316,145000,0.69,0.69,0.69,0.69,200,0
BGI.US,5,20260316,160000,0.6884,0.6884,0.6884,0.6884,100,0
BGI.US,5,20260316,170500,0.6759,0.688,0.6759,0.688,204,0
BGI.US,5,20260316,172000,0.67,0.67,0.67,0.67,1500,0
BGI.US,5,20260316,173500,0.7,0.7,0.7,0.7,1750,0
BGI.US,5,20260316,181000,0.67,0.67,0.67,0.67,18000,0
BGI.US,5,20260316,182000,0.685,0.685,0.685,0.685,100,0
BGI.US,5,20260316,183000,0.685,0.6999,0.67,0.6999,300,0
BGI.US,5,20260316,202000,0.7,0.7,0.7,0.7,204,0
BGI.US,5,20260316,204500,0.67,0.67,0.67,0.67,1350,0
BGI.US,5,20260316,205500,0.6999,0.6999,0.6999,0.6999,100,0
BGI.US,5,20260317,195000,0.6629,0.6629,0.6629,0.6629,319,0
BGI.US,5,20260317,200500,0.6912,0.6912,0.6912,0.6912,100,0
BGI.US,5,20260317,205000,0.6731,0.6731,0.6731,0.6731,200,0
BGI.US,5,20260317,205500,0.6763,0.69,0.656,0.69,1303,0
BGI.US,5,20260318,151000,0.69,0.69,0.69,0.69,300,0
BGI.US,5,20260318,152500,0.7286,0.729,0.7277,0.729,900,0
BGI.US,5,20260318,153000,0.7299,0.7299,0.6833,0.6833,1600,0
BGI.US,5,20260318,153500,0.7245,0.7245,0.7245,0.7245,100,0
BGI.US,5,20260318,191500,0.7,0.7,0.7,0.7,3000,0
BGI.US,5,20260318,195500,0.7098,0.7098,0.7098,0.7098,100,0
BGI.US,5,20260319,164000,0.681,0.694,0.68,0.694,483,0
BGI.US,5,20260319,172000,0.7097,0.7097,0.6899,0.6899,1900,0
BGI.US,5,20260319,182000,0.6801,0.6801,0.652,0.663,8778,0
BGI.US,5,20260319,183000,0.6631,0.6631,0.6631,0.6631,765,0
BGI.US,5,20260319,184500,0.6725,0.6725,0.6725,0.6725,100,0
BGI.US,5,20260319,195500,0.655,0.655,0.655,0.655,3000,0
BGI.US,5,20260319,201500,0.6899,0.6899,0.6899,0.6899,100,0
BGI.US,5,20260319,202000,0.66,0.661,0.66,0.66,8304,0
BGI.US,5,20260319,202500,0.66,0.66,0.65,0.65,4774,0
BGI.US,5,20260319,205500,0.671,0.6899,0.6661,0.671,1400,0
BGI.US,5,20260320,150500,0.65,0.65,0.65,0.65,100,0
BGI.US,5,20260320,151000,0.67,0.671,0.67,0.671,1496,0
BGI.US,5,20260320,153500,0.671,0.671,0.67099,0.67099,1300,0
BGI.US,5,20260320,155500,0.6501,0.6501,0.6501,0.6501,500,0
BGI.US,5,20260320,164000,0.665,0.665,0.665,0.665,100,0
BGI.US,5,20260320,175500,0.6725,0.6725,0.6725,0.6725,700,0
BGI.US,5,20260320,181500,0.665,0.665,0.65,0.651,6762,0
BGI.US,5,20260320,182000,0.65,0.65,0.62,0.62,6089,0
BGI.US,5,20260320,182500,0.65435,0.65435,0.65435,0.65435,100,0
BGI.US,5,20260320,190500,0.6544,0.67,0.65435,0.67,4100,0
BGI.US,5,20260320,193000,0.65,0.65,0.6299,0.6299,3904,0
BGI.US,5,20260320,194000,0.6299,0.6508,0.62595,0.6488,7245,0
BGI.US,5,20260323,151000,0.651,0.651,0.651,0.651,100,0
BGI.US,5,20260323,153000,0.6735,0.6735,0.6735,0.6735,100,0
BGI.US,5,20260323,194500,0.669999,0.669999,0.669999,0.669999,3750,0
BGI.US,5,20260323,200000,0.6751,0.6751,0.6751,0.6751,100,0
BGI.US,5,20260323,200500,0.675101,0.675101,0.67,0.67,500,0
BGI.US,5,20260323,203000,0.661,0.661,0.661,0.661,100,0
BGI.US,5,20260323,205500,0.67,0.68,0.67,0.67999,12296,0
BGI.US,5,20260324,143000,0.688,0.688,0.688,0.688,202,0
BGI.US,5,20260324,145000,0.6799,0.69,0.6799,0.6799,304,0
BGI.US,5,20260324,150000,0.6799,0.68,0.6799,0.68,3870,0
BGI.US,5,20260324,150500,0.68,0.68,0.68,0.68,100,0
BGI.US,5,20260324,154500,0.6799,0.6799,0.6799,0.6799,100,0
BGI.US,5,20260324,161000,0.6799,0.6799,0.67,0.67,1343,0
BGI.US,5,20260324,171500,0.651,0.651,0.651,0.651,100,0
BGI.US,5,20260324,181500,0.665,0.665,0.665,0.665,8700,0
BGI.US,5,20260324,190500,0.6649,0.66495,0.6649,0.66495,900,0
BGI.US,5,20260324,192000,0.6649,0.71215,0.6649,0.71215,43000,0
BGI.US,5,20260324,192500,0.7213,0.74,0.7213,0.74,6847,0
BGI.US,5,20260324,193500,0.74,0.7751,0.74,0.7701,1962,0
BGI.US,5,20260324,205500,0.7442,0.7442,0.7442,0.7442,100,0
BGI.US,5,20260325,143000,0.75,0.75,0.75,0.75,500,0
BGI.US,5,20260325,150500,0.7442,0.7442,0.7442,0.7442,100,0
BGI.US,5,20260325,151000,0.7721,0.7721,0.7721,0.7721,100,0
BGI.US,5,20260325,172500,0.7621,0.7621,0.7621,0.7621,2500,0
BGI.US,5,20260325,173000,0.762099,0.8,0.762099,0.7799,3521,0
BGI.US,5,20260325,205500,0.745,0.745,0.745,0.745,102,0
BGI.US,5,20260326,143000,0.757,0.757,0.757,0.757,202,0
BGI.US,5,20260326,152500,0.746801,0.746801,0.746801,0.746801,175,0
BGI.US,5,20260326,155500,0.763401,0.763401,0.763401,0.763401,200,0
BGI.US,5,20260326,161500,0.779,0.779,0.779,0.779,100,0
BGI.US,5,20260326,162500,0.7634,0.7674,0.7468,0.7468,17886,0
BGI.US,5,20260326,163500,0.7468,0.7468,0.7179,0.7179,8720,0
BGI.US,5,20260326,172000,0.7358,0.7358,0.7358,0.7358,100,0
BGI.US,5,20260326,172500,0.75,0.75,0.75,0.75,200,0
BGI.US,5,20260326,174000,0.75,0.75,0.72,0.72,5127,0
BGI.US,5,20260326,192000,0.7,0.7,0.7,0.7,4977,0
BGI.US,5,20260326,204000,0.705501,0.705501,0.705501,0.705501,200,0
BGI.US,5,20260326,204500,0.7277,0.74,0.7277,0.74,600,0
BGI.US,5,20260327,151500,0.69,0.69,0.69,0.69,2450,0
BGI.US,5,20260327,152500,0.72095,0.778,0.72095,0.7401,2846,0
BGI.US,5,20260327,165500,0.7,0.7011,0.67,0.67,2830,0
BGI.US,5,20260327,170000,0.67,0.67,0.6699,0.6699,6638,0
BGI.US,5,20260327,170500,0.700101,0.700101,0.700101,0.700101,492,0
BGI.US,5,20260327,174000,0.7,0.7,0.7,0.7,7050,0
BGI.US,5,20260327,175000,0.7499,0.7499,0.7499,0.7499,100,0
BGI.US,5,20260327,180500,0.725,0.725,0.7,0.7,7400,0
BGI.US,5,20260327,183000,0.7,0.7018,0.655,0.6599,6466,0
BGI.US,5,20260327,183500,0.704,0.727,0.704,0.727,400,0
BGI.US,5,20260327,185000,0.704,0.704,0.6652,0.665201,4899,0
BGI.US,5,20260327,204000,0.722999,0.7499,0.722999,0.7499,250,0
BGI.US,5,20260327,205500,0.696,0.696,0.696,0.696,250,0
BGI.US,5,20260330,172500,0.725,0.725,0.711,0.711,1100,0
BGI.US,5,20260330,175500,0.725,0.725,0.725,0.725,200,0
BGI.US,5,20260330,191500,0.7,0.7,0.6701,0.672,927,0
BGI.US,5,20260330,195500,0.701,0.701,0.701,0.701,100,0
BGI.US,5,20260330,204500,0.672,0.673,0.64,0.6501,6075,0
BGI.US,5,20260330,205000,0.6806,0.7225,0.6413,0.7225,300,0
BGI.US,5,20260331,182500,0.7008,0.7008,0.7008,0.7008,202,0
BGI.US,5,20260331,194500,0.7114,0.7114,0.7114,0.7114,100,0
BGI.US,5,20260331,212000,0.7109,0.7109,0.7109,0.7109,100,0
BGI.US,5,20260331,213500,0.6843,0.6843,0.68,0.6801,2600,0
BGI.US,5,20260331,214000,0.714,0.714,0.714,0.714,100,0
BGI.US,5,20260331,214500,0.699,0.699,0.6983,0.6983,400,0
BGI.US,5,20260331,215500,0.69525,0.6953,0.6733,0.6734,700,0
BGI.US,5,20260401,153000,0.7122,0.7122,0.7122,0.7122,100,0
BGI.US,5,20260401,162500,0.68,0.7165,0.675477,0.7165,12152,0
BGI.US,5,20260401,163000,0.7165,0.7165,0.7165,0.7165,100,0
BGI.US,5,20260401,163500,0.731501,0.731501,0.731501,0.731501,100,0
BGI.US,5,20260401,164000,0.7137,0.7137,0.7137,0.7137,100,0
BGI.US,5,20260401,192000,0.73,0.73,0.73,0.73,300,0
BGI.US,5,20260401,193500,0.71825,0.71825,0.71825,0.71825,100,0
BGI.US,5,20260401,194500,0.7001,0.7011,0.7,0.7011,600,0
BGI.US,5,20260401,201500,0.746399,0.746399,0.709,0.727291,6493,0
BGI.US,5,20260401,202500,0.7325,0.7325,0.727291,0.727291,2500,0
BGI.US,5,20260401,203500,0.746,0.7465,0.746,0.7465,207,0
BGI.US,5,20260401,205500,0.7475,0.7475,0.7464,0.7464,1993,0
BGI.US,5,20260401,210500,0.7499,0.7499,0.69,0.7324,8820,0
BGI.US,5,20260401,211000,0.7183,0.7183,0.69,0.69,10109,0
BGI.US,5,20260401,215500,0.7299,0.7299,0.69,0.69,2790,0
BGI.US,5,20260402,153000,0.6701,0.6701,0.6701,0.6701,227,0
BGI.US,5,20260402,154500,0.69,0.69,0.69,0.69,100,0
BGI.US,5,20260402,161500,0.6661,0.6661,0.6661,0.6661,100,0
BGI.US,5,20260402,162000,0.6662,0.69,0.6661,0.69,21976,0
BGI.US,5,20260402,163500,0.711201,0.711201,0.711201,0.711201,250,0
BGI.US,5,20260402,164000,0.7112,0.7112,0.7112,0.7112,200,0
BGI.US,5,20260402,182500,0.72,0.72,0.72,0.72,1750,0
BGI.US,5,20260402,191500,0.7302,0.7302,0.7302,0.7302,1500,0
BGI.US,5,20260402,192500,0.72,0.72,0.72,0.72,3750,0
BGI.US,5,20260402,211000,0.7199,0.72,0.7199,0.72,545,0
BGI.US,5,20260402,215000,0.72,0.72,0.72,0.72,153,0
BGI.US,5,20260406,160500,0.7,0.7009,0.6804,0.6804,6714,0
BGI.US,5,20260406,163000,0.739,0.739,0.739,0.739,200,0
BGI.US,5,20260406,173500,0.74,0.74,0.7304,0.739,1000,0
BGI.US,5,20260406,174000,0.74,0.75,0.739,0.75,7861,0
BGI.US,5,20260406,195000,0.74,0.7403,0.74,0.7401,2000,0
BGI.US,5,20260406,200000,0.760499,0.760499,0.760499,0.760499,100,0
BGI.US,5,20260406,215500,0.759,0.759,0.759,0.759,131,0
BGI.US,5,20260407,172000,0.7286,0.7286,0.7286,0.7286,100,0
BGI.US,5,20260407,215000,0.7421,0.7449,0.7401,0.7449,900,0
BGI.US,5,20260408,190000,0.7594,0.7899,0.7594,0.7899,200,0
BGI.US,5,20260408,191000,0.75,0.75,0.75,0.75,139,0
BGI.US,5,20260408,210500,0.7749,0.7749,0.774,0.7749,301,0
BGI.US,5,20260408,211000,0.7575,0.775,0.7575,0.775,4050,0
BGI.US,5,20260408,212000,0.7824,0.7824,0.775,0.7751,600,0
BGI.US,5,20260408,212500,0.775,0.775,0.775,0.775,100,0
BGI.US,5,20260409,153000,0.7699,0.7699,0.7699,0.7699,100,0
BGI.US,5,20260409,163500,0.7887,0.7887,0.7887,0.7887,100,0
BGI.US,5,20260409,191000,0.770001,0.770001,0.770001,0.770001,250,0
BGI.US,5,20260409,192500,0.77,0.7799,0.7265,0.7265,20421,0
BGI.US,5,20260409,194500,0.759249,0.759249,0.759249,0.759249,100,0
BGI.US,5,20260409,202000,0.752,0.752,0.752,0.752,1050,0
BGI.US,5,20260409,211500,0.751,0.751,0.751,0.751,200,0
BGI.US,5,20260409,215000,0.741,0.741,0.741,0.741,1116,0
BGI.US,5,20260409,215500,0.76,0.7679,0.76,0.7679,300,0
BGI.US,5,20260410,154500,0.73,0.73,0.73,0.73,200,0
BGI.US,5,20260410,161500,0.746512,0.746512,0.746512,0.746512,100,0
BGI.US,5,20260410,162500,0.7301,0.7301,0.7301,0.7301,1000,0
BGI.US,5,20260410,164000,0.73,0.73,0.73,0.73,2900,0
BGI.US,5,20260410,174500,0.73251,0.742551,0.7325,0.742551,1557,0
BGI.US,5,20260410,175000,0.7426,0.7426,0.7426,0.7426,100,0
BGI.US,5,20260410,175500,0.73,0.73,0.73,0.73,100,0
BGI.US,5,20260410,183000,0.7201,0.7201,0.7201,0.7201,200,0
BGI.US,5,20260410,210000,0.7202,0.7202,0.7202,0.7202,100,0
BGI.US,5,20260410,211000,0.7203,0.7408,0.7203,0.7408,728,0
BGI.US,5,20260410,212500,0.7408,0.7408,0.732,0.732,200,0
BGI.US,5,20260413,165500,0.735,0.735,0.735,0.735,100,0
BGI.US,5,20260413,200000,0.7,0.7,0.7,0.7,24144,0
BGI.US,5,20260413,201500,0.7351,0.7351,0.7351,0.7351,100,0
BGI.US,5,20260413,210500,0.7264,0.73,0.7264,0.73,1100,0
BGI.US,5,20260413,211500,0.7277,0.7277,0.7277,0.7277,500,0
BGI.US,5,20260413,212500,0.7299,0.7299,0.7299,0.7299,1000,0
BGI.US,5,20260413,213500,0.7299,0.7299,0.7299,0.7299,300,0
BGI.US,5,20260413,215000,0.721,0.7465,0.721,0.7465,5164,0
BGI.US,5,20260414,160000,0.717,0.7465,0.717,0.7465,3524,0
BGI.US,5,20260414,164000,0.7373,0.7465,0.731249,0.7465,15185,0
BGI.US,5,20260414,165000,0.733,0.733,0.73,0.73,3881,0
BGI.US,5,20260414,165500,0.75,0.751,0.7499,0.751,1700,0
BGI.US,5,20260414,185000,0.7599,0.7599,0.7599,0.7599,290,0
BGI.US,5,20260414,191500,0.759949,0.81,0.7499,0.805,32044,0
BGI.US,5,20260414,192500,0.805,0.805,0.805,0.805,383,0
BGI.US,5,20260414,193500,0.7945,0.7945,0.79,0.79,800,0
BGI.US,5,20260414,194000,0.7859,0.79,0.7859,0.79,227,0
BGI.US,5,20260414,195000,0.7766,0.7777,0.7633,0.7777,8853,0
BGI.US,5,20260414,200000,0.789,0.789,0.789,0.789,100,0
BGI.US,5,20260414,202500,0.763201,0.763201,0.763201,0.763201,130,0
BGI.US,5,20260414,205000,0.7819,0.7819,0.7819,0.7819,100,0
BGI.US,5,20260414,210500,0.7824,0.7824,0.7824,0.7824,3000,0
BGI.US,5,20260414,212000,0.79,0.79,0.7832,0.7832,200,0
BGI.US,5,20260414,213000,0.780889,0.79,0.780889,0.7899,8543,0
BGI.US,5,20260414,215500,0.8363,0.84,0.8099,0.8123,788,0
BGI.US,5,20260415,153500,0.7981,0.81,0.7981,0.81,221,0
BGI.US,5,20260415,155000,0.770101,0.770101,0.770101,0.770101,190,0
BGI.US,5,20260415,160500,0.798,0.798,0.798,0.798,958,0
BGI.US,5,20260415,161500,0.85,0.85,0.85,0.85,300,0
BGI.US,5,20260415,162500,0.8401,0.8494,0.8397,0.8494,700,0
BGI.US,5,20260415,175500,0.8499,0.85,0.8499,0.85,200,0
BGI.US,5,20260415,184500,0.772301,0.772301,0.772301,0.772301,500,0
BGI.US,5,20260415,185000,0.8111,0.8111,0.8111,0.8111,1250,0
BGI.US,5,20260415,200500,0.8499,0.8499,0.8499,0.8499,2500,0
BGI.US,5,20260415,210000,0.8493,0.85,0.849,0.85,1095,0
BGI.US,5,20260415,212000,0.83,0.83,0.83,0.83,300,0
BGI.US,5,20260415,212500,0.83,0.8325,0.83,0.83,400,0
BGI.US,5,20260415,213000,0.81,0.8236,0.7934,0.79995,3901,0
BGI.US,5,20260415,213500,0.7862,0.8168,0.7763,0.8126,8304,0
BGI.US,5,20260415,215500,0.7775,0.778,0.7775,0.778,503,0
BGI.US,5,20260416,153000,0.825,0.85,0.825,0.85,480,0
BGI.US,5,20260416,155500,0.825,0.825,0.825,0.825,600,0
BGI.US,5,20260416,165500,0.819,0.819,0.819,0.819,100,0
BGI.US,5,20260416,171000,0.815,0.815,0.815,0.815,200,0
BGI.US,5,20260416,180000,0.8124,0.8124,0.8124,0.8124,250,0
BGI.US,5,20260416,180500,0.8124,0.8124,0.8124,0.8124,1000,0
BGI.US,5,20260416,190500,0.8006,0.8006,0.8,0.8,1485,0
BGI.US,5,20260416,193000,0.8124,0.8248,0.8124,0.8247,1670,0
BGI.US,5,20260416,194000,0.8248,0.8248,0.8201,0.8201,335,0
BGI.US,5,20260416,212500,0.82,0.82,0.82,0.82,100,0
BGI.US,5,20260416,213000,0.8125,0.8125,0.8125,0.8125,120,0
BGI.US,5,20260416,213500,0.81,0.81,0.81,0.81,120,0
BGI.US,5,20260416,215000,0.8367,0.8367,0.8367,0.8367,100,0
BGI.US,5,20260416,215500,0.839,0.839,0.811,0.811,537,0
BGI.US,5,20260417,161000,0.811249,0.811249,0.811249,0.811249,100,0
BGI.US,5,20260417,165500,0.8291,0.8291,0.8291,0.8291,500,0
BGI.US,5,20260417,172000,0.8399,0.8399,0.8399,0.8399,100,0
BGI.US,5,20260417,172500,0.8499,0.85,0.8499,0.85,1006,0
BGI.US,5,20260417,173000,0.85,0.85,0.85,0.85,636,0
BGI.US,5,20260417,180500,0.8417,0.8417,0.8417,0.8417,100,0
BGI.US,5,20260417,182500,0.8417,0.8417,0.8417,0.8417,100,0
BGI.US,5,20260417,183500,0.85665,0.85665,0.85665,0.85665,100,0
BGI.US,5,20260417,190000,0.8417,0.8417,0.8378,0.8378,420,0
BGI.US,5,20260417,190500,0.8538,0.8538,0.8538,0.8538,377,0
BGI.US,5,20260417,193000,0.8571,0.8854,0.8571,0.8854,1167,0
BGI.US,5,20260417,200500,0.8353,0.8353,0.8353,0.8353,237,0
BGI.US,5,20260417,201000,0.8602,0.8602,0.8565,0.8565,1450,0
BGI.US,5,20260417,204000,0.836,0.86075,0.836,0.86075,1267,0
BGI.US,5,20260417,215000,0.85,0.88,0.84,0.88,2100,0
BGI.US,5,20260417,215500,0.87,0.87,0.8501,0.8501,350,0
BGI.US,5,20260420,163000,0.8493,0.8493,0.849,0.849,284,0
BGI.US,5,20260420,172500,0.84,0.84,0.79,0.82,12450,0
BGI.US,5,20260420,174500,0.7916,0.849999,0.7916,0.849999,12550,0
BGI.US,5,20260420,180500,0.8445,0.8445,0.8445,0.8445,2352,0
BGI.US,5,20260420,182000,0.8499,0.8499,0.8499,0.8499,200,0
BGI.US,5,20260420,183000,0.825,0.85,0.825,0.85,9550,0
BGI.US,5,20260420,184500,0.82545,0.82545,0.8004,0.8004,9000,0
BGI.US,5,20260420,190500,0.85059,0.8506,0.8459,0.8506,6012,0
BGI.US,5,20260420,191000,0.8178,0.8178,0.8178,0.8178,9820,0
BGI.US,5,20260420,192000,0.84525,0.84525,0.84525,0.84525,1214,0
BGI.US,5,20260420,202500,0.8019,0.81,0.79,0.791,9334,0
BGI.US,5,20260420,203000,0.8278,0.841,0.74,0.8024,17032,0
BGI.US,5,20260420,210500,0.8051,0.8051,0.8051,0.8051,150,0
BGI.US,5,20260420,213500,0.80375,0.80375,0.80375,0.80375,100,0
BGI.US,5,20260420,214000,0.80375,0.80375,0.8037,0.8037,200,0
BGI.US,5,20260420,215000,0.79425,0.79425,0.79425,0.79425,100,0
BGI.US,5,20260420,215500,0.7854,0.8,0.7854,0.7992,799,0
BGI.US,5,20260421,153000,0.7992,0.799201,0.7992,0.7992,4312,0
BGI.US,5,20260421,153500,0.7993,0.7993,0.7993,0.7993,100,0
BGI.US,5,20260421,154000,0.885399,0.885399,0.81,0.81,1100,0
BGI.US,5,20260421,163500,0.8101,0.8107,0.745,0.75,12631,0
BGI.US,5,20260421,170000,0.8186,0.8186,0.8186,0.8186,100,0
BGI.US,5,20260421,170500,0.7881,0.7881,0.7881,0.7881,100,0
BGI.US,5,20260421,171000,0.797,0.797,0.797,0.797,100,0
BGI.US,5,20260421,171500,0.8186,0.8186,0.8186,0.8186,1000,0
BGI.US,5,20260421,172000,0.82,0.82,0.7532,0.7532,8310,0
BGI.US,5,20260421,174000,0.761,0.761,0.761,0.761,100,0
BGI.US,5,20260421,180500,0.776,0.776,0.776,0.776,100,0
BGI.US,5,20260421,181000,0.8044,0.8044,0.8044,0.8044,700,0
BGI.US,5,20260421,183500,0.771,0.771,0.771,0.771,100,0
BGI.US,5,20260421,190000,0.7712,0.7712,0.7712,0.7712,100,0
BGI.US,5,20260421,193000,0.7842,0.7842,0.7842,0.7842,100,0
BGI.US,5,20260421,195500,0.7778,0.7778,0.7778,0.7778,100,0
BGI.US,5,20260421,200000,0.8491,0.8491,0.8491,0.8491,100,0
BGI.US,5,20260421,201500,0.7731,0.7753,0.72,0.7399,17579,0
BGI.US,5,20260421,202000,0.761449,0.77,0.761449,0.77,2921,0
BGI.US,5,20260421,205500,0.7451,0.7614,0.7451,0.7614,1600,0
BGI.US,5,20260421,211000,0.746,0.746,0.746,0.746,100,0
BGI.US,5,20260421,215500,0.7692,0.7692,0.7692,0.7692,100,0
BGI.US,5,20260422,153000,0.7551,0.7551,0.7551,0.7551,1000,0
BGI.US,5,20260422,154000,0.755149,0.755149,0.755149,0.755149,100,0
BGI.US,5,20260422,154500,0.76,0.76,0.76,0.76,400,0
BGI.US,5,20260422,213000,0.7346,0.7346,0.7346,0.7346,178,0
BGI.US,5,20260422,214500,0.7709,0.7709,0.7709,0.7709,100,0
BGI.US,5,20260422,215500,0.742,0.742,0.742,0.742,314,0
BGI.US,5,20260423,153500,0.719999,0.719999,0.719999,0.719999,573,0
BGI.US,5,20260423,155000,0.7399,0.7399,0.7399,0.7399,100,0
BGI.US,5,20260423,184000,0.72185,0.74,0.719,0.74,9995,0
BGI.US,5,20260423,205500,0.7,0.7,0.7,0.7,150,0
BGI.US,5,20260423,210000,0.72,0.72,0.72,0.72,100,0
BGI.US,5,20260423,215000,0.71,0.71,0.7005,0.7005,219,0
BGI.US,5,20260423,215500,0.7399,0.7399,0.7399,0.7399,100,0
BGI.US,5,20260424,153000,0.7177,0.7177,0.7177,0.7177,1000,0
BGI.US,5,20260424,155500,0.7395,0.7395,0.7395,0.7395,195,0
BGI.US,5,20260424,160500,0.7177,0.7395,0.7177,0.7395,300,0
BGI.US,5,20260424,163000,0.7026,0.7413,0.7026,0.7413,349,0
BGI.US,5,20260424,205000,0.7111,0.7255,0.7111,0.7255,1850,0
BGI.US,5,20260424,215000,0.72,0.72,0.72,0.72,200,0
BGI.US,5,20260427,153000,0.72,0.72,0.72,0.72,199,0
BGI.US,5,20260427,153500,0.7199,0.7199,0.7001,0.7001,1550,0
BGI.US,5,20260427,172500,0.69,0.69,0.69,0.69,200,0
BGI.US,5,20260427,175000,0.7,0.7,0.7,0.7,100,0
BGI.US,5,20260427,200000,0.6827,0.6827,0.6827,0.6827,100,0
BGI.US,5,20260427,203500,0.69,0.69,0.69,0.69,100,0
BGI.US,5,20260427,205000,0.69,0.69,0.69,0.69,300,0
BGI.US,5,20260427,211000,0.6975,0.7016,0.6975,0.7016,1050,0
BGI.US,5,20260427,212000,0.6995,0.7017,0.69,0.7017,1650,0
BGI.US,5,20260427,212500,0.7017,0.7017,0.7017,0.7017,100,0
BGI.US,5,20260427,214000,0.7017,0.7017,0.7017,0.7017,100,0
BGI.US,5,20260427,215000,0.7017,0.7017,0.7017,0.7017,200,0
BGI.US,5,20260427,215500,0.683,0.683,0.683,0.683,2200,0
BGI.US,5,20260428,153000,0.7,0.709,0.7,0.709,369,0
BGI.US,5,20260428,153500,0.700001,0.700001,0.700001,0.700001,150,0
BGI.US,5,20260428,154500,0.7,0.7,0.7,0.7,1600,0
BGI.US,5,20260428,155000,0.69,0.709,0.69,0.709,537,0
BGI.US,5,20260428,155500,0.695,0.695,0.695,0.695,120,0
BGI.US,5,20260428,163500,0.7035,0.7035,0.7035,0.7035,100,0
BGI.US,5,20260428,171000,0.7,0.7,0.68,0.6818,7593,0
BGI.US,5,20260428,172500,0.692,0.6923,0.6588,0.6589,7130,0
BGI.US,5,20260428,173000,0.6788,0.6788,0.6788,0.6788,100,0
BGI.US,5,20260428,185000,0.69,0.69,0.69,0.69,400,0
BGI.US,5,20260428,192000,0.68,0.68,0.65,0.65,4243,0
BGI.US,5,20260428,193000,0.7099,0.7099,0.7099,0.7099,1750,0
BGI.US,5,20260428,202500,0.67,0.685,0.65,0.685,3665,0
BGI.US,5,20260428,210500,0.685,0.685,0.685,0.685,300,0
BGI.US,5,20260429,153000,0.7,0.7,0.7,0.7,100,0
BGI.US,5,20260429,155000,0.6966,0.6975,0.69,0.69,1870,0
BGI.US,5,20260429,165000,0.685,0.685,0.685,0.685,200,0
BGI.US,5,20260429,174000,0.709899,0.709899,0.709899,0.709899,1250,0
BGI.US,5,20260429,181000,0.6946,0.6946,0.6946,0.6946,211,0
BGI.US,5,20260429,213000,0.68,0.68,0.68,0.68,100,0
BGI.US,5,20260429,215000,0.68,0.68,0.68,0.68,200,0
BGI.US,5,20260429,215500,0.68,0.6801,0.68,0.6801,200,0
BGI.US,5,20260430,153000,0.68,0.68,0.68,0.68,726,0
BGI.US,5,20260430,174500,0.6875,0.6875,0.6875,0.6875,100,0
BGI.US,5,20260430,175000,0.68,0.68,0.68,0.68,200,0
BGI.US,5,20260430,185000,0.68,0.68,0.68,0.68,1100,0
BGI.US,5,20260430,211000,0.6799,0.68,0.6799,0.68,440,0
BGI.US,5,20260430,211500,0.68,0.68,0.68,0.68,100,0
BGI.US,5,20260430,214000,0.671,0.671,0.671,0.671,100,0
BGI.US,5,20260430,215500,0.6501,0.6799,0.6501,0.6799,750,0
BGI.US,5,20260501,153000,0.696,0.696,0.696,0.696,155,0
BGI.US,5,20260501,153500,0.68,0.68,0.68,0.68,100,0
BGI.US,5,20260501,171500,0.7099,0.7099,0.7099,0.7099,1250,0
BGI.US,5,20260504,153000,0.68,0.7092,0.68,0.7092,477,0
BGI.US,5,20260504,161000,0.7002,0.7002,0.7,0.7,900,0
BGI.US,5,20260504,164000,0.6801,0.6801,0.6801,0.6801,463,0
BGI.US,5,20260504,172500,0.6801,0.6801,0.6801,0.6801,408,0
BGI.US,5,20260504,175000,0.69495,0.69495,0.69495,0.69495,100,0
BGI.US,5,20260504,190000,0.69,0.69,0.69,0.69,313,0
BGI.US,5,20260504,200500,0.6901,0.6901,0.6879,0.6879,1132,0
BGI.US,5,20260504,201000,0.698901,0.698901,0.698901,0.698901,200,0
BGI.US,5,20260504,215500,0.7098,0.71,0.7098,0.71,825,0
BGI.US,5,20260505,153000,0.71,0.71,0.71,0.71,662,0
BGI.US,5,20260505,180000,0.694281,0.694281,0.694281,0.694281,300,0
BGI.US,5,20260505,183500,0.69755,0.69755,0.69755,0.69755,100,0
BGI.US,5,20260505,185000,0.69755,0.69755,0.69755,0.69755,200,0
BGI.US,5,20260505,202000,0.701158,0.701158,0.701158,0.701158,2500,0
BGI.US,5,20260505,215500,0.698,0.698,0.6851,0.6851,7128,0
BGI.US,5,20260506,154500,0.6848,0.6848,0.6848,0.6848,100,0
BGI.US,5,20260506,164000,0.6837,0.6837,0.6837,0.6837,1220,0
BGI.US,5,20260506,164500,0.68955,0.68955,0.68955,0.68955,100,0
BGI.US,5,20260506,165500,0.6896,0.6896,0.6896,0.6896,121,0
BGI.US,5,20260506,183000,0.7091,0.7091,0.7091,0.7091,1088,0
BGI.US,5,20260506,191000,0.709,0.709,0.709,0.709,211,0
BGI.US,5,20260506,193000,0.68,0.681,0.600001,0.6001,15942,0
BGI.US,5,20260506,193500,0.6392,0.6467,0.6372,0.6467,1700,0
BGI.US,5,20260506,194500,0.67895,0.67895,0.67895,0.67895,100,0
BGI.US,5,20260506,201500,0.7099,0.7099,0.7099,0.7099,1000,0
BGI.US,5,20260506,214000,0.681,0.681,0.649,0.6799,433,0
BGI.US,5,20260506,215500,0.6781,0.6781,0.6781,0.6781,100,0
BGI.US,5,20260507,153000,0.6774,0.6774,0.6774,0.6774,307,0
BGI.US,5,20260507,164000,0.68375,0.68375,0.68375,0.68375,110,0
BGI.US,5,20260507,170000,0.657601,0.657601,0.657601,0.657601,100,0
BGI.US,5,20260507,172000,0.657501,0.657501,0.657501,0.657501,600,0
BGI.US,5,20260507,172500,0.67875,0.67875,0.67875,0.67875,153,0
BGI.US,5,20260507,173000,0.699999,0.699999,0.699999,0.699999,222,0
BGI.US,5,20260507,175500,0.68295,0.68295,0.68,0.68,447,0
BGI.US,5,20260507,190000,0.6859,0.6859,0.6859,0.6859,1846,0
BGI.US,5,20260507,190500,0.6859,0.6859,0.6859,0.6859,150,0
BGI.US,5,20260507,191000,0.6718,0.6718,0.6718,0.6718,100,0
BGI.US,5,20260507,202500,0.678899,0.678899,0.678899,0.678899,200,0
BGI.US,5,20260507,212500,0.686,0.686,0.686,0.686,100,0
BGI.US,5,20260507,214000,0.6719,0.6719,0.6719,0.6719,100,0
BGI.US,5,20260508,153000,0.6738,0.6738,0.6601,0.6601,601,0
BGI.US,5,20260508,160000,0.6846,0.6846,0.6846,0.6846,100,0
BGI.US,5,20260508,170500,0.69,0.69,0.69,0.69,115,0
BGI.US,5,20260508,172000,0.6606,0.6606,0.6606,0.6606,100,0
BGI.US,5,20260508,172500,0.674,0.674,0.674,0.674,100,0
BGI.US,5,20260508,191500,0.6701,0.6701,0.6701,0.6701,140,0
BGI.US,5,20260508,193500,0.685,0.685,0.685,0.685,100,0
BGI.US,5,20260508,210500,0.675,0.6795,0.675,0.6795,600,0
BGI.US,5,20260508,212000,0.6799,0.6799,0.6799,0.6799,200,0
BGI.US,5,20260508,212500,0.6784,0.6784,0.6784,0.6784,1374,0
BGI.US,5,20260508,213500,0.6769,0.6769,0.6769,0.6769,296,0
BGI.US,5,20260508,214000,0.6799,0.6799,0.6799,0.6799,300,0
BGI.US,5,20260508,215000,0.67,0.6768,0.6699,0.67,912,0
BGI.US,5,20260511,153000,0.66,0.706099,0.64,0.706099,2127,0
BGI.US,5,20260511,154500,0.665,0.665,0.665,0.665,140,0
BGI.US,5,20260511,155000,0.665,0.689899,0.665,0.689899,200,0
BGI.US,5,20260511,160000,0.665,0.665,0.665,0.665,285,0
BGI.US,5,20260511,161000,0.6427,0.6899,0.6427,0.6899,1034,0
BGI.US,5,20260511,162000,0.6427,0.6427,0.6427,0.6427,131,0
BGI.US,5,20260511,162500,0.681,0.681,0.6562,0.6562,200,0
BGI.US,5,20260511,170000,0.681,0.681,0.681,0.681,190,0
BGI.US,5,20260511,191000,0.643401,0.643401,0.643401,0.643401,185,0
BGI.US,5,20260511,192000,0.68099,0.68099,0.68099,0.68099,100,0
BGI.US,5,20260511,202500,0.68,0.681,0.68,0.681,300,0
BGI.US,5,20260511,205000,0.689899,0.689899,0.689899,0.689899,100,0
BGI.US,5,20260512,153000,0.69,0.69,0.69,0.69,167,0
BGI.US,5,20260512,184500,0.675,0.675,0.675,0.675,300,0
BGI.US,5,20260512,202000,0.69,0.69,0.69,0.69,200,0
BGI.US,5,20260512,203000,0.675,0.675,0.675,0.675,252,0
BGI.US,5,20260512,214500,0.675,0.675,0.675,0.675,200,0
BGI.US,5,20260512,215000,0.6737,0.68,0.6737,0.68,300,0
BGI.US,5,20260512,215500,0.6898,0.6898,0.6898,0.6898,100,0
BGI.US,5,20260513,153000,0.672,0.672,0.672,0.672,265,0
BGI.US,5,20260513,153500,0.675,0.675,0.675,0.675,191,0
BGI.US,5,20260513,154500,0.6827,0.6827,0.6827,0.6827,100,0
BGI.US,5,20260513,162000,0.68384,0.68384,0.68384,0.68384,200,0
BGI.US,5,20260513,205500,0.68,0.68,0.6775,0.6775,200,0
BGI.US,5,20260514,161500,0.6775,0.6775,0.6775,0.6775,100,0
BGI.US,5,20260514,165500,0.6572,0.6572,0.6572,0.6572,172,0
BGI.US,5,20260514,172500,0.66375,0.66375,0.66375,0.66375,100,0
BGI.US,5,20260514,173500,0.6692,0.6775,0.66375,0.6774,7717,0
BGI.US,5,20260514,174500,0.65,0.65,0.65,0.65,245,0
BGI.US,5,20260514,180500,0.667499,0.667499,0.667499,0.667499,100,0
BGI.US,5,20260514,181500,0.6575,0.667501,0.6575,0.667501,400,0
BGI.US,5,20260514,201000,0.6737,0.6737,0.6737,0.6737,200,0
BGI.US,5,20260514,204000,0.6737,0.6737,0.6737,0.6737,400,0
BGI.US,5,20260514,215500,0.6737,0.67375,0.6737,0.67375,352,0
BGI.US,5,20260515,153000,0.654,0.67,0.65,0.67,1774,0
BGI.US,5,20260515,170000,0.69,0.69,0.69,0.69,100,0
BGI.US,5,20260515,185500,0.6858,0.6858,0.6858,0.6858,100,0
BGI.US,5,20260515,214500,0.6574,0.66,0.6501,0.66,600,0
BGI.US,5,20260515,215000,0.6601,0.6601,0.6601,0.6601,100,0
BGI.US,5,20260515,215500,0.6899,0.6899,0.6899,0.6899,100,0
BGI.US,5,20260518,153000,0.69,0.69,0.69,0.69,150,0
BGI.US,5,20260518,160500,0.6601,0.661,0.64,0.66,14083,0
BGI.US,5,20260518,161000,0.6899,0.6899,0.6899,0.6899,100,0
BGI.US,5,20260518,162500,0.69,0.69,0.69,0.69,483,0
BGI.US,5,20260518,163500,0.6521,0.6521,0.6521,0.6521,100,0
BGI.US,5,20260518,164000,0.67105,0.67105,0.67105,0.67105,100,0
BGI.US,5,20260518,172500,0.663,0.663,0.66,0.66,200,0
BGI.US,5,20260518,174500,0.66,0.66,0.66,0.66,100,0
BGI.US,5,20260518,183500,0.66,0.66,0.66,0.66,415,0
BGI.US,5,20260518,185000,0.6945,0.6945,0.6945,0.6945,102,0
BGI.US,5,20260518,190000,0.6613,0.6613,0.6613,0.6613,750,0
BGI.US,5,20260518,195000,0.68,0.68,0.68,0.68,100,0
BGI.US,5,20260518,201000,0.660101,0.660101,0.660101,0.660101,105,0
BGI.US,5,20260518,210000,0.6805,0.6805,0.6805,0.6805,100,0
BGI.US,5,20260518,215000,0.661,0.661,0.661,0.661,100,0
BGI.US,5,20260519,153000,0.678,0.678,0.678,0.678,101,0
BGI.US,5,20260519,153500,0.675,0.675,0.675,0.675,100,0
BGI.US,5,20260519,160500,0.675,0.675,0.675,0.675,145,0
BGI.US,5,20260519,183500,0.67,0.67,0.67,0.67,100,0
BGI.US,5,20260519,215500,0.651,0.651,0.6506,0.6506,200,0
BGI.US,5,20260520,163500,0.675,0.675,0.675,0.675,100,0
BGI.US,5,20260520,185000,0.685,0.685,0.685,0.685,100,0
BGI.US,5,20260520,190000,0.675,0.6875,0.675,0.6875,483,0
BGI.US,5,20260520,194000,0.675,0.675,0.675,0.675,100,0
BGI.US,5,20260520,205500,0.6875,0.6875,0.6875,0.6875,100,0
BGI.US,5,20260520,213500,0.69,0.69,0.69,0.69,200,0
BGI.US,5,20260520,214500,0.695,0.7,0.69,0.6929,4992,0
BGI.US,5,20260520,215500,0.6985,0.7,0.6985,0.7,2782,0
BGI.US,5,20260521,153000,0.6935,0.6935,0.6935,0.6935,157,0
BGI.US,5,20260521,155000,0.681,0.681,0.68,0.68,1000,0
BGI.US,5,20260521,161000,0.69,0.69,0.69,0.69,606,0
BGI.US,5,20260521,162500,0.69,0.69,0.69,0.69,448,0
BGI.US,5,20260521,163000,0.6901,0.6901,0.6901,0.6901,607,0
BGI.US,5,20260521,163500,0.6901,0.6901,0.6901,0.6901,147,0
BGI.US,5,20260521,165000,0.6929,0.6929,0.6929,0.6929,250,0
BGI.US,5,20260521,173000,0.681,0.681,0.681,0.681,100,0
BGI.US,5,20260521,191500,0.6946,0.6946,0.6946,0.6946,300,0
BGI.US,5,20260521,192500,0.709099,0.709099,0.709099,0.709099,100,0
BGI.US,5,20260521,193000,0.6958,0.699551,0.6825,0.699551,2126,0
BGI.US,5,20260521,213000,0.685,0.691,0.685,0.685,6760,0
BGI.US,5,20260521,213500,0.697,0.697,0.697,0.697,130,0
BGI.US,5,20260521,214500,0.685,0.686,0.66,0.678,5127,0
BGI.US,5,20260521,215000,0.668,0.668,0.668,0.668,114,0
BGI.US,5,20260521,215500,0.6603,0.6966,0.6603,0.6604,484,0
BGI.US,5,20260522,153000,0.65,0.7087,0.65,0.7087,2355,0
BGI.US,5,20260522,155000,0.6506,0.6798,0.6506,0.6798,354,0
BGI.US,5,20260522,163500,0.6529,0.6529,0.6515,0.6515,702,0
BGI.US,5,20260522,164500,0.6619,0.6619,0.6619,0.6619,100,0
BGI.US,5,20260522,165000,0.6611,0.6611,0.6611,0.6611,500,0
BGI.US,5,20260522,175000,0.6611,0.6611,0.6611,0.6611,386,0
BGI.US,5,20260522,183000,0.6611,0.6611,0.6611,0.6611,1405,0
BGI.US,5,20260522,185000,0.6506,0.6506,0.6506,0.6506,100,0
BGI.US,5,20260522,185500,0.66,0.66,0.657497,0.657497,600,0
BGI.US,5,20260522,191000,0.6558,0.6558,0.6558,0.6558,207,0
BGI.US,5,20260522,193500,0.6611,0.6611,0.6611,0.6611,1000,0
BGI.US,5,20260522,195500,0.661,0.661,0.661,0.661,100,0
BGI.US,5,20260522,201500,0.6558,0.6558,0.6558,0.6558,100,0
BGI.US,5,20260522,212500,0.6586,0.6586,0.6579,0.6579,291,0
BGI.US,5,20260522,213000,0.6599,0.6599,0.6599,0.6599,500,0
BGI.US,5,20260522,213500,0.6611,0.6611,0.6611,0.6611,500,0
BGI.US,5,20260522,215500,0.6607,0.661,0.651,0.651,307,0
BGI.US,5,20260526,154500,0.69,0.69,0.69,0.69,200,0
BGI.US,5,20260526,155500,0.68,0.68,0.68,0.68,100,0
BGI.US,5,20260526,192000,0.68,0.68,0.68,0.68,105,0
BGI.US,5,20260526,192500,0.68,0.69,0.68,0.68,2607,0
BGI.US,5,20260527,155000,0.6651,0.6699,0.6651,0.6699,300,0
BGI.US,5,20260527,155500,0.661,0.661,0.6601,0.6601,213,0
BGI.US,5,20260527,164000,0.6651,0.6651,0.6651,0.6651,200,0
BGI.US,5,20260527,180500,0.6601,0.6601,0.6601,0.6601,2000,0
BGI.US,5,20260527,182500,0.667,0.667,0.667,0.667,250,0
BGI.US,5,20260527,185000,0.6601,0.6602,0.6601,0.6601,444,0
BGI.US,5,20260527,195000,0.6629,0.6629,0.6629,0.6629,250,0
BGI.US,5,20260528,161000,0.66,0.66,0.66,0.66,450,0
BGI.US,5,20260528,191500,0.6501,0.6501,0.6501,0.6501,100,0
BGI.US,5,20260528,192000,0.6503,0.6503,0.6503,0.6503,100,0
BGI.US,5,20260528,192500,0.6501,0.6501,0.6501,0.6501,100,0
BGI.US,5,20260528,193000,0.6501,0.6501,0.6501,0.6501,100,0
BGI.US,5,20260528,193500,0.6501,0.6501,0.65,0.65,200,0
BGI.US,5,20260528,194000,0.65,0.65,0.65,0.65,100,0
BGI.US,5,20260528,194500,0.65,0.65,0.65,0.65,233,0
BGI.US,5,20260528,195000,0.65,0.65,0.65,0.65,100,0
BGI.US,5,20260528,195500,0.65,0.655,0.65,0.655,400,0
BGI.US,5,20260528,200000,0.65,0.65,0.65,0.65,100,0
BGI.US,5,20260528,200500,0.65,0.65,0.65,0.65,100,0
BGI.US,5,20260528,201000,0.65,0.65,0.65,0.65,100,0
BGI.US,5,20260528,201500,0.65,0.65,0.65,0.65,100,0
BGI.US,5,20260528,202000,0.65,0.65,0.65,0.65,100,0
BGI.US,5,20260528,202500,0.65,0.65,0.65,0.65,100,0
BGI.US,5,20260528,203000,0.65,0.65,0.65,0.65,100,0
BGI.US,5,20260528,203500,0.65,0.65,0.65,0.65,100,0
BGI.US,5,20260528,204000,0.65,0.65,0.65,0.65,200,0
BGI.US,5,20260528,205000,0.65,0.65,0.65,0.65,100,0
BGI.US,5,20260528,205500,0.65,0.65,0.65,0.65,100,0
BGI.US,5,20260528,210000,0.65,0.65,0.65,0.65,100,0
BGI.US,5,20260528,210500,0.65,0.65,0.65,0.65,100,0
BGI.US,5,20260528,211000,0.65,0.65,0.65,0.65,100,0
BGI.US,5,20260528,211500,0.65,0.65,0.65,0.65,200,0
BGI.US,5,20260528,212000,0.65,0.65,0.65,0.65,100,0
BGI.US,5,20260528,212500,0.65,0.65,0.65,0.65,100,0
BGI.US,5,20260528,213000,0.65,0.65,0.65,0.65,200,0
BGI.US,5,20260528,213500,0.65,0.6501,0.65,0.6501,200,0
BGI.US,5,20260528,214000,0.65,0.65,0.65,0.65,800,0
BGI.US,5,20260528,214500,0.65,0.65,0.64,0.64,200,0
BGI.US,5,20260528,215000,0.64,0.641,0.6214,0.6214,1693,0
BGI.US,5,20260528,215500,0.6214,0.62565,0.6176,0.6187,701,0
BGI.US,5,20260529,153000,0.6217,0.630101,0.6217,0.630101,350,0
BGI.US,5,20260529,154000,0.63,0.63016,0.6298,0.6298,500,0
BGI.US,5,20260529,160000,0.6299,0.6299,0.6299,0.6299,1050,0
BGI.US,5,20260529,162000,0.6101,0.6101,0.6101,0.6101,100,0
BGI.US,5,20260529,163500,0.613989,0.613989,0.613989,0.613989,745,0
BGI.US,5,20260529,170000,0.6299,0.6299,0.6299,0.6299,576,0
BGI.US,5,20260529,192500,0.6299,0.6299,0.6299,0.6299,100,0
BGI.US,5,20260601,153000,0.6411,0.6411,0.6126,0.6126,1056,0
BGI.US,5,20260601,153500,0.6125,0.6125,0.6125,0.6125,300,0
BGI.US,5,20260601,154500,0.6125,0.6125,0.6125,0.6125,171,0
BGI.US,5,20260601,160500,0.6126,0.6126,0.6126,0.6126,470,0
BGI.US,5,20260601,161500,0.61,0.61,0.61,0.61,100,0
BGI.US,5,20260601,165500,0.611299,0.611299,0.611299,0.611299,400,0
BGI.US,5,20260601,171000,0.611301,0.611301,0.611301,0.611301,300,0
BGI.US,5,20260601,184000,0.611299,0.6125,0.611299,0.6125,1694,0
BGI.US,5,20260601,193000,0.6126,0.6126,0.6126,0.6126,400,0
BGI.US,5,20260601,203000,0.612599,0.62,0.612599,0.62,4135,0
BGI.US,5,20260602,153000,0.5985,0.6333,0.5985,0.6333,2002,0
BGI.US,5,20260602,153500,0.6412,0.6412,0.624,0.624,310,0
BGI.US,5,20260602,154000,0.610567,0.610567,0.610567,0.610567,1050,0
BGI.US,5,20260602,154500,0.6383,0.6383,0.6383,0.6383,100,0
BGI.US,5,20260602,160000,0.666699,0.666699,0.666699,0.666699,200,0
BGI.US,5,20260602,172500,0.6301,0.6301,0.63,0.63,792,0
BGI.US,5,20260602,180500,0.635,0.635,0.635,0.635,115,0
BGI.US,5,20260602,183000,0.6301,0.6301,0.6301,0.6301,150,0
BGI.US,5,20260602,191000,0.64,0.64,0.64,0.64,12059,0
BGI.US,5,20260602,192500,0.64,0.64,0.64,0.64,250,0
BGI.US,5,20260602,195500,0.6425,0.6425,0.6425,0.6425,1040,0
BGI.US,5,20260603,155000,0.6384,0.6384,0.6384,0.6384,123,0
BGI.US,5,20260603,161000,0.6449,0.6449,0.6449,0.6449,300,0
BGI.US,5,20260603,162500,0.632,0.6449,0.6131,0.6449,760,0
BGI.US,5,20260603,172000,0.6449,0.6449,0.6449,0.6449,400,0
BGI.US,5,20260603,172500,0.6132,0.6449,0.613101,0.6449,3775,0
BGI.US,5,20260603,192500,0.6131,0.6449,0.6131,0.6449,300,0
BGI.US,5,20260603,193000,0.6449,0.6449,0.621,0.6449,919,0
BGI.US,5,20260603,193500,0.6449,0.645,0.6449,0.645,500,0
BGI.US,5,20260603,215000,0.6133,0.6133,0.6133,0.6133,100,0
BGI.US,5,20260603,215500,0.6133,0.6133,0.602,0.602,300,0
BGI.US,5,20260604,153000,0.649,0.649,0.649,0.649,110,0
BGI.US,5,20260604,155500,0.62,0.644151,0.62,0.644151,200,0
BGI.US,5,20260604,164500,0.621,0.621,0.621,0.621,100,0
BGI.US,5,20260604,171500,0.64475,0.64475,0.64475,0.64475,1000,0
BGI.US,5,20260604,172000,0.6607,0.6607,0.6607,0.6607,201,0
BGI.US,5,20260604,172500,0.6412,0.6607,0.641,0.6607,500,0
BGI.US,5,20260604,173000,0.62555,0.62555,0.62555,0.62555,498,0
BGI.US,5,20260604,184000,0.624949,0.624949,0.624949,0.624949,319,0
BGI.US,5,20260604,195500,0.629799,0.629799,0.629799,0.629799,1000,0
BGI.US,5,20260604,210500,0.6201,0.6201,0.6201,0.6201,100,0
BGI.US,5,20260604,213500,0.644151,0.644151,0.644151,0.644151,100,0
BGI.US,5,20260604,215500,0.6212,0.6212,0.6212,0.6212,100,0
BGI.US,5,20260605,153000,0.6445,0.6445,0.6445,0.6445,171,0
BGI.US,5,20260605,155500,0.655,0.655,0.655,0.655,110,0
BGI.US,5,20260605,160000,0.6995,0.6995,0.6168,0.6168,295,0
BGI.US,5,20260605,160500,0.655,0.655,0.655,0.655,100,0
BGI.US,5,20260605,173500,0.639899,0.639899,0.639899,0.639899,100,0
BGI.US,5,20260605,202500,0.6138,0.6138,0.6138,0.6138,1000,0
BGI.US,5,20260605,203500,0.6269,0.6269,0.6269,0.6269,100,0
BGI.US,5,20260605,210000,0.613801,0.62685,0.6137,0.62685,700,0
BGI.US,5,20260605,215000,0.6137,0.6137,0.6137,0.6137,391,0
BGI.US,5,20260608,153000,0.64,0.64,0.62,0.62,200,0
BGI.US,5,20260608,160500,0.6182,0.6182,0.6175,0.6175,300,0
BGI.US,5,20260608,171500,0.61,0.61,0.61,0.61,100,0
BGI.US,5,20260608,180500,0.625,0.625,0.625,0.625,5000,0
BGI.US,5,20260608,182000,0.61,0.61,0.61,0.61,9700,0
BGI.US,5,20260608,182500,0.6117,0.6117,0.6117,0.6117,100,0
BGI.US,5,20260608,185500,0.62,0.62,0.62,0.62,305,0
BGI.US,5,20260608,190000,0.63,0.63,0.63,0.63,100,0
BGI.US,5,20260608,191000,0.6259,0.639,0.6259,0.639,3000,0
BGI.US,5,20260608,192500,0.63,0.63,0.63,0.63,1895,0
BGI.US,5,20260608,195000,0.63,0.63,0.63,0.63,3513,0
BGI.US,5,20260608,202500,0.62,0.62,0.62,0.62,300,0
BGI.US,5,20260608,210500,0.63,0.63,0.63,0.63,100,0
BGI.US,5,20260608,211000,0.62,0.6205,0.61,0.6117,7900,0
BGI.US,5,20260608,212000,0.625,0.625,0.625,0.625,200,0
BGI.US,5,20260608,214500,0.610001,0.6101,0.610001,0.6101,1504,0
BGI.US,5,20260608,215500,0.6211,0.6211,0.6203,0.6203,1100,0
BGI.US,5,20260609,153000,0.56,0.5701,0.523,0.538809,54618,0
BGI.US,5,20260609,153500,0.53613,0.5369,0.5294,0.5368,4946,0
BGI.US,5,20260609,154000,0.53,0.5461,0.53,0.539999,3586,0
BGI.US,5,20260609,154500,0.538,0.538051,0.525,0.5251,8762,0
BGI.US,5,20260609,155000,0.5407,0.5461,0.486,0.486,137457,0
BGI.US,5,20260609,155500,0.486,0.529999,0.4652,0.5099,72018,0
BGI.US,5,20260609,160000,0.4825,0.506,0.4727,0.5027,53555,0
BGI.US,5,20260609,160500,0.5031,0.52,0.5,0.5187,5992,0
BGI.US,5,20260609,161000,0.5188,0.5188,0.50615,0.50615,11292,0
BGI.US,5,20260609,161500,0.5094,0.5431,0.5094,0.5431,15576,0
BGI.US,5,20260609,162000,0.54,0.54,0.515,0.5232,14114,0
BGI.US,5,20260609,162500,0.521,0.5416,0.521,0.530101,4095,0
BGI.US,5,20260609,163000,0.5381,0.5461,0.5304,0.543,11689,0
BGI.US,5,20260609,163500,0.54,0.55,0.5379,0.55,19522,0
BGI.US,5,20260609,164000,0.56,0.5613,0.5578,0.5613,4010,0
BGI.US,5,20260609,164500,0.547951,0.5556,0.54,0.545,12721,0
BGI.US,5,20260609,165000,0.5554,0.5554,0.5427,0.5427,11100,0
BGI.US,5,20260609,165500,0.556,0.556,0.5456,0.5456,11389,0
BGI.US,5,20260609,170000,0.5456,0.5819,0.5456,0.58,3292,0
BGI.US,5,20260609,170500,0.578,0.578,0.5523,0.5523,7403,0
BGI.US,5,20260609,171000,0.5524,0.559506,0.5524,0.559506,4552,0
BGI.US,5,20260609,171500,0.5584,0.5786,0.5525,0.5525,3951,0
BGI.US,5,20260609,172000,0.5521,0.58,0.5521,0.58,3056,0
BGI.US,5,20260609,172500,0.5599,0.58,0.5596,0.5794,16664,0
BGI.US,5,20260609,173000,0.5794,0.5799,0.5794,0.5794,2736,0
BGI.US,5,20260609,173500,0.5435,0.5788,0.5435,0.5788,895,0
BGI.US,5,20260609,174000,0.5453,0.5453,0.54,0.54,1500,0
BGI.US,5,20260609,174500,0.5301,0.5301,0.53,0.5301,1683,0
BGI.US,5,20260609,175000,0.554799,0.578,0.554799,0.578,11461,0
BGI.US,5,20260609,175500,0.5744,0.5788,0.56,0.56,7643,0
BGI.US,5,20260609,180000,0.5601,0.577,0.56,0.56,6315,0
BGI.US,5,20260609,180500,0.56,0.5761,0.56,0.5761,1619,0
BGI.US,5,20260609,181000,0.5685,0.576,0.56,0.56,2498,0
BGI.US,5,20260609,181500,0.56,0.579,0.56,0.579,3712,0
BGI.US,5,20260609,182000,0.57,0.576,0.57,0.57,900,0
BGI.US,5,20260609,182500,0.5701,0.5701,0.5701,0.5701,1754,0
BGI.US,5,20260609,183000,0.578,0.578,0.578,0.578,1000,0
BGI.US,5,20260609,183500,0.57,0.57,0.5698,0.57,1200,0
BGI.US,5,20260609,184000,0.5644,0.5644,0.5405,0.5405,8730,0
BGI.US,5,20260609,184500,0.5545,0.5612,0.5451,0.5612,700,0
BGI.US,5,20260609,185000,0.57,0.57,0.54,0.54,11211,0
BGI.US,5,20260609,185500,0.5401,0.5401,0.5401,0.5401,315,0
BGI.US,5,20260609,190000,0.5401,0.5401,0.5401,0.5401,153,0
BGI.US,5,20260609,190500,0.55,0.55,0.5494,0.5499,2030,0
BGI.US,5,20260609,191000,0.55,0.5508,0.5354,0.55,6954,0
BGI.US,5,20260609,193000,0.5508,0.5508,0.5508,0.5508,1470,0
BGI.US,5,20260609,194000,0.569,0.569,0.569,0.569,100,0
BGI.US,5,20260609,195500,0.569,0.569,0.5685,0.569,2265,0
BGI.US,5,20260609,201000,0.56,0.56,0.56,0.56,270,0
BGI.US,5,20260609,201500,0.5642,0.568399,0.56,0.5642,880,0
BGI.US,5,20260609,202000,0.56,0.56,0.5501,0.5501,2554,0
BGI.US,5,20260609,202500,0.55,0.55,0.545,0.545,2900,0
BGI.US,5,20260609,205000,0.55,0.55,0.55,0.55,702,0
BGI.US,5,20260609,205500,0.55,0.55,0.55,0.55,885,0
BGI.US,5,20260609,210000,0.5499,0.5685,0.5499,0.5642,500,0
BGI.US,5,20260609,210500,0.56355,0.5685,0.5542,0.5685,600,0
BGI.US,5,20260609,211000,0.5685,0.5685,0.5685,0.5685,300,0
BGI.US,5,20260609,211500,0.5683,0.5683,0.5683,0.5683,400,0
BGI.US,5,20260609,212000,0.5683,0.5683,0.5501,0.5683,559,0
BGI.US,5,20260609,212500,0.5683,0.5683,0.5585,0.5671,600,0
BGI.US,5,20260609,213000,0.5671,0.5671,0.5579,0.565,1788,0
BGI.US,5,20260609,213500,0.5579,0.5815,0.5579,0.5815,3953,0
BGI.US,5,20260609,214000,0.5815,0.582,0.5815,0.582,500,0
BGI.US,5,20260609,214500,0.5709,0.582,0.5709,0.571975,1018,0
BGI.US,5,20260609,215000,0.585,0.585,0.581,0.585,1100,0
BGI.US,5,20260609,215500,0.585,0.585,0.5725,0.585,4014,0
BGI.US,5,20260610,153000,0.54,0.5425,0.54,0.5425,1424,0
BGI.US,5,20260610,153500,0.5425,0.5425,0.5425,0.5425,300,0
BGI.US,5,20260610,154000,0.5639,0.569899,0.5432,0.569899,1585,0
BGI.US,5,20260610,154500,0.5675,0.5699,0.5501,0.5584,3515,0
BGI.US,5,20260610,160000,0.5529,0.56,0.55,0.5533,3109,0
BGI.US,5,20260610,160500,0.5533,0.569999,0.55325,0.561,4200,0
BGI.US,5,20260610,161000,0.5555,0.5609,0.55,0.5502,6543,0
BGI.US,5,20260610,161500,0.569999,0.569999,0.569999,0.569999,800,0
BGI.US,5,20260610,162000,0.56,0.5699,0.56,0.56,2937,0
BGI.US,5,20260610,163000,0.56,0.56,0.56,0.56,920,0
BGI.US,5,20260610,164000,0.56,0.57,0.56,0.562,967,0
BGI.US,5,20260610,164500,0.576,0.576,0.576,0.576,100,0
BGI.US,5,20260610,165000,0.562,0.562,0.562,0.562,122,0
BGI.US,5,20260610,171000,0.562,0.562,0.562,0.562,560,0
BGI.US,5,20260610,172000,0.576,0.576,0.562001,0.562001,2852,0
BGI.US,5,20260610,173500,0.576,0.5899,0.562001,0.5899,1400,0
BGI.US,5,20260610,174000,0.5901,0.5928,0.59,0.5928,5236,0
BGI.US,5,20260610,175500,0.600451,0.6005,0.600449,0.60045,2499,0
BGI.US,5,20260610,180000,0.574,0.619999,0.574,0.619999,5299,0
BGI.US,5,20260610,181000,0.6047,0.6047,0.6047,0.6047,747,0
BGI.US,5,20260610,181500,0.582801,0.582801,0.582801,0.582801,1500,0
BGI.US,5,20260610,182000,0.5828,0.5828,0.5828,0.5828,500,0
BGI.US,5,20260610,182500,0.5806,0.5806,0.5735,0.5735,1085,0
BGI.US,5,20260610,183000,0.5647,0.5689,0.5647,0.5689,1300,0
BGI.US,5,20260610,183500,0.5647,0.5821,0.5647,0.5821,4007,0
BGI.US,5,20260610,184000,0.581999,0.61,0.57325,0.61,2100,0
BGI.US,5,20260610,184500,0.605001,0.605001,0.59,0.59,6148,0
BGI.US,5,20260610,185500,0.587001,0.587001,0.587001,0.587001,500,0
BGI.US,5,20260610,191000,0.57,0.5904,0.57,0.5904,1277,0
BGI.US,5,20260610,192500,0.6001,0.6021,0.5994,0.5994,3700,0
BGI.US,5,20260610,193000,0.5994,0.5994,0.5994,0.5994,2783,0
BGI.US,5,20260610,193500,0.607001,0.607001,0.607001,0.607001,400,0
BGI.US,5,20260610,194500,0.607001,0.607001,0.607001,0.607001,500,0
BGI.US,5,20260610,201500,0.607,0.607,0.607,0.607,4000,0
BGI.US,5,20260610,202000,0.6199,0.62,0.61,0.62,13532,0
BGI.US,5,20260610,202500,0.6277,0.6277,0.6277,0.6277,400,0
BGI.US,5,20260610,203000,0.62,0.6225,0.62,0.6201,1800,0
BGI.US,5,20260610,203500,0.6201,0.6288,0.62,0.6288,6090,0
BGI.US,5,20260610,204000,0.63,0.63,0.63,0.63,998,0
BGI.US,5,20260610,205000,0.6201,0.6353,0.6201,0.624,1387,0
BGI.US,5,20260610,205500,0.624,0.624,0.624,0.624,400,0
BGI.US,5,20260610,210000,0.6241,0.6241,0.6241,0.6241,559,0
BGI.US,5,20260610,211000,0.624,0.624,0.622,0.62305,727,0
BGI.US,5,20260610,212000,0.622,0.622,0.6,0.6145,11141,0
BGI.US,5,20260610,212500,0.6,0.61,0.58,0.61,9499,0
BGI.US,5,20260610,213000,0.5999,0.6001,0.5999,0.6001,3800,0
BGI.US,5,20260610,213500,0.619,0.664,0.619,0.6338,11111,0
BGI.US,5,20260610,214000,0.6363,0.6366,0.636,0.6365,1161,0
BGI.US,5,20260610,214500,0.6059,0.6059,0.6059,0.6059,100,0
BGI.US,5,20260610,215000,0.6174,0.6233,0.6107,0.6233,854,0
BGI.US,5,20260610,215500,0.6233,0.6233,0.6233,0.6233,2000,0
BGI.US,5,20260611,153000,0.6057,0.6057,0.6057,0.6057,117,0
BGI.US,5,20260611,153500,0.6057,0.6057,0.6057,0.6057,200,0
BGI.US,5,20260611,154500,0.590201,0.590201,0.590201,0.590201,2100,0
BGI.US,5,20260611,155500,0.6172,0.6172,0.6037,0.6037,5538,0
BGI.US,5,20260611,161000,0.6171,0.62,0.6171,0.62,17824,0
BGI.US,5,20260611,164500,0.6201,0.6201,0.6201,0.6201,271,0
BGI.US,5,20260611,170000,0.6201,0.6201,0.6201,0.6201,100,0
BGI.US,5,20260611,171500,0.62,0.62,0.62,0.62,100,0
BGI.US,5,20260611,173000,0.63225,0.6323,0.63225,0.6323,200,0
BGI.US,5,20260611,173500,0.6201,0.6201,0.62,0.62,3300,0
BGI.US,5,20260611,174500,0.6212,0.6212,0.6212,0.6212,762,0
BGI.US,5,20260611,175000,0.6208,0.6208,0.6208,0.6208,447,0
BGI.US,5,20260611,175500,0.6445,0.6445,0.6445,0.6445,100,0
BGI.US,5,20260611,181500,0.62725,0.62725,0.62725,0.62725,100,0
BGI.US,5,20260611,185000,0.6273,0.6444,0.6273,0.6444,350,0
BGI.US,5,20260611,190000,0.6431,0.6431,0.6431,0.6431,100,0
BGI.US,5,20260611,191500,0.6238,0.6238,0.6238,0.6238,7074,0
BGI.US,5,20260611,193500,0.6429,0.6429,0.6429,0.6429,1661,0
BGI.US,5,20260611,195500,0.6429,0.6429,0.6429,0.6429,852,0
BGI.US,5,20260611,200000,0.6428,0.6429,0.6297,0.6297,2894,0
BGI.US,5,20260611,201000,0.6271,0.6445,0.6271,0.6445,4531,0
BGI.US,5,20260611,202000,0.631,0.631,0.631,0.631,100,0
BGI.US,5,20260611,203000,0.63125,0.6497,0.63125,0.6497,5125,0
BGI.US,5,20260611,203500,0.6499,0.651,0.6422,0.6475,18944,0
BGI.US,5,20260611,204000,0.6451,0.6451,0.645,0.645,1100,0
BGI.US,5,20260611,204500,0.65,0.65,0.65,0.65,1263,0
BGI.US,5,20260611,205000,0.65,0.68475,0.6499,0.6847,6499,0
BGI.US,5,20260611,205500,0.695,0.695,0.6845,0.6949,5962,0
BGI.US,5,20260611,210000,0.660501,0.660501,0.660501,0.660501,784,0
BGI.US,5,20260611,213000,0.6605,0.6699,0.6605,0.6699,1802,0
BGI.US,5,20260611,214500,0.66515,0.66515,0.66515,0.66515,100,0
BGI.US,5,20260612,153000,0.64,0.6635,0.6,0.6635,15890,0
BGI.US,5,20260612,153500,0.64855,0.64855,0.64855,0.64855,100,0
BGI.US,5,20260612,155000,0.620101,0.6435,0.620101,0.6435,893,0
BGI.US,5,20260612,155500,0.663499,0.663499,0.663499,0.663499,100,0
BGI.US,5,20260612,162500,0.6636,0.6636,0.6636,0.6636,100,0
BGI.US,5,20260612,171000,0.6628,0.6715,0.6628,0.6715,964,0
BGI.US,5,20260612,174000,0.6558,0.6706,0.65575,0.65575,1800,0
BGI.US,5,20260612,175000,0.65575,0.65575,0.65575,0.65575,100,0
BGI.US,5,20260612,175500,0.65,0.65,0.645,0.65,800,0
BGI.US,5,20260612,181500,0.6401,0.665,0.6401,0.665,500,0
BGI.US,5,20260612,182500,0.6525,0.662,0.6525,0.662,1513,0
BGI.US,5,20260612,183000,0.6488,0.67,0.6488,0.6625,21571,0
BGI.US,5,20260612,184000,0.6678,0.6678,0.66,0.6601,1518,0
BGI.US,5,20260612,184500,0.654999,0.654999,0.654999,0.654999,300,0
BGI.US,5,20260612,185500,0.64,0.655,0.64,0.655,698,0
BGI.US,5,20260612,191000,0.66,0.66,0.66,0.66,200,0
BGI.US,5,20260612,192500,0.6521,0.6521,0.6521,0.6521,9415,0
BGI.US,5,20260612,194000,0.661,0.661,0.661,0.661,100,0
BGI.US,5,20260612,200000,0.6521,0.653,0.6521,0.6521,1000,0
BGI.US,5,20260612,200500,0.6494,0.6494,0.6494,0.6494,200,0
BGI.US,5,20260612,203000,0.65,0.65,0.65,0.65,100,0
BGI.US,5,20260612,205500,0.6499,0.6499,0.6499,0.6499,3000,0
BGI.US,5,20260612,210000,0.649799,0.6498,0.64,0.6401,1368,0
BGI.US,5,20260612,210500,0.6428,0.6428,0.6428,0.6428,800,0
BGI.US,5,20260612,211000,0.6601,0.6601,0.652,0.652,1359,0
BGI.US,5,20260612,212000,0.6469,0.6469,0.6469,0.6469,100,0
BGI.US,5,20260612,213000,0.6338,0.6338,0.6338,0.6338,230,0
BGI.US,5,20260612,214000,0.6469,0.6469,0.6469,0.6469,100,0
BGI.US,5,20260612,215000,0.6569,0.6569,0.64,0.6469,1640,0
BGI.US,5,20260612,215500,0.6601,0.6601,0.6601,0.6601,200,0
BGI.US,5,20260615,153500,0.65875,0.65875,0.65875,0.65875,100,0
BGI.US,5,20260615,154000,0.66,0.6675,0.658,0.658,1725,0
BGI.US,5,20260615,154500,0.658,0.658,0.658,0.658,500,0
BGI.US,5,20260615,162500,0.6488,0.6488,0.6488,0.6488,1604,0
BGI.US,5,20260615,163000,0.630001,0.630001,0.630001,0.630001,180,0
BGI.US,5,20260615,164500,0.6542,0.6675,0.6542,0.6675,225,0
BGI.US,5,20260615,170500,0.65215,0.65215,0.65215,0.65215,200,0
BGI.US,5,20260615,171000,0.64,0.65215,0.64,0.65215,600,0
BGI.US,5,20260615,171500,0.6461,0.6461,0.6461,0.6461,400,0
BGI.US,5,20260615,172000,0.6461,0.6461,0.6461,0.6461,516,0
BGI.US,5,20260615,172500,0.64,0.6401,0.64,0.64,2000,0
BGI.US,5,20260615,173500,0.6538,0.6538,0.6538,0.6538,2893,0
BGI.US,5,20260615,174000,0.6573,0.6573,0.6573,0.6573,100,0
BGI.US,5,20260615,180000,0.6533,0.6533,0.6533,0.6533,100,0
BGI.US,5,20260615,180500,0.64,0.64,0.6375,0.6375,896,0
BGI.US,5,20260615,183500,0.6581,0.6581,0.6581,0.6581,100,0
BGI.US,5,20260615,190500,0.64445,0.64445,0.64445,0.64445,200,0
BGI.US,5,20260615,191500,0.64,0.64,0.64,0.64,100,0
BGI.US,5,20260615,193500,0.648958,0.648958,0.64,0.64,1200,0
BGI.US,5,20260615,194500,0.64,0.64,0.64,0.64,951,0
BGI.US,5,20260615,200000,0.66,0.66,0.66,0.66,300,0
BGI.US,5,20260615,212000,0.644,0.6573,0.644,0.644,300,0
BGI.US,5,20260615,214000,0.65,0.65,0.65,0.65,262,0
BGI.US,5,20260615,215000,0.66,0.66,0.646,0.646,208,0
BGI.US,5,20260615,215500,0.634,0.634,0.6301,0.6301,270,0
BGI.US,5,20260616,153000,0.6352,0.6352,0.63,0.63,1200,0
BGI.US,5,20260616,153500,0.61,0.6176,0.61,0.6176,600,0
BGI.US,5,20260616,154500,0.6076,0.612401,0.6,0.612401,10298,0
BGI.US,5,20260616,155000,0.6124,0.61555,0.6124,0.61555,400,0
BGI.US,5,20260616,155500,0.61555,0.61555,0.615025,0.615025,600,0
BGI.US,5,20260616,160000,0.61555,0.615551,0.61555,0.61555,800,0
BGI.US,5,20260616,160500,0.61,0.61,0.61,0.61,469,0
BGI.US,5,20260616,161000,0.615025,0.615025,0.615025,0.615025,200,0
BGI.US,5,20260616,161500,0.6156,0.6156,0.6156,0.6156,300,0
BGI.US,5,20260616,162000,0.6156,0.618,0.6151,0.6151,604,0
BGI.US,5,20260616,162500,0.6151,0.6151,0.6151,0.6151,200,0
BGI.US,5,20260616,163000,0.6151,0.6196,0.6151,0.6196,500,0
BGI.US,5,20260616,164500,0.6219,0.6219,0.6219,0.6219,1200,0
BGI.US,5,20260616,165000,0.6319,0.6319,0.6319,0.6319,400,0
BGI.US,5,20260616,165500,0.6319,0.6319,0.6319,0.6319,400,0
BGI.US,5,20260616,170000,0.6319,0.6319,0.6319,0.6319,400,0
BGI.US,5,20260616,171000,0.6319,0.6319,0.6319,0.6319,600,0
BGI.US,5,20260616,171500,0.6319,0.6319,0.6319,0.6319,600,0
BGI.US,5,20260616,172000,0.6203,0.6203,0.6203,0.6203,910,0
BGI.US,5,20260616,173000,0.64,0.64,0.61,0.6231,752,0
BGI.US,5,20260616,183500,0.6423,0.6423,0.6423,0.6423,1194,0
BGI.US,5,20260616,184500,0.6331,0.6331,0.6331,0.6331,200,0
BGI.US,5,20260616,185000,0.6239,0.6239,0.6239,0.6239,100,0
BGI.US,5,20260616,191000,0.62955,0.62955,0.62955,0.62955,200,0
BGI.US,5,20260616,191500,0.62955,0.62955,0.62955,0.62955,200,0
BGI.US,5,20260616,192000,0.6296,0.6296,0.62695,0.62695,750,0
BGI.US,5,20260616,193000,0.627,0.64,0.627,0.6397,2006,0
BGI.US,5,20260616,194500,0.6317,0.6317,0.6115,0.6258,1400,0
BGI.US,5,20260616,203000,0.6258,0.6258,0.6258,0.6258,1105,0
BGI.US,5,20260616,204500,0.62325,0.62325,0.62325,0.62325,100,0
BGI.US,5,20260616,213500,0.6225,0.6225,0.6225,0.6225,500,0
BGI.US,5,20260616,214000,0.6164,0.6164,0.6164,0.6164,301,0
BGI.US,5,20260616,215000,0.6104,0.6104,0.6104,0.6104,1300,0
BGI.US,5,20260616,215500,0.6103,0.62,0.5752,0.5801,16589,0
BGI.US,5,20260617,153000,0.6063,0.6063,0.5901,0.6063,892,0
BGI.US,5,20260617,161000,0.59,0.59,0.5801,0.5801,3040,0
BGI.US,5,20260617,162000,0.5806,0.5814,0.5801,0.5801,4234,0
BGI.US,5,20260617,164500,0.5943,0.5943,0.5943,0.5943,2000,0
BGI.US,5,20260617,170500,0.5899,0.5899,0.5899,0.5899,1200,0
BGI.US,5,20260617,171000,0.5899,0.59,0.5899,0.59,3794,0
BGI.US,5,20260617,180500,0.5851,0.5851,0.5851,0.5851,250,0
BGI.US,5,20260617,181500,0.5851,0.5851,0.5851,0.5851,100,0
BGI.US,5,20260617,184000,0.5899,0.5899,0.5899,0.5899,1000,0
BGI.US,5,20260617,184500,0.5803,0.5803,0.5803,0.5803,100,0
BGI.US,5,20260617,190500,0.5803,0.5803,0.5803,0.5803,350,0
BGI.US,5,20260617,203500,0.58,0.58,0.58,0.58,26300,0
BGI.US,5,20260617,214000,0.6062,0.6062,0.6062,0.6062,100,0
BGI.US,5,20260618,153000,0.6081,0.6081,0.5801,0.5801,2915,0
BGI.US,5,20260618,153500,0.6186,0.6186,0.6186,0.6186,100,0
BGI.US,5,20260618,154000,0.6,0.6,0.5802,0.6,464,0
BGI.US,5,20260618,155500,0.581,0.5991,0.581,0.5991,4240,0
BGI.US,5,20260618,160000,0.599151,0.599151,0.5802,0.599151,8172,0
BGI.US,5,20260618,160500,0.581,0.5877,0.5801,0.5877,3403,0
BGI.US,5,20260618,161000,0.5877,0.5877,0.5877,0.5877,550,0
BGI.US,5,20260618,162000,0.6017,0.6017,0.6017,0.6017,100,0
BGI.US,5,20260618,163000,0.5877,0.5877,0.573,0.573,2716,0
BGI.US,5,20260618,163500,0.586299,0.5863,0.5792,0.5863,1032,0
BGI.US,5,20260618,172500,0.5745,0.5751,0.5745,0.5746,500,0
BGI.US,5,20260618,175500,0.601599,0.601599,0.601599,0.601599,100,0
BGI.US,5,20260618,180000,0.5878,0.5878,0.5878,0.5878,100,0
BGI.US,5,20260618,183000,0.6003,0.6003,0.6003,0.6003,100,0
BGI.US,5,20260618,183500,0.5878,0.5878,0.5878,0.5878,110,0
BGI.US,5,20260618,185500,0.6015,0.6016,0.6015,0.6015,1263,0
BGI.US,5,20260618,192500,0.6016,0.6016,0.6016,0.6016,100,0
BGI.US,5,20260618,201000,0.6016,0.6016,0.6016,0.6016,100,0
BGI.US,5,20260618,204000,0.6016,0.6016,0.6016,0.6016,2283,0
BGI.US,5,20260618,205000,0.5853,0.5853,0.5853,0.5853,100,0
BGI.US,5,20260618,205500,0.5977,0.5977,0.5977,0.5977,250,0
BGI.US,5,20260618,211000,0.61,0.61,0.61,0.61,100,0
BGI.US,5,20260618,213000,0.60235,0.60235,0.5945,0.5975,1159,0
BGI.US,5,20260618,215500,0.5929,0.609799,0.5929,0.6094,400,0
BGI.US,5,20260622,153000,0.606,0.606,0.5916,0.5917,1379,0
BGI.US,5,20260622,153500,0.5917,0.596784,0.5916,0.5916,500,0
BGI.US,5,20260622,154000,0.5917,0.5917,0.5917,0.5917,100,0
BGI.US,5,20260622,154500,0.5939,0.5939,0.5939,0.5939,400,0
BGI.US,5,20260622,155500,0.5916,0.5916,0.5916,0.5916,350,0
BGI.US,5,20260622,162500,0.581,0.581,0.58,0.581,776,0
BGI.US,5,20260622,163000,0.5747,0.5747,0.5713,0.5713,627,0
BGI.US,5,20260622,165000,0.5819,0.5819,0.5819,0.5819,200,0
BGI.US,5,20260622,170000,0.57,0.57,0.57,0.57,200,0
BGI.US,5,20260622,171500,0.568,0.568,0.5657,0.5657,1289,0
BGI.US,5,20260622,173000,0.578,0.578,0.578,0.578,250,0
BGI.US,5,20260622,173500,0.5657,0.5658,0.5657,0.5657,345,0
BGI.US,5,20260622,175500,0.579799,0.579799,0.579799,0.579799,236,0
BGI.US,5,20260622,180500,0.5798,0.5798,0.5798,0.5798,100,0
BGI.US,5,20260622,183500,0.5601,0.5601,0.56,0.56,400,0
BGI.US,5,20260622,195000,0.5551,0.5817,0.5545,0.5817,2500,0
BGI.US,5,20260622,205000,0.5581,0.5581,0.558,0.558,562,0
BGI.US,5,20260622,205500,0.5659,0.5659,0.5659,0.5659,100,0
BGI.US,5,20260622,215000,0.5581,0.5699,0.5581,0.5699,2050,0
BGI.US,5,20260622,215500,0.564,0.5699,0.558,0.563,1175,0
