<TICKER>,<PER>,<DATE>,<TIME>,<OPEN>,<HIGH>,<LOW>,<CLOSE>,<VOL>,<OPENINT>
IAUX-WS.US,5,20260126,160000,1.29,1.29,1.28,1.28,966,0
IAUX-WS.US,5,20260126,163000,1.28,1.28,1.19,1.19,1050,0
IAUX-WS.US,5,20260126,172000,1.17,1.17,1.17,1.17,653,0
IAUX-WS.US,5,20260126,175000,1.226,1.226,1.226,1.226,200,0
IAUX-WS.US,5,20260126,181500,1.17,1.1701,1.11,1.11,62304,0
IAUX-WS.US,5,20260126,183000,1.17,1.17,1.17,1.17,300,0
IAUX-WS.US,5,20260126,191500,1.12,1.12,1.12,1.12,100,0
IAUX-WS.US,5,20260126,202000,1.15,1.15,1.15,1.15,100,0
IAUX-WS.US,5,20260126,205500,1.15,1.1501,1.15,1.1501,600,0
IAUX-WS.US,5,20260126,211000,1.14,1.14,1.14,1.14,1498,0
IAUX-WS.US,5,20260126,214000,1.1044,1.1044,1.1044,1.1044,150,0
IAUX-WS.US,5,20260126,215000,1.105,1.105,1.105,1.105,600,0
IAUX-WS.US,5,20260126,215500,1.11,1.11,1.11,1.11,600,0
IAUX-WS.US,5,20260127,174000,1.1,1.1,1.1,1.1,100,0
IAUX-WS.US,5,20260127,185500,1.11,1.11,1.11,1.11,1000,0
IAUX-WS.US,5,20260127,192000,1.08,1.08,1.08,1.08,151,0
IAUX-WS.US,5,20260127,195000,1.08,1.08,1.08,1.08,200,0
IAUX-WS.US,5,20260127,205000,1.08,1.08,1.08,1.08,200,0
IAUX-WS.US,5,20260127,210000,1.11,1.11,1.11,1.11,100,0
IAUX-WS.US,5,20260128,162000,1.14,1.14,1.14,1.14,445,0
IAUX-WS.US,5,20260128,212500,1.21,1.21,1.21,1.21,200,0
IAUX-WS.US,5,20260129,153000,1.25,1.27,1.25,1.27,522,0
IAUX-WS.US,5,20260129,164000,1.15,1.15,1.15,1.15,100,0
IAUX-WS.US,5,20260129,164500,1.15,1.15,1.15,1.15,768,0
IAUX-WS.US,5,20260129,165000,1.15,1.15,1.15,1.15,170,0
IAUX-WS.US,5,20260129,174500,1.25,1.25,1.25,1.25,100,0
IAUX-WS.US,5,20260129,175000,1.25,1.25,1.25,1.25,400,0
IAUX-WS.US,5,20260129,180000,1.3,1.3,1.3,1.3,400,0
IAUX-WS.US,5,20260129,192500,1.1701,1.1701,1.1701,1.1701,230,0
IAUX-WS.US,5,20260130,153500,1.17,1.17,1.17,1.17,164,0
IAUX-WS.US,5,20260130,154000,1.06,1.07,1.05,1.05,1096,0
IAUX-WS.US,5,20260130,154500,1.05,1.05,1.05,1.05,3814,0
IAUX-WS.US,5,20260130,160500,1.08,1.08,1.08,1.08,1000,0
IAUX-WS.US,5,20260130,182000,1.0401,1.0401,1.0401,1.0401,207,0
IAUX-WS.US,5,20260130,192000,1.06,1.06,1.05,1.05,800,0
IAUX-WS.US,5,20260130,194000,1.05,1.05,1.04,1.04,1300,0
IAUX-WS.US,5,20260130,200000,1.135,1.135,1.135,1.135,211,0
IAUX-WS.US,5,20260202,153000,1.1,1.1,1.0999,1.0999,551,0
IAUX-WS.US,5,20260202,164000,1.03,1.03,1.03,1.03,1900,0
IAUX-WS.US,5,20260202,191000,1.0001,1.0001,1.0001,1.0001,100,0
IAUX-WS.US,5,20260202,193000,1.0001,1.0001,1.0001,1.0001,900,0
IAUX-WS.US,5,20260202,202500,1.015,1.015,1.015,1.015,4000,0
IAUX-WS.US,5,20260202,210500,1.03,1.11,1.03,1.11,3699,0
IAUX-WS.US,5,20260203,155000,1.12,1.12,1.12,1.12,400,0
IAUX-WS.US,5,20260203,161500,1.13,1.22,1.13,1.22,557,0
IAUX-WS.US,5,20260203,170500,1.12,1.12,1.12,1.12,353,0
IAUX-WS.US,5,20260203,193500,1.1661,1.1661,1.1661,1.1661,100,0
IAUX-WS.US,5,20260204,153500,1.39,1.39,1.39,1.39,452,0
IAUX-WS.US,5,20260204,155500,1.3899,1.3899,1.3899,1.3899,215,0
IAUX-WS.US,5,20260204,192000,1.1689,1.1689,1.1689,1.1689,100,0
IAUX-WS.US,5,20260204,213500,1.1899,1.19,1.1899,1.19,3328,0
IAUX-WS.US,5,20260204,215000,1.19,1.19,1.19,1.19,100,0
IAUX-WS.US,5,20260204,215500,1.18,1.18,1.18,1.18,260,0
IAUX-WS.US,5,20260205,155500,1.2,1.2,1.2,1.2,100,0
IAUX-WS.US,5,20260205,171500,1.14,1.14,1.1,1.1,1500,0
IAUX-WS.US,5,20260205,173000,1.1018,1.1018,1.05,1.05,4600,0
IAUX-WS.US,5,20260205,214000,1.075,1.075,1.075,1.075,100,0
IAUX-WS.US,5,20260206,153500,1.1,1.1,1.09,1.1,1000,0
IAUX-WS.US,5,20260206,155000,1.09,1.1,1.09,1.1,2489,0
IAUX-WS.US,5,20260206,162500,1.19,1.19,1.19,1.19,100,0
IAUX-WS.US,5,20260206,191000,1.19,1.19,1.19,1.19,200,0
IAUX-WS.US,5,20260206,193000,1.1999,1.1999,1.1999,1.1999,1200,0
IAUX-WS.US,5,20260206,193500,1.2,1.2,1.1999,1.1999,1800,0
IAUX-WS.US,5,20260206,202500,1.28,1.28,1.28,1.28,100,0
IAUX-WS.US,5,20260206,213000,1.2301,1.2301,1.2301,1.2301,1000,0
IAUX-WS.US,5,20260209,160000,1.3,1.3,1.3,1.3,100,0
IAUX-WS.US,5,20260209,162000,1.29,1.3,1.29,1.3,6100,0
IAUX-WS.US,5,20260209,163000,1.3,1.3,1.29,1.3,700,0
IAUX-WS.US,5,20260209,164000,1.36,1.36,1.36,1.36,100,0
IAUX-WS.US,5,20260209,171500,1.4,1.4,1.4,1.4,5000,0
IAUX-WS.US,5,20260209,172000,1.3875,1.4,1.3875,1.4,1045,0
IAUX-WS.US,5,20260209,172500,1.39,1.39,1.39,1.39,1000,0
IAUX-WS.US,5,20260209,175500,1.39,1.39,1.39,1.39,100,0
IAUX-WS.US,5,20260209,191500,1.39,1.39,1.39,1.39,100,0
IAUX-WS.US,5,20260209,204000,1.4,1.4,1.4,1.4,100,0
IAUX-WS.US,5,20260209,210000,1.285,1.3,1.285,1.3,600,0
IAUX-WS.US,5,20260209,211000,1.32,1.32,1.28,1.28,1500,0
IAUX-WS.US,5,20260209,212500,1.35,1.35,1.35,1.35,100,0
IAUX-WS.US,5,20260210,153500,1.34,1.34,1.34,1.34,100,0
IAUX-WS.US,5,20260210,161000,1.275,1.2934,1.275,1.2934,1200,0
IAUX-WS.US,5,20260210,161500,1.31,1.32,1.31,1.32,3100,0
IAUX-WS.US,5,20260210,170500,1.33,1.33,1.33,1.33,100,0
IAUX-WS.US,5,20260210,183500,1.265,1.265,1.265,1.265,2000,0
IAUX-WS.US,5,20260210,202000,1.3,1.3,1.3,1.3,100,0
IAUX-WS.US,5,20260210,204000,1.3,1.3,1.3,1.3,4800,0
IAUX-WS.US,5,20260211,161000,1.4,1.4,1.4,1.4,100,0
IAUX-WS.US,5,20260211,202500,1.38,1.38,1.37,1.37,2000,0
IAUX-WS.US,5,20260211,203500,1.42,1.42,1.42,1.42,500,0
IAUX-WS.US,5,20260211,204000,1.42,1.42,1.42,1.42,300,0
IAUX-WS.US,5,20260211,211000,1.46,1.46,1.46,1.46,100,0
IAUX-WS.US,5,20260212,153500,1.5,1.5,1.5,1.5,1500,0
IAUX-WS.US,5,20260212,154000,1.5,1.5,1.5,1.5,1000,0
IAUX-WS.US,5,20260212,154500,1.5,1.5,1.5,1.5,1000,0
IAUX-WS.US,5,20260212,164500,1.56,1.56,1.56,1.56,100,0
IAUX-WS.US,5,20260212,170500,1.53,1.53,1.53,1.53,1287,0
IAUX-WS.US,5,20260212,171000,1.5,1.5,1.5,1.5,1000,0
IAUX-WS.US,5,20260212,172000,1.56,1.56,1.5,1.5,1200,0
IAUX-WS.US,5,20260212,175000,1.5,1.5,1.5,1.5,900,0
IAUX-WS.US,5,20260212,175500,1.55,1.55,1.55,1.55,100,0
IAUX-WS.US,5,20260212,180000,1.56,1.56,1.56,1.56,100,0
IAUX-WS.US,5,20260212,183500,1.5,1.5,1.5,1.5,741,0
IAUX-WS.US,5,20260212,195000,1.47,1.47,1.47,1.47,125,0
IAUX-WS.US,5,20260212,200500,1.4266,1.4266,1.4266,1.4266,2400,0
IAUX-WS.US,5,20260212,204000,1.42,1.42,1.42,1.42,100,0
IAUX-WS.US,5,20260212,212500,1.36,1.3601,1.36,1.3601,4000,0
IAUX-WS.US,5,20260212,213000,1.325,1.325,1.325,1.325,379,0
IAUX-WS.US,5,20260213,162500,1.38,1.51,1.38,1.51,1197,0
IAUX-WS.US,5,20260213,163500,1.51,1.51,1.51,1.51,100,0
IAUX-WS.US,5,20260213,170000,1.56,1.56,1.56,1.56,200,0
IAUX-WS.US,5,20260213,170500,1.54,1.55,1.54,1.54,1450,0
IAUX-WS.US,5,20260213,173500,1.4,1.4,1.4,1.4,100,0
IAUX-WS.US,5,20260213,180000,1.41,1.41,1.3841,1.3841,287,0
IAUX-WS.US,5,20260213,180500,1.4,1.41,1.4,1.4099,300,0
IAUX-WS.US,5,20260213,182500,1.4,1.4,1.4,1.4,100,0
IAUX-WS.US,5,20260213,201500,1.33,1.41,1.33,1.41,600,0
IAUX-WS.US,5,20260217,153500,1.4,1.4,1.3,1.3,500,0
IAUX-WS.US,5,20260217,161500,1.3,1.3,1.3,1.3,493,0
IAUX-WS.US,5,20260217,171500,1.42,1.42,1.42,1.42,200,0
IAUX-WS.US,5,20260217,204000,1.34,1.34,1.34,1.34,500,0
IAUX-WS.US,5,20260218,154500,1.41,1.41,1.41,1.41,300,0
IAUX-WS.US,5,20260218,155500,1.4,1.4,1.4,1.4,100,0
IAUX-WS.US,5,20260218,160500,1.4,1.4,1.3999,1.3999,1200,0
IAUX-WS.US,5,20260218,164000,1.49,1.49,1.49,1.49,100,0
IAUX-WS.US,5,20260218,164500,1.41,1.41,1.4,1.4,2101,0
IAUX-WS.US,5,20260218,171000,1.45,1.45,1.45,1.45,100,0
IAUX-WS.US,5,20260218,174000,1.45,1.45,1.45,1.45,100,0
IAUX-WS.US,5,20260218,175000,1.425,1.425,1.425,1.425,300,0
IAUX-WS.US,5,20260218,181500,1.45,1.45,1.45,1.45,100,0
IAUX-WS.US,5,20260218,194000,1.41,1.41,1.4,1.4,1000,0
IAUX-WS.US,5,20260218,203500,1.4,1.4001,1.4,1.4001,800,0
IAUX-WS.US,5,20260218,205500,1.47,1.47,1.47,1.47,100,0
IAUX-WS.US,5,20260218,215000,1.4,1.4002,1.4,1.4002,400,0
IAUX-WS.US,5,20260219,154000,1.41,1.41,1.4,1.41,1000,0
IAUX-WS.US,5,20260219,161000,1.41,1.4102,1.4001,1.4001,4856,0
IAUX-WS.US,5,20260219,162000,1.4,1.4,1.4,1.4,1000,0
IAUX-WS.US,5,20260219,171500,1.4,1.41,1.4,1.4,2893,0
IAUX-WS.US,5,20260219,175000,1.4,1.4,1.4,1.4,100,0
IAUX-WS.US,5,20260219,190000,1.42,1.42,1.42,1.42,100,0
IAUX-WS.US,5,20260219,195000,1.4102,1.4102,1.4102,1.4102,400,0
IAUX-WS.US,5,20260219,195500,1.41,1.41,1.41,1.41,140,0
IAUX-WS.US,5,20260219,205500,1.41,1.41,1.41,1.41,100,0
IAUX-WS.US,5,20260220,154500,1.7899,1.7899,1.7899,1.7899,600,0
IAUX-WS.US,5,20260220,160000,1.5299,1.53,1.5299,1.53,854,0
IAUX-WS.US,5,20260220,160500,1.41,1.41,1.41,1.41,200,0
IAUX-WS.US,5,20260220,205500,1.25,1.25,1.25,1.25,525,0
IAUX-WS.US,5,20260223,155000,1.4,1.4,1.3001,1.3001,600,0
IAUX-WS.US,5,20260223,165500,1.5,1.5,1.5,1.5,331,0
IAUX-WS.US,5,20260223,173500,1.45,1.45,1.45,1.45,500,0
IAUX-WS.US,5,20260223,174000,1.5,1.65,1.5,1.65,2400,0
IAUX-WS.US,5,20260223,174500,1.55,1.65,1.5,1.5,8669,0
IAUX-WS.US,5,20260223,180500,1.52,1.5438,1.52,1.5438,388,0
IAUX-WS.US,5,20260223,194500,1.435,1.435,1.35,1.4078,2100,0
IAUX-WS.US,5,20260224,154000,1.3,1.3001,1.3,1.3001,800,0
IAUX-WS.US,5,20260224,164500,1.4099,1.4099,1.4099,1.4099,300,0
IAUX-WS.US,5,20260224,195000,1.3,1.3,1.3,1.3,200,0
IAUX-WS.US,5,20260224,200500,1.26,1.26,1.26,1.26,203,0
IAUX-WS.US,5,20260224,203500,1.28,1.28,1.28,1.28,200,0
IAUX-WS.US,5,20260224,210000,1.28,1.28,1.2799,1.2799,4000,0
IAUX-WS.US,5,20260224,212000,1.25,1.25,1.24,1.24,5900,0
IAUX-WS.US,5,20260225,153000,1.35,1.35,1.34,1.35,500,0
IAUX-WS.US,5,20260225,160500,1.24,1.24,1.24,1.24,100,0
IAUX-WS.US,5,20260225,164000,1.32,1.32,1.32,1.32,6862,0
IAUX-WS.US,5,20260225,171500,1.34,1.35,1.34,1.35,1690,0
IAUX-WS.US,5,20260225,172000,1.35,1.35,1.35,1.35,200,0
IAUX-WS.US,5,20260225,185500,1.35,1.35,1.3499,1.35,6706,0
IAUX-WS.US,5,20260225,211500,1.35,1.35,1.35,1.35,100,0
IAUX-WS.US,5,20260226,203000,1.35,1.35,1.315,1.315,1000,0
IAUX-WS.US,5,20260227,154500,1.35,1.35,1.34,1.35,8000,0
IAUX-WS.US,5,20260227,160000,1.35,1.35,1.35,1.35,8500,0
IAUX-WS.US,5,20260227,161000,1.33,1.33,1.33,1.33,100,0
IAUX-WS.US,5,20260227,161500,1.35,1.35,1.35,1.35,3500,0
IAUX-WS.US,5,20260227,163500,1.35,1.35,1.35,1.35,5289,0
IAUX-WS.US,5,20260227,172500,1.45,1.45,1.45,1.45,100,0
IAUX-WS.US,5,20260227,173000,1.3544,1.3544,1.3544,1.3544,147,0
IAUX-WS.US,5,20260227,200500,1.4,1.4,1.4,1.4,250,0
IAUX-WS.US,5,20260302,154500,1.37,1.37,1.37,1.37,1000,0
IAUX-WS.US,5,20260302,171500,1.39,1.39,1.39,1.39,200,0
IAUX-WS.US,5,20260302,172000,1.52,1.52,1.52,1.52,300,0
IAUX-WS.US,5,20260302,212000,1.44,1.44,1.44,1.44,100,0
IAUX-WS.US,5,20260303,153000,1.37,1.37,1.37,1.37,1196,0
IAUX-WS.US,5,20260303,153500,1.2601,1.35,1.2601,1.35,3420,0
IAUX-WS.US,5,20260303,154500,1.26,1.26,1.26,1.26,600,0
IAUX-WS.US,5,20260303,160000,1.26,1.29,1.2585,1.28,24195,0
IAUX-WS.US,5,20260303,160500,1.28,1.29,1.28,1.29,5800,0
IAUX-WS.US,5,20260303,165500,1.255,1.255,1.255,1.255,1000,0
IAUX-WS.US,5,20260303,172000,1.31,1.31,1.31,1.31,100,0
IAUX-WS.US,5,20260303,172500,1.33,1.33,1.32,1.32,793,0
IAUX-WS.US,5,20260303,175500,1.33,1.35,1.33,1.35,1990,0
IAUX-WS.US,5,20260303,180000,1.275,1.275,1.275,1.275,1000,0
IAUX-WS.US,5,20260303,180500,1.35,1.35,1.3499,1.3499,1400,0
IAUX-WS.US,5,20260303,205000,1.3,1.3,1.3,1.3,200,0
IAUX-WS.US,5,20260303,210500,1.25,1.25,1.25,1.25,101,0
IAUX-WS.US,5,20260304,171500,1.13,1.13,1.13,1.13,200,0
IAUX-WS.US,5,20260304,190000,1.3099,1.3099,1.3099,1.3099,1547,0
IAUX-WS.US,5,20260304,193500,1.24,1.24,1.24,1.24,200,0
IAUX-WS.US,5,20260304,195500,1.29,1.3,1.249,1.3,3392,0
IAUX-WS.US,5,20260304,200500,1.25,1.26,1.25,1.25,2100,0
IAUX-WS.US,5,20260304,211000,1.24,1.24,1.24,1.24,311,0
IAUX-WS.US,5,20260305,153000,1.25,1.25,1.23,1.23,300,0
IAUX-WS.US,5,20260305,164500,1.1901,1.1901,1.1901,1.1901,200,0
IAUX-WS.US,5,20260305,165500,1.23,1.23,1.1,1.1901,6828,0
IAUX-WS.US,5,20260305,174000,1.1,1.1,1.1,1.1,100,0
IAUX-WS.US,5,20260305,184500,1.1,1.1,1.1,1.1,216,0
IAUX-WS.US,5,20260305,200000,1.1,1.1,1.1,1.1,2637,0
IAUX-WS.US,5,20260305,202000,1.09,1.1,1.09,1.0999,7900,0
IAUX-WS.US,5,20260305,203500,1.07,1.07,1.07,1.07,1000,0
IAUX-WS.US,5,20260305,211500,1.0999,1.1,1.0999,1.1,326,0
IAUX-WS.US,5,20260306,171500,1.2,1.2,1.1999,1.1999,5894,0
IAUX-WS.US,5,20260306,173000,1.21,1.215,1.21,1.215,10500,0
IAUX-WS.US,5,20260306,181500,1.21,1.22,1.2,1.2199,8646,0
IAUX-WS.US,5,20260309,152000,1.09,1.11,1.09,1.11,4500,0
IAUX-WS.US,5,20260309,152500,1.11,1.11,1.11,1.11,1500,0
IAUX-WS.US,5,20260309,153500,1.11,1.11,1.03,1.03,11865,0
IAUX-WS.US,5,20260309,154000,1.02,1.02,1.02,1.02,369,0
IAUX-WS.US,5,20260309,154500,1.11,1.11,1.11,1.11,1000,0
IAUX-WS.US,5,20260309,160500,1.08,1.08,1.08,1.08,100,0
IAUX-WS.US,5,20260309,161000,1.1,1.1,1.1,1.1,500,0
IAUX-WS.US,5,20260309,162000,1.14,1.16,1.14,1.16,7100,0
IAUX-WS.US,5,20260309,163000,1.15,1.15,1.15,1.15,3500,0
IAUX-WS.US,5,20260309,164000,1.14,1.15,1.1383,1.1383,18900,0
IAUX-WS.US,5,20260309,195000,1.16,1.16,1.16,1.16,400,0
IAUX-WS.US,5,20260309,200000,1.17,1.18,1.17,1.18,2300,0
IAUX-WS.US,5,20260309,200500,1.17,1.17,1.17,1.17,500,0
IAUX-WS.US,5,20260309,204500,1.18,1.21,1.18,1.21,2200,0
IAUX-WS.US,5,20260310,151500,1.22,1.22,1.22,1.22,100,0
IAUX-WS.US,5,20260310,152500,1.22,1.25,1.22,1.25,11900,0
IAUX-WS.US,5,20260310,174000,1.26,1.26,1.26,1.26,5500,0
IAUX-WS.US,5,20260310,175000,1.25,1.25,1.25,1.25,100,0
IAUX-WS.US,5,20260310,180500,1.26,1.26,1.26,1.26,900,0
IAUX-WS.US,5,20260311,150500,1.17,1.17,1.17,1.17,5200,0
IAUX-WS.US,5,20260311,153500,1.22,1.22,1.22,1.22,100,0
IAUX-WS.US,5,20260311,160500,1.16,1.16,1.16,1.16,291,0
IAUX-WS.US,5,20260312,160000,1.16,1.17,1.16,1.16,5099,0
IAUX-WS.US,5,20260312,161000,1.15,1.15,1.15,1.15,2000,0
IAUX-WS.US,5,20260313,144500,1.18,1.18,1.1799,1.1799,200,0
IAUX-WS.US,5,20260313,161000,1.1,1.1,1.1,1.1,4090,0
IAUX-WS.US,5,20260313,162500,1.1,1.1,1.1,1.1,7188,0
IAUX-WS.US,5,20260313,163000,1.1,1.1,1.1,1.1,5200,0
IAUX-WS.US,5,20260313,163500,1.1,1.1,1.1,1.1,10294,0
IAUX-WS.US,5,20260313,165500,1.08,1.08,1.08,1.08,1188,0
IAUX-WS.US,5,20260313,174500,1.08,1.08,1.08,1.08,1990,0
IAUX-WS.US,5,20260313,190000,1.13,1.13,1.13,1.13,1500,0
IAUX-WS.US,5,20260313,195000,1.08,1.0801,1.08,1.0801,370,0
IAUX-WS.US,5,20260313,201500,1.1199,1.1199,1.1199,1.1199,100,0
IAUX-WS.US,5,20260313,204000,1.08,1.08,1.08,1.08,1900,0
IAUX-WS.US,5,20260316,145500,1.119,1.12,1.119,1.12,1600,0
IAUX-WS.US,5,20260316,150000,1.12,1.12,1.12,1.12,100,0
IAUX-WS.US,5,20260316,173500,1.07,1.07,1.06,1.06,4415,0
IAUX-WS.US,5,20260316,182000,1.03,1.03,1.03,1.03,500,0
IAUX-WS.US,5,20260316,184000,1.05,1.05,1.05,1.05,100,0
IAUX-WS.US,5,20260316,185500,1.05,1.67,1.0499,1.63,13063,0
IAUX-WS.US,5,20260316,190000,1.6,1.6,1.59,1.6,600,0
IAUX-WS.US,5,20260316,191500,1.43,1.43,1.43,1.43,100,0
IAUX-WS.US,5,20260316,200500,1.2,1.2,1.2,1.2,200,0
IAUX-WS.US,5,20260316,203000,1.18,1.18,1.18,1.18,300,0
IAUX-WS.US,5,20260317,143500,1.195,1.195,1.195,1.195,747,0
IAUX-WS.US,5,20260317,151000,1.07,1.07,1.07,1.07,143,0
IAUX-WS.US,5,20260317,152500,1.06,1.3,1.06,1.3,1600,0
IAUX-WS.US,5,20260318,143000,1.2,1.2,1.2,1.2,260,0
IAUX-WS.US,5,20260318,150000,1.0405,1.06,0.9984,0.9984,3554,0
IAUX-WS.US,5,20260318,151000,1.2199,1.2199,1.2199,1.2199,142,0
IAUX-WS.US,5,20260318,152000,0.9925,0.9925,0.8563,0.8563,2129,0
IAUX-WS.US,5,20260318,154000,0.85,0.8733,0.85,0.85,300,0
IAUX-WS.US,5,20260318,160000,0.8499,0.9,0.8495,0.8984,8500,0
IAUX-WS.US,5,20260318,160500,0.8502,0.8502,0.85,0.85,700,0
IAUX-WS.US,5,20260318,161000,0.71181,0.71181,0.71181,0.71181,280,0
IAUX-WS.US,5,20260318,162000,0.856999,0.856999,0.856999,0.856999,400,0
IAUX-WS.US,5,20260318,162500,0.7983,0.8571,0.7983,0.7983,2000,0
IAUX-WS.US,5,20260318,170000,0.89,0.89,0.89,0.89,500,0
IAUX-WS.US,5,20260318,172500,0.8019,0.8019,0.8,0.8,11200,0
IAUX-WS.US,5,20260318,173000,0.8058,0.81,0.8058,0.81,600,0
IAUX-WS.US,5,20260318,173500,0.8099,0.8099,0.75,0.75,1019,0
IAUX-WS.US,5,20260318,174500,0.75,0.75,0.75,0.75,114,0
IAUX-WS.US,5,20260318,181000,0.83,1.0975,0.83,1.095,49170,0
IAUX-WS.US,5,20260318,181500,1.095,1.095,0.99,1,5870,0
IAUX-WS.US,5,20260318,184500,0.831,0.831,0.83,0.8305,672,0
IAUX-WS.US,5,20260318,185000,0.832,0.832,0.83,0.83,1100,0
IAUX-WS.US,5,20260318,200500,0.8,0.8,0.8,0.8,999,0
IAUX-WS.US,5,20260319,143500,0.82,0.82,0.82,0.82,300,0
IAUX-WS.US,5,20260319,144500,0.84,0.84,0.83775,0.83775,310,0
IAUX-WS.US,5,20260319,151000,0.8,0.8,0.8,0.8,995,0
IAUX-WS.US,5,20260319,162500,0.8,0.8,0.8,0.8,100,0
IAUX-WS.US,5,20260319,170000,0.76,0.76,0.76,0.76,3124,0
IAUX-WS.US,5,20260319,180500,0.79,0.79,0.78,0.78,2100,0
IAUX-WS.US,5,20260319,195000,0.76,0.8225,0.76,0.8225,30700,0
IAUX-WS.US,5,20260319,200500,0.75,0.75,0.75,0.75,200,0
IAUX-WS.US,5,20260319,202500,0.75,0.75,0.7358,0.7358,4158,0
IAUX-WS.US,5,20260319,203000,0.75,0.75,0.75,0.75,249,0
IAUX-WS.US,5,20260319,204500,0.82,0.83,0.82,0.8299,1533,0
IAUX-WS.US,5,20260319,205000,0.83,0.83,0.83,0.83,363,0
IAUX-WS.US,5,20260319,205500,0.83,0.83,0.83,0.83,200,0
IAUX-WS.US,5,20260320,144500,0.8899,0.8999,0.8899,0.8999,4466,0
IAUX-WS.US,5,20260320,153500,0.8216,0.8216,0.8216,0.8216,100,0
IAUX-WS.US,5,20260320,162500,0.8216,0.8216,0.8216,0.8216,100,0
IAUX-WS.US,5,20260320,170000,0.83,0.83,0.83,0.83,2100,0
IAUX-WS.US,5,20260320,170500,0.83,0.83,0.83,0.83,1520,0
IAUX-WS.US,5,20260320,171500,0.83,0.83,0.83,0.83,5300,0
IAUX-WS.US,5,20260320,172500,0.8899,0.8999,0.8899,0.8999,5714,0
IAUX-WS.US,5,20260320,180500,0.8,0.8,0.8,0.8,100,0
IAUX-WS.US,5,20260320,182000,0.8,0.8,0.8,0.8,100,0
IAUX-WS.US,5,20260320,183000,0.8,0.8,0.8,0.8,100,0
IAUX-WS.US,5,20260320,183500,0.898,0.898,0.898,0.898,100,0
IAUX-WS.US,5,20260320,184000,0.8,0.8,0.8,0.8,100,0
IAUX-WS.US,5,20260320,185500,0.8,0.8,0.8,0.8,100,0
IAUX-WS.US,5,20260320,190500,0.8,0.8,0.8,0.8,100,0
IAUX-WS.US,5,20260320,191000,0.8499,0.8899,0.8499,0.8899,200,0
IAUX-WS.US,5,20260320,193000,0.8,0.8,0.8,0.8,100,0
IAUX-WS.US,5,20260320,194000,0.8,0.8,0.8,0.8,3200,0
IAUX-WS.US,5,20260323,153500,0.8734,0.8734,0.8733,0.8733,9000,0
IAUX-WS.US,5,20260323,170000,0.8449,0.8449,0.8449,0.8449,510,0
IAUX-WS.US,5,20260323,170500,0.8449,0.8449,0.8449,0.8449,550,0
IAUX-WS.US,5,20260323,172500,0.834,0.834,0.834,0.834,100,0
IAUX-WS.US,5,20260323,173500,0.834,0.834,0.834,0.834,100,0
IAUX-WS.US,5,20260323,175000,0.834,0.834,0.834,0.834,403,0
IAUX-WS.US,5,20260323,175500,0.834,0.834,0.834,0.834,100,0
IAUX-WS.US,5,20260323,181500,0.834,0.834,0.834,0.834,100,0
IAUX-WS.US,5,20260323,183500,0.834,0.834,0.834,0.834,100,0
IAUX-WS.US,5,20260324,154000,0.85,0.87,0.838,0.838,1200,0
IAUX-WS.US,5,20260324,155500,0.7551,0.7551,0.7551,0.7551,4500,0
IAUX-WS.US,5,20260324,172000,0.85,0.85,0.85,0.85,2873,0
IAUX-WS.US,5,20260324,174000,0.84,0.84,0.84,0.84,750,0
IAUX-WS.US,5,20260324,190000,0.73,0.73,0.73,0.73,200,0
IAUX-WS.US,5,20260325,144500,0.87,0.87,0.87,0.87,800,0
IAUX-WS.US,5,20260325,150000,0.87,0.87,0.87,0.87,600,0
IAUX-WS.US,5,20260325,152000,0.82,0.82,0.82,0.82,1311,0
IAUX-WS.US,5,20260325,152500,0.87,0.87,0.87,0.87,800,0
IAUX-WS.US,5,20260325,153500,0.87,0.87,0.87,0.87,200,0
IAUX-WS.US,5,20260325,154500,0.87,0.87,0.87,0.87,200,0
IAUX-WS.US,5,20260325,160000,0.87,0.87,0.87,0.87,300,0
IAUX-WS.US,5,20260325,161000,0.82,0.82,0.82,0.82,175,0
IAUX-WS.US,5,20260325,162000,0.87,0.87,0.87,0.87,500,0
IAUX-WS.US,5,20260325,164000,0.87,0.87,0.82,0.82,900,0
IAUX-WS.US,5,20260325,165000,0.82,0.82,0.82,0.82,100,0
IAUX-WS.US,5,20260325,170000,0.82,0.875,0.82,0.875,700,0
IAUX-WS.US,5,20260325,171000,0.82,0.82,0.82,0.82,911,0
IAUX-WS.US,5,20260325,175000,0.84055,0.84055,0.84055,0.84055,600,0
IAUX-WS.US,5,20260325,184000,0.8545,0.8545,0.8545,0.8545,500,0
IAUX-WS.US,5,20260325,190000,0.837275,0.837275,0.835,0.835,1000,0
IAUX-WS.US,5,20260325,191500,0.85005,0.85005,0.85005,0.85005,300,0
IAUX-WS.US,5,20260325,193500,0.85005,0.85005,0.85005,0.85005,200,0
IAUX-WS.US,5,20260325,195000,0.8484,0.8484,0.8484,0.8484,154,0
IAUX-WS.US,5,20260325,202500,0.82,0.82,0.82,0.82,592,0
IAUX-WS.US,5,20260325,203000,0.82,0.82,0.82,0.82,679,0
IAUX-WS.US,5,20260325,205500,0.82,0.82,0.82,0.82,209,0
IAUX-WS.US,5,20260326,162500,0.86,0.86,0.86,0.86,300,0
IAUX-WS.US,5,20260326,172000,0.84,0.84,0.84,0.84,1000,0
IAUX-WS.US,5,20260326,174000,0.82,0.82,0.82,0.82,1000,0
IAUX-WS.US,5,20260326,194500,0.82,0.82,0.82,0.82,150,0
IAUX-WS.US,5,20260327,194500,0.82,0.82,0.82,0.82,10000,0
IAUX-WS.US,5,20260327,195000,0.82,0.8483,0.82,0.8483,25475,0
IAUX-WS.US,5,20260327,195500,0.8483,0.8742,0.82,0.82,6788,0
IAUX-WS.US,5,20260327,202000,0.82,0.9,0.82,0.9,30860,0
IAUX-WS.US,5,20260327,202500,0.9,0.9,0.9,0.9,1000,0
IAUX-WS.US,5,20260327,205500,0.8999,0.9,0.8987,0.8987,1100,0
IAUX-WS.US,5,20260330,185000,0.839,0.8699,0.839,0.8699,2689,0
IAUX-WS.US,5,20260330,194000,0.821,0.821,0.821,0.821,100,0
IAUX-WS.US,5,20260330,215500,0.8571,0.8571,0.8571,0.8571,189,0
IAUX-WS.US,5,20260331,153500,0.82,0.82,0.8199,0.82,21000,0
IAUX-WS.US,5,20260331,155000,0.82,0.82,0.82,0.82,9676,0
IAUX-WS.US,5,20260331,155500,0.82,0.82,0.8199,0.8199,31700,0
IAUX-WS.US,5,20260331,162000,0.84,0.84,0.84,0.84,300,0
IAUX-WS.US,5,20260331,162500,0.84,0.8928,0.84,0.8857,9700,0
IAUX-WS.US,5,20260331,163500,0.85,0.894,0.85,0.894,10200,0
IAUX-WS.US,5,20260331,164500,0.898,0.898,0.8979,0.8979,1996,0
IAUX-WS.US,5,20260331,165000,0.8943,0.8979,0.8943,0.8979,300,0
IAUX-WS.US,5,20260331,171500,0.898,0.898,0.898,0.898,1000,0
IAUX-WS.US,5,20260331,194000,0.898,0.898,0.8979,0.8979,11134,0
IAUX-WS.US,5,20260331,195000,0.898,0.898,0.898,0.898,100,0
IAUX-WS.US,5,20260331,195500,0.898,0.898,0.898,0.898,100,0
IAUX-WS.US,5,20260331,200500,0.898,0.898,0.898,0.898,5509,0
IAUX-WS.US,5,20260331,201500,0.8979,0.8979,0.8979,0.8979,142,0
IAUX-WS.US,5,20260331,202000,0.898,0.898,0.898,0.898,100,0
IAUX-WS.US,5,20260331,210000,0.898,0.898,0.898,0.898,500,0
IAUX-WS.US,5,20260331,215500,0.9599,0.9599,0.9599,0.9599,300,0
IAUX-WS.US,5,20260401,184500,0.9662,0.9662,0.9662,0.9662,1000,0
IAUX-WS.US,5,20260401,212000,1.07,1.07,1.07,1.07,100,0
IAUX-WS.US,5,20260401,212500,1.08,1.08,1.08,1.08,1100,0
IAUX-WS.US,5,20260401,213000,1.08,1.08,1.08,1.08,400,0
IAUX-WS.US,5,20260402,155000,1.04,1.05,1.04,1.04,1400,0
IAUX-WS.US,5,20260402,160500,1.0499,1.0499,1.0499,1.0499,600,0
IAUX-WS.US,5,20260402,161500,0.91,0.92,0.91,0.92,1400,0
IAUX-WS.US,5,20260402,200000,1.05,1.05,1.05,1.05,2000,0
IAUX-WS.US,5,20260402,200500,1.05,1.05,1.05,1.05,2000,0
IAUX-WS.US,5,20260402,204000,1.025,1.025,1.025,1.025,400,0
IAUX-WS.US,5,20260402,211500,1.05,1.05,1.0499,1.0499,2700,0
IAUX-WS.US,5,20260402,215000,1.05,1.05,1.05,1.05,2157,0
IAUX-WS.US,5,20260402,215500,1.03,1.03,1.03,1.03,200,0
IAUX-WS.US,5,20260406,161500,1.145,1.145,1.145,1.145,150,0
IAUX-WS.US,5,20260406,164500,1.13,1.13,1.13,1.13,100,0
IAUX-WS.US,5,20260406,173000,1.13,1.13,1.13,1.13,100,0
IAUX-WS.US,5,20260406,181000,1.12,1.12,1.12,1.12,100,0
IAUX-WS.US,5,20260406,193000,1.12,1.12,1.12,1.12,100,0
IAUX-WS.US,5,20260406,202500,1.12,1.12,1.12,1.12,100,0
IAUX-WS.US,5,20260406,212000,1.058,1.058,1.058,1.058,100,0
IAUX-WS.US,5,20260406,215000,1.058,1.12,1.058,1.12,8572,0
IAUX-WS.US,5,20260406,215500,1.08,1.12,1.08,1.12,800,0
IAUX-WS.US,5,20260407,155500,1.07,1.07,1.07,1.07,1000,0
IAUX-WS.US,5,20260407,191000,1.03,1.03,1.03,1.03,200,0
IAUX-WS.US,5,20260407,212500,1.11,1.11,1.11,1.11,200,0
IAUX-WS.US,5,20260407,214500,1.12,1.12,1.08,1.09,1952,0
IAUX-WS.US,5,20260407,215000,1.11,1.11,1.11,1.11,100,0
IAUX-WS.US,5,20260407,215500,1.11,1.13,1.06,1.13,1278,0
IAUX-WS.US,5,20260408,154000,1.27,1.27,1.27,1.27,297,0
IAUX-WS.US,5,20260408,155000,1.17,1.18,1.17,1.18,4594,0
IAUX-WS.US,5,20260408,162500,1.16,1.16,1.13,1.13,700,0
IAUX-WS.US,5,20260408,164500,1.13,1.13,1.12,1.1201,800,0
IAUX-WS.US,5,20260408,174000,1.13,1.13,1.13,1.13,1600,0
IAUX-WS.US,5,20260408,180500,1.13,1.13,1.13,1.13,400,0
IAUX-WS.US,5,20260408,181000,1.25,1.25,1.15,1.15,1000,0
IAUX-WS.US,5,20260408,183000,1.14,1.14,1.14,1.14,100,0
IAUX-WS.US,5,20260408,213000,1.13,1.22,1.12,1.14,1600,0
IAUX-WS.US,5,20260408,213500,1.15,1.15,1.15,1.15,100,0
IAUX-WS.US,5,20260408,215500,1.19,1.19,1.19,1.19,100,0
IAUX-WS.US,5,20260409,162500,1.13,1.13,1.13,1.13,1524,0
IAUX-WS.US,5,20260409,163000,1.2,1.2,1.2,1.2,100,0
IAUX-WS.US,5,20260409,164500,1.12,1.12,1.12,1.12,200,0
IAUX-WS.US,5,20260409,170000,1.03,1.03,1.03,1.03,494,0
IAUX-WS.US,5,20260409,202000,1.06,1.06,1.06,1.06,339,0
IAUX-WS.US,5,20260409,203500,1.16,1.16,1.16,1.16,100,0
IAUX-WS.US,5,20260409,214000,1.19,1.2,1.19,1.2,1999,0
IAUX-WS.US,5,20260410,185000,1.11,1.11,1.11,1.11,999,0
IAUX-WS.US,5,20260410,213500,1.11,1.11,1.11,1.11,100,0
IAUX-WS.US,5,20260410,215000,1.11,1.11,1.11,1.11,300,0
IAUX-WS.US,5,20260410,215500,1.11,1.17,1.11,1.17,1700,0
IAUX-WS.US,5,20260413,195000,1.15,1.15,1.15,1.15,100,0
IAUX-WS.US,5,20260414,153000,0.6733,0.6733,0.6733,0.6733,400,0
IAUX-WS.US,5,20260414,155500,1.11,1.11,1.11,1.11,100,0
IAUX-WS.US,5,20260414,160000,1.0201,1.0201,1.0201,1.0201,2000,0
IAUX-WS.US,5,20260414,162500,1.15,1.15,1.15,1.15,100,0
IAUX-WS.US,5,20260414,171500,1.09,1.09,1.09,1.09,883,0
IAUX-WS.US,5,20260414,172000,1.02,1.16,1.02,1.16,1607,0
IAUX-WS.US,5,20260416,180500,1.11,1.11,1.11,1.11,100,0
IAUX-WS.US,5,20260416,182000,1.13,1.13,1.13,1.13,100,0
IAUX-WS.US,5,20260416,204000,1.08,1.08,1.08,1.08,500,0
IAUX-WS.US,5,20260416,210000,1.074,1.074,1.074,1.074,1000,0
IAUX-WS.US,5,20260416,214000,1.13,1.13,1.12,1.12,300,0
IAUX-WS.US,5,20260417,173500,1.09,1.09,1.09,1.09,480,0
IAUX-WS.US,5,20260417,174000,1.07,1.07,1.07,1.07,300,0
IAUX-WS.US,5,20260420,184500,1.07,1.08,1.07,1.08,600,0
IAUX-WS.US,5,20260420,191000,1.07,1.07,1.07,1.07,972,0
IAUX-WS.US,5,20260420,205500,1.1199,1.1199,1.1199,1.1199,870,0
IAUX-WS.US,5,20260421,210500,1.02,1.02,1.01,1.01,3500,0
IAUX-WS.US,5,20260422,185500,1.03,1.08,1.03,1.07,954,0
IAUX-WS.US,5,20260424,173000,0.9601,0.9601,0.9601,0.9601,109,0
IAUX-WS.US,5,20260424,174500,0.96,0.96,0.96,0.96,1000,0
IAUX-WS.US,5,20260424,182000,0.954,0.954,0.954,0.954,100,0
IAUX-WS.US,5,20260427,153000,1.12,1.12,1.12,1.12,463,0
IAUX-WS.US,5,20260427,200500,0.9718,0.9718,0.9718,0.9718,150,0
IAUX-WS.US,5,20260427,205000,0.963,0.963,0.963,0.963,200,0
IAUX-WS.US,5,20260427,215000,0.963,0.963,0.963,0.963,200,0
IAUX-WS.US,5,20260427,215500,0.963,0.963,0.963,0.963,200,0
IAUX-WS.US,5,20260428,214000,0.9682,1.07,0.9299,1.02,6334,0
IAUX-WS.US,5,20260429,154000,0.97,0.97,0.97,0.97,500,0
IAUX-WS.US,5,20260429,155000,0.9216,0.9216,0.9216,0.9216,521,0
IAUX-WS.US,5,20260429,162500,0.95,0.95,0.95,0.95,100,0
IAUX-WS.US,5,20260429,193000,0.97,1.01,0.97,1.01,300,0
IAUX-WS.US,5,20260430,154000,1.15,1.19,1.15,1.19,891,0
IAUX-WS.US,5,20260430,155000,1.15,1.15,1.15,1.15,100,0
IAUX-WS.US,5,20260430,160000,1.1,1.1,1.01,1.01,200,0
IAUX-WS.US,5,20260430,205500,0.9,0.9,0.9,0.9,24004,0
IAUX-WS.US,5,20260501,154500,1.05,1.07,1,1.06,6500,0
IAUX-WS.US,5,20260501,155000,0.9801,1.17,0.9794,1.16,6900,0
IAUX-WS.US,5,20260501,155500,1.17,1.17,0.9946,1,5800,0
IAUX-WS.US,5,20260501,160500,0.94,0.94,0.94,0.94,366,0
IAUX-WS.US,5,20260501,161000,1.08,1.08,1.08,1.08,300,0
IAUX-WS.US,5,20260501,195500,0.909,0.909,0.9089,0.909,5658,0
IAUX-WS.US,5,20260501,203000,0.909,0.909,0.909,0.909,5000,0
IAUX-WS.US,5,20260501,203500,0.909,0.909,0.9089,0.909,10500,0
IAUX-WS.US,5,20260501,204500,0.98,1.05,0.98,1.05,498,0
IAUX-WS.US,5,20260504,153000,1.04,1.05,0.9976,0.9976,800,0
IAUX-WS.US,5,20260504,154000,1.0375,1.05,1.02,1.05,700,0
IAUX-WS.US,5,20260504,160000,1.04,1.04,1.04,1.04,100,0
IAUX-WS.US,5,20260504,213000,0.98,0.9995,0.9607,0.998,4699,0
IAUX-WS.US,5,20260504,213500,1,1.01,0.9992,0.9992,1900,0
IAUX-WS.US,5,20260504,214000,1,1,1,1,100,0
IAUX-WS.US,5,20260504,214500,1.07,1.07,1.01,1.06,600,0
IAUX-WS.US,5,20260506,162000,1.0033,1.0033,1.0033,1.0033,100,0
IAUX-WS.US,5,20260506,163000,1.05,1.05,1.05,1.05,100,0
IAUX-WS.US,5,20260506,204000,1.0115,1.0115,1.0115,1.0115,109,0
IAUX-WS.US,5,20260506,215000,1.03,1.03,1.03,1.03,100,0
IAUX-WS.US,5,20260506,215500,1.06,1.06,1.06,1.06,100,0
IAUX-WS.US,5,20260507,153000,1.15,1.2,1.15,1.2,500,0
IAUX-WS.US,5,20260507,153500,1.18,1.2,1.02,1.18,4100,0
IAUX-WS.US,5,20260507,154000,1.15,1.2,1.1,1.2,1750,0
IAUX-WS.US,5,20260507,154500,1.1,1.1,1.1,1.1,100,0
IAUX-WS.US,5,20260508,211500,1.05,1.05,1.05,1.05,500,0
IAUX-WS.US,5,20260512,155500,1.05,1.05,1.04,1.04,200,0
IAUX-WS.US,5,20260512,184500,0.935,0.935,0.935,0.935,187,0
IAUX-WS.US,5,20260512,202500,1.03,1.03,1.03,1.03,100,0
IAUX-WS.US,5,20260512,215000,1.05,1.05,1.05,1.05,100,0
IAUX-WS.US,5,20260513,181000,1.01,1.01,1.01,1.01,500,0
IAUX-WS.US,5,20260513,193500,1.003,1.003,1.003,1.003,1000,0
IAUX-WS.US,5,20260513,202500,0.996,0.9961,0.9834,0.9834,300,0
IAUX-WS.US,5,20260513,210500,1,1,1,1,100,0
IAUX-WS.US,5,20260513,215000,0.98,0.98,0.98,0.98,300,0
IAUX-WS.US,5,20260514,155000,1,1,1,1,140,0
IAUX-WS.US,5,20260514,183000,0.9501,0.9501,0.95,0.95,200,0
IAUX-WS.US,5,20260514,212000,0.95,0.95,0.95,0.95,100,0
IAUX-WS.US,5,20260514,213000,0.9501,0.975,0.95,0.9501,1250,0
IAUX-WS.US,5,20260514,215500,0.9761,0.9761,0.9761,0.9761,100,0
IAUX-WS.US,5,20260515,160000,0.915,0.915,0.915,0.915,100,0
IAUX-WS.US,5,20260515,163500,0.9325,0.9325,0.915,0.915,5899,0
IAUX-WS.US,5,20260515,164000,0.9,0.9001,0.9,0.9001,2000,0
IAUX-WS.US,5,20260518,181000,0.867,0.867,0.867,0.867,1000,0
IAUX-WS.US,5,20260518,212500,0.9,0.9,0.9,0.9,1524,0
IAUX-WS.US,5,20260518,214500,0.843,0.843,0.843,0.843,300,0
IAUX-WS.US,5,20260519,185500,0.844,0.844,0.844,0.844,100,0
IAUX-WS.US,5,20260519,190000,0.844,0.844,0.844,0.844,4749,0
IAUX-WS.US,5,20260519,194000,0.88,0.88,0.8665,0.8665,800,0
IAUX-WS.US,5,20260519,194500,0.844,0.844,0.844,0.844,100,0
IAUX-WS.US,5,20260519,201000,0.85,0.85,0.84,0.84,1204,0
IAUX-WS.US,5,20260519,204500,0.844,0.856241,0.844,0.856241,1000,0
IAUX-WS.US,5,20260519,205500,0.8351,0.8351,0.8351,0.8351,250,0
IAUX-WS.US,5,20260519,211500,0.835,0.835,0.835,0.835,100,0
IAUX-WS.US,5,20260519,214000,0.835,0.835,0.835,0.835,100,0
IAUX-WS.US,5,20260520,181000,0.85,0.85,0.85,0.85,500,0
IAUX-WS.US,5,20260520,190000,0.88,0.88,0.88,0.88,363,0
IAUX-WS.US,5,20260520,190500,1.04,1.04,1.04,1.04,100,0
IAUX-WS.US,5,20260520,191000,1.03,1.1,1.03,1.1,4400,0
IAUX-WS.US,5,20260520,191500,1.1,1.1,1.03,1.03,2000,0
IAUX-WS.US,5,20260520,192000,1.03,1.03,1.03,1.03,2100,0
IAUX-WS.US,5,20260520,201000,1.02,1.02,1.02,1.02,100,0
IAUX-WS.US,5,20260520,201500,1,1.03,1,1.03,600,0
IAUX-WS.US,5,20260520,214000,0.918,0.918,0.918,0.918,100,0
IAUX-WS.US,5,20260520,214500,0.9005,1.04,0.9005,1.04,1382,0
IAUX-WS.US,5,20260520,215500,1.09,1.09,1.04,1.04,300,0
IAUX-WS.US,5,20260521,153500,1,1,1,1,100,0
IAUX-WS.US,5,20260521,201000,1.04,1.04,1.04,1.04,100,0
IAUX-WS.US,5,20260522,155000,1.31,1.31,1.31,1.31,100,0
IAUX-WS.US,5,20260522,164000,0.99,0.99,0.99,0.99,200,0
IAUX-WS.US,5,20260522,180000,1.05,1.05,1.05,1.05,100,0
IAUX-WS.US,5,20260522,210000,1.02,1.02,0.99,0.99,500,0
IAUX-WS.US,5,20260526,161500,1,1,1,1,100,0
IAUX-WS.US,5,20260526,170000,1.04,1.04,0.93255,0.93255,11400,0
IAUX-WS.US,5,20260526,171000,0.9501,0.9502,0.9501,0.9502,11300,0
IAUX-WS.US,5,20260526,181000,0.9221,0.9221,0.9221,0.9221,100,0
IAUX-WS.US,5,20260526,181500,1.02,1.02,1.02,1.02,175,0
IAUX-WS.US,5,20260526,184000,0.9121,0.9344,0.8905,0.9125,1623,0
IAUX-WS.US,5,20260526,193500,0.97,0.9778,0.97,0.9778,63000,0
IAUX-WS.US,5,20260526,194000,0.9668,0.9778,0.9668,0.97,14400,0
IAUX-WS.US,5,20260526,213500,1.05,1.05,1.05,1.05,100,0
IAUX-WS.US,5,20260526,214500,0.9941,0.9942,0.9641,0.9641,3700,0
IAUX-WS.US,5,20260526,215000,0.971,0.971,0.9308,0.9475,8700,0
IAUX-WS.US,5,20260526,215500,0.9308,0.9475,0.9308,0.9475,200,0
IAUX-WS.US,5,20260527,154000,0.93,0.93,0.93,0.93,100,0
IAUX-WS.US,5,20260527,172500,0.93,0.93,0.93,0.93,3000,0
IAUX-WS.US,5,20260527,183000,0.9,0.9,0.9,0.9,4001,0
IAUX-WS.US,5,20260527,191000,0.9035,0.9035,0.9035,0.9035,248,0
IAUX-WS.US,5,20260527,203500,0.98,0.98,0.93,0.93,400,0
IAUX-WS.US,5,20260527,204000,0.98,0.98,0.98,0.98,100,0
IAUX-WS.US,5,20260527,215000,0.93,0.93,0.93,0.93,100,0
IAUX-WS.US,5,20260527,215500,0.97,0.97,0.97,0.97,100,0
IAUX-WS.US,5,20260528,154500,0.999,0.999,0.999,0.999,262,0
IAUX-WS.US,5,20260528,171000,0.952,0.952,0.952,0.952,1000,0
IAUX-WS.US,5,20260528,175500,0.961,0.961,0.961,0.961,3900,0
IAUX-WS.US,5,20260528,180500,0.961,0.961,0.961,0.961,300,0
IAUX-WS.US,5,20260529,154000,0.9301,0.9301,0.9301,0.9301,100,0
IAUX-WS.US,5,20260529,154500,0.93,0.93,0.93,0.93,500,0
IAUX-WS.US,5,20260529,155000,0.92,0.93,0.92,0.92,30500,0
IAUX-WS.US,5,20260529,155500,0.9299,0.9299,0.9299,0.9299,500,0
IAUX-WS.US,5,20260529,160000,0.925,0.93,0.92,0.92,47000,0
IAUX-WS.US,5,20260529,160500,0.92,0.9311,0.92,0.931,22800,0
IAUX-WS.US,5,20260529,173000,0.9761,0.9761,0.967,0.967,3200,0
IAUX-WS.US,5,20260529,192500,1,1,1,1,5000,0
IAUX-WS.US,5,20260529,195500,0.98,0.98,0.98,0.98,800,0
IAUX-WS.US,5,20260529,201000,0.9802,0.9802,0.9802,0.9802,104,0
IAUX-WS.US,5,20260529,202500,0.98,0.98,0.98,0.98,104,0
IAUX-WS.US,5,20260529,215500,1,1.04,1,1,11000,0
IAUX-WS.US,5,20260601,153500,1.05,1.05,1.05,1.05,3618,0
IAUX-WS.US,5,20260601,155500,1,1,1,1,15000,0
IAUX-WS.US,5,20260601,160500,0.99,0.99,0.99,0.99,100,0
IAUX-WS.US,5,20260601,163000,0.99,0.99,0.99,0.99,100,0
IAUX-WS.US,5,20260601,170500,1,1,1,1,9900,0
IAUX-WS.US,5,20260602,183000,0.96,0.96,0.96,0.96,100,0
IAUX-WS.US,5,20260603,181000,0.8801,0.8801,0.8801,0.8801,137,0
IAUX-WS.US,5,20260603,214500,0.9751,0.9751,0.9751,0.9751,100,0
IAUX-WS.US,5,20260604,195500,0.922,0.922,0.922,0.922,100,0
IAUX-WS.US,5,20260604,214500,0.95655,0.95655,0.95655,0.95655,100,0
IAUX-WS.US,5,20260605,165000,0.823,0.8231,0.82,0.823,11100,0
IAUX-WS.US,5,20260605,173000,0.82,0.82,0.82,0.82,100,0
IAUX-WS.US,5,20260605,183500,0.84,0.84,0.84,0.84,100,0
IAUX-WS.US,5,20260605,212000,0.8964,0.8964,0.82,0.82,8399,0
IAUX-WS.US,5,20260605,213500,0.8,0.8,0.752,0.752,2200,0
IAUX-WS.US,5,20260605,214000,0.787,0.8,0.787,0.7999,2100,0
IAUX-WS.US,5,20260605,214500,0.7765,0.7765,0.7765,0.7765,700,0
IAUX-WS.US,5,20260608,204000,0.8568,0.8568,0.778,0.778,1016,0
IAUX-WS.US,5,20260609,185500,0.7241,0.7241,0.724,0.724,50898,0
IAUX-WS.US,5,20260609,194000,0.76,0.76,0.76,0.76,100,0
IAUX-WS.US,5,20260609,195000,0.77,0.77,0.77,0.77,200,0
IAUX-WS.US,5,20260609,205000,0.77,0.77,0.77,0.77,100,0
IAUX-WS.US,5,20260609,214000,0.7957,0.7957,0.7957,0.7957,100,0
IAUX-WS.US,5,20260611,174500,0.76,0.76,0.76,0.76,316,0
IAUX-WS.US,5,20260611,182500,0.86,0.86,0.86,0.86,900,0
IAUX-WS.US,5,20260611,205000,0.85,0.85,0.85,0.85,100,0
IAUX-WS.US,5,20260611,205500,0.850001,0.86,0.7781,0.86,1616,0
IAUX-WS.US,5,20260612,195000,0.8001,0.8001,0.8001,0.8001,100,0
IAUX-WS.US,5,20260612,210000,0.85,0.85,0.85,0.85,104,0
IAUX-WS.US,5,20260615,190000,0.931001,0.931001,0.931,0.931,2302,0
IAUX-WS.US,5,20260615,193500,0.931,0.931,0.931,0.931,100,0
IAUX-WS.US,5,20260615,195000,0.9311,0.9311,0.931,0.931,400,0
IAUX-WS.US,5,20260615,195500,0.985,0.985,0.985,0.985,100,0
IAUX-WS.US,5,20260615,210000,0.9311,0.9311,0.9311,0.9311,1300,0
IAUX-WS.US,5,20260616,154500,0.8001,0.8001,0.8001,0.8001,200,0
IAUX-WS.US,5,20260616,161000,0.8,0.8,0.8,0.8,100,0
IAUX-WS.US,5,20260616,185500,0.890201,0.890201,0.890201,0.890201,980,0
IAUX-WS.US,5,20260617,154500,0.89,0.89,0.88,0.88,1100,0
IAUX-WS.US,5,20260617,161000,0.8501,0.8501,0.8501,0.8501,100,0
IAUX-WS.US,5,20260617,185000,0.9545,0.9545,0.9545,0.9545,101,0
IAUX-WS.US,5,20260617,195000,0.931,0.931,0.931,0.931,200,0
IAUX-WS.US,5,20260618,210000,0.8901,0.8901,0.8901,0.8901,500,0
IAUX-WS.US,5,20260622,161500,0.92,0.92,0.92,0.92,100,0
IAUX-WS.US,5,20260622,172500,0.92,0.92,0.92,0.92,100,0
