<TICKER>,<PER>,<DATE>,<TIME>,<OPEN>,<HIGH>,<LOW>,<CLOSE>,<VOL>,<OPENINT>
LEGT.US,5,20260127,173500,10.88,10.91,10.88,10.91,3665,0
LEGT.US,5,20260127,190000,10.88,10.895,10.88,10.88,3112,0
LEGT.US,5,20260127,211000,10.89,10.89,10.89,10.89,400,0
LEGT.US,5,20260128,170500,10.895,10.907,10.895,10.907,500,0
LEGT.US,5,20260128,173500,10.88,10.89,10.88,10.8838,3161,0
LEGT.US,5,20260128,174000,10.88,10.89,10.88,10.89,9331,0
LEGT.US,5,20260128,180000,10.88,10.88,10.88,10.88,100,0
LEGT.US,5,20260128,192000,10.88,10.88,10.88,10.88,100,0
LEGT.US,5,20260128,195500,10.88,10.88,10.88,10.88,3200,0
LEGT.US,5,20260128,201500,10.88,10.88,10.88,10.88,100,0
LEGT.US,5,20260129,154000,10.88,10.88,10.88,10.88,100,0
LEGT.US,5,20260129,160500,10.88,10.88,10.88,10.88,100,0
LEGT.US,5,20260129,201000,10.89,10.89,10.88,10.88,15000,0
LEGT.US,5,20260129,201500,10.89,10.89,10.88,10.89,46580,0
LEGT.US,5,20260129,205500,10.89,10.89,10.89,10.89,100,0
LEGT.US,5,20260129,215000,10.89,10.89,10.89,10.89,121,0
LEGT.US,5,20260129,215500,10.89,10.89,10.89,10.89,100,0
LEGT.US,5,20260130,153500,10.89,10.89,10.89,10.89,100,0
LEGT.US,5,20260130,160000,10.89,10.89,10.89,10.89,100,0
LEGT.US,5,20260130,163500,10.89,10.89,10.89,10.89,542,0
LEGT.US,5,20260130,181500,10.89,10.89,10.89,10.89,100,0
LEGT.US,5,20260130,193000,10.895,10.895,10.895,10.895,1475,0
LEGT.US,5,20260130,215500,10.9,10.9,10.9,10.9,100,0
LEGT.US,5,20260202,153000,10.89,10.89,10.89,10.89,100,0
LEGT.US,5,20260202,160000,10.89,10.89,10.89,10.89,100,0
LEGT.US,5,20260202,160500,10.9,10.9,10.9,10.9,35991,0
LEGT.US,5,20260202,170000,10.909,10.909,10.909,10.909,1475,0
LEGT.US,5,20260202,210500,10.91,10.91,10.905,10.905,2201,0
LEGT.US,5,20260202,211000,10.905,10.905,10.905,10.905,100,0
LEGT.US,5,20260202,211500,10.905,10.905,10.905,10.905,100,0
LEGT.US,5,20260202,215000,10.91,10.91,10.9,10.91,4319,0
LEGT.US,5,20260202,215500,10.91,10.91,10.91,10.91,3400,0
LEGT.US,5,20260203,172500,10.9011,10.9011,10.89,10.89,400,0
LEGT.US,5,20260203,175500,10.9,10.9,10.9,10.9,1000,0
LEGT.US,5,20260203,182000,10.9,10.9,10.9,10.9,200,0
LEGT.US,5,20260203,205000,10.895,10.895,10.895,10.895,100,0
LEGT.US,5,20260203,210000,10.9,10.9,10.9,10.9,2000,0
LEGT.US,5,20260203,214000,10.9,10.9,10.9,10.9,100,0
LEGT.US,5,20260204,172500,10.9,10.9,10.9,10.9,100,0
LEGT.US,5,20260204,213500,10.909,10.909,10.909,10.909,500,0
LEGT.US,5,20260205,154000,10.89,10.89,10.89,10.89,3420,0
LEGT.US,5,20260205,193500,10.9,10.9,10.9,10.9,10418,0
LEGT.US,5,20260205,210500,10.91,10.91,10.91,10.91,300,0
LEGT.US,5,20260206,153500,10.85,10.85,10.85,10.85,3438,0
LEGT.US,5,20260206,183000,10.8901,10.8901,10.89,10.89,500,0
LEGT.US,5,20260206,183500,10.8984,10.8984,10.8981,10.8981,700,0
LEGT.US,5,20260206,184000,10.8981,10.9034,10.8981,10.9034,400,0
LEGT.US,5,20260206,215500,10.85,10.85,10.85,10.85,100,0
LEGT.US,5,20260209,153500,10.89,10.89,10.89,10.89,3231,0
LEGT.US,5,20260209,192000,10.93,10.93,10.92,10.92,400,0
LEGT.US,5,20260209,204500,10.89,10.8901,10.89,10.8901,2000,0
LEGT.US,5,20260209,205000,10.89,10.8901,10.89,10.8901,2650,0
LEGT.US,5,20260209,215000,10.95,10.95,10.95,10.95,200,0
LEGT.US,5,20260209,215500,10.95,10.95,10.95,10.95,457,0
LEGT.US,5,20260210,153500,10.94,10.94,10.94,10.94,200,0
LEGT.US,5,20260210,155000,10.9,10.9,10.89,10.89,883,0
LEGT.US,5,20260210,171000,10.9,10.9,10.9,10.9,430,0
LEGT.US,5,20260210,185000,10.895,10.9,10.895,10.9,11928,0
LEGT.US,5,20260210,193500,10.9,10.9,10.895,10.895,35804,0
LEGT.US,5,20260210,200000,10.895,10.9,10.89,10.8975,45272,0
LEGT.US,5,20260210,200500,10.8915,10.8915,10.8915,10.8915,227,0
LEGT.US,5,20260210,210500,10.9,10.9,10.9,10.9,100,0
LEGT.US,5,20260210,215500,10.91,10.91,10.91,10.91,49584,0
LEGT.US,5,20260211,155000,10.91,10.91,10.91,10.91,7600,0
LEGT.US,5,20260211,161500,10.9,10.9,10.9,10.9,25718,0
LEGT.US,5,20260211,162000,10.9,10.9,10.9,10.9,40196,0
LEGT.US,5,20260212,153500,10.91,10.91,10.91,10.91,7734,0
LEGT.US,5,20260212,160500,10.915,10.915,10.915,10.915,100,0
LEGT.US,5,20260213,154000,10.91,10.91,10.9,10.9,7153,0
LEGT.US,5,20260213,162500,10.92,10.92,10.915,10.915,11600,0
LEGT.US,5,20260213,195000,10.92,10.92,10.92,10.92,151,0
LEGT.US,5,20260213,213000,10.91,10.91,10.91,10.91,100,0
LEGT.US,5,20260217,155000,10.91,10.92,10.91,10.92,480,0
LEGT.US,5,20260217,155500,10.915,10.915,10.91,10.91,1210,0
LEGT.US,5,20260217,161000,10.915,10.915,10.915,10.915,100,0
LEGT.US,5,20260217,162000,10.93,10.94,10.93,10.93,32457,0
LEGT.US,5,20260217,162500,10.93,10.9301,10.915,10.915,59573,0
LEGT.US,5,20260217,163000,10.93,10.93,10.93,10.93,202054,0
LEGT.US,5,20260217,171000,10.94,10.94,10.9366,10.94,1220,0
LEGT.US,5,20260217,174000,10.93,10.93,10.93,10.93,100,0
LEGT.US,5,20260217,201500,10.93,10.93,10.93,10.93,100,0
LEGT.US,5,20260217,205500,10.94,10.94,10.93,10.93,600,0
LEGT.US,5,20260217,210000,10.93,10.93,10.93,10.93,4300,0
LEGT.US,5,20260217,211000,10.93,10.93,10.93,10.93,100,0
LEGT.US,5,20260217,213000,10.93,10.93,10.93,10.93,100,0
LEGT.US,5,20260218,153500,10.9,10.9,10.9,10.9,100,0
LEGT.US,5,20260218,154000,10.9,10.9,10.9,10.9,200,0
LEGT.US,5,20260218,154500,10.9,10.9,10.9,10.9,100,0
LEGT.US,5,20260218,155000,10.9,10.9,10.9,10.9,200,0
LEGT.US,5,20260218,155500,10.9,10.9,10.9,10.9,200,0
LEGT.US,5,20260218,160000,10.9,10.9,10.9,10.9,200,0
LEGT.US,5,20260218,160500,10.9,10.91,10.9,10.91,200,0
LEGT.US,5,20260218,161000,10.91,10.91,10.91,10.91,300,0
LEGT.US,5,20260218,161500,10.91,10.91,10.91,10.91,200,0
LEGT.US,5,20260218,162000,10.91,10.91,10.91,10.91,200,0
LEGT.US,5,20260218,162500,10.91,10.91,10.91,10.91,300,0
LEGT.US,5,20260218,163000,10.91,10.91,10.91,10.91,200,0
LEGT.US,5,20260218,163500,10.91,10.91,10.91,10.91,100,0
LEGT.US,5,20260218,164000,10.91,10.91,10.91,10.91,300,0
LEGT.US,5,20260218,164500,10.91,10.91,10.91,10.91,200,0
LEGT.US,5,20260218,165000,10.91,10.91,10.91,10.91,200,0
LEGT.US,5,20260218,165500,10.91,10.91,10.91,10.91,200,0
LEGT.US,5,20260218,170000,10.91,10.91,10.91,10.91,200,0
LEGT.US,5,20260218,170500,10.91,10.91,10.91,10.91,200,0
LEGT.US,5,20260218,171000,10.91,10.91,10.91,10.91,100,0
LEGT.US,5,20260218,171500,10.91,10.91,10.91,10.91,200,0
LEGT.US,5,20260218,172000,10.91,10.91,10.91,10.91,300,0
LEGT.US,5,20260218,172500,10.91,10.91,10.91,10.91,100,0
LEGT.US,5,20260218,173000,10.91,10.91,10.91,10.91,200,0
LEGT.US,5,20260218,173500,10.91,10.91,10.91,10.91,200,0
LEGT.US,5,20260218,174000,10.91,10.91,10.91,10.91,100,0
LEGT.US,5,20260218,174500,10.91,10.91,10.91,10.91,300,0
LEGT.US,5,20260218,175000,10.91,10.91,10.91,10.91,100,0
LEGT.US,5,20260218,175500,10.91,10.91,10.91,10.91,200,0
LEGT.US,5,20260218,180000,10.9218,10.9218,10.91,10.91,200,0
LEGT.US,5,20260218,180500,10.91,10.91,10.91,10.91,200,0
LEGT.US,5,20260218,181000,10.91,10.91,10.91,10.91,100,0
LEGT.US,5,20260218,181500,10.91,10.91,10.91,10.91,200,0
LEGT.US,5,20260218,182000,10.91,10.91,10.91,10.91,200,0
LEGT.US,5,20260218,182500,10.91,10.91,10.91,10.91,100,0
LEGT.US,5,20260218,183000,10.91,10.91,10.91,10.91,200,0
LEGT.US,5,20260218,183500,10.91,10.91,10.91,10.91,100,0
LEGT.US,5,20260218,184000,10.91,10.91,10.91,10.91,100,0
LEGT.US,5,20260218,184500,10.91,10.91,10.91,10.91,300,0
LEGT.US,5,20260218,185000,10.91,10.91,10.91,10.91,7702,0
LEGT.US,5,20260218,200000,10.91,10.91,10.91,10.91,100,0
LEGT.US,5,20260218,202500,10.91,10.91,10.91,10.91,1575,0
LEGT.US,5,20260218,203500,10.91,10.9101,10.91,10.9101,1000,0
LEGT.US,5,20260218,204500,10.91,10.91,10.91,10.91,100,0
LEGT.US,5,20260219,153500,10.91,10.91,10.9,10.9,13125,0
LEGT.US,5,20260219,164000,10.92,10.92,10.92,10.92,100,0
LEGT.US,5,20260219,200500,10.95,10.95,10.95,10.95,5800,0
LEGT.US,5,20260219,201000,10.95,10.95,10.95,10.95,100,0
LEGT.US,5,20260219,205000,10.95,10.95,10.95,10.95,200,0
LEGT.US,5,20260219,211000,10.95,10.95,10.95,10.95,113,0
LEGT.US,5,20260219,211500,10.95,10.95,10.95,10.95,5600,0
LEGT.US,5,20260219,212500,10.955,10.955,10.95,10.95,18636,0
LEGT.US,5,20260219,213000,10.95,10.95,10.95,10.95,206,0
LEGT.US,5,20260219,215500,10.96,11.5,10.96,11.22,13600,0
LEGT.US,5,20260220,153000,11.09,11.09,10.995,10.995,600,0
LEGT.US,5,20260220,153500,10.99,10.99,10.95,10.96,14648,0
LEGT.US,5,20260220,163500,10.97,10.97,10.95,10.95,1070,0
LEGT.US,5,20260220,165000,10.95,10.95,10.95,10.95,15291,0
LEGT.US,5,20260220,170500,10.95,10.95,10.95,10.95,290,0
LEGT.US,5,20260220,171500,10.95,10.95,10.95,10.95,289,0
LEGT.US,5,20260220,173000,10.95,10.95,10.95,10.95,290,0
LEGT.US,5,20260220,174500,10.95,10.95,10.95,10.95,291,0
LEGT.US,5,20260220,180000,10.95,10.95,10.95,10.95,290,0
LEGT.US,5,20260220,182000,10.95,10.95,10.94,10.95,3989,0
LEGT.US,5,20260220,183000,10.95,10.95,10.95,10.95,540,0
LEGT.US,5,20260220,184000,10.95,10.95,10.95,10.95,540,0
LEGT.US,5,20260220,185500,10.95,10.95,10.95,10.95,500,0
LEGT.US,5,20260220,190000,10.95,10.95,10.95,10.95,500,0
LEGT.US,5,20260220,190500,10.95,10.95,10.95,10.95,460,0
LEGT.US,5,20260220,192000,10.95,10.95,10.95,10.95,500,0
LEGT.US,5,20260220,193500,10.95,10.95,10.95,10.95,480,0
LEGT.US,5,20260220,195000,10.95,10.95,10.95,10.95,540,0
LEGT.US,5,20260220,200500,10.95,10.95,10.95,10.95,550,0
LEGT.US,5,20260220,202000,10.95,10.95,10.95,10.95,154,0
LEGT.US,5,20260220,213500,10.96,10.96,10.96,10.96,153,0
LEGT.US,5,20260220,215500,10.96,10.96,10.96,10.96,3217,0
LEGT.US,5,20260223,153500,10.93,10.93,10.91,10.91,4187,0
LEGT.US,5,20260223,154000,10.91,10.91,10.91,10.91,800,0
LEGT.US,5,20260223,160000,10.9,10.9,10.9,10.9,8763,0
LEGT.US,5,20260223,161000,10.92,10.92,10.92,10.92,500,0
LEGT.US,5,20260223,161500,10.92,10.92,10.92,10.92,700,0
LEGT.US,5,20260223,164000,10.92,10.92,10.92,10.92,100,0
LEGT.US,5,20260223,181000,10.92,10.925,10.92,10.92,500,0
LEGT.US,5,20260223,185500,10.925,10.925,10.925,10.925,1320,0
LEGT.US,5,20260223,192500,10.925,10.925,10.925,10.925,100,0
LEGT.US,5,20260223,211500,10.93,10.93,10.93,10.93,399,0
LEGT.US,5,20260223,215500,10.93,10.93,10.925,10.93,1950,0
LEGT.US,5,20260224,153500,10.91,10.935,10.91,10.935,14479,0
LEGT.US,5,20260224,163500,10.9335,10.9335,10.9335,10.9335,1000,0
LEGT.US,5,20260225,153000,10.92,10.92,10.92,10.92,11826,0
LEGT.US,5,20260225,215500,10.95,10.95,10.95,10.95,100,0
LEGT.US,5,20260226,154500,10.95,10.95,10.95,10.95,300,0
LEGT.US,5,20260226,155000,10.95,10.95,10.95,10.95,18140,0
LEGT.US,5,20260226,172500,10.95,10.95,10.95,10.95,100,0
LEGT.US,5,20260226,173000,10.96,10.975,10.96,10.975,13964,0
LEGT.US,5,20260226,173500,10.98,10.98,10.98,10.98,1300,0
LEGT.US,5,20260226,175000,10.98,10.99,10.98,10.99,10656,0
LEGT.US,5,20260226,175500,11.005,11.01,11.005,11.005,300,0
LEGT.US,5,20260226,181500,11.015,11.03,11.015,11.03,1900,0
LEGT.US,5,20260226,183000,11.02,11.02,10.995,11.02,32846,0
LEGT.US,5,20260226,184000,11.01,11.01,11.01,11.01,200,0
LEGT.US,5,20260226,184500,11.01,11.01,11.01,11.01,100,0
LEGT.US,5,20260226,185000,11.01,11.01,11.01,11.01,100,0
LEGT.US,5,20260226,185500,11.01,11.01,11.01,11.01,100,0
LEGT.US,5,20260226,190000,11.01,11.01,11.01,11.01,100,0
LEGT.US,5,20260226,190500,11.01,11.01,11.01,11.01,100,0
LEGT.US,5,20260226,191000,11.01,11.01,11.01,11.01,100,0
LEGT.US,5,20260226,191500,11.01,11.01,11.01,11.01,100,0
LEGT.US,5,20260226,192000,11.01,11.01,11.01,11.01,100,0
LEGT.US,5,20260226,192500,11.01,11.01,11.01,11.01,200,0
LEGT.US,5,20260226,193000,11,11.005,11,11,19500,0
LEGT.US,5,20260226,203500,10.98,10.98,10.98,10.98,96800,0
LEGT.US,5,20260226,210000,10.99,10.99,10.99,10.99,100,0
LEGT.US,5,20260226,210500,10.99,10.99,10.99,10.99,100,0
LEGT.US,5,20260226,213500,10.98,10.98,10.98,10.98,1500,0
LEGT.US,5,20260226,214500,10.98,10.98,10.98,10.98,100,0
LEGT.US,5,20260226,215500,10.98,11,10.98,11,1997,0
LEGT.US,5,20260227,154500,11,11,10.99,10.99,300,0
LEGT.US,5,20260227,155000,10.98,10.98,10.98,10.98,688,0
LEGT.US,5,20260227,155500,10.98,10.98,10.98,10.98,99412,0
LEGT.US,5,20260227,160000,10.98,10.98,10.965,10.965,400,0
LEGT.US,5,20260227,160500,10.965,10.965,10.965,10.965,10200,0
LEGT.US,5,20260227,161000,10.97,10.985,10.97,10.97,4714,0
LEGT.US,5,20260227,165000,10.98,10.98,10.98,10.98,100,0
LEGT.US,5,20260227,171500,10.98,10.98,10.98,10.98,1700,0
LEGT.US,5,20260227,172000,10.98,10.98,10.98,10.98,2200,0
LEGT.US,5,20260227,172500,10.98,10.98,10.97,10.97,3560,0
LEGT.US,5,20260227,173000,10.97,10.97,10.97,10.97,1800,0
LEGT.US,5,20260227,173500,10.97,10.97,10.97,10.97,900,0
LEGT.US,5,20260227,174000,10.965,10.965,10.965,10.965,1000,0
LEGT.US,5,20260227,174500,10.965,10.98,10.965,10.98,1800,0
LEGT.US,5,20260227,175000,10.98,10.98,10.98,10.98,2400,0
LEGT.US,5,20260227,175500,10.98,10.98,10.98,10.98,200,0
LEGT.US,5,20260227,180000,10.98,10.98,10.98,10.98,800,0
LEGT.US,5,20260227,180500,10.98,10.98,10.98,10.98,1000,0
LEGT.US,5,20260227,181000,10.98,10.98,10.98,10.98,1000,0
LEGT.US,5,20260227,181500,10.98,10.98,10.98,10.98,1600,0
LEGT.US,5,20260227,182000,10.98,10.98,10.98,10.98,1200,0
LEGT.US,5,20260227,182500,10.98,10.98,10.98,10.98,400,0
LEGT.US,5,20260227,183000,10.98,10.98,10.98,10.98,1600,0
LEGT.US,5,20260227,183500,10.98,10.98,10.98,10.98,800,0
LEGT.US,5,20260227,184000,10.98,10.98,10.98,10.98,800,0
LEGT.US,5,20260227,184500,10.98,10.98,10.98,10.98,600,0
LEGT.US,5,20260227,190000,10.98,10.98,10.98,10.98,600,0
LEGT.US,5,20260227,190500,10.98,10.98,10.98,10.98,600,0
LEGT.US,5,20260227,191000,10.98,10.98,10.98,10.98,800,0
LEGT.US,5,20260227,191500,10.975,10.98,10.975,10.98,1000,0
LEGT.US,5,20260227,192000,10.98,10.98,10.97,10.97,2300,0
LEGT.US,5,20260227,192500,10.975,10.98,10.975,10.98,1000,0
LEGT.US,5,20260227,193000,10.98,10.98,10.98,10.98,800,0
LEGT.US,5,20260227,193500,10.98,10.98,10.98,10.98,800,0
LEGT.US,5,20260227,194000,10.98,10.98,10.98,10.98,1200,0
LEGT.US,5,20260227,194500,10.98,10.98,10.97,10.97,700,0
LEGT.US,5,20260227,195000,10.98,10.98,10.98,10.98,600,0
LEGT.US,5,20260227,195500,10.98,10.98,10.98,10.98,600,0
LEGT.US,5,20260227,200000,10.98,10.98,10.98,10.98,1000,0
LEGT.US,5,20260227,200500,10.98,10.98,10.98,10.98,500,0
LEGT.US,5,20260227,201000,10.98,10.98,10.98,10.98,800,0
LEGT.US,5,20260227,201500,10.98,10.98,10.98,10.98,1000,0
LEGT.US,5,20260227,202000,10.98,10.98,10.98,10.98,1000,0
LEGT.US,5,20260227,202500,10.98,10.98,10.98,10.98,800,0
LEGT.US,5,20260227,203000,10.98,10.98,10.98,10.98,800,0
LEGT.US,5,20260227,203500,10.98,10.98,10.98,10.98,200,0
LEGT.US,5,20260227,204000,10.98,10.98,10.98,10.98,1000,0
LEGT.US,5,20260227,204500,10.98,10.98,10.98,10.98,400,0
LEGT.US,5,20260227,205000,10.97,10.98,10.97,10.98,1200,0
LEGT.US,5,20260227,205500,10.98,10.98,10.98,10.98,200,0
LEGT.US,5,20260227,210000,10.98,10.98,10.98,10.98,1200,0
LEGT.US,5,20260227,210500,10.98,10.98,10.97,10.97,1600,0
LEGT.US,5,20260227,211000,10.98,10.98,10.98,10.98,2000,0
LEGT.US,5,20260227,211500,10.98,10.98,10.98,10.98,1000,0
LEGT.US,5,20260227,212000,10.98,10.98,10.98,10.98,1600,0
LEGT.US,5,20260227,212500,10.975,10.98,10.97,10.97,2900,0
LEGT.US,5,20260227,213000,10.97,10.97,10.97,10.97,2000,0
LEGT.US,5,20260227,213500,10.97,10.97,10.96,10.97,1500,0
LEGT.US,5,20260227,214000,10.97,10.97,10.97,10.97,1500,0
LEGT.US,5,20260227,214500,10.97,10.97,10.97,10.97,1500,0
LEGT.US,5,20260227,215000,10.97,10.97,10.95,10.965,1400,0
LEGT.US,5,20260227,215500,10.965,10.97,10.95,10.97,3408,0
LEGT.US,5,20260302,160000,10.93,10.93,10.93,10.93,700,0
LEGT.US,5,20260302,160500,10.93,10.94,10.92,10.94,19124,0
LEGT.US,5,20260302,161500,10.94,10.94,10.94,10.94,100,0
LEGT.US,5,20260302,162500,10.94,10.94,10.94,10.94,100,0
LEGT.US,5,20260302,164000,10.94,10.94,10.94,10.94,100,0
LEGT.US,5,20260302,165000,10.94,10.94,10.94,10.94,100,0
LEGT.US,5,20260302,165500,10.93,10.94,10.93,10.94,4269,0
LEGT.US,5,20260302,170000,10.94,10.94,10.94,10.94,1912,0
LEGT.US,5,20260302,170500,10.93,10.93,10.93,10.93,100,0
LEGT.US,5,20260302,171500,10.93,10.93,10.93,10.93,100,0
LEGT.US,5,20260302,173000,10.93,10.93,10.93,10.93,100,0
LEGT.US,5,20260302,174500,10.93,10.93,10.93,10.93,100,0
LEGT.US,5,20260302,175500,10.94,10.94,10.94,10.94,400,0
LEGT.US,5,20260302,180000,10.9375,10.94,10.935,10.94,2467,0
LEGT.US,5,20260302,181500,10.94,10.94,10.94,10.94,100,0
LEGT.US,5,20260302,182000,10.94,10.94,10.94,10.94,151,0
LEGT.US,5,20260302,183500,10.94,10.94,10.935,10.935,2100,0
LEGT.US,5,20260302,184500,10.94,10.94,10.94,10.94,300,0
LEGT.US,5,20260302,185000,10.94,10.94,10.94,10.94,100,0
LEGT.US,5,20260302,191000,10.94,10.94,10.94,10.94,100,0
LEGT.US,5,20260302,192000,10.94,10.9401,10.9371,10.94,3325,0
LEGT.US,5,20260302,194500,10.94,10.94,10.94,10.94,100,0
LEGT.US,5,20260302,200000,10.94,10.94,10.94,10.94,100,0
LEGT.US,5,20260302,200500,10.94,10.94,10.94,10.94,695,0
LEGT.US,5,20260302,201500,10.94,10.94,10.94,10.94,100,0
LEGT.US,5,20260302,203000,10.94,10.94,10.94,10.94,100,0
LEGT.US,5,20260302,204500,10.94,10.94,10.94,10.94,100,0
LEGT.US,5,20260302,210000,10.94,10.94,10.94,10.94,100,0
LEGT.US,5,20260302,211000,10.94,10.94,10.94,10.94,100,0
LEGT.US,5,20260302,212500,10.94,10.94,10.94,10.94,100,0
LEGT.US,5,20260302,213000,10.94,10.94,10.94,10.94,100,0
LEGT.US,5,20260302,214000,10.94,10.94,10.94,10.94,100,0
LEGT.US,5,20260302,214500,10.94,10.94,10.94,10.94,499,0
LEGT.US,5,20260302,215000,10.94,10.94,10.94,10.94,100,0
LEGT.US,5,20260302,215500,10.94,10.94,10.94,10.94,475,0
LEGT.US,5,20260303,154000,10.94,10.94,10.94,10.94,2587,0
LEGT.US,5,20260303,154500,10.94,10.94,10.94,10.94,2590,0
LEGT.US,5,20260303,155000,10.94,10.94,10.94,10.94,1500,0
LEGT.US,5,20260303,155500,10.94,10.94,10.94,10.94,1800,0
LEGT.US,5,20260303,160000,10.94,10.9546,10.94,10.9546,2758,0
LEGT.US,5,20260303,165500,10.94,10.94,10.94,10.94,1100,0
LEGT.US,5,20260303,173500,10.95,10.95,10.95,10.95,5300,0
LEGT.US,5,20260303,184000,10.94,10.94,10.94,10.94,100,0
LEGT.US,5,20260303,191500,10.94,10.94,10.94,10.94,1200,0
LEGT.US,5,20260303,195500,10.94,10.94,10.94,10.94,130859,0
LEGT.US,5,20260303,200000,10.94,10.94,10.94,10.94,969,0
LEGT.US,5,20260303,210000,10.94,10.94,10.94,10.94,133,0
LEGT.US,5,20260303,212000,10.94,10.94,10.94,10.94,298,0
LEGT.US,5,20260303,213000,10.94,10.94,10.94,10.94,223,0
LEGT.US,5,20260304,153500,10.94,10.94,10.94,10.94,1800,0
LEGT.US,5,20260304,154000,10.94,10.94,10.94,10.94,2400,0
LEGT.US,5,20260304,154500,10.94,10.94,10.94,10.94,2200,0
LEGT.US,5,20260304,155000,10.94,10.94,10.94,10.94,2500,0
LEGT.US,5,20260304,155500,10.94,10.94,10.94,10.94,2100,0
LEGT.US,5,20260304,160000,10.94,10.94,10.94,10.94,2200,0
LEGT.US,5,20260304,160500,10.94,10.94,10.94,10.94,2200,0
LEGT.US,5,20260304,161000,10.94,10.94,10.94,10.94,1800,0
LEGT.US,5,20260304,161500,10.94,10.94,10.94,10.94,2258,0
LEGT.US,5,20260304,163000,10.94,10.94,10.94,10.94,100,0
LEGT.US,5,20260304,165000,10.96,10.96,10.96,10.96,100,0
LEGT.US,5,20260304,170500,10.94,10.94,10.94,10.94,100,0
LEGT.US,5,20260304,172500,10.94,10.94,10.94,10.94,100,0
LEGT.US,5,20260304,175000,10.94,10.94,10.94,10.94,100,0
LEGT.US,5,20260304,181000,10.94,10.94,10.94,10.94,100,0
LEGT.US,5,20260304,182500,10.94,10.94,10.94,10.94,100,0
LEGT.US,5,20260304,184500,10.94,10.94,10.94,10.94,100,0
LEGT.US,5,20260304,185500,10.94,10.94,10.94,10.94,1039,0
LEGT.US,5,20260304,190000,10.94,10.94,10.94,10.94,100,0
LEGT.US,5,20260304,193000,10.94,10.94,10.94,10.94,100,0
LEGT.US,5,20260304,194000,10.94,10.94,10.94,10.94,100,0
LEGT.US,5,20260304,194500,10.94,10.94,10.94,10.94,100,0
LEGT.US,5,20260304,200000,10.94,10.94,10.94,10.94,100,0
LEGT.US,5,20260304,201500,10.94,10.94,10.94,10.94,100,0
LEGT.US,5,20260304,202000,10.94,10.94,10.94,10.94,200,0
LEGT.US,5,20260304,203000,10.94,10.94,10.94,10.94,100,0
LEGT.US,5,20260304,204500,10.94,10.94,10.94,10.94,100,0
LEGT.US,5,20260304,205500,10.94,10.94,10.94,10.94,100,0
LEGT.US,5,20260304,210000,10.94,10.94,10.94,10.94,100,0
LEGT.US,5,20260304,211500,10.94,10.94,10.94,10.94,100,0
LEGT.US,5,20260304,213000,10.94,10.94,10.94,10.94,100,0
LEGT.US,5,20260304,214000,10.94,10.94,10.94,10.94,323,0
LEGT.US,5,20260304,214500,10.94,10.94,10.94,10.94,100,0
LEGT.US,5,20260304,215500,10.94,10.94,10.94,10.94,419,0
LEGT.US,5,20260305,153500,10.94,10.94,10.94,10.94,300,0
LEGT.US,5,20260305,154000,10.94,10.94,10.94,10.94,2100,0
LEGT.US,5,20260305,154500,10.94,10.94,10.94,10.94,2100,0
LEGT.US,5,20260305,155000,10.94,10.94,10.94,10.94,1800,0
LEGT.US,5,20260305,155500,10.94,10.94,10.94,10.94,2400,0
LEGT.US,5,20260305,160000,10.94,10.94,10.94,10.94,1900,0
LEGT.US,5,20260305,160500,10.94,10.94,10.94,10.94,2400,0
LEGT.US,5,20260305,161000,10.94,10.94,10.94,10.94,2100,0
LEGT.US,5,20260305,161500,10.94,10.94,10.94,10.94,2876,0
LEGT.US,5,20260305,162000,10.94,10.94,10.94,10.94,864,0
LEGT.US,5,20260305,193500,10.94,10.94,10.94,10.94,271,0
LEGT.US,5,20260305,201000,10.94,10.94,10.94,10.94,2825,0
LEGT.US,5,20260305,201500,10.94,10.94,10.94,10.94,258,0
LEGT.US,5,20260305,202500,10.94,10.94,10.94,10.94,200000,0
LEGT.US,5,20260305,204000,10.94,10.94,10.94,10.94,100000,0
LEGT.US,5,20260305,204500,10.94,10.94,10.94,10.94,150000,0
LEGT.US,5,20260305,205000,10.94,10.94,10.94,10.94,300,0
LEGT.US,5,20260305,210000,10.94,10.94,10.94,10.94,800,0
LEGT.US,5,20260305,214500,10.95,10.95,10.95,10.95,200,0
LEGT.US,5,20260305,215500,10.945,10.945,10.945,10.945,100,0
LEGT.US,5,20260306,153000,10.96,11.0201,10.9401,10.9401,2800,0
LEGT.US,5,20260306,153500,10.94,10.94,10.94,10.94,4687,0
LEGT.US,5,20260306,154500,10.94,10.94,10.935,10.935,24000,0
LEGT.US,5,20260306,155000,10.94,10.945,10.94,10.94,2300,0
LEGT.US,5,20260306,160500,10.94,10.94,10.94,10.94,100,0
LEGT.US,5,20260306,165000,10.94,10.94,10.94,10.94,100,0
LEGT.US,5,20260306,170500,10.94,10.94,10.94,10.94,100,0
LEGT.US,5,20260306,180500,10.94,10.94,10.94,10.94,100,0
LEGT.US,5,20260306,182500,10.94,10.94,10.94,10.94,100,0
LEGT.US,5,20260306,194000,10.94,10.94,10.94,10.94,100,0
LEGT.US,5,20260306,195500,10.94,10.945,10.94,10.94,2057,0
LEGT.US,5,20260306,200000,10.94,10.94,10.94,10.94,100,0
LEGT.US,5,20260306,201500,10.94,10.94,10.94,10.94,100,0
LEGT.US,5,20260306,203500,10.94,10.94,10.94,10.94,100,0
LEGT.US,5,20260306,205000,10.94,10.94,10.94,10.94,100,0
LEGT.US,5,20260306,205500,10.945,10.945,10.945,10.945,100,0
LEGT.US,5,20260306,210500,10.945,10.945,10.945,10.945,100,0
LEGT.US,5,20260306,211500,10.945,10.945,10.945,10.945,100,0
LEGT.US,5,20260306,212000,10.95,10.95,10.95,10.95,100,0
LEGT.US,5,20260306,214000,10.95,10.95,10.95,10.95,100,0
LEGT.US,5,20260306,215500,10.95,10.95,10.95,10.95,100,0
LEGT.US,5,20260309,143500,10.94,10.95,10.94,10.95,6140,0
LEGT.US,5,20260309,144000,10.94,10.94,10.94,10.94,352,0
LEGT.US,5,20260309,145000,10.94,10.94,10.94,10.94,312,0
LEGT.US,5,20260309,150000,10.93,10.93,10.93,10.93,100,0
LEGT.US,5,20260309,151500,10.94,10.94,10.94,10.94,8600,0
LEGT.US,5,20260309,161500,10.95,10.95,10.95,10.95,300,0
LEGT.US,5,20260309,163000,10.94,10.94,10.94,10.94,100,0
LEGT.US,5,20260309,181000,10.9403,10.95,10.9403,10.95,396,0
LEGT.US,5,20260309,183000,10.945,10.945,10.945,10.945,660,0
LEGT.US,5,20260309,183500,10.96,10.96,10.94,10.9403,2530,0
LEGT.US,5,20260309,191500,10.94,10.95,10.94,10.9403,859,0
LEGT.US,5,20260309,194000,10.94,10.95,10.94,10.9403,300,0
LEGT.US,5,20260309,200500,10.945,10.945,10.945,10.945,272,0
LEGT.US,5,20260309,201500,10.94,10.94,10.94,10.94,325,0
LEGT.US,5,20260309,203500,10.94,10.94,10.94,10.94,324,0
LEGT.US,5,20260309,204500,10.945,10.945,10.945,10.945,100,0
LEGT.US,5,20260309,205500,10.9403,10.95,10.9403,10.9403,1360,0
LEGT.US,5,20260310,144500,10.94,10.95,10.94,10.9403,34286,0
LEGT.US,5,20260310,151000,10.95,10.95,10.95,10.95,100,0
LEGT.US,5,20260310,152500,10.95,10.95,10.95,10.95,100,0
LEGT.US,5,20260310,153000,10.95,10.95,10.95,10.95,400,0
LEGT.US,5,20260310,153500,10.98,10.98,10.9771,10.9771,1100,0
LEGT.US,5,20260310,154000,10.95,10.95,10.95,10.95,100,0
LEGT.US,5,20260310,155500,10.95,10.95,10.95,10.95,100,0
LEGT.US,5,20260310,161000,10.95,10.95,10.95,10.95,100,0
LEGT.US,5,20260310,162500,10.95,10.95,10.95,10.95,100,0
LEGT.US,5,20260310,164000,10.95,10.95,10.95,10.95,100,0
LEGT.US,5,20260310,165500,10.95,10.95,10.95,10.95,100,0
LEGT.US,5,20260310,171000,10.95,10.95,10.95,10.95,100,0
LEGT.US,5,20260310,173000,10.95,10.95,10.95,10.95,100,0
LEGT.US,5,20260310,174500,10.95,10.95,10.95,10.95,100,0
LEGT.US,5,20260310,180500,10.95,10.95,10.95,10.95,100,0
LEGT.US,5,20260310,182500,10.95,10.95,10.95,10.95,100,0
LEGT.US,5,20260310,184000,10.95,10.95,10.95,10.95,100,0
LEGT.US,5,20260310,190000,10.95,10.95,10.95,10.95,100,0
LEGT.US,5,20260310,191000,10.95,10.95,10.945,10.95,3500,0
LEGT.US,5,20260310,192000,10.945,10.95,10.945,10.95,300,0
LEGT.US,5,20260310,194000,10.95,10.95,10.95,10.95,151,0
LEGT.US,5,20260310,195500,10.945,10.945,10.945,10.945,100,0
LEGT.US,5,20260310,201000,10.945,10.95,10.945,10.95,821,0
LEGT.US,5,20260310,203000,10.95,10.95,10.95,10.95,500,0
LEGT.US,5,20260310,204500,10.945,10.95,10.945,10.95,200,0
LEGT.US,5,20260310,205500,10.945,10.945,10.945,10.945,100,0
LEGT.US,5,20260311,144000,10.95,10.95,10.9405,10.95,24973,0
LEGT.US,5,20260311,144500,10.95,10.95,10.95,10.95,140,0
LEGT.US,5,20260311,145000,10.95,10.95,10.95,10.95,308,0
LEGT.US,5,20260311,150000,10.95,10.95,10.95,10.95,663,0
LEGT.US,5,20260311,163000,10.95,10.95,10.95,10.95,364,0
LEGT.US,5,20260311,182000,10.95,10.95,10.95,10.95,252,0
LEGT.US,5,20260311,183000,10.95,10.95,10.95,10.95,140,0
LEGT.US,5,20260311,183500,10.95,10.95,10.945,10.945,208,0
LEGT.US,5,20260311,194500,10.95,10.95,10.95,10.95,140,0
LEGT.US,5,20260311,195500,10.95,10.95,10.95,10.95,168,0
LEGT.US,5,20260311,200500,10.95,10.95,10.95,10.95,520,0
LEGT.US,5,20260311,204000,10.95,10.95,10.95,10.95,112,0
LEGT.US,5,20260311,204500,10.95,10.95,10.95,10.95,2400,0
LEGT.US,5,20260311,205000,10.95,10.95,10.95,10.95,100,0
LEGT.US,5,20260311,205500,10.95,10.97,10.95,10.97,400,0
LEGT.US,5,20260312,143000,10.975,10.975,10.97,10.97,600,0
LEGT.US,5,20260312,144000,10.95,10.95,10.94,10.95,22325,0
LEGT.US,5,20260312,202000,10.945,10.945,10.94,10.94,250,0
LEGT.US,5,20260312,202500,10.95,10.95,10.94,10.94,3000,0
LEGT.US,5,20260312,205500,10.95,10.95,10.95,10.95,253,0
LEGT.US,5,20260313,143000,10.94,10.94,10.94,10.94,65389,0
LEGT.US,5,20260313,143500,10.94,10.94,10.94,10.94,44900,0
LEGT.US,5,20260313,144500,10.94,10.94,10.94,10.94,100,0
LEGT.US,5,20260313,150000,10.94,10.94,10.94,10.94,100,0
LEGT.US,5,20260313,151500,10.94,10.94,10.94,10.94,100,0
LEGT.US,5,20260313,153000,10.94,10.94,10.94,10.94,100,0
LEGT.US,5,20260313,154500,10.94,10.94,10.94,10.94,500,0
LEGT.US,5,20260313,155500,10.94,10.94,10.94,10.94,129,0
LEGT.US,5,20260313,160000,10.94,10.94,10.94,10.94,100,0
LEGT.US,5,20260313,161000,10.94,10.94,10.94,10.94,100,0
LEGT.US,5,20260313,162000,10.94,10.94,10.94,10.94,100,0
LEGT.US,5,20260313,163500,10.94,10.94,10.94,10.94,100,0
LEGT.US,5,20260313,165500,10.94,10.94,10.94,10.94,100,0
LEGT.US,5,20260313,172500,10.9429,10.9429,10.9429,10.9429,500,0
LEGT.US,5,20260313,173000,10.94,10.94,10.94,10.94,100,0
LEGT.US,5,20260313,174500,10.94,10.94,10.94,10.94,100,0
LEGT.US,5,20260313,180500,10.94,10.94,10.94,10.94,100,0
LEGT.US,5,20260313,182500,10.94,10.94,10.94,10.94,100,0
LEGT.US,5,20260313,184500,10.94,10.94,10.94,10.94,100,0
LEGT.US,5,20260313,190000,10.94,10.94,10.94,10.94,100,0
LEGT.US,5,20260313,192000,10.94,10.94,10.94,10.94,100,0
LEGT.US,5,20260313,193500,10.94,10.94,10.94,10.94,100,0
LEGT.US,5,20260313,195000,10.94,10.94,10.94,10.94,100,0
LEGT.US,5,20260313,200500,10.94,10.94,10.94,10.94,100,0
LEGT.US,5,20260313,201500,10.94,10.94,10.94,10.94,100,0
LEGT.US,5,20260313,203000,10.94,10.94,10.94,10.94,100,0
LEGT.US,5,20260313,204000,10.94,10.94,10.94,10.94,100,0
LEGT.US,5,20260313,204500,10.94,10.94,10.94,10.94,100,0
LEGT.US,5,20260313,205500,10.94,10.945,10.94,10.94,403,0
LEGT.US,5,20260316,143500,10.945,10.95,10.945,10.95,22232,0
LEGT.US,5,20260316,144000,10.95,10.95,10.95,10.95,625,0
LEGT.US,5,20260316,144500,10.95,10.95,10.95,10.95,125,0
LEGT.US,5,20260316,145000,10.95,10.95,10.95,10.95,125,0
LEGT.US,5,20260316,151000,10.95,10.96,10.95,10.95,4246,0
LEGT.US,5,20260316,151500,10.95,10.95,10.95,10.95,100,0
LEGT.US,5,20260316,155000,10.96,10.96,10.96,10.96,1710,0
LEGT.US,5,20260316,155500,10.96,10.96,10.96,10.96,575,0
LEGT.US,5,20260316,163000,10.96,10.96,10.96,10.96,125,0
LEGT.US,5,20260316,183500,10.96,10.96,10.96,10.96,175,0
LEGT.US,5,20260316,191500,10.98,10.98,10.98,10.98,100,0
LEGT.US,5,20260316,200000,10.96,10.96,10.96,10.96,439,0
LEGT.US,5,20260316,205500,10.98,10.98,10.97,10.97,212,0
LEGT.US,5,20260317,143000,10.94,10.96,10.94,10.96,20600,0
LEGT.US,5,20260317,143500,10.96,10.96,10.96,10.96,20300,0
LEGT.US,5,20260317,151500,10.95,10.95,10.95,10.95,10000,0
LEGT.US,5,20260317,152000,10.95,10.95,10.95,10.95,25000,0
LEGT.US,5,20260317,170000,10.96,10.96,10.96,10.96,100,0
LEGT.US,5,20260317,171000,10.96,10.96,10.96,10.96,100,0
LEGT.US,5,20260317,173500,10.96,10.96,10.96,10.96,100,0
LEGT.US,5,20260317,175500,10.96,10.96,10.96,10.96,100,0
LEGT.US,5,20260317,182000,10.96,10.96,10.96,10.96,100,0
LEGT.US,5,20260317,183000,10.96,10.96,10.96,10.96,100,0
LEGT.US,5,20260317,184500,10.96,10.96,10.96,10.96,100,0
LEGT.US,5,20260317,185000,10.96,10.96,10.96,10.96,100,0
LEGT.US,5,20260317,190500,10.96,10.96,10.96,10.96,100,0
LEGT.US,5,20260317,191500,10.96,10.96,10.96,10.96,100,0
LEGT.US,5,20260317,192000,10.98,10.98,10.96,10.98,6100,0
LEGT.US,5,20260317,193500,10.96,10.96,10.96,10.96,100,0
LEGT.US,5,20260317,195000,10.96,10.96,10.96,10.96,100,0
LEGT.US,5,20260317,195500,10.96,10.96,10.96,10.96,100,0
LEGT.US,5,20260317,200500,10.95,10.96,10.95,10.96,1100,0
LEGT.US,5,20260317,202500,10.96,10.96,10.96,10.96,100,0
LEGT.US,5,20260317,204000,10.96,10.96,10.96,10.96,100,0
LEGT.US,5,20260317,205500,10.96,10.98,10.96,10.98,220,0
LEGT.US,5,20260318,143500,10.95,10.95,10.95,10.95,2000,0
LEGT.US,5,20260318,144000,10.96,10.96,10.95,10.96,2500,0
LEGT.US,5,20260318,144500,10.96,11.1,10.95,10.96,20539,0
LEGT.US,5,20260318,145000,10.96,10.96,10.95,10.95,4200,0
LEGT.US,5,20260318,145500,10.96,10.96,10.95,10.95,3400,0
LEGT.US,5,20260318,151000,10.97,10.97,10.97,10.97,200,0
LEGT.US,5,20260318,155000,10.96,10.96,10.96,10.96,200,0
LEGT.US,5,20260318,162000,10.955,10.955,10.955,10.955,105,0
LEGT.US,5,20260318,165000,10.96,10.96,10.96,10.96,100,0
LEGT.US,5,20260318,165500,10.96,10.96,10.955,10.955,570,0
LEGT.US,5,20260318,172500,10.955,10.955,10.955,10.955,113,0
LEGT.US,5,20260318,175500,10.955,10.955,10.955,10.955,133,0
LEGT.US,5,20260318,182500,10.955,10.955,10.955,10.955,130,0
LEGT.US,5,20260318,185000,10.955,10.955,10.955,10.955,134,0
LEGT.US,5,20260318,191000,10.955,10.955,10.955,10.955,131,0
LEGT.US,5,20260318,193000,10.96,10.96,10.96,10.96,2500,0
LEGT.US,5,20260318,194500,10.96,10.96,10.96,10.96,404,0
LEGT.US,5,20260318,195000,10.97,10.97,10.97,10.97,100,0
LEGT.US,5,20260318,204500,10.955,10.955,10.955,10.955,396,0
LEGT.US,5,20260318,205500,10.98,10.98,10.965,10.98,6117,0
LEGT.US,5,20260319,152000,10.955,10.955,10.955,10.955,672,0
LEGT.US,5,20260319,162000,10.96,10.96,10.96,10.96,453,0
LEGT.US,5,20260319,172500,10.98,10.98,10.98,10.98,100,0
LEGT.US,5,20260319,182000,10.955,10.955,10.955,10.955,450,0
LEGT.US,5,20260319,205500,10.965,10.98,10.965,10.98,400,0
LEGT.US,5,20260320,154000,10.96,10.96,10.96,10.96,400,0
LEGT.US,5,20260320,170000,10.9549,10.9549,10.9549,10.9549,104,0
LEGT.US,5,20260320,205500,10.96,10.96,10.96,10.96,228,0
LEGT.US,5,20260323,152000,10.965,10.97,10.965,10.97,303,0
LEGT.US,5,20260323,162000,10.97,10.97,10.9675,10.9675,3158,0
LEGT.US,5,20260323,164500,10.98,10.98,10.9675,10.9675,1835,0
LEGT.US,5,20260323,165000,10.9675,10.9675,10.9675,10.9675,135,0
LEGT.US,5,20260323,170000,10.9675,10.9675,10.9675,10.9675,162,0
LEGT.US,5,20260323,203000,10.975,10.975,10.975,10.975,400,0
LEGT.US,5,20260323,205500,10.97,10.97,10.97,10.97,254,0
LEGT.US,5,20260324,143000,10.98,10.98,10.95,10.95,400,0
LEGT.US,5,20260324,143500,10.96,10.96,10.96,10.96,400,0
LEGT.US,5,20260324,150500,10.96,10.96,10.9505,10.96,392,0
LEGT.US,5,20260324,160500,10.95,10.96,10.95,10.96,79644,0
LEGT.US,5,20260324,170000,10.96,10.96,10.96,10.96,192,0
LEGT.US,5,20260324,175000,10.96,10.96,10.96,10.96,288,0
LEGT.US,5,20260324,185000,10.97,10.97,10.97,10.97,340,0
LEGT.US,5,20260324,201500,10.97,10.97,10.97,10.97,432,0
LEGT.US,5,20260324,203500,10.98,10.98,10.98,10.98,100,0
LEGT.US,5,20260324,205500,10.975,10.98,10.975,10.98,616,0
LEGT.US,5,20260325,143000,10.97,10.97,10.97,10.97,100,0
LEGT.US,5,20260325,143500,10.97,10.97,10.97,10.97,100,0
LEGT.US,5,20260325,151000,10.97,10.97,10.97,10.97,508,0
LEGT.US,5,20260325,151500,10.97,10.97,10.97,10.97,100,0
LEGT.US,5,20260325,171000,10.98,10.98,10.97,10.98,1300,0
LEGT.US,5,20260325,171500,10.97,10.97,10.97,10.97,100,0
LEGT.US,5,20260325,172500,10.97,10.97,10.97,10.97,100,0
LEGT.US,5,20260325,173000,10.97,10.97,10.97,10.97,100,0
LEGT.US,5,20260325,174000,10.97,10.97,10.97,10.97,100,0
LEGT.US,5,20260325,175000,10.97,10.97,10.97,10.97,100,0
LEGT.US,5,20260325,180000,10.97,10.97,10.97,10.97,100,0
LEGT.US,5,20260325,181500,10.97,10.97,10.97,10.97,100,0
LEGT.US,5,20260325,183000,10.97,10.97,10.97,10.97,100,0
LEGT.US,5,20260325,184000,10.97,10.97,10.97,10.97,100,0
LEGT.US,5,20260325,200500,10.98,10.98,10.975,10.975,200,0
LEGT.US,5,20260325,201000,10.975,10.975,10.975,10.975,100,0
LEGT.US,5,20260325,204000,10.98,10.98,10.98,10.98,100,0
LEGT.US,5,20260325,204500,10.97,10.97,10.97,10.97,100,0
LEGT.US,5,20260325,205500,10.97,10.97,10.95,10.95,200,0
LEGT.US,5,20260326,143000,10.98,10.98,10.98,10.98,307,0
LEGT.US,5,20260326,161000,10.98,10.98,10.98,10.98,200,0
LEGT.US,5,20260326,162500,10.97,10.97,10.97,10.97,100,0
LEGT.US,5,20260326,163500,10.9675,10.98,10.9675,10.98,200,0
LEGT.US,5,20260326,165000,10.965,10.965,10.965,10.965,100,0
LEGT.US,5,20260326,191000,10.98,10.98,10.98,10.98,100,0
LEGT.US,5,20260326,192500,10.965,10.9675,10.965,10.9675,200,0
LEGT.US,5,20260326,194500,10.965,10.965,10.965,10.965,100,0
LEGT.US,5,20260326,195500,10.965,10.965,10.965,10.965,200,0
LEGT.US,5,20260326,200000,10.965,10.965,10.965,10.965,200,0
LEGT.US,5,20260326,200500,10.965,10.965,10.965,10.965,100,0
LEGT.US,5,20260326,201000,10.965,10.965,10.965,10.965,100,0
LEGT.US,5,20260326,201500,10.9675,10.9675,10.9675,10.9675,100,0
LEGT.US,5,20260326,202500,10.965,10.965,10.965,10.965,100,0
LEGT.US,5,20260326,203500,10.98,10.98,10.965,10.965,300,0
LEGT.US,5,20260326,204500,10.98,10.98,10.965,10.965,200,0
LEGT.US,5,20260326,205000,10.965,10.98,10.965,10.98,500,0
LEGT.US,5,20260326,205500,10.97,10.98,10.97,10.98,300,0
LEGT.US,5,20260327,143000,10.95,10.95,10.95,10.95,100,0
LEGT.US,5,20260327,153000,10.97,10.97,10.97,10.97,500,0
LEGT.US,5,20260327,162000,10.97,10.97,10.97,10.97,980,0
LEGT.US,5,20260327,163500,10.97,10.97,10.97,10.97,28791,0
LEGT.US,5,20260327,172500,10.98,10.98,10.98,10.98,20000,0
LEGT.US,5,20260327,173000,10.98,10.98,10.98,10.98,100000,0
LEGT.US,5,20260327,192000,10.98,10.98,10.98,10.98,100,0
LEGT.US,5,20260327,205500,10.98,10.98,10.98,10.98,100,0
LEGT.US,5,20260330,153000,10.98,10.98,10.98,10.98,100,0
LEGT.US,5,20260330,153500,10.98,10.98,10.98,10.98,102,0
LEGT.US,5,20260330,154000,10.98,10.98,10.98,10.98,948,0
LEGT.US,5,20260330,154500,10.98,10.98,10.98,10.98,200,0
LEGT.US,5,20260330,155000,10.98,10.98,10.98,10.98,200,0
LEGT.US,5,20260330,155500,10.98,10.98,10.98,10.98,100,0
LEGT.US,5,20260330,160000,10.98,10.98,10.98,10.98,100,0
LEGT.US,5,20260330,161500,10.9775,10.9775,10.9775,10.9775,136,0
LEGT.US,5,20260330,173500,10.9775,10.9775,10.9775,10.9775,884,0
LEGT.US,5,20260330,200000,10.9775,10.9775,10.9775,10.9775,442,0
LEGT.US,5,20260330,213500,10.97,10.97,10.97,10.97,113,0
LEGT.US,5,20260331,155000,10.98,10.98,10.98,10.98,2150,0
LEGT.US,5,20260331,184000,10.99,10.99,10.99,10.99,100,0
LEGT.US,5,20260331,205000,10.98,10.98,10.98,10.98,117246,0
LEGT.US,5,20260331,215500,10.98,10.98,10.98,10.98,1940,0
LEGT.US,5,20260401,155000,10.975,10.975,10.975,10.975,100,0
LEGT.US,5,20260401,155500,10.975,10.98,10.975,10.98,200,0
LEGT.US,5,20260401,164500,10.99,10.99,10.99,10.99,100,0
LEGT.US,5,20260401,205000,10.98,10.98,10.975,10.9775,5605,0
LEGT.US,5,20260401,210500,10.98,10.98,10.98,10.98,100,0
LEGT.US,5,20260401,211000,10.99,10.99,10.99,10.99,21500,0
LEGT.US,5,20260401,211500,10.975,10.9775,10.975,10.9775,300,0
LEGT.US,5,20260401,214500,10.98,10.98,10.98,10.98,101,0
LEGT.US,5,20260401,215000,10.98,10.98,10.98,10.98,100,0
LEGT.US,5,20260401,215500,10.98,10.98,10.98,10.98,205,0
LEGT.US,5,20260402,153000,11,11,11,11,411,0
LEGT.US,5,20260402,170000,10.99,10.99,10.99,10.99,100,0
LEGT.US,5,20260402,195500,10.99,10.99,10.99,10.99,100,0
LEGT.US,5,20260402,211000,10.99,10.99,10.99,10.99,100,0
LEGT.US,5,20260402,215500,10.9775,11,10.9775,11,588,0
LEGT.US,5,20260406,194500,10.99,10.99,10.99,10.99,273,0
LEGT.US,5,20260406,205500,10.99,10.99,10.99,10.99,132,0
LEGT.US,5,20260406,215500,10.99,11,10.99,11,2204,0
LEGT.US,5,20260407,153000,10.96,10.985,10.96,10.985,705,0
LEGT.US,5,20260407,154000,11.0092,11.0092,11.0092,11.0092,600,0
LEGT.US,5,20260407,155500,10.99,10.99,10.99,10.99,100,0
LEGT.US,5,20260407,160500,10.995,10.995,10.99,10.99,900,0
LEGT.US,5,20260407,161000,11,11,10.99,10.99,1300,0
LEGT.US,5,20260407,161500,11,11,10.9999,10.9999,910,0
LEGT.US,5,20260407,162500,11,11,10.9998,11,11200,0
LEGT.US,5,20260407,163000,11,11,10.99,11,18146,0
LEGT.US,5,20260407,163500,10.985,10.985,10.985,10.985,100,0
LEGT.US,5,20260407,165000,10.98,11,10.98,11,6100,0
LEGT.US,5,20260407,170000,10.99,10.99,10.99,10.99,100,0
LEGT.US,5,20260407,170500,11.0099,11.0099,11.0099,11.0099,600,0
LEGT.US,5,20260407,171000,11,11,11,11,9423,0
LEGT.US,5,20260407,171500,10.99,10.99,10.99,10.99,100,0
LEGT.US,5,20260407,173000,10.99,10.99,10.99,10.99,100,0
LEGT.US,5,20260407,173500,11,11,11,11,25000,0
LEGT.US,5,20260407,174000,10.99,10.99,10.99,10.99,44400,0
LEGT.US,5,20260407,174500,10.99,10.99,10.9899,10.9899,2500,0
LEGT.US,5,20260407,175000,10.985,10.985,10.98,10.98,50291,0
LEGT.US,5,20260407,181000,10.99,10.99,10.99,10.99,100,0
LEGT.US,5,20260407,183000,11,11,10.99,10.99,1100,0
LEGT.US,5,20260407,185000,10.99,10.99,10.99,10.99,100,0
LEGT.US,5,20260407,190500,10.99,10.995,10.99,10.995,800,0
LEGT.US,5,20260407,192500,10.99,10.99,10.99,10.99,100,0
LEGT.US,5,20260407,194500,10.99,10.99,10.99,10.99,100,0
LEGT.US,5,20260407,200500,10.99,10.99,10.99,10.99,100,0
LEGT.US,5,20260407,202000,10.99,10.99,10.99,10.99,100,0
LEGT.US,5,20260407,203500,10.995,10.995,10.99,10.99,200,0
LEGT.US,5,20260407,205000,10.99,10.99,10.99,10.99,100,0
LEGT.US,5,20260407,210500,10.99,11,10.99,11,931,0
LEGT.US,5,20260407,213000,10.99,10.99,10.99,10.99,100,0
LEGT.US,5,20260407,214000,10.99,10.99,10.99,10.99,100,0
LEGT.US,5,20260407,214500,10.99,10.99,10.99,10.99,100,0
LEGT.US,5,20260407,215000,11,11,11,11,995,0
LEGT.US,5,20260408,153000,11,11,10.99,10.99,5456,0
LEGT.US,5,20260408,153500,10.99,10.99,10.99,10.99,135,0
LEGT.US,5,20260408,154500,10.99,10.99,10.99,10.99,663,0
LEGT.US,5,20260408,155000,11,11,11,11,100,0
LEGT.US,5,20260408,160000,10.995,10.995,10.995,10.995,130,0
LEGT.US,5,20260408,161500,11,11,11,11,10370,0
LEGT.US,5,20260408,164500,11.01,11.03,11.0099,11.015,9623,0
LEGT.US,5,20260408,172500,11.005,11.005,11.005,11.005,100,0
LEGT.US,5,20260408,204500,11,11,11,11,418,0
LEGT.US,5,20260408,210000,11,11,11,11,500,0
LEGT.US,5,20260408,210500,11,11,11,11,1100,0
LEGT.US,5,20260408,215500,11.005,11.005,11.005,11.005,100,0
LEGT.US,5,20260409,201000,11,11,10.9921,11,4000,0
LEGT.US,5,20260409,204500,11,11,11,11,100,0
LEGT.US,5,20260409,205000,11,11,11,11,100,0
LEGT.US,5,20260409,205500,11,11,11,11,100,0
LEGT.US,5,20260409,210000,11,11,11,11,250,0
LEGT.US,5,20260409,210500,11,11,11,11,100,0
LEGT.US,5,20260409,211500,11,11,11,11,100,0
LEGT.US,5,20260409,213500,11,11,11,11,140,0
LEGT.US,5,20260409,214500,11,11.005,11,11.005,200,0
LEGT.US,5,20260410,185500,11.01,11.01,11.005,11.005,1000,0
LEGT.US,5,20260410,203500,11.005,11.01,11,11.01,53813,0
LEGT.US,5,20260410,205500,11.01,11.01,11.01,11.01,800,0
LEGT.US,5,20260410,214000,11.01,11.01,11.01,11.01,150,0
LEGT.US,5,20260413,153500,11,11,11,11,1200,0
LEGT.US,5,20260413,165500,11.01,11.01,11.01,11.01,300,0
LEGT.US,5,20260413,190000,11.01,11.01,11.01,11.01,400,0
LEGT.US,5,20260413,214000,11.03,11.03,11.02,11.02,200,0
LEGT.US,5,20260413,215500,11.01,11.01,11.01,11.01,342,0
LEGT.US,5,20260414,153000,11,11,10.98,10.98,240000,0
LEGT.US,5,20260414,154500,11.01,11.01,11.01,11.01,230,0
LEGT.US,5,20260414,155500,11.02,11.02,11.02,11.02,100,0
LEGT.US,5,20260414,160500,11.01,11.01,11.01,11.01,100,0
LEGT.US,5,20260414,162000,11.01,11.01,11.01,11.01,100,0
LEGT.US,5,20260414,163500,11.01,11.01,11.01,11.01,100,0
LEGT.US,5,20260414,165000,11.01,11.01,11.01,11.01,100,0
LEGT.US,5,20260414,171000,11.01,11.01,11.01,11.01,100,0
LEGT.US,5,20260414,172000,11.01,11.01,11.01,11.01,100,0
LEGT.US,5,20260414,173500,11.01,11.01,11.01,11.01,100,0
LEGT.US,5,20260414,175000,11.01,11.01,11.01,11.01,100,0
LEGT.US,5,20260414,180500,11.01,11.01,11.01,11.01,100,0
LEGT.US,5,20260414,184500,11.01,11.01,11.01,11.01,100,0
LEGT.US,5,20260414,190000,11.01,11.01,11.01,11.01,100,0
LEGT.US,5,20260414,192000,11.01,11.01,11.01,11.01,100,0
LEGT.US,5,20260414,194000,11.01,11.01,11.01,11.01,100,0
LEGT.US,5,20260414,200000,11.01,11.01,11.01,11.01,100,0
LEGT.US,5,20260414,201500,11.01,11.01,11.01,11.01,100,0
LEGT.US,5,20260414,203000,11.01,11.01,11.01,11.01,100,0
LEGT.US,5,20260414,205000,11.01,11.01,11.01,11.01,100,0
LEGT.US,5,20260414,210000,11.01,11.01,11.01,11.01,5100,0
LEGT.US,5,20260414,211500,11.015,11.015,11.015,11.015,100,0
LEGT.US,5,20260414,212500,11.015,11.015,11.015,11.015,1000,0
LEGT.US,5,20260414,213000,11.01,11.01,11.01,11.01,100,0
LEGT.US,5,20260414,214000,11.015,11.015,11.015,11.015,100,0
LEGT.US,5,20260414,214500,11.01,11.01,11.01,11.01,100,0
LEGT.US,5,20260414,215000,11.01,11.01,11.01,11.01,100,0
LEGT.US,5,20260414,215500,11.02,11.02,11.01,11.02,3039,0
LEGT.US,5,20260415,153500,11.02,11.02,11.02,11.02,100,0
LEGT.US,5,20260415,183000,11.02,11.02,11.01,11.01,3231,0
LEGT.US,5,20260415,192500,11.03,11.03,11.03,11.03,100,0
LEGT.US,5,20260415,201500,11.02,11.02,11.015,11.02,1650,0
LEGT.US,5,20260415,212000,11.02,11.02,11.015,11.02,600,0
LEGT.US,5,20260415,214000,11.02,11.02,11.02,11.02,229,0
LEGT.US,5,20260415,214500,11.015,11.02,11.015,11.02,400,0
LEGT.US,5,20260416,163500,11.025,11.0399,11.01,11.01,2530,0
LEGT.US,5,20260416,164000,11.01,11.01,11.01,11.01,100,0
LEGT.US,5,20260416,173000,11.01,11.01,11.01,11.01,100,0
LEGT.US,5,20260416,175500,11.02,11.02,11.02,11.02,100,0
LEGT.US,5,20260416,181000,11.02,11.02,11.02,11.02,100,0
LEGT.US,5,20260416,183500,11.02,11.02,11.02,11.02,100,0
LEGT.US,5,20260416,184500,11.02,11.02,11.02,11.02,100,0
LEGT.US,5,20260416,191000,11.02,11.02,11.02,11.02,100,0
LEGT.US,5,20260416,193000,11.02,11.02,11.02,11.02,100,0
LEGT.US,5,20260416,194000,11.02,11.02,11.02,11.02,100,0
LEGT.US,5,20260416,195000,11.02,11.02,11.02,11.02,100,0
LEGT.US,5,20260416,202500,11.025,11.025,11.02,11.02,1420,0
LEGT.US,5,20260416,203500,11.02,11.0399,11.02,11.0399,1600,0
LEGT.US,5,20260416,204500,11.02,11.02,11.02,11.02,100,0
LEGT.US,5,20260416,205500,11.02,11.02,11.02,11.02,100,0
LEGT.US,5,20260416,210000,11.02,11.02,11.02,11.02,100,0
LEGT.US,5,20260416,211000,11.02,11.025,11.02,11.02,3615,0
LEGT.US,5,20260416,214500,11.03,11.03,11.03,11.03,100,0
LEGT.US,5,20260417,153000,11.04,11.04,11.04,11.04,100,0
LEGT.US,5,20260417,160500,11.02,11.02,11.02,11.02,588,0
LEGT.US,5,20260417,162500,11.02,11.02,11.02,11.02,110,0
LEGT.US,5,20260417,163500,11.04,11.05,11.04,11.05,2991,0
LEGT.US,5,20260417,164000,11.05,11.05,11.04,11.04,600,0
LEGT.US,5,20260417,165000,11.04,11.04,11.04,11.04,100,0
LEGT.US,5,20260417,165500,11.04,11.045,11.04,11.045,25100,0
LEGT.US,5,20260417,170500,11.045,11.05,11.04,11.05,105003,0
LEGT.US,5,20260417,171000,11.04,11.04,11.04,11.04,1800,0
LEGT.US,5,20260417,172000,11.03,11.03,11.03,11.03,100,0
LEGT.US,5,20260417,173000,11.03,11.03,11.03,11.03,100,0
LEGT.US,5,20260417,173500,11.03,11.03,11.03,11.03,100,0
LEGT.US,5,20260417,174500,11.04,11.04,11.04,11.04,100,0
LEGT.US,5,20260417,175500,11.03,11.03,11.03,11.03,100,0
LEGT.US,5,20260417,181000,11.03,11.03,11.03,11.03,200,0
LEGT.US,5,20260417,183500,11.03,11.03,11.03,11.03,100,0
LEGT.US,5,20260417,184500,11.03,11.03,11.03,11.03,100,0
LEGT.US,5,20260417,185000,11.03,11.03,11.03,11.03,100,0
LEGT.US,5,20260417,190000,11.035,11.035,11.035,11.035,100,0
LEGT.US,5,20260417,193000,11.03,11.03,11.03,11.03,200,0
LEGT.US,5,20260417,194000,11.03,11.03,11.03,11.03,100,0
LEGT.US,5,20260417,195000,11.03,11.03,11.03,11.03,200,0
LEGT.US,5,20260417,200500,11.03,11.03,11.03,11.03,100,0
LEGT.US,5,20260417,201500,11.03,11.03,11.03,11.03,200,0
LEGT.US,5,20260417,202000,11.03,11.03,11.03,11.03,100,0
LEGT.US,5,20260417,202500,11.03,11.03,11.03,11.03,100,0
LEGT.US,5,20260417,203000,11.03,11.03,11.03,11.03,100,0
LEGT.US,5,20260417,204500,11.03,11.03,11.03,11.03,200,0
LEGT.US,5,20260417,205500,11.03,11.03,11.03,11.03,100,0
LEGT.US,5,20260417,210000,11.03,11.03,11.03,11.03,1100,0
LEGT.US,5,20260417,211000,11.04,11.04,11.03,11.03,2364,0
LEGT.US,5,20260417,211500,11.035,11.035,11.035,11.035,100,0
LEGT.US,5,20260417,214000,11.03,11.03,11.03,11.03,100,0
LEGT.US,5,20260417,215500,11.03,11.03,11.03,11.03,100,0
LEGT.US,5,20260420,153000,11.05,11.05,11.05,11.05,149,0
LEGT.US,5,20260420,153500,11.02,11.02,11.02,11.02,2499,0
LEGT.US,5,20260420,160000,11.05,11.05,11.05,11.05,100,0
LEGT.US,5,20260420,194500,11.035,11.035,11.035,11.035,500,0
LEGT.US,5,20260420,210000,11.03,11.03,11.03,11.03,2000,0
LEGT.US,5,20260420,211000,11.035,11.035,11.03,11.03,5100,0
LEGT.US,5,20260420,214000,11.035,11.035,11.035,11.035,408,0
LEGT.US,5,20260420,215500,11.03,11.035,11.03,11.035,1899,0
LEGT.US,5,20260421,153000,11.04,11.049,11.04,11.049,2100,0
LEGT.US,5,20260421,153500,11.04,11.04,11.04,11.04,110,0
LEGT.US,5,20260421,154000,11.0886,11.0886,11.0886,11.0886,1000,0
LEGT.US,5,20260421,155000,11.0732,11.0745,11.06,11.0745,780,0
LEGT.US,5,20260421,162500,11.03,11.03,11.03,11.03,100,0
LEGT.US,5,20260421,163000,11.03,11.03,11.03,11.03,100,0
LEGT.US,5,20260421,163500,11.035,11.04,11.035,11.04,682,0
LEGT.US,5,20260421,165000,11.03,11.03,11.03,11.03,100,0
LEGT.US,5,20260421,170000,11.03,11.035,11.03,11.035,200,0
LEGT.US,5,20260421,171500,11.03,11.03,11.03,11.03,100,0
LEGT.US,5,20260421,172500,11.035,11.035,11.035,11.035,250,0
LEGT.US,5,20260421,173000,11.03,11.03,11.03,11.03,100,0
LEGT.US,5,20260421,174500,11.03,11.03,11.03,11.03,100,0
LEGT.US,5,20260421,181000,11.03,11.03,11.03,11.03,100,0
LEGT.US,5,20260421,183500,11.03,11.03,11.03,11.03,100,0
LEGT.US,5,20260421,190500,11.03,11.03,11.03,11.03,100,0
LEGT.US,5,20260421,192000,11.035,11.035,11.03,11.03,3000,0
LEGT.US,5,20260421,193500,11.03,11.03,11.03,11.03,100,0
LEGT.US,5,20260421,195000,11.03,11.03,11.03,11.03,100,0
LEGT.US,5,20260421,202500,11.03,11.035,11.03,11.035,200,0
LEGT.US,5,20260421,213000,11.03,11.03,11.03,11.03,100,0
LEGT.US,5,20260421,215000,11.04,11.04,11.04,11.04,161,0
LEGT.US,5,20260421,215500,11.03,11.03,11.03,11.03,120,0
LEGT.US,5,20260422,153500,11.038,11.038,11.038,11.038,500,0
LEGT.US,5,20260422,154500,11.0499,11.05,11.0499,11.05,802,0
LEGT.US,5,20260422,160000,11.03,11.03,11.03,11.03,100,0
LEGT.US,5,20260422,161500,11.03,11.03,11.03,11.03,100,0
LEGT.US,5,20260422,163000,11.03,11.03,11.03,11.03,100,0
LEGT.US,5,20260422,164500,11.03,11.03,11.03,11.03,100,0
LEGT.US,5,20260422,170000,11.03,11.03,11.03,11.03,100,0
LEGT.US,5,20260422,170500,11.05,11.05,11.05,11.05,400,0
LEGT.US,5,20260422,174500,11.03,11.03,11.03,11.03,100,0
LEGT.US,5,20260422,180000,11.03,11.03,11.03,11.03,100,0
LEGT.US,5,20260422,182000,11.03,11.03,11.03,11.03,100,0
LEGT.US,5,20260422,183500,11.03,11.03,11.03,11.03,100,0
LEGT.US,5,20260422,185500,11.03,11.03,11.03,11.03,100,0
LEGT.US,5,20260422,191500,11.03,11.03,11.03,11.03,100,0
LEGT.US,5,20260422,215000,11.04,11.04,11.03,11.03,246,0
LEGT.US,5,20260422,215500,11.03,11.03,11.03,11.03,246,0
LEGT.US,5,20260423,173000,11.04,11.04,11.03,11.03,10220,0
LEGT.US,5,20260423,173500,11.03,11.03,11.03,11.03,100,0
LEGT.US,5,20260423,174500,11.03,11.03,11.03,11.03,100,0
LEGT.US,5,20260423,175000,11.03,11.03,11.03,11.03,3619,0
LEGT.US,5,20260423,175500,11.03,11.03,11.03,11.03,100,0
LEGT.US,5,20260423,180000,11.03,11.03,11.03,11.03,100,0
LEGT.US,5,20260423,181000,11.03,11.03,11.03,11.03,100,0
LEGT.US,5,20260423,182000,11.03,11.03,11.03,11.03,100,0
LEGT.US,5,20260423,183000,11.03,11.03,11.03,11.03,100,0
LEGT.US,5,20260423,184000,11.03,11.03,11.03,11.03,100,0
LEGT.US,5,20260423,185000,11.03,11.03,11.03,11.03,100,0
LEGT.US,5,20260423,190000,11.03,11.03,11.03,11.03,100,0
LEGT.US,5,20260423,191000,11.03,11.03,11.03,11.03,100,0
LEGT.US,5,20260423,192500,11.03,11.03,11.03,11.03,100,0
LEGT.US,5,20260423,193500,11.03,11.03,11.03,11.03,100,0
LEGT.US,5,20260423,194500,11.03,11.03,11.03,11.03,100,0
LEGT.US,5,20260423,195500,11.03,11.03,11.03,11.03,100,0
LEGT.US,5,20260423,200000,11.03,11.03,11.03,11.03,100,0
LEGT.US,5,20260423,201000,11.03,11.03,11.03,11.03,100,0
LEGT.US,5,20260423,202000,11.03,11.03,11.03,11.03,100,0
LEGT.US,5,20260423,203500,11.03,11.03,11.03,11.03,100,0
LEGT.US,5,20260423,204500,11.03,11.03,11.03,11.03,100,0
LEGT.US,5,20260423,205000,11.03,11.03,11.03,11.03,100,0
LEGT.US,5,20260423,210000,11.03,11.03,11.03,11.03,100,0
LEGT.US,5,20260423,211000,11.03,11.03,11.03,11.03,100,0
LEGT.US,5,20260423,212500,11.03,11.03,11.03,11.03,100,0
LEGT.US,5,20260423,213500,11.03,11.03,11.03,11.03,100,0
LEGT.US,5,20260423,214000,11.03,11.03,11.03,11.03,100,0
LEGT.US,5,20260423,214500,11.035,11.04,11.035,11.04,2369,0
LEGT.US,5,20260423,215500,11.03,11.03,11.03,11.03,100,0
LEGT.US,5,20260424,153000,11.05,11.05,11.05,11.05,134,0
LEGT.US,5,20260424,213000,11.04,11.04,11.03,11.03,8025,0
LEGT.US,5,20260424,215500,11.04,11.04,11.03,11.03,437,0
LEGT.US,5,20260427,154000,11.04,11.04,11.04,11.04,100,0
LEGT.US,5,20260427,154500,11.04,11.04,11.04,11.04,500,0
LEGT.US,5,20260427,155000,11.03,11.03,11.03,11.03,100,0
LEGT.US,5,20260427,163000,11.03,11.04,11.03,11.04,3311,0
LEGT.US,5,20260427,165000,11.03,11.03,11.03,11.03,100,0
LEGT.US,5,20260427,173000,11.03,11.03,11.03,11.03,100,0
LEGT.US,5,20260427,175500,11.03,11.03,11.03,11.03,100,0
LEGT.US,5,20260427,182500,11.03,11.03,11.03,11.03,937,0
LEGT.US,5,20260427,183500,11.03,11.03,11.03,11.03,102,0
LEGT.US,5,20260427,184000,11.03,11.03,11.03,11.03,240,0
LEGT.US,5,20260427,192500,11.03,11.03,11.03,11.03,100,0
LEGT.US,5,20260427,194000,11.03,11.03,11.03,11.03,141,0
LEGT.US,5,20260427,195000,11.03,11.03,11.03,11.03,100,0
LEGT.US,5,20260427,201000,11.03,11.03,11.03,11.03,2600,0
LEGT.US,5,20260427,201500,11.03,11.03,11.03,11.03,100,0
LEGT.US,5,20260427,204000,11.03,11.03,11.03,11.03,100,0
LEGT.US,5,20260427,210000,11.03,11.035,11.03,11.035,200,0
LEGT.US,5,20260427,213500,11.03,11.03,11.03,11.03,209,0
LEGT.US,5,20260427,215000,11.04,11.04,11.03,11.035,307,0
LEGT.US,5,20260427,215500,11.03,11.04,11.03,11.03,1122,0
LEGT.US,5,20260428,153000,11.03,11.03,11.03,11.03,10078,0
LEGT.US,5,20260428,163000,11.085,11.085,11.03,11.03,5000,0
LEGT.US,5,20260428,165000,11.085,11.085,11.085,11.085,100,0
LEGT.US,5,20260428,165500,11.03,11.03,11.03,11.03,100,0
LEGT.US,5,20260428,170500,11.06,11.06,11.06,11.06,100,0
LEGT.US,5,20260428,171000,11.03,11.03,11.03,11.03,100,0
LEGT.US,5,20260428,173000,11.04,11.04,11.04,11.04,100,0
LEGT.US,5,20260428,174000,11.04,11.04,11.04,11.04,100,0
LEGT.US,5,20260428,175500,11.04,11.04,11.04,11.04,100,0
LEGT.US,5,20260428,181000,11.04,11.04,11.04,11.04,100,0
LEGT.US,5,20260428,185500,11.03,11.03,11.03,11.03,100,0
LEGT.US,5,20260428,191000,11.03,11.03,11.03,11.03,100,0
LEGT.US,5,20260428,192500,11.03,11.03,11.03,11.03,100,0
LEGT.US,5,20260428,194000,11.03,11.03,11.03,11.03,250,0
LEGT.US,5,20260428,194500,11.03,11.03,11.03,11.03,100,0
LEGT.US,5,20260428,200000,11.03,11.03,11.03,11.03,100,0
LEGT.US,5,20260428,201000,11.03,11.03,11.03,11.03,200,0
LEGT.US,5,20260428,203000,11.03,11.03,11.03,11.03,100,0
LEGT.US,5,20260428,204500,11.03,11.03,11.03,11.03,100,0
LEGT.US,5,20260428,205500,11.03,11.03,11.03,11.03,100,0
LEGT.US,5,20260428,210500,11.03,11.03,11.03,11.03,100,0
LEGT.US,5,20260428,212000,11.03,11.03,11.03,11.03,100,0
LEGT.US,5,20260428,213000,11.03,11.03,11.03,11.03,5100,0
LEGT.US,5,20260428,214000,11.055,11.055,11.03,11.03,200,0
LEGT.US,5,20260428,214500,11.03,11.03,11.03,11.03,100,0
LEGT.US,5,20260428,215000,11.03,11.03,11.03,11.03,100,0
LEGT.US,5,20260428,215500,11.04,11.15,11.04,11.15,10308,0
LEGT.US,5,20260429,153000,11.05,11.05,11.05,11.05,212,0
LEGT.US,5,20260429,215500,11.045,11.05,11.04,11.05,735,0
LEGT.US,5,20260430,153000,11.1,11.1,11.1,11.1,100,0
LEGT.US,5,20260430,195500,11.03,11.03,11.03,11.03,139,0
LEGT.US,5,20260430,203000,11.04,11.04,11.04,11.04,100,0
LEGT.US,5,20260430,205500,11.03,11.03,11.03,11.03,220,0
LEGT.US,5,20260430,214500,11.04,11.04,11.04,11.04,101,0
LEGT.US,5,20260430,215000,11.04,11.04,11.04,11.04,100,0
LEGT.US,5,20260430,215500,11.03,11.03,11.03,11.03,100,0
LEGT.US,5,20260501,154000,11.09,11.09,11.09,11.09,200,0
LEGT.US,5,20260501,154500,11.09,11.09,11.08,11.08,600,0
LEGT.US,5,20260501,160000,11.08,11.08,11.08,11.08,200,0
LEGT.US,5,20260501,160500,11.08,11.08,11.08,11.08,200,0
LEGT.US,5,20260501,161000,11.08,11.08,11.08,11.08,200,0
LEGT.US,5,20260501,161500,11.08,11.08,11.08,11.08,200,0
LEGT.US,5,20260501,162000,11.08,11.08,11.08,11.08,200,0
LEGT.US,5,20260501,162500,11.08,11.08,11.08,11.08,100,0
LEGT.US,5,20260501,163000,11.08,11.08,11.08,11.08,200,0
LEGT.US,5,20260501,163500,11.08,11.08,11.08,11.08,100,0
LEGT.US,5,20260501,164000,11.08,11.08,11.08,11.08,200,0
LEGT.US,5,20260501,164500,11.08,11.08,11.08,11.08,100,0
LEGT.US,5,20260501,165000,11.08,11.08,11.08,11.08,200,0
LEGT.US,5,20260501,165500,11.08,11.08,11.08,11.08,100,0
LEGT.US,5,20260501,170000,11.08,11.08,11.07,11.07,200,0
LEGT.US,5,20260501,170500,11.07,11.07,11.07,11.07,100,0
LEGT.US,5,20260501,171000,11.07,11.07,11.07,11.07,200,0
LEGT.US,5,20260501,171500,11.07,11.07,11.07,11.07,100,0
LEGT.US,5,20260501,172000,11.07,11.07,11.07,11.07,100,0
LEGT.US,5,20260501,172500,11.07,11.07,11.07,11.07,100,0
LEGT.US,5,20260501,173000,11.07,11.07,11.07,11.07,100,0
LEGT.US,5,20260501,173500,11.07,11.07,11.07,11.07,300,0
LEGT.US,5,20260501,174500,11.07,11.07,11.07,11.07,100,0
LEGT.US,5,20260501,175000,11.07,11.07,11.07,11.07,100,0
LEGT.US,5,20260501,175500,11.07,11.07,11.07,11.07,100,0
LEGT.US,5,20260501,180000,11.07,11.07,11.07,11.07,100,0
LEGT.US,5,20260501,180500,11.07,11.07,11.07,11.07,100,0
LEGT.US,5,20260501,181000,11.07,11.07,11.07,11.07,100,0
LEGT.US,5,20260501,181500,11.07,11.07,11.07,11.07,100,0
LEGT.US,5,20260501,182500,11.07,11.07,11.07,11.07,100,0
LEGT.US,5,20260501,183000,11.07,11.07,11.07,11.07,100,0
LEGT.US,5,20260501,183500,11.07,11.07,11.07,11.07,425,0
LEGT.US,5,20260501,184500,11.05,11.07,11.05,11.07,200,0
LEGT.US,5,20260501,185500,11.08,11.08,11.065,11.065,200,0
LEGT.US,5,20260501,190000,11.08,11.08,11.08,11.08,100,0
LEGT.US,5,20260501,190500,11.08,11.08,11.08,11.08,100,0
LEGT.US,5,20260501,191000,11.065,11.065,11.065,11.065,200,0
LEGT.US,5,20260501,192000,11.08,11.08,11.065,11.065,200,0
LEGT.US,5,20260501,193000,11.08,11.08,11.08,11.08,100,0
LEGT.US,5,20260501,193500,11.05,11.05,11.05,11.05,100,0
LEGT.US,5,20260501,194000,11.08,11.08,11.08,11.08,100,0
LEGT.US,5,20260501,194500,11.05,11.05,11.05,11.05,100,0
LEGT.US,5,20260501,195000,11.065,11.065,11.065,11.065,100,0
LEGT.US,5,20260501,195500,11.05,11.074,11.05,11.074,200,0
LEGT.US,5,20260501,200500,11.065,11.065,11.05,11.05,200,0
LEGT.US,5,20260501,201500,11.08,11.08,11.05,11.05,200,0
LEGT.US,5,20260501,202500,11.08,11.08,11.05,11.05,200,0
LEGT.US,5,20260501,203500,11.08,11.08,11.05,11.05,200,0
LEGT.US,5,20260501,204000,11.05,11.05,11.05,11.05,100,0
LEGT.US,5,20260501,205000,11.08,11.08,11.08,11.08,100,0
LEGT.US,5,20260501,205500,11.08,11.08,11.08,11.08,200,0
LEGT.US,5,20260501,210000,11.05,11.07,11.05,11.07,200,0
LEGT.US,5,20260501,210500,11.07,11.07,11.07,11.07,100,0
LEGT.US,5,20260501,211000,11.05,11.05,11.05,11.05,100,0
LEGT.US,5,20260501,211500,11.07,11.07,11.06,11.06,200,0
LEGT.US,5,20260501,212000,11.05,11.05,11.05,11.05,100,0
LEGT.US,5,20260501,212500,11.06,11.06,11.06,11.06,300,0
LEGT.US,5,20260501,213500,11.06,11.07,11.06,11.07,900,0
LEGT.US,5,20260501,214000,11.07,11.07,11.07,11.07,251,0
LEGT.US,5,20260501,214500,11.07,11.07,11.07,11.07,200,0
LEGT.US,5,20260501,215000,11.07,11.07,11.07,11.07,849,0
LEGT.US,5,20260501,215500,11.07,11.07,11.07,11.07,124,0
LEGT.US,5,20260504,153000,11.03,11.03,11.03,11.03,1635,0
LEGT.US,5,20260504,160000,11.0799,11.0799,11.0799,11.0799,100,0
LEGT.US,5,20260504,172000,11.07,11.07,11.07,11.07,371,0
LEGT.US,5,20260504,175000,11.07,11.07,11.07,11.07,100,0
LEGT.US,5,20260504,212000,11.0599,11.0599,11.055,11.055,700,0
LEGT.US,5,20260504,212500,11.0528,11.0528,11.0528,11.0528,100,0
LEGT.US,5,20260504,213500,11.06,11.06,11.06,11.06,179,0
LEGT.US,5,20260504,214500,11.055,11.055,11.05,11.05,3188,0
LEGT.US,5,20260504,215500,11.055,11.08,11.05,11.08,2484,0
LEGT.US,5,20260505,153000,11.08,11.08,11.08,11.08,370,0
LEGT.US,5,20260505,164000,11.05,11.05,11.03,11.03,2301,0
LEGT.US,5,20260505,164500,11.03,11.03,11.02,11.02,2430,0
LEGT.US,5,20260505,165000,10.99,11.02,10.99,11.02,5917,0
LEGT.US,5,20260505,170000,11.0202,11.0202,11.0202,11.0202,500,0
LEGT.US,5,20260505,171500,11.03,11.03,11.03,11.03,100,0
LEGT.US,5,20260505,173000,11.03,11.03,11.03,11.03,100,0
LEGT.US,5,20260505,173500,11.03,11.065,11.03,11.065,300,0
LEGT.US,5,20260505,191500,11.03,11.03,11.03,11.03,100,0
LEGT.US,5,20260505,195500,11.03,11.03,11.03,11.03,100,0
LEGT.US,5,20260505,203000,11.04,11.04,11.04,11.04,100,0
LEGT.US,5,20260505,210000,11.04,11.04,11.04,11.04,100,0
LEGT.US,5,20260505,213000,11.04,11.04,11.04,11.04,200,0
LEGT.US,5,20260505,215500,11.08,11.08,11.04,11.04,384,0
LEGT.US,5,20260506,153000,11.08,11.08,11.08,11.08,100,0
LEGT.US,5,20260506,181500,11.0314,11.0314,11.0314,11.0314,2466,0
LEGT.US,5,20260506,183500,11.03,11.0321,11.03,11.0321,2300,0
LEGT.US,5,20260506,184000,11.03,11.03,11.03,11.03,1500,0
LEGT.US,5,20260506,184500,11.03,11.03,11.03,11.03,100,0
LEGT.US,5,20260506,185500,11.03,11.03,11.03,11.03,100,0
LEGT.US,5,20260506,191000,11.03,11.03,11.03,11.03,100,0
LEGT.US,5,20260506,192000,11.03,11.03,11.03,11.03,100,0
LEGT.US,5,20260506,193500,11.03,11.03,11.03,11.03,100,0
LEGT.US,5,20260506,194000,11.03,11.03,11.03,11.03,100,0
LEGT.US,5,20260506,195500,11.03,11.03,11.03,11.03,100,0
LEGT.US,5,20260506,200500,11.03,11.03,11.03,11.03,100,0
LEGT.US,5,20260506,201500,11.03,11.03,11.03,11.03,100,0
LEGT.US,5,20260506,202500,11.03,11.03,11.03,11.03,100,0
LEGT.US,5,20260506,203500,11.03,11.03,11.03,11.03,100,0
LEGT.US,5,20260506,204500,11.03,11.03,11.03,11.03,100,0
LEGT.US,5,20260506,205500,11.03,11.03,11.03,11.03,100,0
LEGT.US,5,20260506,210000,11.055,11.055,11.055,11.055,100,0
LEGT.US,5,20260506,210500,11.03,11.03,11.03,11.03,100,0
LEGT.US,5,20260506,211000,11.03,11.03,11.03,11.03,100,0
LEGT.US,5,20260506,212000,11.03,11.055,11.03,11.055,300,0
LEGT.US,5,20260506,212500,11.03,11.03,11.03,11.03,100,0
LEGT.US,5,20260506,213000,11.03,11.03,11.03,11.03,100,0
LEGT.US,5,20260506,214000,11.03,11.03,11.03,11.03,100,0
LEGT.US,5,20260506,214500,11.03,11.07,11.03,11.07,200,0
LEGT.US,5,20260506,215000,11.03,11.03,11.03,11.03,300,0
LEGT.US,5,20260506,215500,11.03,11.07,11.03,11.06,800,0
LEGT.US,5,20260507,153500,11.03,11.03,11.03,11.03,1500,0
LEGT.US,5,20260507,155500,11.06,11.06,11.06,11.06,100,0
LEGT.US,5,20260507,161000,11.06,11.06,11.06,11.06,100,0
LEGT.US,5,20260507,161500,11.07,11.07,11.07,11.07,3024,0
LEGT.US,5,20260507,162000,11.06,11.06,11.06,11.06,100,0
LEGT.US,5,20260507,163500,11.06,11.06,11.06,11.06,100,0
LEGT.US,5,20260507,165000,11.06,11.06,11.06,11.06,100,0
LEGT.US,5,20260507,170500,11.06,11.06,11.06,11.06,100,0
LEGT.US,5,20260507,172000,11.06,11.06,11.06,11.06,100,0
LEGT.US,5,20260507,173500,11.06,11.06,11.06,11.06,100,0
LEGT.US,5,20260507,175000,11.06,11.06,11.06,11.06,100,0
LEGT.US,5,20260507,180000,11.06,11.06,11.06,11.06,600,0
LEGT.US,5,20260507,182000,11.06,11.06,11.06,11.06,100,0
LEGT.US,5,20260507,183500,11.06,11.06,11.06,11.06,100,0
LEGT.US,5,20260507,185500,11.06,11.06,11.06,11.06,100,0
LEGT.US,5,20260507,191500,11.06,11.06,11.06,11.06,100,0
LEGT.US,5,20260507,193000,11.06,11.06,11.06,11.06,100,0
LEGT.US,5,20260507,195000,11.06,11.06,11.06,11.06,100,0
LEGT.US,5,20260507,201000,11.06,11.06,11.06,11.06,100,0
LEGT.US,5,20260507,202500,11.06,11.06,11.06,11.06,100,0
LEGT.US,5,20260507,204000,11.06,11.06,11.06,11.06,100,0
LEGT.US,5,20260507,205500,11.06,11.06,11.06,11.06,100,0
LEGT.US,5,20260507,211000,11.06,11.06,11.06,11.06,100,0
LEGT.US,5,20260507,212000,11.06,11.06,11.06,11.06,100,0
LEGT.US,5,20260507,213000,11.06,11.06,11.06,11.06,100,0
LEGT.US,5,20260507,214000,11.06,11.06,11.06,11.06,100,0
LEGT.US,5,20260507,215000,11.06,11.08,11.06,11.08,361,0
LEGT.US,5,20260507,215500,11.06,11.06,11.06,11.06,600,0
LEGT.US,5,20260508,153000,11.11,11.11,11.11,11.11,100,0
LEGT.US,5,20260508,154500,11.0475,11.0475,11.0475,11.0475,100,0
LEGT.US,5,20260508,162500,11.06,11.06,11.06,11.06,200,0
LEGT.US,5,20260508,193000,11.06,11.06,11.06,11.06,6163,0
LEGT.US,5,20260508,200000,11.06,11.06,11.06,11.06,330,0
LEGT.US,5,20260508,204000,11.09,11.09,11.09,11.09,111,0
LEGT.US,5,20260511,215500,11.03,11.03,11.03,11.03,300,0
LEGT.US,5,20260512,153000,11,11,11,11,126,0
LEGT.US,5,20260512,162500,11.05,11.05,11.03,11.03,1188,0
LEGT.US,5,20260512,163000,11.03,11.03,11.03,11.03,200,0
LEGT.US,5,20260512,163500,11.05,11.05,11.03,11.03,1496,0
LEGT.US,5,20260512,164000,11.03,11.03,11.03,11.03,100,0
LEGT.US,5,20260512,164500,11.03,11.03,11.03,11.03,100,0
LEGT.US,5,20260512,174000,11.08,11.08,11.08,11.08,100,0
LEGT.US,5,20260512,211500,11.055,11.07,11.055,11.07,1380,0
LEGT.US,5,20260512,212000,11.07,11.07,11.07,11.07,170,0
LEGT.US,5,20260512,214500,11.08,11.08,11.07,11.07,370,0
LEGT.US,5,20260512,215500,11.07,11.07,11.07,11.07,100,0
LEGT.US,5,20260513,155500,11.055,11.055,11.055,11.055,100,0
LEGT.US,5,20260513,171500,11.08,11.08,11.07,11.08,1017,0
LEGT.US,5,20260513,195000,11.065,11.09,11.065,11.0899,1000,0
LEGT.US,5,20260513,200500,11.065,11.065,11.065,11.065,1500,0
LEGT.US,5,20260513,204500,11.07,11.07,11.07,11.07,100,0
LEGT.US,5,20260513,214500,11.07,11.07,11.07,11.07,800,0
LEGT.US,5,20260513,215500,11.07,11.07,11.07,11.07,1200,0
LEGT.US,5,20260514,153000,11.11,11.11,11.11,11.11,205,0
LEGT.US,5,20260514,213000,11.09,11.09,11.09,11.09,102,0
LEGT.US,5,20260514,215500,11.09,11.09,11.09,11.09,135,0
LEGT.US,5,20260515,153000,11.49,11.49,11.49,11.49,100,0
LEGT.US,5,20260515,153500,11.9362,11.9362,11.9362,11.9362,1000,0
LEGT.US,5,20260515,154000,11.505,11.505,11.09,11.09,6735,0
LEGT.US,5,20260515,154500,11.49,11.49,11.09,11.09,4000,0
LEGT.US,5,20260515,155000,11.095,11.095,11.095,11.095,100,0
LEGT.US,5,20260515,160500,11.09,11.09,11.09,11.09,1656,0
LEGT.US,5,20260515,163500,11.08,11.08,11.07,11.07,6086,0
LEGT.US,5,20260515,164500,11.08,11.08,11.08,11.08,100,0
LEGT.US,5,20260515,165000,11.08,11.09,11.08,11.09,1892,0
LEGT.US,5,20260515,171000,11.085,11.085,11.085,11.085,1000,0
LEGT.US,5,20260515,180500,11.085,11.085,11.085,11.085,700,0
LEGT.US,5,20260515,181000,11.085,11.085,11.07,11.07,848,0
LEGT.US,5,20260515,182000,11.08,11.08,11.0798,11.0798,2000,0
LEGT.US,5,20260515,182500,11.085,11.085,11.085,11.085,103,0
LEGT.US,5,20260515,183000,11.085,11.085,11.085,11.085,759,0
LEGT.US,5,20260515,185000,11.085,11.085,11.085,11.085,800,0
LEGT.US,5,20260515,190000,11.085,11.085,11.085,11.085,800,0
LEGT.US,5,20260515,190500,11.085,11.085,11.085,11.085,800,0
LEGT.US,5,20260515,191500,11.085,11.085,11.085,11.085,100,0
LEGT.US,5,20260515,192000,11.085,11.085,11.085,11.085,100,0
LEGT.US,5,20260515,192500,11.085,11.085,11.085,11.085,100,0
LEGT.US,5,20260515,194000,11.085,11.085,11.082,11.085,800,0
LEGT.US,5,20260515,195500,11.085,11.0919,11.085,11.0919,900,0
LEGT.US,5,20260515,200000,11.085,11.085,11.085,11.085,148,0
LEGT.US,5,20260515,205000,11.08,11.09,11.08,11.09,23950,0
LEGT.US,5,20260515,205500,11.09,11.09,11.09,11.09,4600,0
LEGT.US,5,20260515,210000,11.09,11.09,11.09,11.09,4600,0
LEGT.US,5,20260515,210500,11.09,11.09,11.075,11.09,5894,0
LEGT.US,5,20260515,212500,11.08,11.08,11.08,11.08,1050,0
LEGT.US,5,20260515,214000,11.08,11.08,11.08,11.08,308,0
LEGT.US,5,20260515,215500,11.08,11.08,11.08,11.08,225,0
LEGT.US,5,20260518,153000,11.09,11.11,11.09,11.11,271,0
LEGT.US,5,20260518,160500,11.09,11.09,11.09,11.09,2500,0
LEGT.US,5,20260518,161500,11.09,11.09,11.09,11.09,7500,0
LEGT.US,5,20260518,164000,11.09,11.09,11.09,11.09,300,0
LEGT.US,5,20260518,172000,11.1,11.11,11.1,11.11,400,0
LEGT.US,5,20260518,180000,11.09,11.09,11.09,11.09,100,0
LEGT.US,5,20260518,192500,11.09,11.09,11.09,11.09,1200,0
LEGT.US,5,20260518,200000,11.095,11.095,11.095,11.095,200,0
LEGT.US,5,20260518,202500,11.1,11.1,11.1,11.1,953,0
LEGT.US,5,20260518,212000,11.09,11.09,11.09,11.09,600,0
LEGT.US,5,20260518,214500,11.09,11.09,11.09,11.09,300,0
LEGT.US,5,20260518,215500,11.09,11.11,11.09,11.11,424,0
LEGT.US,5,20260519,153000,11.09,11.09,11.09,11.09,10000,0
LEGT.US,5,20260519,153500,11.09,11.09,11.09,11.09,500,0
LEGT.US,5,20260519,154000,11.08,11.08,11.08,11.08,100,0
LEGT.US,5,20260519,154500,11.09,11.09,11.08,11.08,1560,0
LEGT.US,5,20260519,155000,11.08,11.08,11.08,11.08,100,0
LEGT.US,5,20260519,155500,11.09,11.09,11.09,11.09,600,0
LEGT.US,5,20260519,160000,11.09,11.09,11.09,11.09,500,0
LEGT.US,5,20260519,160500,11.08,11.09,11.08,11.09,900,0
LEGT.US,5,20260519,161000,11.09,11.09,11.09,11.09,1100,0
LEGT.US,5,20260519,161500,11.09,11.09,11.08,11.08,1000,0
LEGT.US,5,20260519,162000,11.09,11.09,11.09,11.09,800,0
LEGT.US,5,20260519,162500,11.09,11.09,11.09,11.09,1000,0
LEGT.US,5,20260519,163000,11.09,11.09,11.08,11.08,1100,0
LEGT.US,5,20260519,163500,11.09,11.09,11.09,11.09,900,0
LEGT.US,5,20260519,164000,11.088,11.09,11.088,11.09,1000,0
LEGT.US,5,20260519,164500,11.09,11.09,11.08,11.08,1000,0
LEGT.US,5,20260519,165000,11.09,11.09,11.09,11.09,600,0
LEGT.US,5,20260519,165500,11.09,11.09,11.09,11.09,700,0
LEGT.US,5,20260519,170000,11.08,11.09,11.08,11.08,1100,0
LEGT.US,5,20260519,170500,11.09,11.09,11.09,11.09,700,0
LEGT.US,5,20260519,171000,11.09,11.09,11.09,11.09,800,0
LEGT.US,5,20260519,171500,11.08,11.09,11.08,11.09,800,0
LEGT.US,5,20260519,172000,11.09,11.09,11.09,11.09,700,0
LEGT.US,5,20260519,172500,11.09,11.09,11.09,11.09,800,0
LEGT.US,5,20260519,173000,11.08,11.09,11.08,11.09,700,0
LEGT.US,5,20260519,173500,11.09,11.09,11.09,11.09,700,0
LEGT.US,5,20260519,174000,11.09,11.09,11.09,11.09,600,0
LEGT.US,5,20260519,174500,11.08,11.08,11.08,11.08,100,0
LEGT.US,5,20260519,175000,11.09,11.09,11.09,11.09,1300,0
LEGT.US,5,20260519,180000,11.09,11.09,11.09,11.09,700,0
LEGT.US,5,20260519,180500,11.08,11.09,11.08,11.09,700,0
LEGT.US,5,20260519,181000,11.09,11.09,11.09,11.09,600,0
LEGT.US,5,20260519,181500,11.09,11.09,11.09,11.09,500,0
LEGT.US,5,20260519,182000,11.09,11.09,11.08,11.08,700,0
LEGT.US,5,20260519,182500,11.09,11.09,11.09,11.09,600,0
LEGT.US,5,20260519,183000,11.09,11.09,11.09,11.09,500,0
LEGT.US,5,20260519,183500,11.09,11.09,11.09,11.09,700,0
LEGT.US,5,20260519,184000,11.09,11.09,11.08,11.08,600,0
LEGT.US,5,20260519,184500,11.09,11.09,11.09,11.09,600,0
LEGT.US,5,20260519,185000,11.09,11.09,11.09,11.09,500,0
LEGT.US,5,20260519,185500,11.09,11.09,11.09,11.09,400,0
LEGT.US,5,20260519,190000,11.08,11.09,11.08,11.09,600,0
LEGT.US,5,20260519,190500,11.09,11.09,11.09,11.09,600,0
LEGT.US,5,20260519,191000,11.09,11.09,11.09,11.09,400,0
LEGT.US,5,20260519,191500,11.09,11.09,11.09,11.09,600,0
LEGT.US,5,20260519,192000,11.08,11.09,11.08,11.09,700,0
LEGT.US,5,20260519,192500,11.09,11.09,11.09,11.09,400,0
LEGT.US,5,20260519,193000,11.09,11.09,11.09,11.09,458,0
LEGT.US,5,20260519,193500,11.09,11.09,11.09,11.09,500,0
LEGT.US,5,20260519,194000,11.08,11.09,11.08,11.09,600,0
LEGT.US,5,20260519,194500,11.09,11.09,11.09,11.09,500,0
LEGT.US,5,20260519,195000,11.09,11.09,11.09,11.09,500,0
LEGT.US,5,20260519,195500,11.09,11.09,11.09,11.09,600,0
LEGT.US,5,20260519,200000,11.08,11.09,11.08,11.09,700,0
LEGT.US,5,20260519,200500,11.09,11.09,11.09,11.09,600,0
LEGT.US,5,20260519,201000,11.09,11.09,11.09,11.09,500,0
LEGT.US,5,20260519,201500,11.08,11.09,11.08,11.09,400,0
LEGT.US,5,20260519,202000,11.09,11.09,11.09,11.09,600,0
LEGT.US,5,20260519,202500,11.09,11.09,11.09,11.09,1716101,0
LEGT.US,5,20260519,203000,11.08,11.08,11.08,11.08,252100,0
LEGT.US,5,20260519,204500,11.09,11.09,11.085,11.085,200,0
LEGT.US,5,20260519,205000,11.09,11.09,11.09,11.09,600,0
LEGT.US,5,20260519,205500,11.09,11.09,11.09,11.09,600,0
LEGT.US,5,20260519,210000,11.08,11.09,11.08,11.09,500,0
LEGT.US,5,20260519,210500,11.09,11.09,11.09,11.09,600,0
LEGT.US,5,20260519,211000,11.09,11.09,11.09,11.09,600,0
LEGT.US,5,20260519,211500,11.08,11.09,11.08,11.09,700,0
LEGT.US,5,20260519,212000,11.09,11.09,11.09,11.09,600,0
LEGT.US,5,20260519,212500,11.09,11.09,11.08,11.08,1000,0
LEGT.US,5,20260519,213000,11.09,11.09,11.09,11.09,1200,0
LEGT.US,5,20260519,213500,11.09,11.09,11.08,11.08,1500,0
LEGT.US,5,20260519,214000,11.09,11.09,11.09,11.09,1300,0
LEGT.US,5,20260519,214500,11.08,11.09,11.08,11.09,1500,0
LEGT.US,5,20260519,215000,11.09,11.09,11.08,11.08,2000,0
LEGT.US,5,20260519,215500,11.09,11.09,11.08,11.09,5642,0
LEGT.US,5,20260520,153000,11.09,11.09,11.09,11.09,401,0
LEGT.US,5,20260520,153500,11.09,11.09,11.09,11.09,2500,0
LEGT.US,5,20260520,154000,11.09,11.09,11.09,11.09,2495,0
LEGT.US,5,20260520,154500,11.09,11.09,11.09,11.09,3245,0
LEGT.US,5,20260520,155000,11.09,11.09,11.09,11.09,330,0
LEGT.US,5,20260520,155500,11.09,11.09,11.09,11.09,1900,0
LEGT.US,5,20260520,160000,11.09,11.09,11.09,11.09,1930,0
LEGT.US,5,20260520,160500,11.09,11.09,11.09,11.09,1200,0
LEGT.US,5,20260520,161000,11.09,11.09,11.09,11.09,1420,0
LEGT.US,5,20260520,161500,11.09,11.09,11.09,11.09,3220,0
LEGT.US,5,20260520,162000,11.09,11.09,11.09,11.09,4320,0
LEGT.US,5,20260520,162500,11.09,11.09,11.09,11.09,1840,0
LEGT.US,5,20260520,163000,11.09,11.09,11.09,11.09,1860,0
LEGT.US,5,20260520,163500,11.09,11.09,11.09,11.09,2230,0
LEGT.US,5,20260520,164000,11.09,11.09,11.09,11.09,1940,0
LEGT.US,5,20260520,164500,11.09,11.09,11.09,11.09,1160,0
LEGT.US,5,20260520,165000,11.09,11.09,11.09,11.09,300,0
LEGT.US,5,20260520,165500,11.09,11.09,11.08,11.09,890,0
LEGT.US,5,20260520,170000,11.09,11.09,11.09,11.09,400,0
LEGT.US,5,20260520,170500,11.09,11.09,11.085,11.09,2060,0
LEGT.US,5,20260520,171000,11.09,11.09,11.09,11.09,740,0
LEGT.US,5,20260520,171500,11.09,11.09,11.09,11.09,1560,0
LEGT.US,5,20260520,172000,11.09,11.09,11.09,11.09,1660,0
LEGT.US,5,20260520,172500,11.09,11.09,11.09,11.09,780,0
LEGT.US,5,20260520,173000,11.09,11.09,11.09,11.09,2050,0
LEGT.US,5,20260520,173500,11.09,11.09,11.09,11.09,800,0
LEGT.US,5,20260520,174000,11.09,11.09,11.09,11.09,1260,0
LEGT.US,5,20260520,174500,11.09,11.09,11.09,11.09,3260,0
LEGT.US,5,20260520,175000,11.09,11.09,11.09,11.09,1180,0
LEGT.US,5,20260520,180000,11.09,11.09,11.09,11.09,1250,0
LEGT.US,5,20260520,180500,11.09,11.09,11.09,11.09,1080,0
LEGT.US,5,20260520,181000,11.09,11.09,11.09,11.09,1670,0
LEGT.US,5,20260520,181500,11.09,11.09,11.09,11.09,1490,0
LEGT.US,5,20260520,182000,11.09,11.09,11.09,11.09,780,0
LEGT.US,5,20260520,182500,11.0801,11.09,11.0801,11.09,1740,0
LEGT.US,5,20260520,183000,11.09,11.09,11.09,11.09,2380,0
LEGT.US,5,20260520,183500,11.09,11.09,11.09,11.09,1180,0
LEGT.US,5,20260520,184000,11.09,11.09,11.09,11.09,800,0
LEGT.US,5,20260520,184500,11.09,11.09,11.09,11.09,2780,0
LEGT.US,5,20260520,185000,11.09,11.09,11.09,11.09,1580,0
LEGT.US,5,20260520,185500,11.09,11.09,11.09,11.09,3180,0
LEGT.US,5,20260520,190000,11.09,11.09,11.09,11.09,3090,0
LEGT.US,5,20260520,190500,11.09,11.09,11.09,11.09,1590,0
LEGT.US,5,20260520,191000,11.09,11.09,11.09,11.09,1090,0
LEGT.US,5,20260520,191500,11.09,11.09,11.09,11.09,1470,0
LEGT.US,5,20260520,192000,11.09,11.09,11.09,11.09,800,0
LEGT.US,5,20260520,192500,11.09,11.09,11.09,11.09,800,0
LEGT.US,5,20260520,193000,11.09,11.09,11.09,11.09,370,0
LEGT.US,5,20260520,193500,11.09,11.09,11.09,11.09,2280,0
LEGT.US,5,20260520,194000,11.085,11.085,11.085,11.085,800,0
LEGT.US,5,20260520,194500,11.085,11.09,11.085,11.09,1770,0
LEGT.US,5,20260520,195000,11.085,11.09,11.085,11.085,1590,0
LEGT.US,5,20260520,195500,11.085,11.09,11.085,11.085,3690,0
LEGT.US,5,20260520,200000,11.085,11.09,11.085,11.085,800,0
LEGT.US,5,20260520,200500,11.085,11.09,11.085,11.085,1170,0
LEGT.US,5,20260520,201000,11.085,11.09,11.085,11.09,2680,0
LEGT.US,5,20260520,201500,11.085,11.09,11.085,11.09,2100,0
LEGT.US,5,20260520,202000,11.09,11.09,11.085,11.09,790,0
LEGT.US,5,20260520,202500,11.085,11.09,11.085,11.09,3180,0
LEGT.US,5,20260520,203000,11.09,11.09,11.085,11.09,4383,0
LEGT.US,5,20260520,203500,11.09,11.09,11.085,11.09,1500,0
LEGT.US,5,20260520,204000,11.09,11.09,11.085,11.09,1500,0
LEGT.US,5,20260520,204500,11.085,11.09,11.085,11.09,3538,0
LEGT.US,5,20260520,205000,11.09,11.09,11.09,11.09,2400,0
LEGT.US,5,20260520,205500,11.09,11.09,11.09,11.09,800,0
LEGT.US,5,20260520,210000,11.09,11.09,11.09,11.09,1200,0
LEGT.US,5,20260520,210500,11.09,11.09,11.09,11.09,1600,0
LEGT.US,5,20260520,211000,11.09,11.09,11.09,11.09,3593,0
LEGT.US,5,20260520,211500,11.09,11.09,11.09,11.09,3859,0
LEGT.US,5,20260520,212000,11.09,11.09,11.09,11.09,3100,0
LEGT.US,5,20260520,212500,11.09,11.09,11.09,11.09,2800,0
LEGT.US,5,20260520,213000,11.09,11.09,11.09,11.09,1200,0
LEGT.US,5,20260520,213500,11.09,11.09,11.09,11.09,1900,0
LEGT.US,5,20260520,214000,11.09,11.09,11.09,11.09,2900,0
LEGT.US,5,20260520,214500,11.09,11.09,11.09,11.09,3100,0
LEGT.US,5,20260520,215000,11.09,11.09,11.09,11.09,2900,0
LEGT.US,5,20260520,215500,11.09,11.09,11.09,11.09,4100,0
LEGT.US,5,20260521,155000,11.08,11.08,11.08,11.08,3500,0
LEGT.US,5,20260521,161000,11.09,11.09,11.09,11.09,4200,0
LEGT.US,5,20260521,161500,11.09,11.09,11.08,11.09,5300,0
LEGT.US,5,20260521,162000,11.09,11.09,11.09,11.09,4200,0
LEGT.US,5,20260521,162500,11.09,11.09,11.09,11.09,1700,0
LEGT.US,5,20260521,163000,11.085,11.09,11.085,11.09,2900,0
LEGT.US,5,20260521,163500,11.09,11.09,11.09,11.09,3000,0
LEGT.US,5,20260521,164000,11.09,11.09,11.09,11.09,2600,0
LEGT.US,5,20260521,164500,11.09,11.09,11.09,11.09,2900,0
LEGT.US,5,20260521,165000,11.09,11.09,11.09,11.09,1900,0
LEGT.US,5,20260521,165500,11.09,11.09,11.09,11.09,2800,0
LEGT.US,5,20260521,170000,11.085,11.09,11.085,11.09,3200,0
LEGT.US,5,20260521,170500,11.09,11.09,11.09,11.09,2600,0
LEGT.US,5,20260521,171000,11.09,11.09,11.09,11.09,2700,0
LEGT.US,5,20260521,171500,11.09,11.09,11.09,11.09,2600,0
LEGT.US,5,20260521,172000,11.09,11.09,11.09,11.09,2100,0
LEGT.US,5,20260521,172500,11.09,11.09,11.09,11.09,4100,0
LEGT.US,5,20260521,173000,11.09,11.09,11.09,11.09,2900,0
LEGT.US,5,20260521,173500,11.09,11.09,11.09,11.09,2000,0
LEGT.US,5,20260521,174000,11.09,11.09,11.09,11.09,1100,0
LEGT.US,5,20260521,174500,11.09,11.09,11.09,11.09,3000,0
LEGT.US,5,20260521,175000,11.09,11.09,11.09,11.09,3450,0
LEGT.US,5,20260521,175500,11.09,11.09,11.09,11.09,2600,0
LEGT.US,5,20260521,180000,11.09,11.09,11.09,11.09,2200,0
LEGT.US,5,20260521,180500,11.09,11.09,11.09,11.09,2400,0
LEGT.US,5,20260521,181000,11.09,11.09,11.09,11.09,1900,0
LEGT.US,5,20260521,181500,11.09,11.09,11.09,11.09,2700,0
LEGT.US,5,20260521,182000,11.09,11.09,11.09,11.09,2000,0
LEGT.US,5,20260521,182500,11.09,11.09,11.09,11.09,2210,0
LEGT.US,5,20260521,183000,11.09,11.09,11.09,11.09,2000,0
LEGT.US,5,20260521,183500,11.09,11.09,11.085,11.09,3500,0
LEGT.US,5,20260521,184000,11.09,11.09,11.09,11.09,900,0
LEGT.US,5,20260521,184500,11.09,11.09,11.09,11.09,1100,0
LEGT.US,5,20260521,185000,11.09,11.09,11.09,11.09,2000,0
LEGT.US,5,20260521,185500,11.09,11.09,11.09,11.09,3572,0
LEGT.US,5,20260521,190000,11.09,11.09,11.09,11.09,1618,0
LEGT.US,5,20260521,190500,11.09,11.09,11.09,11.09,2036,0
LEGT.US,5,20260521,191000,11.09,11.09,11.09,11.09,2236,0
LEGT.US,5,20260521,191500,11.09,11.09,11.09,11.09,1436,0
LEGT.US,5,20260521,192000,11.09,11.09,11.09,11.09,2318,0
LEGT.US,5,20260521,192500,11.09,11.09,11.09,11.09,418,0
LEGT.US,5,20260521,193000,11.09,11.09,11.09,11.09,2836,0
LEGT.US,5,20260521,193500,11.09,11.09,11.09,11.09,2236,0
LEGT.US,5,20260521,194000,11.09,11.09,11.09,11.09,3972,0
LEGT.US,5,20260521,194500,11.09,11.09,11.09,11.09,418,0
LEGT.US,5,20260521,195000,11.09,11.09,11.09,11.09,2654,0
LEGT.US,5,20260521,195500,11.09,11.09,11.09,11.09,1936,0
LEGT.US,5,20260521,215500,11.07,11.07,11.07,11.07,101,0
LEGT.US,5,20260522,153000,11.09,11.09,11.09,11.09,10400,0
LEGT.US,5,20260522,153500,11.09,11.09,11.09,11.09,900,0
LEGT.US,5,20260522,154000,11.09,11.09,11.09,11.09,2100,0
LEGT.US,5,20260522,154500,11.09,11.09,11.09,11.09,1500,0
LEGT.US,5,20260522,155000,11.09,11.09,11.09,11.09,1200,0
LEGT.US,5,20260522,155500,11.09,11.09,11.09,11.09,1000,0
LEGT.US,5,20260522,160000,11.08,11.09,11.08,11.09,1100,0
LEGT.US,5,20260522,160500,11.09,11.09,11.09,11.09,1100,0
LEGT.US,5,20260522,161000,11.09,11.09,11.085,11.09,1200,0
LEGT.US,5,20260522,161500,11.09,11.09,11.09,11.09,700,0
LEGT.US,5,20260522,162000,11.09,11.09,11.08,11.09,1000,0
LEGT.US,5,20260522,162500,11.09,11.09,11.09,11.09,800,0
LEGT.US,5,20260522,163000,11.09,11.09,11.09,11.09,1000,0
LEGT.US,5,20260522,163500,11.09,11.09,11.075,11.09,700,0
LEGT.US,5,20260522,164000,11.09,11.09,11.09,11.09,500,0
LEGT.US,5,20260522,165000,11.08,11.08,11.08,11.08,100,0
LEGT.US,5,20260522,170500,11.08,11.08,11.08,11.08,400,0
LEGT.US,5,20260522,172000,11.08,11.08,11.08,11.08,100,0
LEGT.US,5,20260522,173500,11.08,11.08,11.08,11.08,100,0
LEGT.US,5,20260522,174500,11.08,11.08,11.08,11.08,100,0
LEGT.US,5,20260522,175000,11.08,11.08,11.08,11.08,200,0
LEGT.US,5,20260522,180000,11.09,11.09,11.09,11.09,100000,0
LEGT.US,5,20260522,180500,11.09,11.09,11.09,11.09,20000,0
LEGT.US,5,20260522,181000,11.08,11.08,11.08,11.08,100,0
LEGT.US,5,20260522,181500,11.085,11.085,11.085,11.085,100,0
LEGT.US,5,20260522,182500,11.08,11.085,11.08,11.085,200,0
LEGT.US,5,20260522,184500,11.08,11.08,11.08,11.08,100,0
LEGT.US,5,20260522,185500,11.085,11.085,11.085,11.085,100,0
LEGT.US,5,20260522,190500,11.08,11.08,11.08,11.08,100,0
LEGT.US,5,20260522,192500,11.08,11.08,11.08,11.08,100,0
LEGT.US,5,20260522,194500,11.08,11.08,11.08,11.08,100,0
LEGT.US,5,20260522,200000,11.08,11.08,11.08,11.08,100,0
LEGT.US,5,20260522,202000,11.08,11.08,11.08,11.08,100,0
LEGT.US,5,20260522,203500,11.08,11.08,11.08,11.08,100,0
LEGT.US,5,20260522,205000,11.08,11.08,11.08,11.08,100,0
LEGT.US,5,20260522,210500,11.08,11.08,11.08,11.08,100,0
LEGT.US,5,20260522,211000,11.085,11.085,11.085,11.085,100,0
LEGT.US,5,20260522,212000,11.08,11.08,11.08,11.08,100,0
LEGT.US,5,20260522,213000,11.08,11.08,11.08,11.08,100,0
LEGT.US,5,20260522,214000,11.08,11.08,11.08,11.08,100,0
LEGT.US,5,20260522,214500,11.09,11.09,11.09,11.09,100,0
LEGT.US,5,20260522,215500,11.08,11.08,11.08,11.08,200,0
LEGT.US,5,20260526,153000,11.085,11.085,11.085,11.085,2000,0
LEGT.US,5,20260526,154000,11.08,11.08,11.08,11.08,5100,0
LEGT.US,5,20260526,154500,11.08,11.08,11.08,11.08,5000,0
LEGT.US,5,20260526,155000,11.085,11.085,11.085,11.085,600,0
LEGT.US,5,20260526,155500,11.08,11.08,11.08,11.08,100,0
LEGT.US,5,20260526,160500,11.08,11.08,11.08,11.08,100,0
LEGT.US,5,20260526,161500,11.0867,11.0867,11.0867,11.0867,500,0
LEGT.US,5,20260526,162000,11.08,11.08,11.08,11.08,100,0
LEGT.US,5,20260526,163500,11.08,11.08,11.08,11.08,100,0
LEGT.US,5,20260526,164000,11.08,11.08,11.08,11.08,100,0
LEGT.US,5,20260526,164500,11.08,11.08,11.08,11.08,200,0
LEGT.US,5,20260526,165000,11.08,11.08,11.075,11.08,2000,0
LEGT.US,5,20260526,165500,11.08,11.08,11.08,11.08,900,0
LEGT.US,5,20260526,170000,11.08,11.08,11.08,11.08,700,0
LEGT.US,5,20260526,170500,11.075,11.08,11.075,11.08,700,0
LEGT.US,5,20260526,171000,11.08,11.08,11.08,11.08,600,0
LEGT.US,5,20260526,171500,11.08,11.08,11.08,11.08,600,0
LEGT.US,5,20260526,172000,11.08,11.08,11.075,11.08,800,0
LEGT.US,5,20260526,172500,11.08,11.08,11.08,11.08,600,0
LEGT.US,5,20260526,173000,11.08,11.08,11.08,11.08,600,0
LEGT.US,5,20260526,173500,11.08,11.08,11.075,11.08,900,0
LEGT.US,5,20260526,174000,11.08,11.08,11.08,11.08,500,0
LEGT.US,5,20260526,174500,11.08,11.08,11.08,11.08,600,0
LEGT.US,5,20260526,175000,11.08,11.08,11.075,11.08,400,0
LEGT.US,5,20260526,175500,11.08,11.08,11.08,11.08,300,0
LEGT.US,5,20260526,180500,11.08,11.08,11.08,11.08,200,0
LEGT.US,5,20260526,181500,11.0862,11.0862,11.085,11.085,450,0
LEGT.US,5,20260526,182500,11.08,11.08,11.08,11.08,200,0
LEGT.US,5,20260526,184000,11.08,11.08,11.08,11.08,100,0
LEGT.US,5,20260526,190000,11.08,11.08,11.08,11.08,200,0
LEGT.US,5,20260526,190500,11.08,11.08,11.08,11.08,100,0
LEGT.US,5,20260526,192000,11.08,11.08,11.08,11.08,100,0
LEGT.US,5,20260526,194000,11.08,11.08,11.08,11.08,200,0
LEGT.US,5,20260526,200000,11.08,11.08,11.08,11.08,100,0
LEGT.US,5,20260526,201500,11.08,11.08,11.08,11.08,100,0
LEGT.US,5,20260526,202500,11.08,11.08,11.08,11.08,1000,0
LEGT.US,5,20260526,203000,11.08,11.08,11.08,11.08,1300,0
LEGT.US,5,20260526,204500,11.08,11.08,11.08,11.08,100,0
LEGT.US,5,20260526,210000,11.08,11.085,11.08,11.085,200,0
LEGT.US,5,20260526,210500,11.08,11.08,11.08,11.08,1200,0
LEGT.US,5,20260526,211000,11.08,11.08,11.08,11.08,900,0
LEGT.US,5,20260526,212500,11.08,11.08,11.08,11.08,100,0
LEGT.US,5,20260526,213500,11.07,11.07,11.07,11.07,100,0
LEGT.US,5,20260526,214000,11.08,11.08,11.08,11.08,100,0
LEGT.US,5,20260526,214500,11.08,11.08,11.08,11.08,200,0
LEGT.US,5,20260526,215000,11.08,11.085,11.08,11.085,2100,0
LEGT.US,5,20260526,215500,11.09,11.09,11.085,11.09,5812,0
LEGT.US,5,20260527,153000,11.1,11.1,11.1,11.1,221,0
LEGT.US,5,20260527,153500,11.09,11.09,11.09,11.09,1827,0
LEGT.US,5,20260527,160000,11.09,11.09,11.085,11.085,500,0
LEGT.US,5,20260527,161500,11.08,11.08,11.08,11.08,100000,0
LEGT.US,5,20260527,173500,11.08,11.08,11.08,11.08,9900,0
LEGT.US,5,20260527,175000,11.08,11.08,11.08,11.08,1669,0
LEGT.US,5,20260527,182000,11.09,11.09,11.09,11.09,100,0
LEGT.US,5,20260527,184000,11.085,11.085,11.085,11.085,100,0
LEGT.US,5,20260527,185000,11.08,11.08,11.08,11.08,5000,0
LEGT.US,5,20260527,190500,11.08,11.085,11.08,11.08,10000,0
LEGT.US,5,20260527,191000,11.08,11.08,11.08,11.08,5000,0
LEGT.US,5,20260527,192000,11.08,11.08,11.08,11.08,3000,0
LEGT.US,5,20260527,195500,11.08,11.08,11.08,11.08,2000,0
LEGT.US,5,20260527,204500,11.08,11.08,11.08,11.08,2618,0
LEGT.US,5,20260527,210000,11.08,11.08,11.08,11.08,2850,0
LEGT.US,5,20260527,212500,11.08,11.08,11.08,11.08,5000,0
LEGT.US,5,20260527,215500,11.08,11.09,11.08,11.09,823,0
LEGT.US,5,20260528,153000,11.07,11.07,11.07,11.07,225,0
LEGT.US,5,20260528,164500,11.09,11.09,11.08,11.08,1590,0
LEGT.US,5,20260528,172000,11.08,11.08,11.08,11.08,1000,0
LEGT.US,5,20260528,180000,11.085,11.085,11.08,11.08,599,0
LEGT.US,5,20260528,190000,11.08,11.08,11.08,11.08,100,0
LEGT.US,5,20260528,193000,11.08,11.08,11.08,11.08,8900,0
LEGT.US,5,20260528,202000,11.07,11.07,11.07,11.07,200,0
LEGT.US,5,20260528,203000,11.075,11.08,11.075,11.08,1254,0
LEGT.US,5,20260528,211000,11.07,11.07,11.07,11.07,741,0
LEGT.US,5,20260528,211500,11.075,11.075,11.075,11.075,100,0
LEGT.US,5,20260528,213500,11.07,11.07,11.07,11.07,272,0
LEGT.US,5,20260528,214000,11.07,11.07,11.07,11.07,6307,0
LEGT.US,5,20260528,215000,11.07,11.07,11.07,11.07,3048,0
LEGT.US,5,20260528,215500,11.07,11.07,11.07,11.07,100,0
LEGT.US,5,20260529,153000,11.09,11.09,11.09,11.09,105,0
LEGT.US,5,20260529,181500,11.08,11.08,11.08,11.08,100,0
LEGT.US,5,20260529,182500,11.0807,11.0807,11.0807,11.0807,1588,0
LEGT.US,5,20260529,183000,11.08,11.08,11.08,11.08,100,0
LEGT.US,5,20260529,183500,11.08,11.08,11.08,11.08,100,0
LEGT.US,5,20260529,185500,11.09,11.09,11.09,11.09,900,0
LEGT.US,5,20260529,190000,11.09,11.1,11.09,11.1,40490,0
LEGT.US,5,20260529,190500,11.09,11.09,11.09,11.09,100,0
LEGT.US,5,20260529,191500,11.09,11.09,11.09,11.09,100,0
LEGT.US,5,20260529,192000,11.09,11.09,11.09,11.09,100,0
LEGT.US,5,20260529,193000,11.115,11.115,11.09,11.09,500,0
LEGT.US,5,20260529,200000,11.13,11.13,11.13,11.13,100,0
LEGT.US,5,20260529,201000,11.14,11.15,11.13,11.13,18700,0
LEGT.US,5,20260529,202000,11.09,11.09,11.09,11.09,100,0
LEGT.US,5,20260529,203000,11.09,11.09,11.09,11.09,100,0
LEGT.US,5,20260529,204000,11.09,11.09,11.09,11.09,100,0
LEGT.US,5,20260529,205000,11.09,11.09,11.09,11.09,100,0
LEGT.US,5,20260529,205500,11.09,11.09,11.09,11.09,100,0
LEGT.US,5,20260529,210500,11.1,11.1,11.09,11.09,300,0
LEGT.US,5,20260529,211500,11.09,11.09,11.09,11.09,100,0
LEGT.US,5,20260529,212500,11.09,11.09,11.09,11.09,100,0
LEGT.US,5,20260529,213000,11.095,11.095,11.095,11.095,100,0
LEGT.US,5,20260529,213500,11.095,11.095,11.095,11.095,100,0
LEGT.US,5,20260529,214500,11.095,11.095,11.095,11.095,200,0
LEGT.US,5,20260529,215500,11.09,11.09,11.09,11.09,200,0
LEGT.US,5,20260601,160000,11.09,11.09,11.09,11.09,100,0
LEGT.US,5,20260601,162500,11.08,11.0801,11.08,11.0801,1800,0
LEGT.US,5,20260601,163000,11.085,11.085,11.085,11.085,1000,0
LEGT.US,5,20260601,184000,11.0811,11.0811,11.08,11.08,1900,0
LEGT.US,5,20260601,190000,11.08,11.08,11.08,11.08,2302,0
LEGT.US,5,20260601,215500,11.09,11.1,11.08,11.08,2282,0
LEGT.US,5,20260602,153000,11,11,10.975,10.975,653,0
LEGT.US,5,20260602,153500,10.91,10.92,10.9,10.92,1500,0
LEGT.US,5,20260602,160000,10.9,10.9,10.9,10.9,412,0
LEGT.US,5,20260602,161000,10.02,10.02,10.02,10.02,487,0
LEGT.US,5,20260602,161500,10.6999,10.6999,10.6999,10.6999,100,0
LEGT.US,5,20260602,164500,10.7768,10.89,10.7768,10.89,200,0
LEGT.US,5,20260602,172500,10.06,10.06,10.06,10.06,200,0
LEGT.US,5,20260602,174000,10.06,10.09,10.06,10.09,1200,0
LEGT.US,5,20260602,174500,10.0925,10.0925,10.08,10.08,1000,0
LEGT.US,5,20260602,181500,10.08,10.08,10.08,10.08,100,0
LEGT.US,5,20260602,183000,10.08,10.08,10.04,10.04,200,0
LEGT.US,5,20260602,190000,10.02,10.02,10,10,447,0
LEGT.US,5,20260602,194000,10,10,10,10,500,0
LEGT.US,5,20260602,200000,10,10,10,10,160,0
LEGT.US,5,20260602,201000,10,10,10,10,500,0
LEGT.US,5,20260602,203000,10.08,10.08,10,10,400,0
LEGT.US,5,20260602,203500,10,10,10,10,100,0
LEGT.US,5,20260602,204500,10,10,10,10,1200,0
LEGT.US,5,20260602,205000,10,10,10,10,2308,0
LEGT.US,5,20260602,205500,10,10,10,10,600,0
LEGT.US,5,20260602,210500,10.08,10.08,10.08,10.08,100,0
LEGT.US,5,20260602,214000,9.65,9.65,9.65,9.65,200,0
LEGT.US,5,20260602,214500,9.6,9.6,9.6,9.6,100,0
LEGT.US,5,20260602,215500,9.8,9.8,9.54,9.54,620,0
LEGT.US,5,20260603,153000,10.19,10.19,10.19,10.19,392,0
LEGT.US,5,20260603,154000,9.87,9.87,9.87,9.87,100,0
LEGT.US,5,20260603,155500,10.18,10.395,10.18,10.395,300,0
LEGT.US,5,20260603,170000,10.2006,10.2006,10.2006,10.2006,100,0
LEGT.US,5,20260603,172000,10.6708,10.7563,10.15,10.19,3600,0
LEGT.US,5,20260603,185500,10.45,10.45,10.45,10.45,500,0
LEGT.US,5,20260603,190500,10.45,10.45,10.45,10.45,100,0
LEGT.US,5,20260603,211000,10.75,10.75,10.75,10.75,501,0
LEGT.US,5,20260603,214500,10.8,10.825,10.8,10.825,755,0
LEGT.US,5,20260604,153500,9.74,10.17,9.74,10.17,365,0
LEGT.US,5,20260604,164500,10.15,10.15,10.15,10.15,600,0
LEGT.US,5,20260604,171000,10.1,10.15,9.3,9.3,22100,0
LEGT.US,5,20260604,171500,10.475,10.8,10.3,10.3,1696,0
LEGT.US,5,20260604,172000,10.31,10.31,9.35,9.35,2300,0
LEGT.US,5,20260604,172500,9.4,9.54,9.36,9.54,4611,0
LEGT.US,5,20260604,173500,9.725,9.725,9.72,9.72,225,0
LEGT.US,5,20260604,174500,9.54,9.85,9.54,9.85,1528,0
LEGT.US,5,20260604,175500,9.6,9.75,9.6,9.75,5491,0
LEGT.US,5,20260604,181000,10.473,10.473,10.473,10.473,1000,0
LEGT.US,5,20260604,183000,10.15,10.15,9.91,9.94,1190,0
LEGT.US,5,20260604,184000,10.28,10.28,10.28,10.28,100,0
LEGT.US,5,20260604,184500,10.28,10.28,10.1,10.1,1859,0
LEGT.US,5,20260604,193500,10.89,10.89,10.89,10.89,100,0
LEGT.US,5,20260604,194500,10.89,10.89,10.89,10.89,100,0
LEGT.US,5,20260604,201000,11.1174,11.1174,11.1174,11.1174,500,0
LEGT.US,5,20260604,202000,10.89,10.89,10.89,10.89,200,0
LEGT.US,5,20260604,202500,10.89,10.89,10.89,10.89,100,0
LEGT.US,5,20260604,215500,10.72,10.72,10.37,10.4,557,0
LEGT.US,5,20260605,153000,10.76,10.76,10.76,10.76,303,0
LEGT.US,5,20260605,163000,10.8702,10.8702,10.8702,10.8702,610,0
LEGT.US,5,20260605,164000,10.745,10.745,10.745,10.745,1100,0
LEGT.US,5,20260605,164500,10.74,10.74,10.5385,10.74,1000,0
LEGT.US,5,20260605,165000,10.4,10.74,10.4,10.74,949,0
LEGT.US,5,20260605,170000,10.42,10.42,10.42,10.42,903,0
LEGT.US,5,20260605,180500,11.08,11.08,11.08,11.08,1500,0
LEGT.US,5,20260605,185500,10.88,10.88,10.88,10.88,114,0
LEGT.US,5,20260605,205500,10.975,10.975,10.975,10.975,101,0
LEGT.US,5,20260608,153000,10.09,10.09,9.8378,9.8378,259,0
LEGT.US,5,20260608,153500,10.0157,10.4,10.0157,10.4,1100,0
LEGT.US,5,20260608,154000,10.3502,10.3502,10.3502,10.3502,100,0
LEGT.US,5,20260608,154500,10.36,10.36,10.36,10.36,102,0
LEGT.US,5,20260608,155000,9.97,9.97,9.97,9.97,100,0
LEGT.US,5,20260608,155500,10.1303,10.1303,10.1303,10.1303,100,0
LEGT.US,5,20260608,165500,10.265,10.265,10.265,10.265,1000,0
LEGT.US,5,20260608,171000,10.265,10.265,10.265,10.265,100,0
LEGT.US,5,20260608,174000,10.265,10.28,10.14,10.14,2700,0
LEGT.US,5,20260608,174500,10.265,10.265,10.265,10.265,100,0
LEGT.US,5,20260608,183500,10.13,10.13,10.13,10.13,500,0
LEGT.US,5,20260608,195000,9.9423,9.9423,9.9423,9.9423,3000,0
LEGT.US,5,20260608,211000,10.01,10.01,10.01,10.01,100,0
LEGT.US,5,20260608,212000,10.005,10.005,10.005,10.005,1000,0
LEGT.US,5,20260608,212500,10,10,10,10,100,0
LEGT.US,5,20260609,153000,10.2999,10.2999,9.39,9.39,1999,0
LEGT.US,5,20260609,153500,9.1,9.65,9.1,9.1,3900,0
LEGT.US,5,20260609,154000,9.65,10.1999,9.1,10.1999,600,0
LEGT.US,5,20260609,155000,9.1,9.1,9.1,9.1,112,0
LEGT.US,5,20260609,160000,9.99,9.99,9.99,9.99,150,0
LEGT.US,5,20260609,161000,9.99,9.99,9.99,9.99,200,0
LEGT.US,5,20260609,163000,9.01,9.01,8.13,8.13,200,0
LEGT.US,5,20260609,163500,8.8,8.8,8.8,8.8,8000,0
LEGT.US,5,20260609,164000,8.52,8.62,8.52,8.52,12000,0
LEGT.US,5,20260609,164500,8.89,8.89,8.89,8.89,100,0
LEGT.US,5,20260609,165000,9.1,9.1,9.1,9.1,3000,0
LEGT.US,5,20260609,165500,9.295,9.49,9.295,9.315,13200,0
LEGT.US,5,20260609,173000,9.315,9.315,9.315,9.315,500,0
LEGT.US,5,20260609,173500,9.444,9.444,9.444,9.444,500,0
LEGT.US,5,20260609,181000,9.1001,9.1001,9.1001,9.1001,400,0
LEGT.US,5,20260609,182000,9.291,9.291,9.291,9.291,400,0
LEGT.US,5,20260609,182500,9.2359,9.2359,9.2359,9.2359,150,0
LEGT.US,5,20260609,190000,9.1,9.1,9.02,9.02,1000,0
LEGT.US,5,20260609,190500,8.92,9.05,8.85,9.05,1532,0
LEGT.US,5,20260609,191500,9.25,9.25,9.24,9.24,200,0
LEGT.US,5,20260609,192500,9.1,9.1,9.1,9.1,3491,0
LEGT.US,5,20260609,193500,9.4,9.4,9.36,9.4,400,0
LEGT.US,5,20260609,195000,9.3,9.3,9.05,9.23,1400,0
LEGT.US,5,20260609,195500,9.22,9.22,9.21,9.21,200,0
LEGT.US,5,20260609,200000,9.14,9.14,9.14,9.14,100,0
LEGT.US,5,20260609,202500,9.42,9.51,9.42,9.51,200,0
LEGT.US,5,20260609,204500,9.65,9.65,9.65,9.65,100,0
LEGT.US,5,20260609,205000,9.3318,9.3318,9.3318,9.3318,150,0
LEGT.US,5,20260609,211000,9.82,9.82,9.82,9.82,2000,0
LEGT.US,5,20260609,211500,9.82,9.82,9.82,9.82,800,0
LEGT.US,5,20260609,212000,9.3136,9.3136,9.3136,9.3136,236,0
LEGT.US,5,20260609,213500,9.46,9.46,9.46,9.46,500,0
LEGT.US,5,20260609,214000,9.46,9.46,9.46,9.46,100,0
LEGT.US,5,20260609,214500,9.7213,9.7213,9.7213,9.7213,484,0
LEGT.US,5,20260609,215000,9.5,9.52,9.5,9.52,800,0
