<TICKER>,<PER>,<DATE>,<TIME>,<OPEN>,<HIGH>,<LOW>,<CLOSE>,<VOL>,<OPENINT>
RGNT.US,5,20260126,153000,6.8543,6.8543,6.8543,6.8543,115,0
RGNT.US,5,20260126,164000,6.9935,6.9935,6.9935,6.9935,100,0
RGNT.US,5,20260126,170000,7,7,7,7,835,0
RGNT.US,5,20260126,174500,6.86,6.86,6.86,6.86,100,0
RGNT.US,5,20260126,175000,6.85,6.93,6.7922,6.93,1076,0
RGNT.US,5,20260126,175500,6.76,6.77,6.75,6.75,900,0
RGNT.US,5,20260126,181000,6.725,6.725,6.725,6.725,200,0
RGNT.US,5,20260126,184000,6.74,6.75,6.74,6.75,1275,0
RGNT.US,5,20260126,185000,6.82,6.82,6.82,6.82,2000,0
RGNT.US,5,20260126,204000,6.77,6.77,6.76,6.77,300,0
RGNT.US,5,20260126,210500,6.76,6.7601,6.75,6.7601,600,0
RGNT.US,5,20260126,211000,6.875,6.875,6.75,6.75,300,0
RGNT.US,5,20260126,211500,6.8255,6.8255,6.8255,6.8255,200,0
RGNT.US,5,20260126,212000,6.8255,6.8255,6.8255,6.8255,200,0
RGNT.US,5,20260126,213000,6.8192,6.8192,6.75,6.75,3381,0
RGNT.US,5,20260126,215500,6.65,6.65,6.65,6.65,100,0
RGNT.US,5,20260127,153000,6.55,6.55,6.55,6.55,100,0
RGNT.US,5,20260127,153500,6.55,6.5501,6.55,6.5501,355,0
RGNT.US,5,20260127,160000,6.56,6.56,6.56,6.56,300,0
RGNT.US,5,20260127,160500,6.55,6.55,6.55,6.55,400,0
RGNT.US,5,20260127,161500,6.55,6.55,6.55,6.55,300,0
RGNT.US,5,20260127,162500,6.65,6.65,6.65,6.65,100,0
RGNT.US,5,20260127,171500,6.65,6.65,6.65,6.65,482,0
RGNT.US,5,20260127,191500,6.5678,6.5678,6.56,6.56,200,0
RGNT.US,5,20260127,200000,6.56,6.5999,6.5501,6.5999,300,0
RGNT.US,5,20260127,204500,6.6,6.605553,6.6,6.605553,200,0
RGNT.US,5,20260127,205000,6.64,6.64,6.64,6.64,300,0
RGNT.US,5,20260127,213000,6.6777,6.6777,6.6777,6.6777,200,0
RGNT.US,5,20260127,215500,6.65,6.65,6.65,6.65,308,0
RGNT.US,5,20260128,153000,6.65,6.65,6.65,6.65,300,0
RGNT.US,5,20260128,153500,6.65,6.65,6.5,6.5,4594,0
RGNT.US,5,20260128,154500,6.8,6.8,6.8,6.8,250,0
RGNT.US,5,20260128,160000,6.577,6.577,6.577,6.577,159,0
RGNT.US,5,20260128,161000,6.59,6.703,6.55,6.55,1100,0
RGNT.US,5,20260128,170000,6.55,6.55,5.65,5.65,8192,0
RGNT.US,5,20260128,172000,4.37,4.81,4.37,4.81,5386,0
RGNT.US,5,20260128,173000,5,6,5,6,7491,0
RGNT.US,5,20260128,173500,5.7816,5.7816,5.7816,5.7816,120,0
RGNT.US,5,20260128,174500,6.09,6.19,6.09,6.095,5415,0
RGNT.US,5,20260128,175500,6.34,6.34,6.34,6.34,1100,0
RGNT.US,5,20260128,180500,6.565,6.565,6.565,6.565,900,0
RGNT.US,5,20260128,181500,6.435,6.435,6.4175,6.4175,200,0
RGNT.US,5,20260128,182000,6.42,6.42,6.42,6.42,500,0
RGNT.US,5,20260128,183500,6.4,6.4,6.4,6.4,441,0
RGNT.US,5,20260128,184000,6.4,6.4,6.31,6.4,3039,0
RGNT.US,5,20260128,184500,6.36,6.36,6.35,6.35,300,0
RGNT.US,5,20260128,195500,6.59,6.72,6.59,6.59,961,0
RGNT.US,5,20260128,200000,6.75,6.75,6.75,6.75,1462,0
RGNT.US,5,20260128,201500,6.75,6.83,6.75,6.83,2388,0
RGNT.US,5,20260128,215500,6.44,6.44,6.44,6.44,299,0
RGNT.US,5,20260129,153000,7,7,6.9,6.9,200,0
RGNT.US,5,20260129,153500,6.66,6.66,6.66,6.66,150,0
RGNT.US,5,20260129,163000,6.66,6.66,6.645,6.645,1360,0
RGNT.US,5,20260129,164500,6.6486,6.6486,6.6486,6.6486,150,0
RGNT.US,5,20260129,165500,6.43,6.48,6.42,6.48,1094,0
RGNT.US,5,20260129,170000,6.65,6.65,6.65,6.65,200,0
RGNT.US,5,20260129,171000,6.585,6.66,6.585,6.66,4655,0
RGNT.US,5,20260129,171500,6.66,6.66,6.66,6.66,118,0
RGNT.US,5,20260129,173500,6.49,6.5,6.35,6.35,2400,0
RGNT.US,5,20260129,175000,6.17,6.17,6.17,6.17,170,0
RGNT.US,5,20260129,175500,6.03,6.07,5.9901,6.07,4110,0
RGNT.US,5,20260129,181000,6.36,6.39,6.36,6.39,200,0
RGNT.US,5,20260129,215500,6.3407,6.3407,6.13,6.13,424,0
RGNT.US,5,20260130,160000,6,6,6,6,100,0
RGNT.US,5,20260130,162000,5.95,5.95,5.95,5.95,300,0
RGNT.US,5,20260130,162500,5.76,6.1,5.76,6.1,600,0
RGNT.US,5,20260130,163000,5.95,5.95,5.95,5.95,100,0
RGNT.US,5,20260130,173000,5.8619,5.8619,5.8619,5.8619,169,0
RGNT.US,5,20260130,175000,5.96,6,5.96,6,1242,0
RGNT.US,5,20260130,194000,5.81,5.81,5.81,5.81,125,0
RGNT.US,5,20260130,203500,5.75,5.75,5.75,5.75,256,0
RGNT.US,5,20260130,205000,5.75,5.75,5.75,5.75,209,0
RGNT.US,5,20260130,205500,5.7501,5.7501,5.7501,5.7501,100,0
RGNT.US,5,20260130,210000,5.78,5.78,5.78,5.78,682,0
RGNT.US,5,20260130,211000,5.795,5.99,5.78,5.99,800,0
RGNT.US,5,20260130,213000,5.8823,5.8823,5.8823,5.8823,100,0
RGNT.US,5,20260130,214000,5.7801,5.7801,5.78,5.78,250,0
RGNT.US,5,20260130,215500,5.8,5.8,5.8,5.8,102,0
RGNT.US,5,20260202,154000,5.8,5.8,5.7786,5.7786,1574,0
RGNT.US,5,20260202,155000,5.79,5.79,5.79,5.79,1091,0
RGNT.US,5,20260202,161000,5.78,5.78,5.78,5.78,1000,0
RGNT.US,5,20260202,163500,5.8114,5.8114,5.8114,5.8114,100,0
RGNT.US,5,20260202,193000,5.805,5.9128,5.805,5.9128,348,0
RGNT.US,5,20260202,214500,5.905,5.905,5.905,5.905,100,0
RGNT.US,5,20260203,153000,5.85,5.85,5.81,5.81,507,0
RGNT.US,5,20260203,153500,5.85,5.85,5.85,5.85,100,0
RGNT.US,5,20260203,154000,6.01,6.01,5.966,5.966,200,0
RGNT.US,5,20260203,165000,5.9568,5.9568,5.9568,5.9568,200,0
RGNT.US,5,20260203,181500,5.89,5.9127,5.81,5.9127,1101,0
RGNT.US,5,20260203,215500,5.8238,5.8238,5.81,5.81,500,0
RGNT.US,5,20260204,153000,6.005,6.005,5.81,5.81,600,0
RGNT.US,5,20260204,154000,5.9599,5.9599,5.8535,5.8535,433,0
RGNT.US,5,20260204,154500,6.015,6.015,5.8557,5.8557,606,0
RGNT.US,5,20260204,155000,6.005,6.005,6.005,6.005,100,0
RGNT.US,5,20260204,174500,5.9262,5.9262,5.9262,5.9262,200,0
RGNT.US,5,20260204,181500,6.05,6.05,6.05,6.05,110,0
RGNT.US,5,20260204,185500,5.94,5.94,5.94,5.94,100,0
RGNT.US,5,20260204,192500,5.945,5.945,5.945,5.945,500,0
RGNT.US,5,20260204,194000,5.84,5.84,5.8,5.8,951,0
RGNT.US,5,20260204,205000,5.85,5.85,5.85,5.85,100,0
RGNT.US,5,20260204,205500,5.81,5.81,5.81,5.81,100,0
RGNT.US,5,20260204,210000,5.8101,5.8101,5.8101,5.8101,100,0
RGNT.US,5,20260204,211000,5.81,5.81,5.81,5.81,100,0
RGNT.US,5,20260204,211500,5.8808,5.8808,5.8808,5.8808,100,0
RGNT.US,5,20260204,212000,5.8,5.8,5.8,5.8,100,0
RGNT.US,5,20260204,212500,5.8,5.8,5.8,5.8,1394,0
RGNT.US,5,20260205,162500,5.6,5.6,5.6,5.6,100,0
RGNT.US,5,20260205,163500,5.6,5.6,5.4,5.4,380,0
RGNT.US,5,20260205,182000,5.4,5.4,5.4,5.4,500,0
RGNT.US,5,20260205,190000,5.3,5.3,5.3,5.3,100,0
RGNT.US,5,20260205,193500,5.3466,5.3466,5.3466,5.3466,100,0
RGNT.US,5,20260205,194000,5.3,5.3,5.3,5.3,200,0
RGNT.US,5,20260205,195000,5.3,5.3,5.3,5.3,300,0
RGNT.US,5,20260205,201000,5.38,5.38,5.38,5.38,100,0
RGNT.US,5,20260205,201500,5.39,5.39,5.3,5.3,300,0
RGNT.US,5,20260205,203500,5.16,5.21,5.16,5.2,856,0
RGNT.US,5,20260205,211000,5,5,5,5,272,0
RGNT.US,5,20260206,153000,5.25,5.25,5.25,5.25,564,0
RGNT.US,5,20260206,153500,5.3,5.3,5.3,5.3,1000,0
RGNT.US,5,20260206,163000,5.27,5.2994,5.27,5.2994,200,0
RGNT.US,5,20260206,181000,5.2617,5.2617,5.2617,5.2617,677,0
RGNT.US,5,20260206,182000,5.0001,5.0001,5.0001,5.0001,150,0
RGNT.US,5,20260206,201000,5,5.1021,5,5.102,1060,0
RGNT.US,5,20260206,201500,5.15,5.15,5.15,5.15,384,0
RGNT.US,5,20260206,205000,5.02,5.02,5.02,5.02,500,0
RGNT.US,5,20260206,205500,5.01,5.01,5.01,5.01,200,0
RGNT.US,5,20260206,210000,5,5,5,5,200,0
RGNT.US,5,20260206,210500,5,5,5,5,500,0
RGNT.US,5,20260206,211000,5,5,5,5,200,0
RGNT.US,5,20260206,215500,4.99,4.99,4.83,4.83,407,0
RGNT.US,5,20260209,160500,5.095,5.095,5.095,5.095,100,0
RGNT.US,5,20260209,162500,5.01,5.01,5.01,5.01,100,0
RGNT.US,5,20260209,164000,5.15,5.15,5.11,5.11,1025,0
RGNT.US,5,20260209,173000,5.115,5.115,5.115,5.115,100,0
RGNT.US,5,20260209,195000,5.145,5.145,5.145,5.145,100,0
RGNT.US,5,20260209,211000,5.05,5.05,5.05,5.05,267,0
RGNT.US,5,20260209,213500,5,5,5,5,100,0
RGNT.US,5,20260210,153000,4.8,4.8,4.8,4.8,2500,0
RGNT.US,5,20260210,154500,5.01,5.01,5,5,1200,0
RGNT.US,5,20260210,155000,5,5,5,5,3300,0
RGNT.US,5,20260210,155500,5.01,5.125,5,5.125,1325,0
RGNT.US,5,20260210,161000,5.06,5.06,5.06,5.06,1300,0
RGNT.US,5,20260210,161500,5.2199,5.2199,5.2199,5.2199,1600,0
RGNT.US,5,20260210,162500,5.05,5.05,5.05,5.05,200,0
RGNT.US,5,20260210,164500,4.96,4.96,4.96,4.96,100,0
RGNT.US,5,20260210,180000,4.95,4.95,4.95,4.95,100,0
RGNT.US,5,20260210,180500,5,5,5,5,1250,0
RGNT.US,5,20260210,194000,4.86,4.88,4.85,4.88,700,0
RGNT.US,5,20260210,200500,4.85,4.85,4.85,4.85,150,0
RGNT.US,5,20260210,201500,4.85,4.85,4.85,4.85,2028,0
RGNT.US,5,20260210,202000,4.83,4.83,4.8,4.8,883,0
RGNT.US,5,20260210,204500,4.9099,4.9099,4.9099,4.9099,100,0
RGNT.US,5,20260210,205500,4.8,4.8,4.8,4.8,622,0
RGNT.US,5,20260210,211500,4.835,4.835,4.835,4.835,100,0
RGNT.US,5,20260210,213000,4.78,4.91,4.61,4.7601,4756,0
RGNT.US,5,20260210,214500,4.75,4.75,4.75,4.75,100,0
RGNT.US,5,20260210,215500,4.65,4.65,4.61,4.61,236,0
RGNT.US,5,20260211,155000,4.83,4.83,4.83,4.83,1050,0
RGNT.US,5,20260211,160000,4.6501,4.6501,4.6501,4.6501,115,0
RGNT.US,5,20260211,170000,4.8551,4.8551,4.8551,4.8551,177,0
RGNT.US,5,20260211,171000,4.75,4.75,4.75,4.75,1000,0
RGNT.US,5,20260211,173000,4.72,4.72,4.72,4.72,100,0
RGNT.US,5,20260211,180500,4.72,4.72,4.72,4.72,100,0
RGNT.US,5,20260211,184000,4.7029,4.7029,4.7029,4.7029,100,0
RGNT.US,5,20260211,191500,4.7824,4.7824,4.7824,4.7824,1250,0
RGNT.US,5,20260211,200500,4.7685,4.7685,4.7685,4.7685,2000,0
RGNT.US,5,20260211,203500,4.75,4.75,4.75,4.75,207,0
RGNT.US,5,20260211,210500,4.7999,4.7999,4.7999,4.7999,100,0
RGNT.US,5,20260211,212000,4.766,4.766,4.766,4.766,200,0
RGNT.US,5,20260211,212500,4.766,4.8,4.75,4.79,1400,0
RGNT.US,5,20260211,215500,4.7,4.7,4.7,4.7,121,0
RGNT.US,5,20260212,161500,4.75,4.75,4.75,4.75,100,0
RGNT.US,5,20260212,162500,4.7,4.7,4.7,4.7,100,0
RGNT.US,5,20260212,164000,4.77,4.77,4.77,4.77,150,0
RGNT.US,5,20260212,165000,4.63,4.63,4.17,4.17,3800,0
RGNT.US,5,20260212,165500,4.08,4.09,4.04,4.07,1360,0
RGNT.US,5,20260212,170500,4.045,4.0799,4.045,4.05,639,0
RGNT.US,5,20260212,172000,4.0659,4.0659,4.0659,4.0659,200,0
RGNT.US,5,20260212,173000,4.045,4.07,4.045,4.07,450,0
RGNT.US,5,20260212,173500,4.045,4.045,4.045,4.045,763,0
RGNT.US,5,20260212,174000,4.08,4.08,4.08,4.08,300,0
RGNT.US,5,20260212,180500,4.7,4.7,4.7,4.7,123,0
RGNT.US,5,20260212,182000,4.5,4.63,4.5,4.63,405,0
RGNT.US,5,20260212,182500,4.505,4.6,4.5,4.5,1510,0
RGNT.US,5,20260212,183000,4.505,4.505,4.505,4.505,500,0
RGNT.US,5,20260212,184500,4.5,4.5,4.5,4.5,100,0
RGNT.US,5,20260212,190500,4.3537,4.3537,4.3537,4.3537,100,0
RGNT.US,5,20260212,192000,4.35,4.35,4.35,4.35,2252,0
RGNT.US,5,20260212,200500,4.4,4.4,4.4,4.4,565,0
RGNT.US,5,20260212,204500,4.5,4.5,4.5,4.5,100,0
RGNT.US,5,20260212,205000,4.4,4.4,4.4,4.4,326,0
RGNT.US,5,20260212,210000,4.5,4.5,4.5,4.5,200,0
RGNT.US,5,20260212,210500,4.4,4.4,4.4,4.4,158,0
RGNT.US,5,20260212,212000,4.58,4.58,4.58,4.58,2173,0
RGNT.US,5,20260212,215000,4.45,4.45,4.37,4.37,400,0
RGNT.US,5,20260212,215500,4.38,4.38,4.38,4.38,389,0
RGNT.US,5,20260213,153000,4.38,4.38,4.38,4.38,100,0
RGNT.US,5,20260213,165500,4.5,4.5,4.5,4.5,200,0
RGNT.US,5,20260213,170000,4.41,4.41,4.4,4.4,608,0
RGNT.US,5,20260213,171500,4.4,4.4,4.4,4.4,100,0
RGNT.US,5,20260213,181000,4.4001,4.4001,4.4001,4.4001,800,0
RGNT.US,5,20260213,191500,4.4,4.4,4.4,4.4,190,0
RGNT.US,5,20260213,214500,4.38,4.38,4.38,4.38,393,0
RGNT.US,5,20260213,215500,4.3815,4.3815,4.37,4.37,200,0
RGNT.US,5,20260217,153500,4.635,4.635,4.635,4.635,100,0
RGNT.US,5,20260217,154500,4.5,4.5,4.5,4.5,1340,0
RGNT.US,5,20260217,160000,4.5,4.5,4.5,4.5,100,0
RGNT.US,5,20260217,163000,4.4,4.4,4.25,4.29,464,0
RGNT.US,5,20260217,172000,4.4,4.4,4.4,4.4,200,0
RGNT.US,5,20260217,173500,4.28,4.28,4.28,4.28,125,0
RGNT.US,5,20260217,180000,4.21,4.3361,4.21,4.3361,700,0
RGNT.US,5,20260217,183000,4.2,4.2,4.2,4.2,100,0
RGNT.US,5,20260217,184000,4.17,4.17,4.14,4.14,800,0
RGNT.US,5,20260217,185500,4.2,4.2,4.2,4.2,200,0
RGNT.US,5,20260217,190000,4.11,4.11,4.01,4.01,1516,0
RGNT.US,5,20260217,190500,3.99,3.99,3.99,3.99,493,0
RGNT.US,5,20260217,191000,4.05,4.05,4.05,4.05,100,0
RGNT.US,5,20260217,192000,4.055,4.055,4.055,4.055,100,0
RGNT.US,5,20260217,192500,4.09,4.09,4.09,4.09,2433,0
RGNT.US,5,20260217,193000,4.01,4.01,3.99,3.99,1527,0
RGNT.US,5,20260217,200500,3.97,3.97,3.97,3.97,100,0
RGNT.US,5,20260217,202500,3.95,3.95,3.95,3.95,250,0
RGNT.US,5,20260217,210000,4.03,4.03,4.03,4.03,121,0
RGNT.US,5,20260217,213500,4.0043,4.0043,4.0043,4.0043,200,0
RGNT.US,5,20260217,215500,3.98,3.98,3.98,3.98,100,0
RGNT.US,5,20260218,153000,4.18,4.18,4.18,4.18,115,0
RGNT.US,5,20260218,163000,4.045,4.045,3.94,3.94,828,0
RGNT.US,5,20260218,164000,4.01,4.01,4.01,4.01,200,0
RGNT.US,5,20260218,175500,4.02,4.02,4.02,4.02,200,0
RGNT.US,5,20260218,180000,4.01,4.01,4,4,517,0
RGNT.US,5,20260218,181000,4.02,4.02,4.02,4.02,200,0
RGNT.US,5,20260218,184500,3.92,3.92,3.92,3.92,100,0
RGNT.US,5,20260218,185000,3.92,3.92,3.92,3.92,200,0
RGNT.US,5,20260218,190000,3.9299,3.9299,3.92,3.92,200,0
RGNT.US,5,20260218,193000,3.91,3.91,3.91,3.91,769,0
RGNT.US,5,20260218,193500,3.92,3.92,3.92,3.92,100,0
RGNT.US,5,20260218,210500,3.95,3.95,3.95,3.95,255,0
RGNT.US,5,20260218,212000,4.065,4.065,4.065,4.065,100,0
RGNT.US,5,20260218,214000,4,4,4,4,100,0
RGNT.US,5,20260219,162500,4.063,4.063,4.063,4.063,100,0
RGNT.US,5,20260219,173000,4.02,4.02,4,4,609,0
RGNT.US,5,20260219,180500,4,4,4,4,200,0
RGNT.US,5,20260219,182000,4.01,4.01,4.01,4.01,200,0
RGNT.US,5,20260219,211500,4.3,4.3,4,4,577,0
RGNT.US,5,20260219,214500,4,4.0317,3.96,4.0317,1062,0
RGNT.US,5,20260219,215500,3.95,3.95,3.91,3.91,234,0
RGNT.US,5,20260220,153000,3.91,3.91,3.91,3.91,200,0
RGNT.US,5,20260220,161000,4.06,4.06,4.06,4.06,647,0
RGNT.US,5,20260220,163500,4.2399,4.2399,4.23,4.23,422,0
RGNT.US,5,20260220,174000,4.1,4.1,4.1,4.1,318,0
RGNT.US,5,20260220,175500,4,4.03,4,4.015,800,0
RGNT.US,5,20260220,181500,3.96,3.96,3.93,3.93,649,0
RGNT.US,5,20260220,182000,3.95,3.95,3.95,3.95,125,0
RGNT.US,5,20260220,185000,3.87,3.87,3.87,3.87,1000,0
RGNT.US,5,20260220,192000,3.88,3.88,3.88,3.88,200,0
RGNT.US,5,20260220,192500,3.82,3.82,3.82,3.82,633,0
RGNT.US,5,20260220,193000,3.82,3.82,3.82,3.82,341,0
RGNT.US,5,20260220,200000,3.83,3.83,3.83,3.83,100,0
RGNT.US,5,20260220,214500,4,4.085,4,4.085,500,0
RGNT.US,5,20260223,163500,4.15,4.15,4.15,4.15,102,0
RGNT.US,5,20260223,183500,3.9,3.99,3.82,3.82,906,0
RGNT.US,5,20260223,193500,3.72,3.72,3.72,3.72,100,0
RGNT.US,5,20260223,194000,3.72,3.72,3.72,3.72,187,0
RGNT.US,5,20260223,213500,3.75,3.75,3.75,3.75,100,0
RGNT.US,5,20260223,215000,3.75,3.75,3.75,3.75,100,0
RGNT.US,5,20260223,215500,3.7,3.7,3.7,3.7,100,0
RGNT.US,5,20260224,170000,3.9,3.9,3.9,3.9,200,0
RGNT.US,5,20260224,174500,3.9,3.9,3.9,3.9,102,0
RGNT.US,5,20260224,205000,4,4,4,4,101,0
RGNT.US,5,20260224,211500,3.9,3.9,3.9,3.9,817,0
RGNT.US,5,20260224,215000,4,4.02,3.99,4,5324,0
RGNT.US,5,20260225,155000,4.18,4.18,4.18,4.18,200,0
RGNT.US,5,20260225,172000,4.07,4.07,4.07,4.07,200,0
RGNT.US,5,20260225,183500,4.05,4.05,4.05,4.05,1194,0
RGNT.US,5,20260225,211000,4.02,4.02,4,4,467,0
RGNT.US,5,20260225,215500,4.03,4.03,4.03,4.03,100,0
RGNT.US,5,20260226,162000,3.9864,3.9864,3.9864,3.9864,100,0
RGNT.US,5,20260226,192000,3.98,3.98,3.98,3.98,357,0
RGNT.US,5,20260226,193000,3.96,3.96,3.96,3.96,500,0
RGNT.US,5,20260226,214000,3.99,3.99,3.99,3.99,2240,0
RGNT.US,5,20260226,215500,3.94,3.94,3.94,3.94,100,0
RGNT.US,5,20260227,154000,3.86,3.86,3.86,3.86,100,0
RGNT.US,5,20260227,161500,3.8223,3.8223,3.8223,3.8223,100,0
RGNT.US,5,20260227,174500,3.85,3.85,3.85,3.85,100,0
RGNT.US,5,20260227,181000,3.88,3.88,3.88,3.88,100,0
RGNT.US,5,20260227,182000,3.9205,3.9205,3.9205,3.9205,275,0
RGNT.US,5,20260227,193500,3.9636,3.9636,3.9636,3.9636,300,0
RGNT.US,5,20260302,160500,3.6099,3.6099,3.16,3.16,4258,0
RGNT.US,5,20260302,161000,3.21,3.21,3.18,3.18,2000,0
RGNT.US,5,20260302,162000,3.51,3.51,3.51,3.51,100,0
RGNT.US,5,20260302,162500,3.525,3.525,3.4,3.4851,2450,0
RGNT.US,5,20260302,163500,3.5,3.5,3.5,3.5,300,0
RGNT.US,5,20260302,165500,3.6284,3.6284,3.6284,3.6284,100,0
RGNT.US,5,20260302,171500,3.5,3.5,3.44,3.44,200,0
RGNT.US,5,20260302,173000,3.6418,3.6418,3.6418,3.6418,1000,0
RGNT.US,5,20260302,174500,3.3601,3.3601,3.3601,3.3601,100,0
RGNT.US,5,20260302,185000,3.5,3.51,3.5,3.51,2471,0
RGNT.US,5,20260302,190000,3.45,3.45,3.45,3.45,100,0
RGNT.US,5,20260302,190500,3.4,3.41,3.35,3.35,2406,0
RGNT.US,5,20260302,191500,3.35,3.35,3.31,3.31,805,0
RGNT.US,5,20260302,192000,3.27,3.27,3.1,3.1,4674,0
RGNT.US,5,20260302,193000,3.1201,3.16,3.1201,3.16,350,0
RGNT.US,5,20260302,193500,3.16,3.16,3.16,3.16,400,0
RGNT.US,5,20260302,194500,3.1934,3.23,3.16,3.23,400,0
RGNT.US,5,20260302,195000,3.37,3.37,3.37,3.37,350,0
RGNT.US,5,20260302,203000,3.2201,3.2201,3.2201,3.2201,100,0
RGNT.US,5,20260302,204500,3.35,3.35,3.2201,3.2201,200,0
RGNT.US,5,20260302,210000,3.2201,3.2201,3.2201,3.2201,100,0
RGNT.US,5,20260302,211000,3.2201,3.2201,3.2201,3.2201,100,0
RGNT.US,5,20260302,212000,3.346,3.346,3.346,3.346,100,0
RGNT.US,5,20260302,212500,3.2201,3.2201,3.2201,3.2201,100,0
RGNT.US,5,20260303,205000,3.25,3.25,3.25,3.25,100,0
RGNT.US,5,20260303,210000,3.205,3.205,3.205,3.205,165,0
RGNT.US,5,20260303,210500,3.26,3.26,3.26,3.26,100,0
RGNT.US,5,20260303,215500,3.346,3.346,3.346,3.346,183,0
RGNT.US,5,20260304,161000,3.3,3.3,3.3,3.3,100,0
RGNT.US,5,20260304,173000,3.3,3.3,3.3,3.3,300,0
RGNT.US,5,20260304,183500,3.32,3.32,3.32,3.32,250,0
RGNT.US,5,20260304,194000,3.3,3.3,3.3,3.3,100,0
RGNT.US,5,20260304,195000,3.26,3.2601,3.26,3.2601,456,0
RGNT.US,5,20260304,201500,3.2,3.2,3.2,3.2,435,0
RGNT.US,5,20260304,202000,3.2,3.2,3.2,3.2,200,0
RGNT.US,5,20260304,211000,3.2284,3.2284,3.2284,3.2284,260,0
RGNT.US,5,20260304,213500,3.2471,3.2471,3.2471,3.2471,100,0
RGNT.US,5,20260305,180000,3.1,3.1,3.1,3.1,350,0
RGNT.US,5,20260305,215500,3.35,3.35,3.35,3.35,100,0
RGNT.US,5,20260306,194000,3.36,3.36,3.36,3.36,100,0
RGNT.US,5,20260310,145500,3.22,3.22,3.22,3.22,290,0
RGNT.US,5,20260310,150000,3.22,3.22,3.22,3.22,3464,0
RGNT.US,5,20260310,153000,3.225,3.225,3.225,3.225,859,0
RGNT.US,5,20260310,174000,3.245,3.245,3.245,3.245,130,0
RGNT.US,5,20260310,190000,3.35,3.35,3.35,3.35,319,0
RGNT.US,5,20260310,190500,3.35,3.35,3.35,3.35,100,0
RGNT.US,5,20260310,195000,3.35,3.35,3.35,3.35,399,0
RGNT.US,5,20260310,200000,3.3645,3.3645,3.3645,3.3645,100,0
RGNT.US,5,20260310,202000,3.35,3.35,3.35,3.35,300,0
RGNT.US,5,20260310,205500,3.3799,3.3799,3.3799,3.3799,250,0
RGNT.US,5,20260313,153000,3.275,3.275,3.275,3.275,107,0
RGNT.US,5,20260316,153500,3.268,3.268,3.268,3.268,150,0
RGNT.US,5,20260316,163000,3.275,3.275,3.275,3.275,300,0
RGNT.US,5,20260316,201500,3.1801,3.1801,3.1801,3.1801,250,0
RGNT.US,5,20260317,144000,3.2881,3.2881,3.2881,3.2881,100,0
RGNT.US,5,20260317,175500,3.3626,3.38,3.3437,3.38,2556,0
RGNT.US,5,20260317,180000,3.2119,3.38,3.2119,3.3691,876,0
RGNT.US,5,20260317,180500,3.25,3.25,3.2182,3.2182,263,0
RGNT.US,5,20260317,183000,3.21,3.21,3.21,3.21,800,0
RGNT.US,5,20260317,184000,3.2025,3.2025,3.2025,3.2025,1001,0
RGNT.US,5,20260317,191500,3.2,3.2,3.2,3.2,252,0
RGNT.US,5,20260317,193000,3.21,3.21,3.2099,3.2099,300,0
RGNT.US,5,20260317,193500,3.2098,3.2098,3.2,3.2,448,0
RGNT.US,5,20260317,202500,3.205,3.205,3.205,3.205,187,0
RGNT.US,5,20260317,204000,3.33,3.33,3.33,3.33,118,0
RGNT.US,5,20260317,204500,3.3,3.3,3.3,3.3,100,0
RGNT.US,5,20260317,205500,3.3672,3.3672,3.3672,3.3672,451,0
RGNT.US,5,20260318,200500,3.14,3.14,3.14,3.14,155,0
RGNT.US,5,20260319,170000,3.245,3.245,3.245,3.245,1700,0
RGNT.US,5,20260319,181000,3.165,3.165,3.165,3.165,700,0
RGNT.US,5,20260319,193000,3.195,3.195,3.195,3.195,150,0
RGNT.US,5,20260319,194500,3.1528,3.1528,3.1528,3.1528,100,0
RGNT.US,5,20260320,143000,3.04,3.04,3.03,3.03,492,0
RGNT.US,5,20260320,150500,3.03,3.03,3.03,3.03,200,0
RGNT.US,5,20260323,195000,2.95,3.0651,2.95,3.06,1504,0
RGNT.US,5,20260323,205500,3.0999,3.0999,3.0999,3.0999,300,0
RGNT.US,5,20260324,192000,2.93,2.93,2.93,2.93,237,0
RGNT.US,5,20260324,195500,2.93,2.93,2.91,2.91,1253,0
RGNT.US,5,20260324,201000,2.92,2.92,2.92,2.92,800,0
RGNT.US,5,20260325,144500,2.93,2.93,2.92,2.92,940,0
RGNT.US,5,20260325,155500,2.88,2.88,2.83,2.83,499,0
RGNT.US,5,20260325,164000,2.875,2.875,2.875,2.875,106,0
RGNT.US,5,20260325,174000,2.8001,2.8001,2.8001,2.8001,100,0
RGNT.US,5,20260325,191000,3,3,3,3,500,0
RGNT.US,5,20260325,193500,2.9,3.18,2.89,3.1,6904,0
RGNT.US,5,20260325,194000,3.13,3.21,3.03,3.1,1715,0
RGNT.US,5,20260325,203000,2.995,2.995,2.995,2.995,100,0
RGNT.US,5,20260326,145000,3.0006,3.075,3,3.075,1200,0
RGNT.US,5,20260326,150000,3,3,3,3,100,0
RGNT.US,5,20260326,154000,2.94,2.94,2.94,2.94,100,0
RGNT.US,5,20260326,162500,2.975,2.975,2.975,2.975,100,0
RGNT.US,5,20260326,163500,2.8055,2.975,2.8055,2.975,950,0
RGNT.US,5,20260326,164500,2.985,3.0667,2.985,3.0667,300,0
RGNT.US,5,20260326,192000,3.02,3.05,3.01,3.05,3836,0
RGNT.US,5,20260326,192500,3.03,3.05,2.99,3.05,500,0
RGNT.US,5,20260326,193000,3.05,3.05,3.05,3.05,200,0
RGNT.US,5,20260326,200000,2.9531,2.9531,2.9531,2.9531,150,0
RGNT.US,5,20260326,200500,3.04,3.04,3.04,3.04,128,0
RGNT.US,5,20260327,144500,3.1,3.25,3.1,3.11,1298,0
RGNT.US,5,20260327,145000,3.14,3.24,3.13,3.13,1571,0
RGNT.US,5,20260327,150000,3.14,3.14,3.1,3.1,1715,0
RGNT.US,5,20260327,151000,3.27,3.27,3.27,3.27,162,0
RGNT.US,5,20260327,151500,3.28,3.28,3.28,3.28,200,0
RGNT.US,5,20260327,152500,3.2,3.2,3.2,3.2,125,0
RGNT.US,5,20260327,174500,3.1,3.1,3.1,3.1,100,0
RGNT.US,5,20260327,175500,2.95,2.95,2.95,2.95,132,0
RGNT.US,5,20260327,185000,3.1492,3.1492,3.1492,3.1492,100,0
RGNT.US,5,20260330,153500,3.275,3.275,3.275,3.275,200,0
RGNT.US,5,20260330,155000,3.28,3.28,3.15,3.15,200,0
RGNT.US,5,20260330,161000,3.15,3.3,3.14,3.3,1323,0
RGNT.US,5,20260330,172000,3.1,3.1,3.1,3.1,100,0
RGNT.US,5,20260330,204000,3,3,3,3,100,0
RGNT.US,5,20260330,205500,3.02,3.02,3.02,3.02,200,0
RGNT.US,5,20260330,211000,3.02,3.02,3.02,3.02,300,0
RGNT.US,5,20260330,212000,3,3,3,3,1831,0
RGNT.US,5,20260331,154500,3.0358,3.0358,3.0358,3.0358,101,0
RGNT.US,5,20260331,164000,3.055,3.055,3.055,3.055,125,0
RGNT.US,5,20260401,191500,2.98,3,2.98,3,702,0
RGNT.US,5,20260402,155000,3.175,3.175,3.175,3.175,100,0
RGNT.US,5,20260402,163500,3.1501,3.1501,3.1501,3.1501,100,0
RGNT.US,5,20260402,214000,3.0417,3.0417,3.0417,3.0417,197,0
RGNT.US,5,20260402,214500,3.11,3.11,3.11,3.11,100,0
RGNT.US,5,20260406,164000,3.1,3.1,3.1,3.1,100,0
RGNT.US,5,20260406,165500,3.1,3.1,3.1,3.1,710,0
RGNT.US,5,20260406,182500,3.036,3.036,3.02,3.02,1796,0
RGNT.US,5,20260406,191000,3.05,3.05,3.05,3.05,100,0
RGNT.US,5,20260406,205500,3.05,3.05,3.05,3.05,1613,0
RGNT.US,5,20260407,153000,3.275,3.275,3.275,3.275,100,0
RGNT.US,5,20260407,154000,3.15,3.15,3.15,3.15,200,0
RGNT.US,5,20260407,154500,3.1,3.1,3.1,3.1,100,0
RGNT.US,5,20260407,155000,3.15,3.15,3.1,3.1,700,0
RGNT.US,5,20260407,161500,3.2,3.2,3.12,3.12,300,0
RGNT.US,5,20260407,163500,3.1,3.1,3.1,3.1,100,0
RGNT.US,5,20260409,171000,3.28,3.28,3.28,3.28,100,0
RGNT.US,5,20260409,174500,3.2845,3.2845,3.2845,3.2845,500,0
RGNT.US,5,20260409,182000,3.1,3.1,3.1,3.1,100,0
RGNT.US,5,20260409,214000,3.055,3.055,3.055,3.055,100,0
RGNT.US,5,20260410,160500,3.1,3.1,3.1,3.1,100,0
RGNT.US,5,20260410,194500,3.05,3.05,3.05,3.05,233,0
RGNT.US,5,20260410,214000,3,3.1,3,3.1,3175,0
RGNT.US,5,20260413,154000,3.25,3.375,3.2,3.2,577,0
RGNT.US,5,20260413,154500,3.15,3.15,3.15,3.15,100,0
RGNT.US,5,20260413,155000,3.14,3.14,3.14,3.14,200,0
RGNT.US,5,20260413,162500,3.17,3.17,3.17,3.17,100,0
RGNT.US,5,20260413,165500,3.13,3.13,3.13,3.13,200,0
RGNT.US,5,20260413,171500,3.15,3.15,3.15,3.15,200,0
RGNT.US,5,20260413,172500,3.11,3.11,3.11,3.11,1201,0
RGNT.US,5,20260413,173500,3.31,3.31,3.31,3.31,362,0
RGNT.US,5,20260413,211000,3.145,3.145,3.145,3.145,200,0
RGNT.US,5,20260414,155000,3.14,3.14,3.14,3.14,100,0
RGNT.US,5,20260414,170500,3.1,3.1,3.1,3.1,270,0
RGNT.US,5,20260414,180000,3.04,3.04,3.04,3.04,352,0
RGNT.US,5,20260415,154500,3.25,3.25,3.25,3.25,100,0
RGNT.US,5,20260415,160500,3.1,3.1,3.1,3.1,100,0
RGNT.US,5,20260415,165500,3.16,3.16,3.16,3.16,200,0
RGNT.US,5,20260415,201000,3.12,3.12,3.12,3.12,100,0
RGNT.US,5,20260415,214000,3.11,3.11,3.05,3.05,600,0
RGNT.US,5,20260415,214500,3.03,3.05,3.03,3.04,2800,0
RGNT.US,5,20260415,215500,3.07,3.1,3.02,3.1,300,0
RGNT.US,5,20260416,161000,3.25,3.25,3.15,3.15,1087,0
RGNT.US,5,20260416,173500,3.15,3.15,3.1,3.1,300,0
RGNT.US,5,20260416,174000,3.12,3.12,3.12,3.12,100,0
RGNT.US,5,20260416,182500,3.11,3.11,3.11,3.11,200,0
RGNT.US,5,20260416,193000,3.15,3.15,3.15,3.15,200,0
RGNT.US,5,20260416,193500,3.22,3.22,3.11,3.11,893,0
RGNT.US,5,20260416,212000,3.13,3.13,3.13,3.13,381,0
RGNT.US,5,20260416,213500,3.15,3.15,3.15,3.15,100,0
RGNT.US,5,20260416,214000,3.2,3.2,3.2,3.2,127,0
RGNT.US,5,20260417,154500,3.29,3.29,3.29,3.29,100,0
RGNT.US,5,20260417,155000,3.29,3.29,3.29,3.29,100,0
RGNT.US,5,20260417,164000,3.25,3.25,3.25,3.25,100,0
RGNT.US,5,20260417,215000,2.9501,2.9501,2.9501,2.9501,1249,0
RGNT.US,5,20260417,215500,3.05,3.05,3.05,3.05,100,0
RGNT.US,5,20260420,153500,2.963,2.963,2.963,2.963,100,0
RGNT.US,5,20260421,160000,2.95,2.97,2.95,2.95,1079,0
RGNT.US,5,20260421,171500,3,3,3,3,500,0
RGNT.US,5,20260421,211000,3.0072,3.0072,3.0072,3.0072,100,0
RGNT.US,5,20260421,211500,3,3,3,3,600,0
RGNT.US,5,20260421,215000,2.97,2.97,2.97,2.97,129,0
RGNT.US,5,20260422,163500,3.04,3.04,3,3,200,0
RGNT.US,5,20260422,192500,3,3,3,3,254,0
RGNT.US,5,20260422,200000,2.9827,2.9827,2.9827,2.9827,115,0
RGNT.US,5,20260422,201000,2.96,2.96,2.96,2.96,374,0
RGNT.US,5,20260422,213000,3.03,3.15,3.03,3.1499,6462,0
RGNT.US,5,20260422,214000,3.055,3.055,3.055,3.055,100,0
RGNT.US,5,20260423,190500,2.97,2.97,2.97,2.97,250,0
RGNT.US,5,20260423,192500,3,3,3,3,1400,0
RGNT.US,5,20260423,200500,3.08,3.08,3.08,3.08,100,0
RGNT.US,5,20260424,153000,2.73,2.73,2.73,2.73,200,0
RGNT.US,5,20260424,154000,3.11,3.11,3.11,3.11,100,0
RGNT.US,5,20260424,160000,3.18,3.18,3.18,3.18,148,0
RGNT.US,5,20260424,160500,3.13,3.13,3.13,3.13,100,0
RGNT.US,5,20260424,191500,3.12,3.12,3.12,3.12,550,0
RGNT.US,5,20260424,193500,3.12,3.12,3.12,3.12,100,0
RGNT.US,5,20260424,214000,3.07,3.07,3.07,3.07,148,0
RGNT.US,5,20260424,215500,3.09,3.09,3.09,3.09,1000,0
RGNT.US,5,20260427,162500,2.94,3.07,2.94,3.07,1156,0
RGNT.US,5,20260427,164500,3,3,3,3,1347,0
RGNT.US,5,20260427,210000,3,3,3,3,268,0
RGNT.US,5,20260427,210500,3,3,3,3,492,0
RGNT.US,5,20260427,213500,2.9601,2.9601,2.9601,2.9601,100,0
RGNT.US,5,20260427,215500,3,3,3,3,100,0
RGNT.US,5,20260428,161000,3.08,3.08,3.05,3.05,300,0
RGNT.US,5,20260428,161500,3.14,3.14,3.14,3.14,442,0
RGNT.US,5,20260428,162500,3.1,3.1,3.1,3.1,200,0
RGNT.US,5,20260428,164000,3.05,3.05,3.05,3.05,100,0
RGNT.US,5,20260428,190000,3.01,3.01,3.01,3.01,116,0
RGNT.US,5,20260428,213500,3,3,3,3,100,0
RGNT.US,5,20260429,160000,2.9302,2.9302,2.9302,2.9302,2000,0
RGNT.US,5,20260429,161000,2.9302,2.9309,2.9302,2.9309,200,0
RGNT.US,5,20260429,181000,2.95,2.95,2.9,2.91,1000,0
RGNT.US,5,20260429,192000,2.86,2.94,2.85,2.94,1608,0
RGNT.US,5,20260429,194000,2.9,2.9,2.9,2.9,100,0
RGNT.US,5,20260429,203000,2.85,2.85,2.85,2.85,2075,0
RGNT.US,5,20260429,203500,2.93,2.93,2.93,2.93,228,0
RGNT.US,5,20260430,153500,2.94,2.94,2.91,2.91,619,0
RGNT.US,5,20260430,162000,2.9,2.9,2.9,2.9,300,0
RGNT.US,5,20260430,162500,2.9,2.9,2.9,2.9,100,0
RGNT.US,5,20260430,191000,2.9,2.9,2.9,2.9,159,0
RGNT.US,5,20260430,194000,2.9524,2.9524,2.9524,2.9524,100,0
RGNT.US,5,20260430,195000,2.91,2.91,2.91,2.91,200,0
RGNT.US,5,20260501,162000,2.7132,2.7132,2.7132,2.7132,100,0
RGNT.US,5,20260501,173500,2.75,2.75,2.75,2.75,687,0
RGNT.US,5,20260501,175000,2.75,2.75,2.75,2.75,163,0
RGNT.US,5,20260501,185500,2.75,2.75,2.75,2.75,200,0
RGNT.US,5,20260501,201500,2.88,2.88,2.88,2.88,100,0
RGNT.US,5,20260501,205500,2.7977,2.7977,2.7977,2.7977,100,0
RGNT.US,5,20260501,210000,2.72,2.72,2.6999,2.6999,1228,0
RGNT.US,5,20260501,210500,2.88,2.88,2.88,2.88,100,0
RGNT.US,5,20260501,213500,2.88,2.88,2.87,2.87,400,0
RGNT.US,5,20260501,215000,2.87,2.87,2.87,2.87,200,0
RGNT.US,5,20260504,153000,2.4,2.84,2.4,2.748,2122,0
RGNT.US,5,20260504,160500,2.54,2.6,2.54,2.6,3933,0
RGNT.US,5,20260504,161000,2.7,2.7,2.7,2.7,100,0
RGNT.US,5,20260504,162000,2.65,2.65,2.65,2.65,100,0
RGNT.US,5,20260504,162500,2.5,2.5,2.39,2.39,2930,0
RGNT.US,5,20260504,163000,2.55,2.55,2.55,2.55,300,0
RGNT.US,5,20260504,164000,2.4,2.4,2.4,2.4,100,0
RGNT.US,5,20260504,164500,2.3996,2.3996,2.3996,2.3996,300,0
RGNT.US,5,20260504,165000,2.38,2.38,2.38,2.38,115,0
RGNT.US,5,20260504,170000,2.4,2.4,2.3999,2.4,1552,0
RGNT.US,5,20260504,174000,2.3998,2.3999,2.3998,2.3999,600,0
RGNT.US,5,20260504,175000,2.3999,2.3999,2.3999,2.3999,511,0
RGNT.US,5,20260504,181500,2.4,2.4,2.3949,2.3965,1900,0
RGNT.US,5,20260504,182000,2.39,2.39,2.39,2.39,300,0
RGNT.US,5,20260504,190000,2.395,2.395,2.395,2.395,100,0
RGNT.US,5,20260504,203500,2.4,2.4,2.3999,2.3999,2682,0
RGNT.US,5,20260504,210500,2.4,2.4,2.4,2.4,1100,0
RGNT.US,5,20260504,212500,2.4,2.4,2.4,2.4,1000,0
RGNT.US,5,20260504,214000,2.52,2.52,2.52,2.52,1000,0
RGNT.US,5,20260504,215000,2.63,2.65,2.63,2.64,2439,0
RGNT.US,5,20260504,215500,2.64,2.65,2.55,2.55,1300,0
RGNT.US,5,20260505,153000,2.5,2.5,2.5,2.5,250,0
RGNT.US,5,20260505,154000,2.47,2.51,2.46,2.46,496,0
RGNT.US,5,20260505,154500,2.4001,2.4001,2.4001,2.4001,2500,0
RGNT.US,5,20260505,155000,2.4,2.4,2.4,2.4,139,0
RGNT.US,5,20260505,160000,2.41,2.41,2.41,2.41,100,0
RGNT.US,5,20260505,161500,2.48,2.4899,2.48,2.4899,860,0
RGNT.US,5,20260505,162000,2.47,2.575,2.47,2.575,1232,0
RGNT.US,5,20260505,165500,2.49,2.49,2.49,2.49,100,0
RGNT.US,5,20260505,171500,2.4933,2.4933,2.4933,2.4933,200,0
RGNT.US,5,20260505,172000,2.4899,2.4899,2.4899,2.4899,150,0
RGNT.US,5,20260505,173500,2.4001,2.4001,2.4001,2.4001,250,0
RGNT.US,5,20260505,174000,2.49,2.49,2.4129,2.4129,1300,0
RGNT.US,5,20260505,174500,2.45,2.45,2.45,2.45,100,0
RGNT.US,5,20260505,190500,2.42,2.44,2.42,2.44,222,0
RGNT.US,5,20260505,191000,2.49,2.5,2.4401,2.47,3500,0
RGNT.US,5,20260505,192000,2.45,2.45,2.45,2.45,100,0
RGNT.US,5,20260505,195500,2.44,2.44,2.44,2.44,602,0
RGNT.US,5,20260505,204000,2.4959,2.4959,2.4959,2.4959,100,0
RGNT.US,5,20260505,205000,2.4959,2.4959,2.4959,2.4959,100,0
RGNT.US,5,20260505,214000,2.45,2.45,2.45,2.45,185,0
RGNT.US,5,20260505,214500,2.4983,2.4983,2.4983,2.4983,817,0
RGNT.US,5,20260505,215500,2.41,2.45,2.41,2.45,300,0
RGNT.US,5,20260506,153000,2.44,2.45,2.42,2.45,1432,0
RGNT.US,5,20260506,154000,2.3447,2.3447,2.3447,2.3447,140,0
RGNT.US,5,20260506,162500,2.34,2.42,2.2601,2.42,5259,0
RGNT.US,5,20260506,170000,2.4061,2.4061,2.4061,2.4061,150,0
RGNT.US,5,20260506,171500,2.35,2.35,2.35,2.35,200,0
RGNT.US,5,20260506,185500,2.3259,2.3259,2.27,2.27,1000,0
RGNT.US,5,20260506,190000,2.2837,2.2906,2.2462,2.2462,2356,0
RGNT.US,5,20260506,190500,2.3499,2.3499,2.3499,2.3499,1000,0
RGNT.US,5,20260506,191500,2.24,2.24,2.24,2.24,1500,0
RGNT.US,5,20260506,192000,2.24,2.24,2.24,2.24,380,0
RGNT.US,5,20260506,192500,2.24,2.24,2.24,2.24,1000,0
RGNT.US,5,20260506,193000,2.2596,2.2596,2.2596,2.2596,214,0
RGNT.US,5,20260506,194500,2.257,2.266,2.25,2.26,2800,0
RGNT.US,5,20260506,202500,2.21,2.22,2.21,2.22,250,0
RGNT.US,5,20260506,210000,2.285,2.285,2.285,2.285,100,0
RGNT.US,5,20260506,212500,2.35,2.35,2.35,2.35,962,0
RGNT.US,5,20260506,213000,2.31,2.31,2.3,2.3,700,0
RGNT.US,5,20260506,213500,2.388,2.388,2.388,2.388,255,0
RGNT.US,5,20260506,214000,2.38,2.38,2.23,2.23,955,0
RGNT.US,5,20260506,215500,2.37,2.37,2.37,2.37,200,0
RGNT.US,5,20260507,191000,2.28,2.28,2.28,2.28,100,0
RGNT.US,5,20260507,193000,2.33,2.33,2.33,2.33,4238,0
RGNT.US,5,20260507,205500,2.32,2.32,2.32,2.32,600,0
RGNT.US,5,20260507,214500,2.28,2.28,2.28,2.28,195,0
RGNT.US,5,20260508,153000,2.2801,2.2801,2.2801,2.2801,263,0
RGNT.US,5,20260508,154500,2.28,2.28,2.28,2.28,100,0
RGNT.US,5,20260508,155500,2.2,2.2,2.2,2.2,484,0
RGNT.US,5,20260508,162000,2.2,2.2,2.2,2.2,600,0
RGNT.US,5,20260508,180000,2.13,2.13,2.13,2.13,102,0
RGNT.US,5,20260508,182000,2.2799,2.2799,2.2799,2.2799,100,0
RGNT.US,5,20260508,193000,2.19,2.19,2.19,2.19,100,0
RGNT.US,5,20260508,193500,2.15,2.2799,2.15,2.2799,200,0
RGNT.US,5,20260508,203500,2.2099,2.2099,2.2099,2.2099,1000,0
RGNT.US,5,20260508,205500,2.03,2.03,2.01,2.01,1253,0
RGNT.US,5,20260508,210000,2.25,2.25,2.21,2.21,504,0
RGNT.US,5,20260508,210500,2.21,2.21,2.21,2.21,102,0
RGNT.US,5,20260508,212500,2.23,2.23,2.21,2.21,1400,0
RGNT.US,5,20260508,213500,2.35,2.35,2.35,2.35,359,0
RGNT.US,5,20260508,215500,2.22,2.22,2.22,2.22,200,0
RGNT.US,5,20260511,170000,2.0777,2.1899,2.0777,2.1899,2000,0
RGNT.US,5,20260511,180500,2.14,2.14,2.14,2.14,595,0
RGNT.US,5,20260511,184500,2.1,2.1,2.1,2.1,200,0
RGNT.US,5,20260511,185000,2.15,2.15,2.15,2.15,102,0
RGNT.US,5,20260511,191000,2.13,2.13,2.13,2.13,163,0
RGNT.US,5,20260511,193000,2.11,2.11,2.11,2.11,202,0
RGNT.US,5,20260511,193500,2.14,2.19,2.14,2.15,636,0
RGNT.US,5,20260511,194000,2.12,2.12,2.12,2.12,102,0
RGNT.US,5,20260511,210000,2.14,2.14,2.12,2.12,596,0
RGNT.US,5,20260511,211000,2.12,2.12,2.12,2.12,106,0
RGNT.US,5,20260511,213500,2.1762,2.1762,2.1762,2.1762,140,0
RGNT.US,5,20260512,160500,2.11,2.1515,2.11,2.1515,210,0
RGNT.US,5,20260512,161000,2.11,2.1101,2.11,2.1101,1396,0
RGNT.US,5,20260512,190000,2.24,2.24,2.24,2.24,200,0
RGNT.US,5,20260512,195000,2.16,2.16,2.16,2.16,158,0
RGNT.US,5,20260512,204500,2.1,2.1,2.0816,2.0816,476,0
RGNT.US,5,20260512,213500,2.08,2.08,2.08,2.08,200,0
RGNT.US,5,20260512,214500,2.1396,2.1396,2.1396,2.1396,209,0
RGNT.US,5,20260513,153500,2.02,2.02,2.02,2.02,463,0
RGNT.US,5,20260513,200000,2.03,2.03,2.03,2.03,301,0
RGNT.US,5,20260513,204000,2.09,2.09,2.055,2.055,1700,0
RGNT.US,5,20260514,162500,2.1209,2.1209,2.1209,2.1209,500,0
RGNT.US,5,20260514,170000,2.04,2.0499,2.025,2.0499,1000,0
RGNT.US,5,20260514,174000,2.025,2.025,2.025,2.025,200,0
RGNT.US,5,20260514,184000,2.0462,2.0462,2.0462,2.0462,1000,0
RGNT.US,5,20260514,192000,2.05,2.05,2.05,2.05,990,0
RGNT.US,5,20260514,215500,2.05,2.05,2.05,2.05,300,0
RGNT.US,5,20260515,153000,1.99,1.99,1.99,1.99,100,0
RGNT.US,5,20260515,154000,1.98,1.98,1.98,1.98,300,0
RGNT.US,5,20260515,155000,1.98,2,1.98,2,1442,0
RGNT.US,5,20260515,163500,1.99,1.99,1.99,1.99,1250,0
RGNT.US,5,20260515,190500,2.0517,2.0517,2.0517,2.0517,100,0
RGNT.US,5,20260515,192000,1.992,1.992,1.992,1.992,953,0
RGNT.US,5,20260515,214500,2.1485,2.1485,2.1485,2.1485,101,0
RGNT.US,5,20260518,153500,2.0362,2.0362,1.98,1.9801,2868,0
RGNT.US,5,20260518,154000,1.9809,1.9809,1.9809,1.9809,280,0
RGNT.US,5,20260518,154500,1.98,1.98,1.98,1.98,205,0
RGNT.US,5,20260518,170500,1.99,1.99,1.99,1.99,750,0
RGNT.US,5,20260518,175000,1.99,1.99,1.99,1.99,100,0
RGNT.US,5,20260518,185000,1.985,1.985,1.985,1.985,100,0
RGNT.US,5,20260518,205500,1.98,1.98,1.98,1.98,2114,0
RGNT.US,5,20260518,213500,1.95,1.95,1.93,1.93,586,0
RGNT.US,5,20260519,153500,1.93,1.93,1.93,1.93,100,0
RGNT.US,5,20260519,155000,1.93,1.9301,1.93,1.9301,1226,0
RGNT.US,5,20260519,155500,1.93,1.93,1.93,1.93,100,0
RGNT.US,5,20260519,160000,1.935,1.935,1.935,1.935,100,0
RGNT.US,5,20260519,160500,1.9301,1.9301,1.9301,1.9301,100,0
RGNT.US,5,20260519,161500,1.9301,1.9301,1.9301,1.9301,100,0
RGNT.US,5,20260519,162000,1.9301,1.9301,1.9301,1.9301,100,0
RGNT.US,5,20260519,163000,1.9301,1.9301,1.9301,1.9301,100,0
RGNT.US,5,20260519,164000,1.9301,1.9301,1.9301,1.9301,100,0
RGNT.US,5,20260519,165000,1.93,1.9301,1.93,1.9301,300,0
RGNT.US,5,20260519,170000,1.9301,1.9301,1.9301,1.9301,100,0
RGNT.US,5,20260519,170500,1.9301,1.9301,1.9301,1.9301,100,0
RGNT.US,5,20260519,171500,1.9301,1.9301,1.9301,1.9301,100,0
RGNT.US,5,20260519,172500,1.9301,1.9301,1.9301,1.9301,100,0
RGNT.US,5,20260519,173500,1.9301,1.9306,1.9301,1.9306,200,0
RGNT.US,5,20260519,174000,1.9301,1.9301,1.9301,1.9301,100,0
RGNT.US,5,20260519,175000,1.93,1.9301,1.93,1.9301,300,0
RGNT.US,5,20260519,180000,1.9301,1.9301,1.9301,1.9301,100,0
RGNT.US,5,20260519,181000,1.9301,1.9301,1.9301,1.9301,100,0
RGNT.US,5,20260519,182000,1.9301,1.9301,1.9301,1.9301,100,0
RGNT.US,5,20260519,183000,1.9301,1.9301,1.9301,1.9301,100,0
RGNT.US,5,20260519,184000,1.9301,1.9301,1.9301,1.9301,100,0
RGNT.US,5,20260519,184500,1.9305,1.9305,1.9305,1.9305,100,0
RGNT.US,5,20260519,185000,1.93,1.9301,1.93,1.9301,300,0
RGNT.US,5,20260519,190000,1.9301,1.9301,1.9301,1.9301,100,0
RGNT.US,5,20260519,191000,1.9301,1.9301,1.9301,1.9301,100,0
RGNT.US,5,20260519,192000,1.9301,1.9301,1.9301,1.9301,100,0
RGNT.US,5,20260519,193000,1.9301,1.9301,1.9301,1.9301,100,0
RGNT.US,5,20260519,194000,1.9301,1.9301,1.9301,1.9301,100,0
RGNT.US,5,20260519,195000,1.93,1.93,1.93,1.93,145,0
RGNT.US,5,20260519,195500,1.9301,1.9301,1.9301,1.9301,100,0
RGNT.US,5,20260519,200500,1.9301,1.9301,1.9301,1.9301,100,0
RGNT.US,5,20260519,201500,1.9301,1.9301,1.9301,1.9301,100,0
RGNT.US,5,20260519,202000,1.93,1.93,1.93,1.93,200,0
RGNT.US,5,20260519,202500,1.9101,1.9101,1.9101,1.9101,100,0
RGNT.US,5,20260519,203500,1.9101,1.9101,1.9101,1.9101,100,0
RGNT.US,5,20260519,204500,1.9101,1.9101,1.9101,1.9101,100,0
RGNT.US,5,20260519,205000,1.91,1.9101,1.91,1.9101,300,0
RGNT.US,5,20260519,210000,1.9101,1.9101,1.9101,1.9101,100,0
RGNT.US,5,20260519,211000,1.9101,1.9101,1.9101,1.9101,100,0
RGNT.US,5,20260519,211500,1.9101,1.9101,1.9101,1.9101,100,0
RGNT.US,5,20260519,212000,1.9101,1.9101,1.9101,1.9101,100,0
RGNT.US,5,20260519,213000,1.9101,1.9101,1.9101,1.9101,100,0
RGNT.US,5,20260519,213500,1.9101,1.9101,1.9101,1.9101,100,0
RGNT.US,5,20260519,214000,1.9276,1.9278,1.9101,1.9278,1300,0
RGNT.US,5,20260519,214500,1.9101,1.9101,1.9101,1.9101,100,0
RGNT.US,5,20260519,215000,1.9101,1.9101,1.91,1.91,300,0
RGNT.US,5,20260519,215500,1.9101,1.9101,1.8201,1.8651,5230,0
RGNT.US,5,20260520,153000,1.89,1.89,1.89,1.89,113,0
RGNT.US,5,20260520,153500,1.89,1.89,1.875,1.89,790,0
RGNT.US,5,20260520,154000,1.9,1.98,1.8999,1.9732,2280,0
RGNT.US,5,20260520,154500,2.04,2.04,2.04,2.04,106,0
RGNT.US,5,20260520,155000,2.16,2.6087,2.03,2.175,25639,0
RGNT.US,5,20260520,155500,2.28,2.28,2.17,2.28,11375,0
RGNT.US,5,20260520,160000,2.27,2.5,2.265,2.47,36939,0
RGNT.US,5,20260520,160500,2.47,2.47,2.1201,2.29,14850,0
RGNT.US,5,20260520,161000,2.29,2.29,2.2001,2.25,7479,0
RGNT.US,5,20260520,161500,2.29,2.29,2.2499,2.2551,2546,0
RGNT.US,5,20260520,162000,2.2468,2.3,2.23,2.2999,15199,0
RGNT.US,5,20260520,162500,2.2891,2.3,2.242,2.242,908,0
RGNT.US,5,20260520,163000,2.2669,2.29,2.23,2.23,1849,0
RGNT.US,5,20260520,163500,2.23,2.25,2.23,2.24,5964,0
RGNT.US,5,20260520,164000,2.24,2.25,2.2,2.23,6844,0
RGNT.US,5,20260520,164500,2.225,2.23,2.2201,2.23,2200,0
RGNT.US,5,20260520,165000,2.2,2.25,2.2,2.25,1600,0
RGNT.US,5,20260520,165500,2.25,2.43,2.25,2.43,6849,0
RGNT.US,5,20260520,170000,2.41,2.4299,2.32,2.32,1534,0
RGNT.US,5,20260520,170500,2.32,2.32,2.32,2.32,220,0
RGNT.US,5,20260520,171000,2.295,2.33,2.295,2.33,200,0
RGNT.US,5,20260520,171500,2.35,2.35,2.32,2.3241,3586,0
RGNT.US,5,20260520,172000,2.3201,2.35,2.32,2.32,1573,0
RGNT.US,5,20260520,172500,2.32,2.32,2.285,2.285,1450,0
RGNT.US,5,20260520,173000,2.32,2.32,2.31,2.31,200,0
RGNT.US,5,20260520,173500,2.31,2.31,2.31,2.31,218,0
RGNT.US,5,20260520,174000,2.26,2.32,2.25,2.32,2100,0
RGNT.US,5,20260520,174500,2.32,2.32,2.31,2.31,300,0
RGNT.US,5,20260520,175000,2.32,2.32,2.2681,2.32,1400,0
RGNT.US,5,20260520,175500,2.32,2.4599,2.27,2.34,7256,0
RGNT.US,5,20260520,180000,2.33,2.44,2.2222,2.2222,3411,0
RGNT.US,5,20260520,180500,2.345,2.345,2.345,2.345,714,0
RGNT.US,5,20260520,182500,2.2282,2.29,2.2282,2.26,1193,0
RGNT.US,5,20260520,183000,2.256,2.28,2.256,2.28,304,0
RGNT.US,5,20260520,183500,2.325,2.325,2.325,2.325,296,0
RGNT.US,5,20260520,184000,2.224,2.25,2.224,2.25,218,0
RGNT.US,5,20260520,184500,2.26,2.26,2.26,2.26,100,0
RGNT.US,5,20260520,185000,2.325,2.325,2.325,2.325,200,0
RGNT.US,5,20260520,190000,2.31,2.3813,2.31,2.3813,1369,0
RGNT.US,5,20260520,190500,2.325,2.43,2.325,2.43,350,0
RGNT.US,5,20260520,191000,2.3652,2.42,2.3652,2.42,676,0
RGNT.US,5,20260520,191500,2.33,2.34,2.22,2.22,576,0
RGNT.US,5,20260520,194500,2.4,2.42,2.33,2.39,4247,0
RGNT.US,5,20260520,195000,2.388,2.388,2.38,2.38,220,0
RGNT.US,5,20260520,195500,2.31,2.31,2.31,2.31,100,0
RGNT.US,5,20260520,200000,2.2675,2.2675,2.2675,2.2675,858,0
RGNT.US,5,20260520,200500,2.379,2.38,2.315,2.36,1402,0
RGNT.US,5,20260520,201000,2.34,2.3499,2.12,2.27,15186,0
RGNT.US,5,20260520,201500,2.2,2.21,2.12,2.12,4007,0
RGNT.US,5,20260520,203000,2.1343,2.1343,2.1343,2.1343,1000,0
RGNT.US,5,20260520,203500,2.21,2.21,2.13,2.13,200,0
RGNT.US,5,20260520,204000,2.13,2.37,2.13,2.37,421,0
RGNT.US,5,20260520,204500,2.28,2.28,2.28,2.28,2500,0
RGNT.US,5,20260520,210500,2.264,2.264,2.235,2.235,1854,0
RGNT.US,5,20260520,211000,2.235,2.235,2.235,2.235,1436,0
RGNT.US,5,20260520,211500,2.2205,2.2205,2.2205,2.2205,4400,0
RGNT.US,5,20260520,213500,2.1936,2.205,2.19,2.2,600,0
RGNT.US,5,20260520,214000,2.1989,2.1989,2.1989,2.1989,100,0
RGNT.US,5,20260520,215000,2.19,2.25,2.19,2.25,5708,0
RGNT.US,5,20260520,215500,2.28,2.3,2.28,2.28,1880,0
RGNT.US,5,20260521,153000,2.16,2.42,2.16,2.42,6099,0
RGNT.US,5,20260521,153500,2.42,2.5,2.42,2.5,3611,0
RGNT.US,5,20260521,154000,2.55,2.615,2.4802,2.55,3423,0
RGNT.US,5,20260521,154500,2.5088,2.56,2.5088,2.55,2204,0
RGNT.US,5,20260521,160000,2.57,2.57,2.5531,2.5531,213,0
RGNT.US,5,20260521,160500,2.55,2.55,2.55,2.55,400,0
RGNT.US,5,20260521,161000,2.5499,2.5499,2.5085,2.5085,850,0
RGNT.US,5,20260521,162000,2.5,2.5,2.5,2.5,1127,0
RGNT.US,5,20260521,162500,2.5,2.5,2.47,2.47,1299,0
RGNT.US,5,20260521,163000,2.485,2.485,2.485,2.485,177,0
RGNT.US,5,20260521,163500,2.47,2.4704,2.47,2.4704,200,0
RGNT.US,5,20260521,164500,2.47,2.4701,2.39,2.39,4277,0
RGNT.US,5,20260521,165500,2.3501,2.3501,2.3501,2.3501,200,0
RGNT.US,5,20260521,170500,2.37,2.37,2.37,2.37,1000,0
RGNT.US,5,20260521,172000,2.35,2.35,2.3,2.3,800,0
RGNT.US,5,20260521,172500,2.3,2.3,2.3,2.3,200,0
RGNT.US,5,20260521,174500,2.24,2.24,2.2301,2.2301,945,0
RGNT.US,5,20260521,181500,2.23,2.235,2.23,2.2349,13118,0
RGNT.US,5,20260521,183500,2.23,2.23,2.15,2.15,7642,0
RGNT.US,5,20260521,192000,2.15,2.166,2.1,2.1,4904,0
RGNT.US,5,20260521,194000,2.1499,2.1499,2.1499,2.1499,400,0
RGNT.US,5,20260521,194500,2.12,2.12,2.12,2.12,400,0
RGNT.US,5,20260521,195000,2.105,2.12,2.105,2.12,1100,0
RGNT.US,5,20260521,214500,2.13,2.13,2.1,2.1299,2184,0
RGNT.US,5,20260521,215500,2.105,2.15,2.06,2.15,5857,0
RGNT.US,5,20260522,153000,2.14,2.14,2.14,2.14,100,0
RGNT.US,5,20260522,153500,2.2238,2.2238,2.05,2.05,2700,0
RGNT.US,5,20260522,160500,2.095,2.095,2.095,2.095,2000,0
RGNT.US,5,20260522,161500,2.07,2.07,2.07,2.07,100,0
RGNT.US,5,20260522,164000,2.02,2.06,1.97,1.97,1601,0
RGNT.US,5,20260522,173500,2.01,2.016,1.93,2.016,1297,0
RGNT.US,5,20260522,192000,2.03,2.03,2.03,2.03,100,0
RGNT.US,5,20260522,212000,2.1443,2.1443,2.1443,2.1443,100,0
RGNT.US,5,20260522,215000,2.2,2.2,2.2,2.2,288,0
RGNT.US,5,20260522,215500,2.21,2.21,2.21,2.21,100,0
RGNT.US,5,20260526,154500,2.1,2.1,2.1,2.1,165,0
RGNT.US,5,20260526,161500,2,2,1.98,1.98,2000,0
RGNT.US,5,20260526,164500,1.99,2.125,1.99,2.125,5131,0
RGNT.US,5,20260526,170000,2.12,2.12,2.12,2.12,100,0
RGNT.US,5,20260526,174000,2.07,2.07,2.03,2.03,686,0
RGNT.US,5,20260526,184000,2.05,2.05,2.05,2.05,1400,0
RGNT.US,5,20260526,185500,2.06,2.06,1.9516,1.9516,779,0
RGNT.US,5,20260526,205500,2.1561,2.18,2.1561,2.18,300,0
RGNT.US,5,20260526,210500,2.0207,2.0207,2.0207,2.0207,100,0
RGNT.US,5,20260526,211500,2.095,2.095,2.095,2.095,1000,0
RGNT.US,5,20260526,215500,2.14,2.16,2.14,2.16,229,0
RGNT.US,5,20260527,160000,2.1,2.1,2.1,2.1,100,0
RGNT.US,5,20260527,160500,2.1,2.1,2.1,2.1,100,0
RGNT.US,5,20260527,161500,2.1,2.11,2.1,2.11,200,0
RGNT.US,5,20260527,162000,2.1699,2.1699,2.16,2.16,1300,0
RGNT.US,5,20260527,162500,2.03,2.075,1.9777,1.9788,6150,0
RGNT.US,5,20260527,163000,1.97,1.97,1.95,1.95,216,0
RGNT.US,5,20260527,163500,1.98,1.99,1.975,1.975,6000,0
RGNT.US,5,20260527,164500,2,2,2,2,1000,0
RGNT.US,5,20260527,165500,1.975,1.975,1.975,1.975,100,0
RGNT.US,5,20260527,174000,1.975,1.975,1.975,1.975,800,0
RGNT.US,5,20260527,182500,1.98,1.98,1.98,1.98,300,0
RGNT.US,5,20260527,184500,1.96,1.96,1.96,1.96,116,0
RGNT.US,5,20260527,194000,1.99,1.99,1.99,1.99,173,0
RGNT.US,5,20260527,215500,1.97,1.97,1.96,1.96,300,0
RGNT.US,5,20260528,153000,1.95,1.95,1.95,1.95,101,0
RGNT.US,5,20260528,153500,1.95,1.98,1.94,1.94,414,0
RGNT.US,5,20260528,155500,1.89,1.89,1.89,1.89,747,0
RGNT.US,5,20260528,160000,1.89,1.89,1.89,1.89,200,0
RGNT.US,5,20260528,160500,1.945,2.015,1.945,2.015,487,0
RGNT.US,5,20260528,161000,2.015,2.015,2.015,2.015,123,0
RGNT.US,5,20260528,170000,1.935,1.98,1.935,1.98,746,0
RGNT.US,5,20260528,180000,1.89,1.92,1.89,1.92,500,0
RGNT.US,5,20260528,182000,1.9,1.9,1.8913,1.8913,923,0
RGNT.US,5,20260528,191000,1.9732,1.9732,1.9732,1.9732,100,0
RGNT.US,5,20260528,193500,1.92,1.92,1.92,1.92,316,0
RGNT.US,5,20260528,195500,1.925,1.925,1.9,1.9,970,0
RGNT.US,5,20260528,203500,1.965,1.965,1.965,1.965,400,0
RGNT.US,5,20260528,205500,1.965,1.965,1.965,1.965,100,0
RGNT.US,5,20260528,211000,1.91,1.91,1.91,1.91,100,0
RGNT.US,5,20260528,211500,1.91,1.91,1.91,1.91,200,0
RGNT.US,5,20260528,212000,1.91,1.91,1.91,1.91,300,0
RGNT.US,5,20260528,212500,1.975,1.975,1.93,1.93,300,0
RGNT.US,5,20260528,213000,1.95,1.97,1.91,1.91,750,0
RGNT.US,5,20260528,213500,1.91,1.92,1.91,1.91,500,0
RGNT.US,5,20260528,214000,1.91,1.93,1.91,1.91,842,0
RGNT.US,5,20260528,214500,1.955,1.955,1.9,1.9,2600,0
RGNT.US,5,20260528,215000,1.9,1.9,1.87,1.87,700,0
RGNT.US,5,20260528,215500,1.87,1.98,1.87,1.98,2937,0
RGNT.US,5,20260529,160000,1.925,1.925,1.87,1.925,2034,0
RGNT.US,5,20260529,161000,1.885,1.885,1.885,1.885,500,0
RGNT.US,5,20260529,161500,1.88,1.88,1.84,1.84,300,0
RGNT.US,5,20260529,162000,1.83,1.83,1.82,1.82,508,0
RGNT.US,5,20260529,162500,1.8,1.8,1.8,1.8,250,0
RGNT.US,5,20260529,163000,1.86,1.86,1.85,1.85,200,0
RGNT.US,5,20260529,164500,1.82,1.86,1.81,1.85,800,0
RGNT.US,5,20260529,171000,1.85,1.85,1.83,1.83,300,0
RGNT.US,5,20260529,182000,1.84,1.85,1.84,1.85,1700,0
RGNT.US,5,20260529,183000,1.86,1.89,1.86,1.89,1500,0
RGNT.US,5,20260529,185000,1.85,1.85,1.85,1.85,100,0
RGNT.US,5,20260529,193500,1.87,1.87,1.87,1.87,250,0
RGNT.US,5,20260529,194500,1.89,1.9299,1.89,1.9299,850,0
RGNT.US,5,20260529,200500,1.8703,1.8703,1.8703,1.8703,500,0
RGNT.US,5,20260529,214000,1.88,1.89,1.88,1.89,350,0
RGNT.US,5,20260529,215000,1.86,1.86,1.86,1.86,100,0
RGNT.US,5,20260529,215500,1.85,1.86,1.85,1.86,456,0
RGNT.US,5,20260601,153000,1.85,1.85,1.85,1.85,180,0
RGNT.US,5,20260601,155000,1.8497,1.8497,1.8497,1.8497,100,0
RGNT.US,5,20260601,161500,1.78,1.78,1.78,1.78,100,0
RGNT.US,5,20260601,162000,1.78,1.78,1.78,1.78,400,0
RGNT.US,5,20260601,162500,1.81,1.81,1.81,1.81,100,0
RGNT.US,5,20260601,164000,1.72,1.72,1.5351,1.605,1684,0
RGNT.US,5,20260601,180000,1.6,1.6,1.6,1.6,300,0
RGNT.US,5,20260601,182000,1.6402,1.67,1.6402,1.65,550,0
RGNT.US,5,20260601,184500,1.67,1.67,1.67,1.67,350,0
RGNT.US,5,20260601,190000,1.7,1.7,1.69,1.69,694,0
RGNT.US,5,20260601,190500,1.6967,1.6967,1.6967,1.6967,250,0
RGNT.US,5,20260601,203500,1.69,1.69,1.69,1.69,400,0
RGNT.US,5,20260601,210000,1.685,1.685,1.685,1.685,200,0
RGNT.US,5,20260601,213000,1.66,1.66,1.63,1.63,1124,0
RGNT.US,5,20260601,213500,1.63,1.63,1.63,1.63,200,0
RGNT.US,5,20260601,214000,1.64,1.64,1.64,1.64,150,0
RGNT.US,5,20260601,214500,1.65,1.65,1.63,1.639,910,0
RGNT.US,5,20260601,215500,1.64,1.64,1.63,1.63,600,0
RGNT.US,5,20260602,153000,1.6,1.6,1.6,1.6,210,0
RGNT.US,5,20260602,154000,1.705,1.705,1.705,1.705,856,0
RGNT.US,5,20260602,162000,1.64,1.64,1.64,1.64,204,0
RGNT.US,5,20260602,163500,1.65,1.68,1.65,1.67,2328,0
RGNT.US,5,20260602,172000,1.6766,1.6766,1.6766,1.6766,500,0
RGNT.US,5,20260602,173500,1.64,1.64,1.64,1.64,572,0
RGNT.US,5,20260602,181500,1.6999,1.6999,1.6999,1.6999,100,0
RGNT.US,5,20260602,185500,1.66,1.66,1.66,1.66,100,0
RGNT.US,5,20260602,194500,1.675,1.675,1.675,1.675,1500,0
RGNT.US,5,20260602,200500,1.6883,1.6883,1.6883,1.6883,178,0
RGNT.US,5,20260602,211000,1.68,1.68,1.68,1.68,100,0
RGNT.US,5,20260602,213500,1.7,1.7,1.67,1.67,733,0
RGNT.US,5,20260602,214500,1.69,1.7,1.67,1.69,2045,0
RGNT.US,5,20260602,215000,1.69,1.69,1.675,1.69,514,0
RGNT.US,5,20260602,215500,1.6936,1.7,1.66,1.66,1620,0
RGNT.US,5,20260603,153000,1.66,1.69,1.66,1.66,756,0
RGNT.US,5,20260603,153500,1.69,1.69,1.69,1.69,500,0
RGNT.US,5,20260603,154500,1.68,1.69,1.68,1.69,500,0
RGNT.US,5,20260603,155000,1.69,1.72,1.69,1.72,300,0
RGNT.US,5,20260603,155500,1.72,1.72,1.71,1.71,412,0
RGNT.US,5,20260603,160000,1.72,1.72,1.72,1.72,695,0
RGNT.US,5,20260603,160500,1.78,1.78,1.78,1.78,384,0
RGNT.US,5,20260603,161000,1.78,1.78,1.78,1.78,312,0
RGNT.US,5,20260603,161500,1.78,1.78,1.77,1.77,364,0
RGNT.US,5,20260603,162000,1.78,1.78,1.77,1.78,900,0
RGNT.US,5,20260603,163000,1.76,1.77,1.76,1.77,734,0
RGNT.US,5,20260603,163500,1.75,1.75,1.715,1.715,200,0
RGNT.US,5,20260603,164000,1.75,1.75,1.75,1.75,752,0
RGNT.US,5,20260603,165000,1.75,1.75,1.75,1.75,352,0
RGNT.US,5,20260603,170000,1.75,1.75,1.72,1.75,683,0
RGNT.US,5,20260603,171000,1.75,1.75,1.75,1.75,885,0
RGNT.US,5,20260603,171500,1.715,1.715,1.715,1.715,100,0
RGNT.US,5,20260603,172000,1.75,1.75,1.75,1.75,400,0
RGNT.US,5,20260603,172500,1.75,1.75,1.75,1.75,400,0
RGNT.US,5,20260603,173000,1.75,1.75,1.75,1.75,300,0
RGNT.US,5,20260603,173500,1.75,1.75,1.75,1.75,396,0
RGNT.US,5,20260603,174000,1.75,1.75,1.75,1.75,255,0
RGNT.US,5,20260603,174500,1.73,1.78,1.73,1.77,800,0
RGNT.US,5,20260603,175000,1.78,1.78,1.78,1.78,432,0
RGNT.US,5,20260603,175500,1.78,1.78,1.78,1.78,240,0
RGNT.US,5,20260603,181000,1.83,1.86,1.83,1.86,464,0
RGNT.US,5,20260603,181500,1.89,1.89,1.89,1.89,400,0
RGNT.US,5,20260603,182500,1.89,1.9,1.89,1.9,1100,0
RGNT.US,5,20260603,185000,1.8351,1.8351,1.772,1.772,418,0
RGNT.US,5,20260603,195500,1.77,1.77,1.77,1.77,400,0
RGNT.US,5,20260603,203000,1.75,1.75,1.75,1.75,100,0
RGNT.US,5,20260603,212000,1.8,1.8,1.8,1.8,150,0
RGNT.US,5,20260603,212500,1.73,1.73,1.73,1.73,100,0
RGNT.US,5,20260603,213000,1.765,1.765,1.765,1.765,300,0
RGNT.US,5,20260603,214500,1.77,1.77,1.77,1.77,218,0
RGNT.US,5,20260603,215000,1.765,1.77,1.765,1.77,300,0
RGNT.US,5,20260603,215500,1.77,1.78,1.77,1.77,1045,0
RGNT.US,5,20260604,153500,1.755,1.755,1.755,1.755,181,0
RGNT.US,5,20260604,155000,1.755,1.755,1.755,1.755,100,0
RGNT.US,5,20260604,161500,1.66,1.66,1.66,1.66,200,0
RGNT.US,5,20260604,162500,1.65,1.65,1.65,1.65,324,0
RGNT.US,5,20260604,171500,1.73,1.74,1.72,1.72,307,0
RGNT.US,5,20260604,173000,1.72,1.72,1.72,1.72,100,0
RGNT.US,5,20260604,174000,1.7237,1.7237,1.7237,1.7237,150,0
RGNT.US,5,20260604,194500,1.7901,1.7901,1.7901,1.7901,560,0
RGNT.US,5,20260604,200000,1.7752,1.7752,1.7752,1.7752,100,0
RGNT.US,5,20260604,201000,1.76,1.76,1.76,1.76,225,0
RGNT.US,5,20260604,213500,1.75,1.76,1.75,1.76,1405,0
RGNT.US,5,20260604,215000,1.75,1.755,1.75,1.752,352,0
RGNT.US,5,20260604,215500,1.76,1.76,1.72,1.72,4679,0
RGNT.US,5,20260605,153000,1.5,1.54,1.44,1.44,3901,0
RGNT.US,5,20260605,153500,1.44,1.44,1.44,1.44,229,0
RGNT.US,5,20260605,154000,1.44,1.44,1.43,1.43,450,0
RGNT.US,5,20260605,154500,1.42,1.42,1.41,1.41,2889,0
RGNT.US,5,20260605,155000,1.42,1.42,1.42,1.42,150,0
RGNT.US,5,20260605,155500,1.41,1.41,1.34,1.36,3778,0
RGNT.US,5,20260605,160000,1.39,1.39,1.36,1.36,400,0
RGNT.US,5,20260605,160500,1.43,1.43,1.36,1.36,4300,0
RGNT.US,5,20260605,161000,1.4237,1.43,1.36,1.43,11196,0
RGNT.US,5,20260605,161500,1.44,1.46,1.43,1.46,1418,0
RGNT.US,5,20260605,162000,1.45,1.52,1.42,1.485,1325,0
RGNT.US,5,20260605,163500,1.488,1.488,1.488,1.488,1000,0
RGNT.US,5,20260605,164000,1.53,1.53,1.47,1.47,1258,0
RGNT.US,5,20260605,164500,1.55,1.56,1.5,1.55,6692,0
RGNT.US,5,20260605,165000,1.54,1.55,1.53,1.54,2000,0
RGNT.US,5,20260605,165500,1.54,1.54,1.5,1.51,2289,0
RGNT.US,5,20260605,170000,1.5,1.5001,1.5,1.5,300,0
RGNT.US,5,20260605,171000,1.52,1.52,1.51,1.52,499,0
RGNT.US,5,20260605,171500,1.5,1.5,1.5,1.5,600,0
RGNT.US,5,20260605,172500,1.47,1.48,1.47,1.4705,1600,0
RGNT.US,5,20260605,173000,1.47,1.47,1.47,1.47,636,0
RGNT.US,5,20260605,173500,1.46,1.47,1.46,1.47,622,0
RGNT.US,5,20260605,174000,1.44,1.44,1.44,1.44,100,0
RGNT.US,5,20260605,174500,1.44,1.44,1.44,1.44,300,0
RGNT.US,5,20260605,175500,1.44,1.44,1.44,1.44,600,0
RGNT.US,5,20260605,180000,1.46,1.46,1.423,1.423,400,0
RGNT.US,5,20260605,181000,1.3792,1.44,1.3792,1.44,2200,0
RGNT.US,5,20260605,182000,1.44,1.44,1.44,1.44,570,0
RGNT.US,5,20260605,183000,1.44,1.44,1.395,1.395,1600,0
RGNT.US,5,20260605,183500,1.395,1.395,1.395,1.395,400,0
RGNT.US,5,20260605,184000,1.395,1.395,1.395,1.395,100,0
RGNT.US,5,20260605,191000,1.39,1.4,1.39,1.4,400,0
RGNT.US,5,20260605,193500,1.38,1.38,1.38,1.38,250,0
RGNT.US,5,20260605,194000,1.38,1.38,1.38,1.38,100,0
RGNT.US,5,20260605,195000,1.38,1.38,1.38,1.38,300,0
RGNT.US,5,20260605,201000,1.39,1.39,1.39,1.39,100,0
RGNT.US,5,20260605,201500,1.4,1.4,1.4,1.4,100,0
RGNT.US,5,20260605,203000,1.4,1.4,1.4,1.4,119,0
RGNT.US,5,20260605,203500,1.38,1.38,1.38,1.38,400,0
RGNT.US,5,20260605,204000,1.38,1.3803,1.33,1.335,2464,0
RGNT.US,5,20260605,204500,1.35,1.35,1.33,1.335,500,0
RGNT.US,5,20260605,205000,1.33,1.33,1.33,1.33,291,0
RGNT.US,5,20260605,210000,1.335,1.34,1.33,1.34,1736,0
RGNT.US,5,20260605,210500,1.34,1.35,1.335,1.35,4251,0
RGNT.US,5,20260605,211000,1.32,1.32,1.32,1.32,300,0
RGNT.US,5,20260605,211500,1.32,1.32,1.32,1.32,200,0
RGNT.US,5,20260605,212000,1.325,1.325,1.325,1.325,2000,0
RGNT.US,5,20260605,212500,1.34,1.34,1.31,1.31,1970,0
RGNT.US,5,20260605,213000,1.31,1.3192,1.3,1.3,758,0
RGNT.US,5,20260605,214000,1.31,1.31,1.31,1.31,1062,0
RGNT.US,5,20260605,214500,1.3035,1.31,1.3035,1.31,541,0
RGNT.US,5,20260605,215000,1.33,1.345,1.33,1.34,1603,0
RGNT.US,5,20260605,215500,1.33,1.3395,1.31,1.32,6619,0
RGNT.US,5,20260608,153000,1.29,1.43,1.29,1.32,2955,0
RGNT.US,5,20260608,153500,1.32,1.3201,1.2598,1.27,2579,0
RGNT.US,5,20260608,154000,1.2862,1.2862,1.2862,1.2862,1000,0
RGNT.US,5,20260608,154500,1.25,1.27,1.2316,1.25,6341,0
RGNT.US,5,20260608,160000,1.28,1.28,1.28,1.28,107,0
RGNT.US,5,20260608,160500,1.29,1.3189,1.26,1.26,2439,0
RGNT.US,5,20260608,161000,1.29,1.29,1.29,1.29,100,0
RGNT.US,5,20260608,172500,1.2903,1.3,1.27,1.29,1493,0
RGNT.US,5,20260608,173000,1.285,1.31,1.285,1.29,2300,0
RGNT.US,5,20260608,174500,1.29,1.29,1.29,1.29,100,0
RGNT.US,5,20260608,180500,1.42,1.42,1.42,1.42,100,0
RGNT.US,5,20260608,194000,1.3,1.3,1.27,1.27,550,0
RGNT.US,5,20260608,204500,1.33,1.33,1.295,1.3,3194,0
RGNT.US,5,20260608,212500,1.26,1.28,1.26,1.28,200,0
RGNT.US,5,20260608,213000,1.29,1.29,1.29,1.29,100,0
RGNT.US,5,20260608,213500,1.295,1.2999,1.295,1.2999,213,0
RGNT.US,5,20260608,214500,1.29,1.29,1.26,1.26,200,0
RGNT.US,5,20260608,215000,1.298,1.298,1.29,1.29,1700,0
RGNT.US,5,20260608,215500,1.3,1.3,1.28,1.28,2130,0
RGNT.US,5,20260609,153000,2.52,2.55,2.23,2.3316,651267,0
RGNT.US,5,20260609,153500,2.33,3.02,2.3,2.97,1641498,0
RGNT.US,5,20260609,154000,2.9799,3,2.43,2.59,1845420,0
RGNT.US,5,20260609,154500,2.5903,2.81,2.495,2.56,1057238,0
RGNT.US,5,20260609,155000,2.565,3.4,2.565,3.1501,2244522,0
RGNT.US,5,20260609,155500,3.1899,4.34,3.1501,3.7182,7556682,0
RGNT.US,5,20260609,160000,3.7133,4.83,3.4412,4.54,5843245,0
RGNT.US,5,20260609,160500,4.55,6.55,4.5201,6.55,6570415,0
RGNT.US,5,20260609,161000,5.82,6.5,4.48,4.48,474131,0
RGNT.US,5,20260609,161500,4.48,4.48,4.48,4.48,12199,0
RGNT.US,5,20260609,163500,3.36,4.03,2.64,3.4,3981178,0
RGNT.US,5,20260609,164000,3.4001,3.45,3.01,3.2909,1678567,0
RGNT.US,5,20260609,164500,3.3,3.45,2.8,2.95,1232425,0
RGNT.US,5,20260609,165000,2.9501,3.95,2.93,3.55,1982024,0
RGNT.US,5,20260609,165500,3.54,3.89,3.2101,3.5296,1608807,0
RGNT.US,5,20260609,170000,3.475,3.74,3.31,3.3899,1137165,0
RGNT.US,5,20260609,170500,3.369661,3.78,3.35,3.4995,885515,0
RGNT.US,5,20260609,171000,3.48,3.4898,3.05,3.2201,720417,0
RGNT.US,5,20260609,171500,3.23,3.5099,3.14,3.31,658789,0
RGNT.US,5,20260609,172000,3.31,3.41,3.13,3.1999,455450,0
RGNT.US,5,20260609,172500,3.1801,3.25,3.1,3.17,424887,0
RGNT.US,5,20260609,173000,3.17,3.1724,2.83,3.0013,746351,0
RGNT.US,5,20260609,173500,3.0347,3.07,2.78,2.9195,428385,0
RGNT.US,5,20260609,174000,2.9,3.35,2.89,3.18,919547,0
RGNT.US,5,20260609,174500,3.18,3.28,3.01,3.07,498413,0
RGNT.US,5,20260609,175000,3.07,3.28,3.06,3.2,562543,0
RGNT.US,5,20260609,175500,3.2,3.52,3,3.07,1331018,0
RGNT.US,5,20260609,180000,3.08,3.14,2.91,3.07,461757,0
RGNT.US,5,20260609,180500,3.08,3.38,3.08,3.2699,768418,0
RGNT.US,5,20260609,181000,3.25,3.39,3.125,3.29,629056,0
RGNT.US,5,20260609,181500,3.3,3.33,3.15,3.2,305363,0
RGNT.US,5,20260609,182000,3.19,3.2799,3,3.1,430265,0
RGNT.US,5,20260609,182500,3.1031,3.26,3.08,3.165,246935,0
RGNT.US,5,20260609,183000,3.165,3.2,3.08,3.1038,185881,0
RGNT.US,5,20260609,183500,3.105,3.2,3.03,3.12,253925,0
RGNT.US,5,20260609,184000,3.125,3.88,3.12,3.78,1769743,0
RGNT.US,5,20260609,184500,3.7704,3.99,3.25,3.6,2036633,0
RGNT.US,5,20260609,185000,3.58,3.61,3.26,3.3307,643005,0
RGNT.US,5,20260609,185500,3.33,3.9,3.29,3.77,1791993,0
RGNT.US,5,20260609,190000,3.7501,3.82,2.93,2.93,836888,0
RGNT.US,5,20260609,190500,2.835,3.23,2.8,3.1101,675830,0
RGNT.US,5,20260609,191000,3.12,3.21,2.97,3.075,355334,0
RGNT.US,5,20260609,191500,3.05,3.15,3.01,3.0601,184786,0
RGNT.US,5,20260609,192000,3.0627,3.08,2.91,2.95,305893,0
RGNT.US,5,20260609,192500,2.942637,3,2.91,2.95,178635,0
RGNT.US,5,20260609,193000,2.96,3.18,2.93,3.08,364732,0
RGNT.US,5,20260609,193500,3.075,3.093,2.9,2.9658,261557,0
RGNT.US,5,20260609,194000,2.9586,3.15,2.94,3.02,292805,0
RGNT.US,5,20260609,194500,3.0296,3.08,2.96,2.97,166746,0
RGNT.US,5,20260609,195000,2.975,3.07,2.9101,2.96,140228,0
RGNT.US,5,20260609,195500,3.005,3.05,2.94,2.99,77863,0
RGNT.US,5,20260609,200000,2.98,2.98,2.72,2.74,345250,0
RGNT.US,5,20260609,200500,2.75,3.04,2.735,3,346165,0
RGNT.US,5,20260609,201000,3.0099,3.13,2.97,3.0502,285527,0
RGNT.US,5,20260609,201500,3.06,3.23,2.93,2.96,506614,0
RGNT.US,5,20260609,202000,2.965,3.05,2.94,2.96,118980,0
RGNT.US,5,20260609,202500,2.9787,3,2.91,2.9334,114803,0
RGNT.US,5,20260609,203000,2.93,2.98,2.9,2.9371,145548,0
RGNT.US,5,20260609,203500,2.9202,2.95,2.81,2.88,134149,0
RGNT.US,5,20260609,204000,2.8737,2.97,2.8,2.96,144203,0
RGNT.US,5,20260609,204500,2.95,3,2.85,2.85,176901,0
RGNT.US,5,20260609,205000,2.8977,3.13,2.86,2.9899,324074,0
RGNT.US,5,20260609,205500,2.985,3.1,2.96,3,153534,0
RGNT.US,5,20260609,210000,2.99,3.19,2.91,3.0063,437101,0
RGNT.US,5,20260609,210500,3.015,3.08,2.97,3.0301,110358,0
RGNT.US,5,20260609,211000,3.03,3.06,2.96,2.99,101386,0
RGNT.US,5,20260609,211500,2.98,3.06,2.91,2.925,192504,0
RGNT.US,5,20260609,212000,2.9217,2.98,2.86,2.94,123908,0
RGNT.US,5,20260609,212500,2.94,2.97,2.84,2.88,106337,0
RGNT.US,5,20260609,213000,2.88,2.97,2.84,2.9455,99428,0
RGNT.US,5,20260609,213500,2.945,2.97,2.85,2.88,117203,0
RGNT.US,5,20260609,214000,2.87,3.0399,2.87,2.9,156671,0
RGNT.US,5,20260609,214500,2.89,2.93,2.39,2.48,450013,0
RGNT.US,5,20260609,215000,2.4802,2.6,2.43,2.59,252170,0
RGNT.US,5,20260609,215500,2.585,2.65,2.4,2.41,208495,0
RGNT.US,5,20260610,153000,2.4,2.4109,1.7626,1.85,68459,0
RGNT.US,5,20260610,153500,1.8599,1.86,1.785,1.785,51487,0
RGNT.US,5,20260610,154000,1.785,1.96,1.785,1.96,31623,0
RGNT.US,5,20260610,154500,1.95,2.04,1.93,1.99,43866,0
RGNT.US,5,20260610,155000,1.9858,1.99,1.85,1.9499,41562,0
RGNT.US,5,20260610,155500,1.9201,1.9201,1.86,1.9,31144,0
RGNT.US,5,20260610,160000,1.93,1.93,1.88,1.92,51939,0
RGNT.US,5,20260610,160500,1.92,1.97,1.9,1.97,25968,0
RGNT.US,5,20260610,161000,1.9534,1.9606,1.9,1.9,16339,0
RGNT.US,5,20260610,161500,1.91,1.92,1.8919,1.9,36555,0
RGNT.US,5,20260610,162000,1.895,1.97,1.89,1.96,50952,0
RGNT.US,5,20260610,162500,1.9515,1.96,1.9,1.9,23194,0
RGNT.US,5,20260610,163000,1.9383,1.9383,1.7,1.76,99763,0
RGNT.US,5,20260610,163500,1.7799,1.84,1.77,1.8031,30481,0
RGNT.US,5,20260610,164000,1.8047,1.8047,1.73,1.76,31251,0
RGNT.US,5,20260610,164500,1.76,1.93,1.7,1.75,48162,0
RGNT.US,5,20260610,165000,1.735,1.75,1.63,1.63,49747,0
RGNT.US,5,20260610,165500,1.63,1.72,1.59,1.7153,49567,0
RGNT.US,5,20260610,170000,1.68,1.715,1.67,1.6741,16348,0
RGNT.US,5,20260610,170500,1.67,1.7399,1.66,1.725,26651,0
RGNT.US,5,20260610,171000,1.74,1.74,1.725,1.74,2063,0
RGNT.US,5,20260610,171500,1.73,1.75,1.73,1.735,12569,0
RGNT.US,5,20260610,172000,1.72,1.72,1.51,1.6,70446,0
RGNT.US,5,20260610,172500,1.61,1.6499,1.59,1.647,13427,0
RGNT.US,5,20260610,173000,1.6393,1.6393,1.588,1.59,19956,0
RGNT.US,5,20260610,173500,1.59,1.615,1.59,1.6,19612,0
RGNT.US,5,20260610,174000,1.6,1.605,1.43,1.52,38929,0
RGNT.US,5,20260610,174500,1.52,1.57,1.51,1.5199,41723,0
RGNT.US,5,20260610,175000,1.5101,1.5472,1.49,1.5101,35301,0
RGNT.US,5,20260610,175500,1.55,1.5642,1.51,1.5451,33302,0
RGNT.US,5,20260610,180000,1.5441,1.6003,1.5441,1.6,2407,0
RGNT.US,5,20260610,180500,1.59,1.6,1.58,1.6,12465,0
RGNT.US,5,20260610,181000,1.5965,1.62,1.585,1.61,19974,0
RGNT.US,5,20260610,181500,1.6,1.6082,1.5724,1.59,1867,0
RGNT.US,5,20260610,182000,1.59,1.6099,1.57,1.57,5329,0
RGNT.US,5,20260610,182500,1.565,1.6999,1.56,1.6501,31762,0
RGNT.US,5,20260610,183000,1.66,1.7,1.595,1.62,55447,0
RGNT.US,5,20260610,183500,1.6198,1.6198,1.58,1.6043,5346,0
RGNT.US,5,20260610,184000,1.6001,1.61,1.5801,1.6,7557,0
RGNT.US,5,20260610,184500,1.58,1.73,1.58,1.7,13650,0
RGNT.US,5,20260610,185000,1.7,1.71,1.67,1.7,4975,0
RGNT.US,5,20260610,185500,1.7,1.7232,1.67,1.7232,31580,0
RGNT.US,5,20260610,190000,1.72,1.72,1.7,1.72,8330,0
RGNT.US,5,20260610,190500,1.71,1.75,1.67,1.6712,15621,0
RGNT.US,5,20260610,191000,1.715,1.7599,1.715,1.75,3184,0
RGNT.US,5,20260610,191500,1.75,1.7757,1.75,1.7757,8905,0
RGNT.US,5,20260610,192000,1.7755,1.78,1.72,1.78,6677,0
RGNT.US,5,20260610,192500,1.765,1.83,1.765,1.8201,17665,0
RGNT.US,5,20260610,193000,1.824,1.83,1.8006,1.8008,12926,0
RGNT.US,5,20260610,193500,1.81,1.83,1.8001,1.83,4729,0
RGNT.US,5,20260610,194000,1.815,1.825,1.8034,1.8204,7027,0
RGNT.US,5,20260610,194500,1.83,1.885,1.83,1.8801,8384,0
RGNT.US,5,20260610,195000,1.88,1.89,1.8603,1.88,14105,0
RGNT.US,5,20260610,195500,1.8801,1.8879,1.88,1.88,13320,0
RGNT.US,5,20260610,200000,1.8801,1.89,1.88,1.8801,7740,0
RGNT.US,5,20260610,200500,1.89,1.89,1.88,1.88,9031,0
RGNT.US,5,20260610,201000,1.885,1.89,1.8801,1.89,4912,0
RGNT.US,5,20260610,201500,1.89,1.89,1.88,1.885,8307,0
RGNT.US,5,20260610,202000,1.885,1.885,1.8,1.81,17396,0
RGNT.US,5,20260610,202500,1.825,1.825,1.6701,1.73,14566,0
RGNT.US,5,20260610,203000,1.74,1.7953,1.74,1.7953,5914,0
RGNT.US,5,20260610,203500,1.79,1.82,1.75,1.82,4239,0
RGNT.US,5,20260610,204000,1.8,1.85,1.79,1.83,16932,0
RGNT.US,5,20260610,204500,1.83,1.83,1.81,1.81,3730,0
RGNT.US,5,20260610,205000,1.85,1.9898,1.8137,1.97,36356,0
RGNT.US,5,20260610,205500,1.967,1.99,1.95,1.9747,23100,0
RGNT.US,5,20260610,210000,1.97,1.99,1.95,1.9626,20450,0
RGNT.US,5,20260610,210500,1.96,2.08,1.96,2.025,23807,0
RGNT.US,5,20260610,211000,2.025,2.0299,1.95,1.96,10588,0
RGNT.US,5,20260610,211500,1.99,2.01,1.85,1.85,32387,0
RGNT.US,5,20260610,212000,1.85,1.94,1.85,1.91,8351,0
RGNT.US,5,20260610,212500,1.91,1.92,1.82,1.92,19975,0
RGNT.US,5,20260610,213000,1.95,1.98,1.94,1.94,5470,0
RGNT.US,5,20260610,213500,1.96,1.96,1.8961,1.8961,11974,0
RGNT.US,5,20260610,214000,1.93,1.93,1.81,1.83,20521,0
RGNT.US,5,20260610,214500,1.83,1.87,1.7336,1.83,33199,0
RGNT.US,5,20260610,215000,1.83,1.86,1.761,1.84,6250,0
RGNT.US,5,20260610,215500,1.8399,1.85,1.7663,1.8075,18624,0
RGNT.US,5,20260611,153000,1.65,1.75,1.65,1.75,17149,0
RGNT.US,5,20260611,153500,1.755,1.82,1.72,1.81,18881,0
RGNT.US,5,20260611,154000,1.805,1.84,1.7301,1.7301,19253,0
RGNT.US,5,20260611,154500,1.74,1.8,1.72,1.8,16289,0
RGNT.US,5,20260611,155000,1.805,1.905,1.79,1.9,38318,0
RGNT.US,5,20260611,155500,1.93,2.075,1.86,2.03,140398,0
RGNT.US,5,20260611,160000,2.01,2.0899,2,2.0032,44406,0
RGNT.US,5,20260611,160500,2.02,2.06,2,2.04,22484,0
RGNT.US,5,20260611,161000,2.05,2.3,2.0308,2.26,170173,0
RGNT.US,5,20260611,161500,2.275,2.9499,2.26,2.9,754090,0
RGNT.US,5,20260611,162000,2.9086,2.96,2.23,2.3955,1402181,0
RGNT.US,5,20260611,162500,2.3986,2.52,2.33,2.42,447482,0
RGNT.US,5,20260611,163000,2.4,2.44,2.1,2.1836,233880,0
RGNT.US,5,20260611,163500,2.1803,2.23,2.17,2.22,67881,0
RGNT.US,5,20260611,164000,2.22,2.23,2.185,2.2,39696,0
RGNT.US,5,20260611,164500,2.1762,2.209,2.12,2.13,42271,0
RGNT.US,5,20260611,165000,2.16,2.27,2.1309,2.2001,63405,0
RGNT.US,5,20260611,165500,2.2089,2.2089,2.1501,2.1511,19988,0
RGNT.US,5,20260611,170000,2.16,2.17,2.02,2.1313,122209,0
RGNT.US,5,20260611,170500,2.13,2.1399,1.95,1.98,49240,0
RGNT.US,5,20260611,171000,1.96,2.1,1.96,2.02,18285,0
RGNT.US,5,20260611,171500,2.02,2.0499,2,2.04,19720,0
RGNT.US,5,20260611,172000,2.05,2.05,1.96,1.98,12716,0
RGNT.US,5,20260611,172500,1.97,2.02,1.9501,2.02,21501,0
RGNT.US,5,20260611,173000,2.02,2.02,1.83,1.845,106514,0
RGNT.US,5,20260611,173500,1.86,2.0454,1.86,2,47283,0
RGNT.US,5,20260611,174000,1.9727,2.03,1.9606,1.99,17670,0
RGNT.US,5,20260611,174500,1.995,2,1.99,1.9901,11670,0
RGNT.US,5,20260611,175000,1.99,2.01,1.96,1.98,14200,0
RGNT.US,5,20260611,175500,2.0299,2.0299,1.94,1.98,21326,0
RGNT.US,5,20260611,180000,1.975,2.02,1.975,2.02,19208,0
RGNT.US,5,20260611,180500,2,2.0099,1.95,1.95,64539,0
RGNT.US,5,20260611,181000,1.9505,1.96,1.92,1.96,20643,0
RGNT.US,5,20260611,181500,1.955,1.97,1.905,1.9099,23768,0
RGNT.US,5,20260611,182000,1.9222,1.9395,1.7,1.72,80785,0
RGNT.US,5,20260611,182500,1.7,1.869,1.7,1.8414,24937,0
RGNT.US,5,20260611,183000,1.845,1.85,1.7854,1.83,15672,0
RGNT.US,5,20260611,183500,1.7932,1.85,1.7932,1.84,15423,0
RGNT.US,5,20260611,184000,1.8301,1.89,1.7701,1.89,26298,0
RGNT.US,5,20260611,184500,1.8847,1.9,1.87,1.88,18452,0
RGNT.US,5,20260611,185000,1.89,1.89,1.8,1.823,17060,0
RGNT.US,5,20260611,185500,1.85,1.8899,1.814,1.88,16669,0
RGNT.US,5,20260611,190000,1.88,1.9098,1.85,1.9098,13501,0
RGNT.US,5,20260611,190500,1.91,1.92,1.8102,1.9,9256,0
RGNT.US,5,20260611,191000,1.9,2.02,1.9,1.98,33790,0
RGNT.US,5,20260611,191500,1.985,1.985,1.8597,1.932,17382,0
RGNT.US,5,20260611,192000,1.9001,1.94,1.88,1.8901,5001,0
RGNT.US,5,20260611,192500,1.93,1.97,1.8901,1.94,21676,0
RGNT.US,5,20260611,193000,1.92,1.94,1.92,1.935,20851,0
RGNT.US,5,20260611,193500,1.93,1.98,1.92,1.96,8825,0
RGNT.US,5,20260611,194000,1.94,1.96,1.88,1.915,12567,0
RGNT.US,5,20260611,194500,1.8918,1.94,1.88,1.885,30485,0
RGNT.US,5,20260611,195000,1.8801,1.95,1.88,1.9,12473,0
RGNT.US,5,20260611,195500,1.8901,1.91,1.8901,1.9,6013,0
RGNT.US,5,20260611,200000,1.9,1.9445,1.88,1.9445,4069,0
RGNT.US,5,20260611,200500,1.93,1.95,1.915,1.94,3112,0
RGNT.US,5,20260611,201000,1.9399,1.9399,1.9,1.9033,3849,0
RGNT.US,5,20260611,201500,1.915,1.92,1.91,1.91,3822,0
RGNT.US,5,20260611,202000,1.915,1.92,1.83,1.83,50929,0
RGNT.US,5,20260611,202500,1.88,1.92,1.88,1.92,5455,0
RGNT.US,5,20260611,203000,1.92,1.93,1.89,1.922,6296,0
RGNT.US,5,20260611,203500,1.935,1.98,1.9201,1.93,27615,0
RGNT.US,5,20260611,204000,1.94,1.94,1.84,1.9,24916,0
RGNT.US,5,20260611,204500,1.91,1.95,1.91,1.95,19993,0
RGNT.US,5,20260611,205000,1.9499,1.9499,1.9001,1.92,5839,0
RGNT.US,5,20260611,205500,1.94,1.94,1.9201,1.93,6155,0
RGNT.US,5,20260611,210000,1.93,1.94,1.86,1.905,16720,0
RGNT.US,5,20260611,210500,1.94,1.94,1.91,1.93,13181,0
RGNT.US,5,20260611,211000,1.92,1.94,1.7279,1.76,73852,0
RGNT.US,5,20260611,211500,1.7206,1.84,1.7206,1.84,16300,0
RGNT.US,5,20260611,212000,1.84,1.88,1.8399,1.84,11455,0
RGNT.US,5,20260611,212500,1.85,1.85,1.8,1.85,10136,0
RGNT.US,5,20260611,213000,1.82,1.9,1.7885,1.9,23223,0
RGNT.US,5,20260611,213500,1.915,1.93,1.86,1.9,10970,0
RGNT.US,5,20260611,214000,1.91,1.93,1.88,1.89,9639,0
RGNT.US,5,20260611,214500,1.88,1.93,1.85,1.9,47895,0
RGNT.US,5,20260611,215000,1.9,1.93,1.875,1.92,26599,0
RGNT.US,5,20260611,215500,1.92,1.92,1.85,1.87,36956,0
RGNT.US,5,20260612,153000,1.85,1.85,1.7604,1.785,37331,0
RGNT.US,5,20260612,153500,1.78,1.86,1.77,1.86,15109,0
RGNT.US,5,20260612,154000,1.8,1.8599,1.7949,1.7949,21119,0
RGNT.US,5,20260612,154500,1.79,1.79,1.7,1.74,18723,0
RGNT.US,5,20260612,155000,1.7499,1.75,1.74,1.7499,2944,0
RGNT.US,5,20260612,155500,1.7499,1.7499,1.7401,1.745,2500,0
RGNT.US,5,20260612,160000,1.745,1.78,1.745,1.77,3774,0
RGNT.US,5,20260612,160500,1.7601,1.7601,1.75,1.75,5048,0
RGNT.US,5,20260612,161000,1.75,1.7779,1.75,1.77,6431,0
RGNT.US,5,20260612,161500,1.76,1.8399,1.76,1.8,7205,0
RGNT.US,5,20260612,162000,1.8,1.84,1.8,1.8325,2096,0
RGNT.US,5,20260612,162500,1.7925,1.8,1.7701,1.7701,1978,0
RGNT.US,5,20260612,163000,1.77,1.7799,1.77,1.77,5206,0
RGNT.US,5,20260612,163500,1.7745,1.83,1.7701,1.83,10008,0
RGNT.US,5,20260612,164000,1.808,1.8494,1.8,1.8494,2290,0
RGNT.US,5,20260612,164500,1.85,1.85,1.8,1.805,4680,0
RGNT.US,5,20260612,165000,1.8,1.805,1.8,1.8011,5451,0
RGNT.US,5,20260612,165500,1.8021,1.805,1.79,1.792,3484,0
RGNT.US,5,20260612,170000,1.795,1.8,1.79,1.8,2495,0
RGNT.US,5,20260612,170500,1.793,1.7952,1.79,1.79,3599,0
RGNT.US,5,20260612,171000,1.7901,1.795,1.79,1.795,8905,0
RGNT.US,5,20260612,171500,1.795,1.8,1.79,1.795,3177,0
RGNT.US,5,20260612,172000,1.79,1.795,1.77,1.79,2689,0
RGNT.US,5,20260612,172500,1.78,1.79,1.7701,1.7745,2706,0
RGNT.US,5,20260612,173000,1.7745,1.775,1.7724,1.7724,910,0
RGNT.US,5,20260612,173500,1.77,1.78,1.7,1.705,69366,0
RGNT.US,5,20260612,174000,1.7079,1.71,1.7,1.7,11209,0
RGNT.US,5,20260612,174500,1.7001,1.7001,1.66,1.66,14404,0
RGNT.US,5,20260612,175000,1.66,1.66,1.58,1.5809,33696,0
RGNT.US,5,20260612,175500,1.5999,1.6,1.58,1.59,15071,0
RGNT.US,5,20260612,180000,1.59,1.65,1.585,1.65,19018,0
RGNT.US,5,20260612,180500,1.615,1.615,1.5901,1.5901,3100,0
RGNT.US,5,20260612,181000,1.595,1.595,1.595,1.595,650,0
RGNT.US,5,20260612,181500,1.6,1.65,1.59,1.65,10324,0
RGNT.US,5,20260612,182000,1.6496,1.6496,1.625,1.625,3402,0
RGNT.US,5,20260612,182500,1.61,1.62,1.6001,1.62,8108,0
RGNT.US,5,20260612,183000,1.6399,1.675,1.63,1.675,20190,0
RGNT.US,5,20260612,183500,1.6999,1.6999,1.65,1.655,6345,0
RGNT.US,5,20260612,184000,1.67,1.72,1.67,1.7016,49069,0
RGNT.US,5,20260612,184500,1.7094,1.7099,1.7001,1.7099,6881,0
RGNT.US,5,20260612,185000,1.7,1.7,1.67,1.675,13811,0
RGNT.US,5,20260612,185500,1.68,1.7,1.67,1.68,12034,0
RGNT.US,5,20260612,190000,1.6607,1.694,1.65,1.675,19069,0
RGNT.US,5,20260612,190500,1.6725,1.69,1.67,1.68,18515,0
RGNT.US,5,20260612,191000,1.66,1.6726,1.65,1.6683,6910,0
RGNT.US,5,20260612,191500,1.655,1.655,1.655,1.655,200,0
RGNT.US,5,20260612,192000,1.655,1.66,1.65,1.66,2646,0
RGNT.US,5,20260612,192500,1.6597,1.6597,1.6597,1.6597,300,0
RGNT.US,5,20260612,193000,1.66,1.66,1.65,1.655,2064,0
RGNT.US,5,20260612,193500,1.6594,1.66,1.655,1.66,560,0
RGNT.US,5,20260612,194000,1.655,1.655,1.65,1.65,779,0
RGNT.US,5,20260612,194500,1.655,1.66,1.6501,1.6501,1940,0
RGNT.US,5,20260612,195000,1.6599,1.6599,1.651,1.651,1600,0
RGNT.US,5,20260612,195500,1.66,1.66,1.6001,1.6001,12486,0
RGNT.US,5,20260612,200000,1.615,1.63,1.6,1.6001,17961,0
RGNT.US,5,20260612,200500,1.615,1.615,1.6074,1.615,500,0
RGNT.US,5,20260612,201000,1.615,1.63,1.61,1.62,7498,0
RGNT.US,5,20260612,201500,1.612,1.615,1.61,1.61,1300,0
RGNT.US,5,20260612,202000,1.601,1.61,1.6,1.609,5019,0
RGNT.US,5,20260612,202500,1.61,1.68,1.6001,1.625,19008,0
RGNT.US,5,20260612,203000,1.62,1.62,1.62,1.62,708,0
RGNT.US,5,20260612,203500,1.61,1.62,1.6,1.61,7580,0
RGNT.US,5,20260612,204000,1.6002,1.605,1.6,1.605,3727,0
RGNT.US,5,20260612,204500,1.6002,1.6002,1.6002,1.6002,300,0
RGNT.US,5,20260612,205000,1.6089,1.6089,1.6,1.6,3980,0
RGNT.US,5,20260612,205500,1.6,1.6,1.5944,1.5944,1700,0
RGNT.US,5,20260612,210500,1.6,1.6,1.59,1.592,4686,0
RGNT.US,5,20260612,211000,1.595,1.6,1.5901,1.595,27070,0
RGNT.US,5,20260612,211500,1.595,1.6,1.595,1.6,10643,0
RGNT.US,5,20260612,212000,1.6,1.6,1.5204,1.53,65150,0
RGNT.US,5,20260612,212500,1.531,1.5913,1.531,1.581,3976,0
RGNT.US,5,20260612,213000,1.59,1.59,1.5801,1.585,30797,0
RGNT.US,5,20260612,213500,1.58,1.589,1.58,1.5877,1846,0
RGNT.US,5,20260612,214000,1.5888,1.59,1.56,1.57,19117,0
RGNT.US,5,20260612,214500,1.58,1.59,1.57,1.57,3617,0
RGNT.US,5,20260612,215000,1.5838,1.5899,1.56,1.56,8850,0
RGNT.US,5,20260612,215500,1.5625,1.57,1.5,1.5,45093,0
RGNT.US,5,20260615,153000,1.7,1.75,1.6855,1.75,47678,0
RGNT.US,5,20260615,153500,1.77,2.1,1.77,2.04,222507,0
RGNT.US,5,20260615,154000,2.07,2.56,1.97,2.56,790438,0
RGNT.US,5,20260615,154500,2.5,2.95,2.05,2.9409,2377145,0
RGNT.US,5,20260615,155000,2.94,2.95,2.91,2.95,129038,0
RGNT.US,5,20260615,155500,2.95,3.82,2.67,3.5499,6508574,0
RGNT.US,5,20260615,160000,3.5201,4.2999,3.495,4.1597,7522592,0
RGNT.US,5,20260615,160500,4.15,5.5,3.71,5.48,7870504,0
RGNT.US,5,20260615,161000,5.485,5.69,4.71,4.7544,5633471,0
RGNT.US,5,20260615,161500,4.7633,5.68,4.71,5.1401,5003488,0
RGNT.US,5,20260615,162000,5.145,5.26,4.4,4.665,2736137,0
RGNT.US,5,20260615,162500,4.66,4.9,4.32,4.61,1895623,0
RGNT.US,5,20260615,163000,4.5929,5.8,4.52,5.47,5072008,0
RGNT.US,5,20260615,163500,5.4699,5.75,4.48,4.712,3692194,0
RGNT.US,5,20260615,164000,4.73,4.87,3.89,4,1997133,0
RGNT.US,5,20260615,164500,4,4.22,3.85,3.85,1123517,0
RGNT.US,5,20260615,165000,3.85,4.14,3.84,3.97,868843,0
RGNT.US,5,20260615,165500,3.96,4.05,3.71,3.8401,961764,0
RGNT.US,5,20260615,170000,3.84,3.9995,3.79,3.89,594785,0
RGNT.US,5,20260615,170500,3.895,4.34,3.88,4.15,2187986,0
RGNT.US,5,20260615,171000,4.14,4.35,3.95,4.05,1538887,0
RGNT.US,5,20260615,171500,4.05,4.3199,3.96,4.24,1233250,0
RGNT.US,5,20260615,172000,4.2506,4.88,4.24,4.72,4114660,0
RGNT.US,5,20260615,172500,4.7199,4.77,4.41,4.4601,2005618,0
RGNT.US,5,20260615,173000,4.46,4.66,4.41,4.5273,1408703,0
RGNT.US,5,20260615,173500,4.5299,4.75,3.62,3.865,3369300,0
RGNT.US,5,20260615,174000,3.8502,4.0599,3.77,3.924064,400535,0
RGNT.US,5,20260615,182500,4.25,5.54,3.93,5.54,2630308,0
RGNT.US,5,20260615,183000,5.545,6.66,5.54,6.66,997374,0
RGNT.US,5,20260615,184000,7.12,8.55,6.8,7.9501,4091885,0
RGNT.US,5,20260615,184500,7.932603,8.26,5.97,5.97,3612931,0
RGNT.US,5,20260615,185000,5.97,6.9999,5.95,6.96,725737,0
RGNT.US,5,20260615,185500,6.9799,7.39,6.3001,6.65,2946430,0
RGNT.US,5,20260615,190000,6.66,7.28,6.65,7.05,2596619,0
RGNT.US,5,20260615,190500,7.04,7.89,7.0101,7.59,3682911,0
RGNT.US,5,20260615,191000,7.5898,7.6099,6.47,6.9405,1971773,0
RGNT.US,5,20260615,191500,6.94,7.02,6.5101,6.825,1365831,0
RGNT.US,5,20260615,192000,6.8101,7.24,6.81,7.0201,1424055,0
RGNT.US,5,20260615,192500,7.035,7.3999,6.8001,7.14,1724428,0
RGNT.US,5,20260615,193000,7.1401,9.04,7.1401,8.85,4807570,0
RGNT.US,5,20260615,193500,8.8803,9.77,8.52,9.1799,4669410,0
RGNT.US,5,20260615,194000,9.14,10.96,9.061,10.78,4786450,0
RGNT.US,5,20260615,194500,10.78,12.4,10.51,12.4,1543121,0
RGNT.US,5,20260615,195000,12.4,13.31,10.25,13.31,1642545,0
RGNT.US,5,20260615,195500,13.1,15,12.28,14.34,2796311,0
RGNT.US,5,20260615,200000,14.31,14.5,11.5,13.245,3187013,0
RGNT.US,5,20260615,200500,13.2241,13.55,11.22,12.301,2088876,0
RGNT.US,5,20260615,201000,12.27,13,11.8,12.4395,1983449,0
RGNT.US,5,20260615,201500,12.3924,12.99,11.8,12.7658,1494837,0
RGNT.US,5,20260615,202000,12.77,15.5,12.72,14.21,3980387,0
RGNT.US,5,20260615,202500,14.2896,15.13,13.06,14.185,2506511,0
RGNT.US,5,20260615,203000,14.22,14.6,12.6,12.78,1515037,0
RGNT.US,5,20260615,203500,12.78,13.5,12.39,13.0201,1174616,0
RGNT.US,5,20260615,204000,13.045,13.55,12.51,12.719,823466,0
RGNT.US,5,20260615,204500,12.695,13.3499,12.5,12.541,777698,0
RGNT.US,5,20260615,205000,12.57,12.76,10.3201,10.75,1698379,0
RGNT.US,5,20260615,205500,10.7315,12.2,9.8018,11.5399,1856678,0
RGNT.US,5,20260615,210000,11.495,11.901,10.14,10.38,1018877,0
RGNT.US,5,20260615,210500,10.35,10.5,9.3301,9.9564,942856,0
RGNT.US,5,20260615,211000,9.8814,11.1,9.61,10.02,1245019,0
RGNT.US,5,20260615,211500,9.9801,11.19,9.63,10.6599,1020262,0
RGNT.US,5,20260615,212000,10.7,11.64,10.27,11.206,1340610,0
RGNT.US,5,20260615,212500,11.2341,11.72,10.08,10.0801,1112221,0
RGNT.US,5,20260615,213000,10.2851,10.84,10.08,10.3399,671493,0
RGNT.US,5,20260615,213500,10.3327,10.47,9.56,10.0099,640224,0
RGNT.US,5,20260615,214000,10.01,10.22,9.63,10.05,667742,0
RGNT.US,5,20260615,214500,10.065,10.1,8.6,8.975,859511,0
RGNT.US,5,20260615,215000,9,9.36,8.74,9.36,597680,0
RGNT.US,5,20260615,215500,9.39,9.54,8.8,9,588893,0
RGNT.US,5,20260616,153000,7.855,7.89,6.8,6.865,192844,0
RGNT.US,5,20260616,153500,6.83,7.4,6.83,7.2583,129397,0
RGNT.US,5,20260616,154000,7.21,8.18,7.1501,7.95,249762,0
RGNT.US,5,20260616,154500,8.025,8.7,7.9,8.6692,500692,0
RGNT.US,5,20260616,155000,8.56,8.6799,8.11,8.205,189084,0
RGNT.US,5,20260616,155500,8.2,8.3018,7.5902,7.64,108941,0
RGNT.US,5,20260616,160000,7.7,8.09,7.6,7.77,87070,0
RGNT.US,5,20260616,160500,7.8,7.8,7.33,7.4101,70056,0
RGNT.US,5,20260616,161000,7.45,7.53,7.23,7.325,55394,0
RGNT.US,5,20260616,161500,7.3899,7.8399,7.28,7.65,69915,0
RGNT.US,5,20260616,162000,7.6347,7.6777,7.3413,7.405,46151,0
RGNT.US,5,20260616,162500,7.37,7.4899,7.2501,7.365,40207,0
RGNT.US,5,20260616,163000,7.34,7.7,7.3319,7.6,47247,0
RGNT.US,5,20260616,163500,7.49,7.51,6.85,7.028,91191,0
RGNT.US,5,20260616,164000,7.02,7.37,7.02,7.21,27904,0
RGNT.US,5,20260616,164500,7.225,7.5499,7.1601,7.3831,44023,0
RGNT.US,5,20260616,165000,7.415,7.5,7.28,7.38,28129,0
RGNT.US,5,20260616,165500,7.44,7.44,7.0801,7.21,24120,0
RGNT.US,5,20260616,170000,7.3,7.3,7.1,7.155,22923,0
RGNT.US,5,20260616,170500,7.165,7.2,6.801,6.89,48669,0
RGNT.US,5,20260616,171000,6.895,7.25,6.85,7.14,41438,0
RGNT.US,5,20260616,171500,7.1001,7.32,7.0701,7.22,44063,0
RGNT.US,5,20260616,172000,7.22,7.3799,7.12,7.24,16062,0
RGNT.US,5,20260616,172500,7.2218,7.225,7.0001,7.1,17184,0
RGNT.US,5,20260616,173000,7.08,7.0999,6.91,6.92,21710,0
RGNT.US,5,20260616,173500,6.92,7.4,6.9101,7.1101,44013,0
RGNT.US,5,20260616,174000,7.09,7.3,7.08,7.195,14508,0
RGNT.US,5,20260616,174500,7.19,7.19,6.8001,6.85,33865,0
RGNT.US,5,20260616,175000,6.8972,7.0611,6.8001,7.005,28839,0
RGNT.US,5,20260616,175500,6.99,7.035,6.86,6.97,32489,0
RGNT.US,5,20260616,180000,6.97,6.9885,6.8,6.84,25023,0
RGNT.US,5,20260616,180500,6.84,6.84,6.66,6.78,41436,0
RGNT.US,5,20260616,181000,6.77,6.88,6.66,6.68,17617,0
RGNT.US,5,20260616,181500,6.67,6.7499,6.5,6.725,44283,0
RGNT.US,5,20260616,182000,6.7499,6.8,6.625,6.72,23183,0
RGNT.US,5,20260616,182500,6.785,7.1495,6.7557,7.1,30777,0
RGNT.US,5,20260616,183000,7.105,7.12,6.97,6.97,25048,0
RGNT.US,5,20260616,183500,6.955,7.0999,6.88,6.882,10684,0
RGNT.US,5,20260616,184000,6.92,6.92,6.74,6.82,15101,0
RGNT.US,5,20260616,184500,6.815,6.815,6.56,6.61,36943,0
RGNT.US,5,20260616,185000,6.6778,6.6778,6.55,6.55,32823,0
RGNT.US,5,20260616,185500,6.56,6.61,6.5,6.6,29990,0
RGNT.US,5,20260616,190000,6.5508,6.6999,6.5102,6.58,11077,0
RGNT.US,5,20260616,190500,6.615,7.28,6.532,7.175,136534,0
RGNT.US,5,20260616,191000,7.1487,7.62,7.1301,7.605,147913,0
RGNT.US,5,20260616,191500,7.5701,7.73,7.12,7.435,162344,0
RGNT.US,5,20260616,192000,7.47,8,7.465,7.655,124244,0
RGNT.US,5,20260616,192500,7.63,7.92,7.63,7.71,97669,0
RGNT.US,5,20260616,193000,7.6301,7.6899,7.2,7.301,54180,0
RGNT.US,5,20260616,193500,7.3009,7.58,7.3,7.54,36726,0
RGNT.US,5,20260616,194000,7.5308,7.5824,7.3014,7.36,43274,0
RGNT.US,5,20260616,194500,7.377,7.54,6.86,7.1471,95338,0
RGNT.US,5,20260616,195000,7.15,7.4195,7.15,7.299,10608,0
RGNT.US,5,20260616,195500,7.29,7.3516,7.1501,7.235,15777,0
RGNT.US,5,20260616,200000,7.235,7.3,7.1831,7.255,11905,0
RGNT.US,5,20260616,200500,7.255,7.35,7.2522,7.3099,21038,0
RGNT.US,5,20260616,201000,7.27,7.32,7.185,7.185,12467,0
RGNT.US,5,20260616,201500,7.2,7.4999,7.19,7.42,15383,0
RGNT.US,5,20260616,202000,7.4734,7.86,7.43,7.8327,76502,0
RGNT.US,5,20260616,202500,7.8132,7.8151,7.1501,7.2489,45297,0
RGNT.US,5,20260616,203000,7.2,7.2467,6.9,7.01,88760,0
RGNT.US,5,20260616,203500,7.02,7.25,7.02,7.1701,11106,0
RGNT.US,5,20260616,204000,7.17,7.349,7.1,7.27,12064,0
RGNT.US,5,20260616,204500,7.2401,7.2401,7.01,7.06,13130,0
RGNT.US,5,20260616,205000,7.06,7.1783,7.05,7.1783,1750,0
RGNT.US,5,20260616,205500,7.12,7.12,7,7.05,13667,0
RGNT.US,5,20260616,210000,7.0452,7.07,6.9,6.91,38883,0
RGNT.US,5,20260616,210500,6.97,7.04,6.9,6.92,10671,0
RGNT.US,5,20260616,211000,6.905,6.94,6.8,6.83,24495,0
RGNT.US,5,20260616,211500,6.86,7,6.8001,7,14310,0
RGNT.US,5,20260616,212000,6.901,6.94,6.82,6.825,23480,0
RGNT.US,5,20260616,212500,6.8255,6.8255,6.6,6.63,34869,0
RGNT.US,5,20260616,213000,6.615,6.6247,6.33,6.3708,51206,0
RGNT.US,5,20260616,213500,6.385,6.5,6.33,6.47,40104,0
RGNT.US,5,20260616,214000,6.48,6.58,6.44,6.52,49121,0
RGNT.US,5,20260616,214500,6.58,6.85,6.21,6.29,86477,0
RGNT.US,5,20260616,215000,6.27,6.3699,6.13,6.17,51864,0
RGNT.US,5,20260616,215500,6.19,6.3735,6.1,6.1,125377,0
RGNT.US,5,20260617,153000,7.06,7.1699,6.5,6.88,195476,0
RGNT.US,5,20260617,153500,6.8198,7.065,6.4,6.63,78015,0
RGNT.US,5,20260617,154000,6.5575,6.66,6.4101,6.555,58424,0
RGNT.US,5,20260617,154500,6.555,6.67,6.195,6.23,87235,0
RGNT.US,5,20260617,155000,6.22,6.786,6.17,6.588,129494,0
RGNT.US,5,20260617,155500,6.5798,6.77,6.48,6.58,55362,0
RGNT.US,5,20260617,160000,6.5806,6.6599,6.35,6.5099,36593,0
RGNT.US,5,20260617,160500,6.465,6.5,6,6,68448,0
RGNT.US,5,20260617,161000,6.0001,6.2575,6,6.1701,27422,0
RGNT.US,5,20260617,161500,6.23,6.2499,5.24,5.32,127647,0
RGNT.US,5,20260617,162000,5.24,5.79,4.85,4.85,200413,0
RGNT.US,5,20260617,162500,4.85,4.85,4.85,4.85,398,0
RGNT.US,5,20260617,163500,4.2,4.62,4.2,4.62,66881,0
RGNT.US,5,20260617,164000,4.6,4.75,4.48,4.64,47356,0
RGNT.US,5,20260617,164500,4.64,4.75,4.48,4.66,124559,0
RGNT.US,5,20260617,165000,4.655,4.7,4.43,4.54,55999,0
RGNT.US,5,20260617,165500,4.52,4.5822,4.3,4.435,52560,0
RGNT.US,5,20260617,170000,4.45,4.9956,4.445,4.6526,91362,0
RGNT.US,5,20260617,170500,4.63,5,4.5,4.59,69487,0
RGNT.US,5,20260617,171000,4.7,4.8999,4.59,4.8407,29979,0
RGNT.US,5,20260617,171500,4.87,5.22,4.82,5.19,139348,0
RGNT.US,5,20260617,172000,5.2351,5.363,5.13,5.147,66602,0
RGNT.US,5,20260617,172500,5.16,5.33,5.13,5.3,34074,0
RGNT.US,5,20260617,173000,5.3,5.52,5.01,5.34,55560,0
RGNT.US,5,20260617,173500,5.29,5.29,5.13,5.175,21720,0
RGNT.US,5,20260617,174000,5.19,5.19,4.8,4.9104,58208,0
RGNT.US,5,20260617,174500,4.9,5.2899,4.82,5.13,42551,0
RGNT.US,5,20260617,175000,5.125,5.2,5,5.0166,19756,0
RGNT.US,5,20260617,175500,5.09,5.32,5.06,5.24,10288,0
RGNT.US,5,20260617,180000,5.24,5.35,5.147,5.31,23003,0
RGNT.US,5,20260617,180500,5.3,5.3,5.17,5.2741,15332,0
RGNT.US,5,20260617,181000,5.22,5.225,4.93,4.93,7755,0
RGNT.US,5,20260617,181500,4.95,5.15,4.9,4.9,13537,0
RGNT.US,5,20260617,182000,4.925,4.9865,4.88,4.9865,13380,0
RGNT.US,5,20260617,182500,4.94,4.95,4.651,4.7,29916,0
RGNT.US,5,20260617,183000,4.71,5,4.7,4.74,11967,0
RGNT.US,5,20260617,183500,4.73,4.74,4.66,4.66,18109,0
RGNT.US,5,20260617,184000,4.6729,4.805,4.67,4.7201,6482,0
RGNT.US,5,20260617,184500,4.73,4.83,4.73,4.83,15637,0
RGNT.US,5,20260617,185000,4.86,4.92,4.8,4.83,11889,0
RGNT.US,5,20260617,185500,4.8413,4.89,4.8012,4.885,15354,0
RGNT.US,5,20260617,190000,4.9,4.9482,4.8795,4.9,12250,0
RGNT.US,5,20260617,190500,4.92,4.92,4.8,4.9189,16709,0
RGNT.US,5,20260617,191000,4.8001,4.85,4.8001,4.82,6066,0
RGNT.US,5,20260617,191500,4.8035,4.83,4.75,4.75,7836,0
RGNT.US,5,20260617,192000,4.795,4.9267,4.795,4.9267,9094,0
RGNT.US,5,20260617,192500,4.9,4.91,4.63,4.82,22497,0
RGNT.US,5,20260617,193000,4.82,4.82,4.55,4.66,36658,0
RGNT.US,5,20260617,193500,4.67,4.7419,4.54,4.66,39658,0
RGNT.US,5,20260617,194000,4.703,4.703,4.5701,4.635,4701,0
RGNT.US,5,20260617,194500,4.59,4.6922,4.5,4.6,8131,0
RGNT.US,5,20260617,195000,4.62,4.85,4.6,4.6754,6944,0
RGNT.US,5,20260617,195500,4.717985,4.8,4.6801,4.6801,10818,0
RGNT.US,5,20260617,200000,4.6832,4.735,4.66,4.7,5018,0
RGNT.US,5,20260617,200500,4.6577,4.7,4.6,4.6001,26008,0
RGNT.US,5,20260617,201000,4.6336,4.65,4.615,4.625,10995,0
RGNT.US,5,20260617,201500,4.65,4.65,4.6,4.63,5441,0
RGNT.US,5,20260617,202000,4.6201,4.635,4.5298,4.62,13214,0
RGNT.US,5,20260617,202500,4.6225,4.68,4.58,4.68,5625,0
RGNT.US,5,20260617,203000,4.66,4.77,4.66,4.68,700,0
RGNT.US,5,20260617,203500,4.705,4.75,4.66,4.705,1691,0
RGNT.US,5,20260617,204000,4.71,4.8,4.6817,4.6817,6707,0
RGNT.US,5,20260617,204500,4.77,4.8499,4.765,4.8276,13754,0
RGNT.US,5,20260617,205000,4.7001,4.85,4.7001,4.8,8363,0
RGNT.US,5,20260617,205500,4.805,4.89,4.8,4.84,6023,0
RGNT.US,5,20260617,210000,4.84,4.97,4.84,4.93,5222,0
RGNT.US,5,20260617,210500,4.93,4.99,4.9014,4.99,26982,0
RGNT.US,5,20260617,211000,4.935,5.0992,4.91,5.08,24720,0
RGNT.US,5,20260617,211500,5.0968,5.2,5.0001,5.175,30169,0
RGNT.US,5,20260617,212000,5.175,5.2,5.0633,5.1,16180,0
RGNT.US,5,20260617,212500,5.12,5.15,5.015,5.06,17127,0
RGNT.US,5,20260617,213000,5,5.06,4.84,5,12709,0
RGNT.US,5,20260617,213500,5.02,5.1,5.01,5.09,8014,0
RGNT.US,5,20260617,214000,5.04,5.1,5.01,5.065,9476,0
RGNT.US,5,20260617,214500,5.09,5.09,4.93,4.965,22566,0
RGNT.US,5,20260617,215000,4.96,5,4.8001,4.935,17442,0
RGNT.US,5,20260617,215500,4.935,5.04,4.86,5.04,20918,0
RGNT.US,5,20260618,153000,4.81,4.84,4.5629,4.67,26377,0
RGNT.US,5,20260618,153500,4.67,4.83,4.34,4.36,26162,0
RGNT.US,5,20260618,154000,4.36,4.61,4.3203,4.515,36939,0
RGNT.US,5,20260618,154500,4.47,4.47,4.35,4.415,7580,0
RGNT.US,5,20260618,155000,4.4671,4.52,4.37,4.52,7791,0
RGNT.US,5,20260618,155500,4.5999,4.68,4.45,4.51,14689,0
RGNT.US,5,20260618,160000,4.53,4.65,4.18,4.18,34767,0
RGNT.US,5,20260618,160500,4.26,4.365,4.2,4.27,11368,0
RGNT.US,5,20260618,161000,4.27,4.5,4.27,4.49,12725,0
RGNT.US,5,20260618,161500,4.485,4.605,4.48,4.605,5157,0
RGNT.US,5,20260618,162000,4.64,4.65,4.4902,4.4999,11610,0
RGNT.US,5,20260618,162500,4.4898,4.4993,4.2701,4.4,5024,0
RGNT.US,5,20260618,163000,4.42,4.4597,4.34,4.4571,3426,0
RGNT.US,5,20260618,163500,4.4,4.5,4.4,4.49,3740,0
RGNT.US,5,20260618,164000,4.45,4.46,4.41,4.46,5964,0
RGNT.US,5,20260618,164500,4.4545,4.4545,4.32,4.32,2481,0
RGNT.US,5,20260618,165000,4.35,4.5357,4.35,4.5033,2800,0
RGNT.US,5,20260618,165500,4.5,4.5,4.5,4.5,358,0
RGNT.US,5,20260618,170000,4.5,4.5,4.27,4.27,5969,0
RGNT.US,5,20260618,170500,4.2501,4.44,4.25,4.38,6431,0
RGNT.US,5,20260618,171000,4.32,4.38,4.3,4.3,9265,0
RGNT.US,5,20260618,171500,4.3,4.35,4.21,4.28,16556,0
RGNT.US,5,20260618,172000,4.3524,4.3524,4.3002,4.3002,561,0
RGNT.US,5,20260618,172500,4.33,4.3799,4.3002,4.36,5363,0
RGNT.US,5,20260618,173000,4.37,4.38,4.3067,4.328,1545,0
RGNT.US,5,20260618,173500,4.3782,4.3782,4.32,4.35,8669,0
RGNT.US,5,20260618,174000,4.35,4.3996,4.34,4.37,4348,0
RGNT.US,5,20260618,174500,4.38,4.4,4.32,4.32,15146,0
RGNT.US,5,20260618,175000,4.3001,4.32,4.3001,4.32,6140,0
RGNT.US,5,20260618,175500,4.3199,4.34,4.28,4.28,5275,0
RGNT.US,5,20260618,180000,4.2982,4.31,4.2801,4.3,1868,0
RGNT.US,5,20260618,180500,4.2808,4.3,4.2808,4.282,850,0
RGNT.US,5,20260618,181000,4.28,4.28,3.9,4.0101,29643,0
RGNT.US,5,20260618,181500,4.09,4.21,3.9984,4.21,23488,0
RGNT.US,5,20260618,182000,4.13,4.2,4,4.07,11459,0
RGNT.US,5,20260618,182500,4.05,4.21,4.05,4.12,5421,0
RGNT.US,5,20260618,183000,4.1,4.16,4.1,4.16,608,0
RGNT.US,5,20260618,183500,4.03,4.15,4.02,4.15,5957,0
RGNT.US,5,20260618,184000,4.09,4.24,4.09,4.24,7542,0
RGNT.US,5,20260618,184500,4.23,4.4243,4.165,4.4243,11823,0
RGNT.US,5,20260618,185000,4.4,4.4496,4.3501,4.4496,4764,0
RGNT.US,5,20260618,185500,4.425,4.425,4.315,4.315,11016,0
RGNT.US,5,20260618,190000,4.31,4.325,4.3,4.3,1319,0
RGNT.US,5,20260618,190500,4.325,4.39,4.32,4.39,2208,0
RGNT.US,5,20260618,191000,4.315,4.32,4.315,4.32,213,0
RGNT.US,5,20260618,191500,4.315,4.315,4.15,4.18,4865,0
RGNT.US,5,20260618,192000,4.16,4.21,4.16,4.21,767,0
RGNT.US,5,20260618,192500,4.18,4.18,4.18,4.18,235,0
RGNT.US,5,20260618,193000,4.2457,4.2457,4.155,4.235,1100,0
RGNT.US,5,20260618,193500,4.2556,4.2556,4.25,4.25,350,0
RGNT.US,5,20260618,194000,4.27,4.28,4.27,4.28,1015,0
RGNT.US,5,20260618,194500,4.32,4.32,4.29,4.29,1297,0
RGNT.US,5,20260618,195500,4.2601,4.29,4.2601,4.29,1179,0
RGNT.US,5,20260618,200000,4.29,4.29,4.29,4.29,1000,0
RGNT.US,5,20260618,200500,4.26,4.29,4.25,4.25,1179,0
RGNT.US,5,20260618,201000,4.29,4.29,4.26,4.26,1800,0
RGNT.US,5,20260618,201500,4.26,4.31,4.26,4.26,520,0
RGNT.US,5,20260618,202000,4.26,4.26,4.26,4.26,393,0
RGNT.US,5,20260618,202500,4.24,4.265,4.21,4.25,4389,0
RGNT.US,5,20260618,203000,4.2014,4.2014,4.2014,4.2014,275,0
RGNT.US,5,20260618,203500,4.25,4.28,4.245,4.245,750,0
RGNT.US,5,20260618,204000,4.28,4.32,4.245,4.3,3525,0
RGNT.US,5,20260618,204500,4.285,4.285,4.285,4.285,949,0
RGNT.US,5,20260618,205000,4.285,4.36,4.285,4.325,1090,0
RGNT.US,5,20260618,205500,4.36,4.36,4.321,4.36,2860,0
RGNT.US,5,20260618,210000,4.3802,4.3802,4.335,4.35,2560,0
RGNT.US,5,20260618,210500,4.349,4.4,4.349,4.39,3525,0
RGNT.US,5,20260618,211000,4.39,4.39,4.39,4.39,100,0
RGNT.US,5,20260618,211500,4.4,4.46,4.4,4.42,4326,0
RGNT.US,5,20260618,212000,4.49,4.7,4.44,4.6901,23691,0
RGNT.US,5,20260618,212500,4.69,4.69,4.52,4.595,10067,0
RGNT.US,5,20260618,213000,4.61,4.62,4.505,4.54,5195,0
RGNT.US,5,20260618,213500,4.485,4.54,4.3701,4.455,3274,0
RGNT.US,5,20260618,214000,4.45,4.57,4.45,4.55,8885,0
RGNT.US,5,20260618,214500,4.551,4.585,4.445,4.445,9780,0
RGNT.US,5,20260618,215000,4.445,4.63,4.445,4.55,4576,0
RGNT.US,5,20260618,215500,4.46,4.58,4.46,4.561,8818,0
RGNT.US,5,20260622,153000,4,4.6899,4,4.59,55739,0
RGNT.US,5,20260622,153500,4.5001,5,4.5001,4.895,94229,0
RGNT.US,5,20260622,154000,4.895,4.9,4.29,4.29,85838,0
RGNT.US,5,20260622,154500,4.245,4.49,4.2207,4.46,30819,0
RGNT.US,5,20260622,155000,4.44,4.5499,4.425,4.51,20255,0
RGNT.US,5,20260622,155500,4.5192,4.7999,4.4683,4.74,83903,0
RGNT.US,5,20260622,160000,4.73,4.7499,4.5501,4.59,28982,0
RGNT.US,5,20260622,160500,4.59,4.63,4.3,4.37,24906,0
RGNT.US,5,20260622,161000,4.31,4.4399,4.31,4.36,29773,0
RGNT.US,5,20260622,161500,4.39,4.429,4.33,4.33,8684,0
RGNT.US,5,20260622,162000,4.3407,4.36,4.33,4.34,4368,0
RGNT.US,5,20260622,162500,4.3303,4.4162,4.31,4.31,6733,0
RGNT.US,5,20260622,163000,4.3298,4.3298,4.2,4.2,3465,0
RGNT.US,5,20260622,163500,4.2,4.255,4.2,4.24,9346,0
RGNT.US,5,20260622,164000,4.24,4.31,4.24,4.28,4062,0
RGNT.US,5,20260622,164500,4.27,4.3,4.1547,4.16,8330,0
RGNT.US,5,20260622,165000,4.19,4.2299,4.16,4.18,10375,0
RGNT.US,5,20260622,165500,4.2,4.25,4.2,4.25,1700,0
RGNT.US,5,20260622,170000,4.21,4.22,4.0901,4.1,18908,0
RGNT.US,5,20260622,170500,4.12,4.15,4.11,4.15,2000,0
RGNT.US,5,20260622,171000,4.134,4.235,4.134,4.23,6413,0
RGNT.US,5,20260622,171500,4.2101,4.23,4.2101,4.23,700,0
RGNT.US,5,20260622,172000,4.24,4.2794,4.2052,4.25,7055,0
RGNT.US,5,20260622,172500,4.245,4.245,4.24,4.24,200,0
RGNT.US,5,20260622,173000,4.25,4.27,4.25,4.27,858,0
RGNT.US,5,20260622,173500,4.255,4.255,4.2002,4.23,4717,0
RGNT.US,5,20260622,174000,4.21,4.23,4.18,4.19,5867,0
RGNT.US,5,20260622,174500,4.18,4.19,4.1001,4.17,9200,0
RGNT.US,5,20260622,175000,4.13,4.2283,4.12,4.185,3352,0
RGNT.US,5,20260622,175500,4.19,4.19,4.14,4.15,3242,0
RGNT.US,5,20260622,180000,4.14,4.225,4.12,4.2225,11358,0
RGNT.US,5,20260622,180500,4.245,4.36,4.22,4.36,3800,0
RGNT.US,5,20260622,181000,4.36,4.5,4.36,4.46,9038,0
RGNT.US,5,20260622,181500,4.43,4.49,4.43,4.455,4122,0
RGNT.US,5,20260622,182000,4.47,4.5,4.45,4.48,5776,0
RGNT.US,5,20260622,182500,4.465,4.5,4.435,4.445,4853,0
RGNT.US,5,20260622,183000,4.4047,4.56,4.4,4.56,7179,0
RGNT.US,5,20260622,183500,4.578,4.65,4.55,4.6074,7212,0
RGNT.US,5,20260622,184000,4.6042,4.72,4.6042,4.72,20653,0
RGNT.US,5,20260622,184500,4.7101,4.72,4.71,4.715,11276,0
RGNT.US,5,20260622,185000,4.71,4.76,4.6824,4.75,12713,0
RGNT.US,5,20260622,185500,4.76,4.76,4.74,4.75,11993,0
RGNT.US,5,20260622,190000,4.75,4.775,4.71,4.7195,12483,0
RGNT.US,5,20260622,190500,4.75,4.7899,4.71,4.7298,4138,0
RGNT.US,5,20260622,191000,4.71,4.715,4.64,4.65,11812,0
RGNT.US,5,20260622,191500,4.6303,4.66,4.465,4.4878,32116,0
RGNT.US,5,20260622,192000,4.41,4.44,4.4,4.42,1400,0
RGNT.US,5,20260622,192500,4.46,4.46,4.43,4.43,4017,0
RGNT.US,5,20260622,193000,4.43,4.43,4.26,4.32,11320,0
RGNT.US,5,20260622,193500,4.385,4.4,4.3101,4.355,3140,0
RGNT.US,5,20260622,194000,4.36,4.38,4.35,4.36,4131,0
RGNT.US,5,20260622,194500,4.35,4.385,4.28,4.31,15635,0
RGNT.US,5,20260622,195000,4.3,4.435,4.2801,4.32,2100,0
RGNT.US,5,20260622,195500,4.32,4.325,4.3,4.3,2838,0
RGNT.US,5,20260622,200000,4.33,4.33,4.29,4.3,3170,0
RGNT.US,5,20260622,200500,4.28,4.3458,4.21,4.24,8677,0
RGNT.US,5,20260622,201000,4.29,4.3,4.2301,4.3,2505,0
RGNT.US,5,20260622,201500,4.3482,4.3482,4.29,4.3,5138,0
RGNT.US,5,20260622,202000,4.2999,4.3,4.295,4.3,4030,0
RGNT.US,5,20260622,202500,4.34,4.3875,4.32,4.32,3225,0
RGNT.US,5,20260622,203000,4.31,4.37,4.31,4.37,2815,0
RGNT.US,5,20260622,203500,4.37,4.4298,4.35,4.4298,4739,0
RGNT.US,5,20260622,204000,4.37,4.37,4.32,4.32,915,0
RGNT.US,5,20260622,204500,4.32,4.32,4.29,4.2932,2774,0
RGNT.US,5,20260622,205000,4.3,4.3,4.271,4.29,536,0
RGNT.US,5,20260622,205500,4.28,4.29,4.2601,4.29,3282,0
RGNT.US,5,20260622,210000,4.29,4.29,4.29,4.29,1441,0
RGNT.US,5,20260622,210500,4.29,4.29,4.29,4.29,635,0
RGNT.US,5,20260622,211000,4.27,4.315,4.27,4.27,6816,0
RGNT.US,5,20260622,211500,4.2696,4.2865,4.26,4.2865,4003,0
RGNT.US,5,20260622,212000,4.26,4.33,4.25,4.325,3493,0
RGNT.US,5,20260622,212500,4.325,4.41,4.245,4.245,2298,0
RGNT.US,5,20260622,213000,4.285,4.415,4.285,4.36,4815,0
RGNT.US,5,20260622,213500,4.35,4.35,4.2896,4.2896,805,0
RGNT.US,5,20260622,214000,4.33,4.405,4.33,4.355,1100,0
RGNT.US,5,20260622,214500,4.355,4.43,4.2102,4.3955,5240,0
RGNT.US,5,20260622,215000,4.3,4.3,4.22,4.2444,2410,0
RGNT.US,5,20260622,215500,4.24,4.24,4.13,4.14,13869,0
