<TICKER>,<PER>,<DATE>,<TIME>,<OPEN>,<HIGH>,<LOW>,<CLOSE>,<VOL>,<OPENINT>
SKYH-WS.US,5,20260126,160000,0.78,0.78,0.78,0.78,944,0
SKYH-WS.US,5,20260126,172500,0.6992,0.6992,0.6992,0.6992,100,0
SKYH-WS.US,5,20260126,174000,0.7493,0.7493,0.6926,0.6926,727,0
SKYH-WS.US,5,20260126,182500,0.78,0.78,0.78,0.78,100,0
SKYH-WS.US,5,20260126,183000,0.78,0.78,0.78,0.78,800,0
SKYH-WS.US,5,20260126,191500,0.716,0.716,0.716,0.716,900,0
SKYH-WS.US,5,20260126,200000,0.76,0.77,0.76,0.77,1000,0
SKYH-WS.US,5,20260127,160500,0.78,0.78,0.78,0.78,900,0
SKYH-WS.US,5,20260127,170000,0.78,0.78,0.78,0.78,1000,0
SKYH-WS.US,5,20260127,172500,0.78,0.78,0.78,0.78,1000,0
SKYH-WS.US,5,20260127,194000,0.65,0.68,0.65,0.67,3457,0
SKYH-WS.US,5,20260127,211500,0.69,0.69,0.69,0.69,700,0
SKYH-WS.US,5,20260127,214500,0.6597,0.6597,0.6597,0.6597,100,0
SKYH-WS.US,5,20260127,215000,0.67,0.67,0.67,0.67,200,0
SKYH-WS.US,5,20260127,215500,0.69,0.75,0.69,0.75,1359,0
SKYH-WS.US,5,20260128,170500,0.73,0.75,0.73,0.75,1879,0
SKYH-WS.US,5,20260128,174000,0.7,0.7,0.7,0.7,5000,0
SKYH-WS.US,5,20260128,174500,0.6701,0.6701,0.670067,0.670067,600,0
SKYH-WS.US,5,20260128,183000,0.7,0.7,0.7,0.7,200,0
SKYH-WS.US,5,20260128,184500,0.7,0.7,0.6999,0.6999,600,0
SKYH-WS.US,5,20260128,195000,0.6895,0.69999,0.6876,0.6876,770,0
SKYH-WS.US,5,20260128,201500,0.6999,0.7,0.6999,0.7,1000,0
SKYH-WS.US,5,20260128,202000,0.685,0.7,0.685,0.7,1300,0
SKYH-WS.US,5,20260128,203000,0.7,0.7,0.7,0.7,3000,0
SKYH-WS.US,5,20260128,205500,0.6999,0.7,0.6999,0.6999,1364,0
SKYH-WS.US,5,20260129,165000,0.685,0.685,0.685,0.685,700,0
SKYH-WS.US,5,20260129,171500,0.675,0.675,0.675,0.675,500,0
SKYH-WS.US,5,20260129,173500,0.639999,0.65,0.639999,0.65,800,0
SKYH-WS.US,5,20260129,174000,0.66,0.66,0.66,0.66,100,0
SKYH-WS.US,5,20260129,175000,0.6899,0.69,0.6899,0.69,800,0
SKYH-WS.US,5,20260129,180500,0.69,0.7,0.69,0.7,1000,0
SKYH-WS.US,5,20260129,181500,0.7,0.7,0.7,0.7,300,0
SKYH-WS.US,5,20260129,205500,0.7,0.7,0.6999,0.7,1600,0
SKYH-WS.US,5,20260129,212500,0.69,0.69,0.69,0.69,100,0
SKYH-WS.US,5,20260129,215000,0.68,0.7,0.68,0.6946,1610,0
SKYH-WS.US,5,20260129,215500,0.7,0.7,0.6999,0.6999,470,0
SKYH-WS.US,5,20260130,160000,0.7,0.7,0.683001,0.683001,5080,0
SKYH-WS.US,5,20260130,160500,0.6999,0.6999,0.6999,0.6999,180,0
SKYH-WS.US,5,20260130,161000,0.7,0.7,0.7,0.7,500,0
SKYH-WS.US,5,20260130,162000,0.7699,0.77,0.7699,0.77,1000,0
SKYH-WS.US,5,20260130,171500,0.7,0.7,0.7,0.7,1000,0
SKYH-WS.US,5,20260130,173000,0.7,0.7,0.7,0.7,3914,0
SKYH-WS.US,5,20260130,205000,0.6815,0.6815,0.6725,0.68,419,0
SKYH-WS.US,5,20260130,211000,0.7,0.7,0.7,0.7,100,0
SKYH-WS.US,5,20260130,211500,0.699899,0.699899,0.699899,0.699899,200,0
SKYH-WS.US,5,20260130,215000,0.67,0.67,0.67,0.67,106,0
SKYH-WS.US,5,20260202,155500,0.7,0.7,0.7,0.7,1100,0
SKYH-WS.US,5,20260202,160500,0.7,0.7,0.7,0.7,4938,0
SKYH-WS.US,5,20260202,161500,0.68,0.68,0.67,0.67,11330,0
SKYH-WS.US,5,20260202,162000,0.67,0.67,0.67,0.67,146,0
SKYH-WS.US,5,20260202,184000,0.6999,0.7,0.67,0.699899,2768,0
SKYH-WS.US,5,20260202,185000,0.67,0.67,0.67,0.67,200,0
SKYH-WS.US,5,20260202,193000,0.7,0.7,0.7,0.7,922,0
SKYH-WS.US,5,20260202,193500,0.7,0.7,0.6999,0.7,8500,0
SKYH-WS.US,5,20260202,195000,0.71,0.71,0.7099,0.7099,1175,0
SKYH-WS.US,5,20260202,203500,0.7,0.7,0.7,0.7,395,0
SKYH-WS.US,5,20260202,204500,0.7,0.7,0.7,0.7,825,0
SKYH-WS.US,5,20260202,211000,0.69999,0.7,0.69999,0.7,900,0
SKYH-WS.US,5,20260202,214000,0.7,0.7,0.7,0.7,100,0
SKYH-WS.US,5,20260202,215000,0.691,0.7,0.691,0.7,600,0
SKYH-WS.US,5,20260203,161000,0.6999,0.7,0.6999,0.7,800,0
SKYH-WS.US,5,20260203,162000,0.672,0.672,0.672,0.672,100,0
SKYH-WS.US,5,20260203,170000,0.7,0.7,0.6999,0.6999,200,0
SKYH-WS.US,5,20260203,170500,0.7,0.7,0.7,0.7,750,0
SKYH-WS.US,5,20260203,175500,0.672,0.6721,0.67,0.67,2400,0
SKYH-WS.US,5,20260203,181000,0.65,0.65,0.6499,0.6499,400,0
SKYH-WS.US,5,20260203,185000,0.6399,0.6399,0.6399,0.6399,300,0
SKYH-WS.US,5,20260203,193500,0.647,0.647,0.647,0.647,500,0
SKYH-WS.US,5,20260203,194000,0.65,0.65,0.65,0.65,100,0
SKYH-WS.US,5,20260203,195000,0.64,0.64,0.64,0.64,1281,0
SKYH-WS.US,5,20260203,200000,0.64,0.64,0.6399,0.6399,200,0
SKYH-WS.US,5,20260203,200500,0.64,0.64,0.6399,0.6399,400,0
SKYH-WS.US,5,20260203,202000,0.64,0.64,0.64,0.64,100,0
SKYH-WS.US,5,20260203,203500,0.6296,0.6296,0.6296,0.6296,169,0
SKYH-WS.US,5,20260203,205000,0.64,0.64,0.64,0.64,100,0
SKYH-WS.US,5,20260203,210000,0.64,0.64,0.64,0.64,3257,0
SKYH-WS.US,5,20260203,213000,0.65,0.65,0.65,0.65,21900,0
SKYH-WS.US,5,20260203,213500,0.6448,0.6448,0.6448,0.6448,185,0
SKYH-WS.US,5,20260203,214000,0.65,0.65,0.6401,0.65,1300,0
SKYH-WS.US,5,20260203,214500,0.65,0.65,0.65,0.65,100,0
SKYH-WS.US,5,20260203,215500,0.6465,0.65,0.645,0.65,14950,0
SKYH-WS.US,5,20260204,154500,0.6799,0.68,0.6799,0.6799,1000,0
SKYH-WS.US,5,20260204,174500,0.68,0.68,0.68,0.68,100,0
SKYH-WS.US,5,20260204,185000,0.68,0.68,0.68,0.68,500,0
SKYH-WS.US,5,20260204,190500,0.69,0.69,0.69,0.69,400,0
SKYH-WS.US,5,20260204,193500,0.67,0.67,0.67,0.67,300,0
SKYH-WS.US,5,20260204,200000,0.68,0.68,0.68,0.68,200,0
SKYH-WS.US,5,20260204,200500,0.675,0.675,0.66,0.66,800,0
SKYH-WS.US,5,20260204,204000,0.67,0.67,0.659999,0.659999,10200,0
SKYH-WS.US,5,20260205,154500,0.67,0.67,0.67,0.67,1000,0
SKYH-WS.US,5,20260205,155500,0.63,0.63,0.614999,0.615,1776,0
SKYH-WS.US,5,20260205,160000,0.62,0.62,0.6199,0.6199,1800,0
SKYH-WS.US,5,20260205,163000,0.6199,0.62,0.6,0.6,2600,0
SKYH-WS.US,5,20260205,170000,0.6,0.6,0.5941,0.6,7924,0
SKYH-WS.US,5,20260205,170500,0.59,0.59,0.59,0.59,100,0
SKYH-WS.US,5,20260205,171000,0.594999,0.6,0.594999,0.6,9848,0
SKYH-WS.US,5,20260205,172500,0.61,0.61,0.61,0.61,200,0
SKYH-WS.US,5,20260205,175000,0.6,0.6,0.6,0.6,8095,0
SKYH-WS.US,5,20260205,175500,0.6,0.6,0.6,0.6,9927,0
SKYH-WS.US,5,20260205,180500,0.6,0.6,0.6,0.6,100,0
SKYH-WS.US,5,20260205,181500,0.6,0.6,0.6,0.6,9827,0
SKYH-WS.US,5,20260205,185500,0.6,0.6,0.6,0.6,9927,0
SKYH-WS.US,5,20260205,194500,0.63,0.63,0.63,0.63,100,0
SKYH-WS.US,5,20260205,200000,0.619,0.63,0.61,0.61,945,0
SKYH-WS.US,5,20260205,202500,0.609899,0.609899,0.609899,0.609899,500,0
SKYH-WS.US,5,20260205,204000,0.61,0.61,0.61,0.61,100,0
SKYH-WS.US,5,20260205,210500,0.6,0.605,0.6,0.605,1300,0
SKYH-WS.US,5,20260205,212500,0.59,0.59,0.575,0.575,1647,0
SKYH-WS.US,5,20260205,213000,0.5505,0.5505,0.5505,0.5505,1499,0
SKYH-WS.US,5,20260205,213500,0.5505,0.5505,0.5505,0.5505,250,0
SKYH-WS.US,5,20260205,214000,0.5498,0.59,0.5498,0.59,9800,0
SKYH-WS.US,5,20260206,161500,0.67,0.67,0.6699,0.6699,240,0
SKYH-WS.US,5,20260206,170000,0.6525,0.6525,0.6525,0.6525,500,0
SKYH-WS.US,5,20260206,174500,0.67,0.67,0.658,0.658,728,0
SKYH-WS.US,5,20260206,183500,0.65,0.65,0.65,0.65,480,0
SKYH-WS.US,5,20260206,184000,0.61,0.61,0.61,0.61,320,0
SKYH-WS.US,5,20260206,184500,0.61,0.61,0.61,0.61,320,0
SKYH-WS.US,5,20260206,185000,0.61,0.61,0.6,0.6,800,0
SKYH-WS.US,5,20260206,185500,0.61,0.61,0.61,0.61,400,0
SKYH-WS.US,5,20260206,190000,0.61,0.61,0.61,0.61,800,0
SKYH-WS.US,5,20260206,190500,0.61,0.61,0.61,0.61,400,0
SKYH-WS.US,5,20260206,191000,0.61,0.61,0.61,0.61,400,0
SKYH-WS.US,5,20260206,191500,0.6,0.6,0.6,0.6,400,0
SKYH-WS.US,5,20260206,192000,0.6,0.6,0.6,0.6,800,0
SKYH-WS.US,5,20260206,192500,0.6,0.6,0.6,0.6,400,0
SKYH-WS.US,5,20260206,193000,0.6,0.6,0.6,0.6,500,0
SKYH-WS.US,5,20260206,193500,0.6,0.61,0.58,0.61,800,0
SKYH-WS.US,5,20260206,194000,0.61,0.61,0.58,0.58,400,0
SKYH-WS.US,5,20260206,194500,0.61,0.61,0.61,0.61,400,0
SKYH-WS.US,5,20260206,195000,0.61,0.61,0.57,0.61,800,0
SKYH-WS.US,5,20260206,195500,0.61,0.61,0.57,0.57,400,0
SKYH-WS.US,5,20260206,200000,0.61,0.61,0.61,0.61,400,0
SKYH-WS.US,5,20260206,200500,0.61,0.61,0.57,0.57,400,0
SKYH-WS.US,5,20260206,201000,0.6,0.6,0.57,0.57,800,0
SKYH-WS.US,5,20260206,201500,0.6,0.6,0.6,0.6,400,0
SKYH-WS.US,5,20260206,202000,0.61,0.61,0.61,0.61,500,0
SKYH-WS.US,5,20260206,202500,0.6,0.6,0.57,0.57,800,0
SKYH-WS.US,5,20260206,203000,0.58,0.58,0.58,0.58,400,0
SKYH-WS.US,5,20260206,203500,0.58,0.58,0.57,0.57,400,0
SKYH-WS.US,5,20260206,204000,0.56,0.56,0.55,0.55,300,0
SKYH-WS.US,5,20260206,204500,0.56,0.56,0.54,0.54,800,0
SKYH-WS.US,5,20260206,205000,0.54,0.54,0.54,0.54,400,0
SKYH-WS.US,5,20260206,205500,0.605,0.605,0.58,0.58,700,0
SKYH-WS.US,5,20260206,210000,0.61,0.61,0.58,0.6,747,0
SKYH-WS.US,5,20260206,210500,0.59,0.59,0.55,0.55,347,0
SKYH-WS.US,5,20260206,211000,0.58,0.58,0.58,0.58,400,0
SKYH-WS.US,5,20260206,211500,0.58,0.58,0.54,0.54,900,0
SKYH-WS.US,5,20260206,212000,0.54,0.54,0.54,0.54,400,0
SKYH-WS.US,5,20260206,212500,0.52,0.52,0.52,0.52,400,0
SKYH-WS.US,5,20260206,213000,0.52,0.52,0.52,0.52,400,0
SKYH-WS.US,5,20260206,213500,0.5305,0.5305,0.5205,0.5205,800,0
SKYH-WS.US,5,20260206,214000,0.5205,0.5805,0.5205,0.5805,900,0
SKYH-WS.US,5,20260206,214500,0.6244,0.6244,0.6244,0.6244,100,0
SKYH-WS.US,5,20260206,215000,0.58,0.58,0.58,0.58,800,0
SKYH-WS.US,5,20260206,215500,0.58,0.58,0.55,0.55,800,0
SKYH-WS.US,5,20260209,161000,0.6,0.6,0.6,0.6,5901,0
SKYH-WS.US,5,20260209,165000,0.57,0.57,0.57,0.57,400,0
SKYH-WS.US,5,20260209,175000,0.57,0.57,0.57,0.57,200,0
SKYH-WS.US,5,20260209,202500,0.57,0.57,0.57,0.57,3000,0
SKYH-WS.US,5,20260210,164500,0.6,0.6,0.6,0.6,5000,0
SKYH-WS.US,5,20260210,181000,0.5379,0.58,0.5379,0.558953,2600,0
SKYH-WS.US,5,20260210,181500,0.58,0.58,0.58,0.58,9000,0
SKYH-WS.US,5,20260210,190000,0.58,0.58,0.58,0.58,1000,0
SKYH-WS.US,5,20260210,191500,0.58,0.59,0.58,0.59,1300,0
SKYH-WS.US,5,20260210,192000,0.63,0.63,0.615002,0.63,1400,0
SKYH-WS.US,5,20260210,192500,0.659,0.66,0.63,0.63,556,0
SKYH-WS.US,5,20260210,193500,0.66,0.66,0.66,0.66,100,0
SKYH-WS.US,5,20260210,200000,0.69,0.7,0.69,0.7,1800,0
SKYH-WS.US,5,20260210,200500,0.7,0.73,0.7,0.73,2500,0
SKYH-WS.US,5,20260210,201000,0.7082,0.75,0.7082,0.74,4000,0
SKYH-WS.US,5,20260210,201500,0.734951,0.734951,0.734951,0.734951,300,0
SKYH-WS.US,5,20260210,202000,0.75,0.753,0.75,0.753,7298,0
SKYH-WS.US,5,20260210,202500,0.753,0.754951,0.71,0.754951,11753,0
SKYH-WS.US,5,20260210,203000,0.75,0.75,0.75,0.75,7598,0
SKYH-WS.US,5,20260210,203500,0.75,0.754951,0.75,0.75,11377,0
SKYH-WS.US,5,20260210,204000,0.75,0.76,0.75,0.753,3716,0
SKYH-WS.US,5,20260210,204500,0.71,0.7218,0.71,0.7218,2005,0
SKYH-WS.US,5,20260210,205000,0.71,0.71,0.71,0.71,600,0
SKYH-WS.US,5,20260210,211500,0.69,0.69,0.69,0.69,100,0
SKYH-WS.US,5,20260210,212000,0.690101,0.700001,0.69,0.69,4621,0
SKYH-WS.US,5,20260210,212500,0.69,0.7,0.69,0.69,2900,0
SKYH-WS.US,5,20260210,213500,0.69,0.69,0.69,0.69,100,0
SKYH-WS.US,5,20260210,215000,0.69,0.69,0.69,0.69,1592,0
SKYH-WS.US,5,20260210,215500,0.69,0.69,0.69,0.69,200,0
SKYH-WS.US,5,20260211,154000,0.75,0.75,0.75,0.75,1500,0
SKYH-WS.US,5,20260211,154500,0.75,0.7502,0.75,0.75,1070,0
SKYH-WS.US,5,20260211,155000,0.75,0.760001,0.75,0.75,5230,0
SKYH-WS.US,5,20260211,155500,0.75,0.760001,0.75,0.7559,2700,0
SKYH-WS.US,5,20260211,160000,0.7461,0.7461,0.7101,0.716,400,0
SKYH-WS.US,5,20260211,161500,0.68,0.68,0.68,0.68,1000,0
SKYH-WS.US,5,20260211,164500,0.6401,0.6401,0.6401,0.6401,100,0
SKYH-WS.US,5,20260211,174000,0.6,0.6,0.58,0.58,6000,0
SKYH-WS.US,5,20260211,175500,0.5702,0.5702,0.5702,0.5702,200,0
SKYH-WS.US,5,20260211,180000,0.5703,0.58,0.5703,0.5751,1700,0
SKYH-WS.US,5,20260211,182000,0.58,0.58,0.58,0.58,900,0
SKYH-WS.US,5,20260211,190000,0.58,0.58,0.58,0.58,1300,0
SKYH-WS.US,5,20260211,193000,0.5701,0.5701,0.57,0.57,4500,0
SKYH-WS.US,5,20260211,194000,0.5699,0.5699,0.5301,0.5301,1000,0
SKYH-WS.US,5,20260211,211500,0.5648,0.59,0.5648,0.59,1800,0
SKYH-WS.US,5,20260211,212000,0.59,0.59,0.59,0.59,100,0
SKYH-WS.US,5,20260211,213000,0.58,0.58,0.57,0.5785,2983,0
SKYH-WS.US,5,20260212,165000,0.54,0.54,0.54,0.54,151,0
SKYH-WS.US,5,20260212,170000,0.54,0.544,0.525,0.525,1949,0
SKYH-WS.US,5,20260212,170500,0.5,0.516,0.498,0.498,800,0
SKYH-WS.US,5,20260212,171000,0.48,0.48,0.465,0.465,1100,0
SKYH-WS.US,5,20260212,171500,0.465,0.468,0.449801,0.449801,2645,0
SKYH-WS.US,5,20260212,172000,0.448,0.48,0.436,0.436,1812,0
SKYH-WS.US,5,20260212,172500,0.44,0.44,0.44,0.44,1250,0
SKYH-WS.US,5,20260212,173000,0.448,0.448,0.44,0.44,2300,0
SKYH-WS.US,5,20260212,174000,0.436999,0.444,0.436999,0.444,982,0
SKYH-WS.US,5,20260212,174500,0.452,0.48,0.452,0.4799,400,0
SKYH-WS.US,5,20260212,175500,0.4625,0.4625,0.4501,0.4501,236,0
SKYH-WS.US,5,20260212,180500,0.4625,0.4625,0.4624,0.4624,400,0
SKYH-WS.US,5,20260212,181000,0.46,0.49,0.45,0.49,4796,0
SKYH-WS.US,5,20260212,181500,0.452,0.452,0.452,0.452,1104,0
SKYH-WS.US,5,20260212,184000,0.4642,0.49,0.4642,0.47,1600,0
SKYH-WS.US,5,20260212,184500,0.4725,0.4725,0.4725,0.4725,800,0
SKYH-WS.US,5,20260212,185000,0.4725,0.4725,0.45825,0.45825,600,0
SKYH-WS.US,5,20260212,191000,0.4625,0.4625,0.4624,0.4624,1000,0
SKYH-WS.US,5,20260212,191500,0.4575,0.4688,0.45291,0.4688,1100,0
SKYH-WS.US,5,20260212,192000,0.447,0.447,0.447,0.447,500,0
SKYH-WS.US,5,20260212,202500,0.45,0.45,0.4441,0.4441,258,0
SKYH-WS.US,5,20260212,205000,0.455,0.4725,0.453301,0.471,1710,0
SKYH-WS.US,5,20260212,205500,0.4775,0.4775,0.4775,0.4775,100,0
SKYH-WS.US,5,20260212,210500,0.47,0.505,0.469151,0.4749,2500,0
SKYH-WS.US,5,20260212,211000,0.4749,0.48,0.4699,0.48,1100,0
SKYH-WS.US,5,20260212,212000,0.475,0.475,0.475,0.475,100,0
SKYH-WS.US,5,20260212,212500,0.46,0.465,0.46,0.46,2036,0
SKYH-WS.US,5,20260212,214500,0.4775,0.4775,0.4775,0.4775,100,0
SKYH-WS.US,5,20260212,215000,0.475,0.48,0.47,0.48,2096,0
SKYH-WS.US,5,20260212,215500,0.47125,0.4775,0.465,0.465,800,0
SKYH-WS.US,5,20260213,154500,0.4901,0.5275,0.4901,0.5275,1350,0
SKYH-WS.US,5,20260213,155000,0.50875,0.50875,0.50875,0.50875,400,0
SKYH-WS.US,5,20260213,160500,0.495,0.495,0.49,0.49,302,0
SKYH-WS.US,5,20260213,161500,0.485,0.485,0.4849,0.4849,300,0
SKYH-WS.US,5,20260213,164000,0.4975,0.5025,0.4975,0.5025,800,0
SKYH-WS.US,5,20260213,165000,0.51,0.51,0.51,0.51,200,0
SKYH-WS.US,5,20260213,170000,0.5125,0.5125,0.5125,0.5125,100,0
SKYH-WS.US,5,20260213,172000,0.5,0.5087,0.5,0.5087,1100,0
SKYH-WS.US,5,20260213,173000,0.5,0.5,0.5,0.5,2088,0
SKYH-WS.US,5,20260213,173500,0.499901,0.5175,0.499901,0.5175,10096,0
SKYH-WS.US,5,20260213,175500,0.5175,0.5175,0.5175,0.5175,100,0
SKYH-WS.US,5,20260213,180500,0.5175,0.5213,0.511551,0.5213,750,0
SKYH-WS.US,5,20260213,181500,0.5225,0.5225,0.5225,0.5225,100,0
SKYH-WS.US,5,20260213,183500,0.5399,0.5399,0.5399,0.5399,100,0
SKYH-WS.US,5,20260213,185000,0.535,0.535,0.535,0.535,100,0
SKYH-WS.US,5,20260213,195000,0.505,0.505,0.505,0.505,1100,0
SKYH-WS.US,5,20260213,200000,0.51,0.51,0.51,0.51,100,0
SKYH-WS.US,5,20260217,175500,0.58,0.6175,0.576804,0.5975,2667,0
SKYH-WS.US,5,20260217,180000,0.5975,0.5975,0.5975,0.5975,320,0
SKYH-WS.US,5,20260217,180500,0.597401,0.6125,0.597401,0.5975,1740,0
SKYH-WS.US,5,20260217,181000,0.5975,0.5975,0.5778,0.5778,1769,0
SKYH-WS.US,5,20260217,181500,0.58,0.58,0.5788,0.58,441,0
SKYH-WS.US,5,20260217,182500,0.56,0.56,0.56,0.56,400,0
SKYH-WS.US,5,20260217,183500,0.57,0.57,0.57,0.57,100,0
SKYH-WS.US,5,20260217,212000,0.5651,0.5651,0.5651,0.5651,300,0
SKYH-WS.US,5,20260218,154500,0.58,0.58,0.58,0.58,300,0
SKYH-WS.US,5,20260218,155500,0.59,0.59,0.59,0.59,100,0
SKYH-WS.US,5,20260218,163500,0.5675,0.605,0.5675,0.605,850,0
SKYH-WS.US,5,20260218,171500,0.6025,0.6025,0.6025,0.6025,100,0
SKYH-WS.US,5,20260218,173500,0.6075,0.615,0.6074,0.615,1590,0
SKYH-WS.US,5,20260218,174000,0.62,0.62,0.6105,0.6105,680,0
SKYH-WS.US,5,20260218,174500,0.6149,0.6149,0.6149,0.6149,170,0
SKYH-WS.US,5,20260218,175500,0.6175,0.6175,0.61,0.6175,1190,0
SKYH-WS.US,5,20260218,180500,0.6069,0.6089,0.6,0.6089,5070,0
SKYH-WS.US,5,20260218,182500,0.59,0.59,0.59,0.59,100,0
SKYH-WS.US,5,20260218,193500,0.59,0.59,0.59,0.59,100,0
SKYH-WS.US,5,20260218,201500,0.59,0.59,0.59,0.59,100,0
SKYH-WS.US,5,20260218,204500,0.59,0.5923,0.5899,0.5899,15681,0
SKYH-WS.US,5,20260218,205000,0.61,0.61,0.6087,0.609803,3400,0
SKYH-WS.US,5,20260218,210500,0.61,0.61,0.61,0.61,100,0
SKYH-WS.US,5,20260218,212000,0.59,0.5975,0.59,0.5975,36185,0
SKYH-WS.US,5,20260218,212500,0.5975,0.5975,0.5975,0.5975,100,0
SKYH-WS.US,5,20260218,215500,0.6,0.6,0.6,0.6,100,0
SKYH-WS.US,5,20260219,161000,0.6125,0.6125,0.6125,0.6125,100,0
SKYH-WS.US,5,20260219,162000,0.59,0.59,0.59,0.59,900,0
SKYH-WS.US,5,20260219,165500,0.62,0.62,0.62,0.62,100,0
SKYH-WS.US,5,20260219,173000,0.63,0.63,0.63,0.63,202,0
SKYH-WS.US,5,20260219,175500,0.625,0.625,0.625,0.625,100,0
SKYH-WS.US,5,20260219,180000,0.585,0.585,0.5849,0.585,2226,0
SKYH-WS.US,5,20260219,181500,0.585,0.585,0.585,0.585,100,0
SKYH-WS.US,5,20260219,193500,0.56,0.56,0.56,0.56,1000,0
SKYH-WS.US,5,20260219,194500,0.57,0.57,0.57,0.57,100,0
SKYH-WS.US,5,20260219,200000,0.5647,0.5775,0.5647,0.5774,1000,0
SKYH-WS.US,5,20260219,201000,0.575,0.575,0.575,0.575,100,0
SKYH-WS.US,5,20260220,172000,0.6175,0.6175,0.6175,0.6175,100,0
SKYH-WS.US,5,20260220,184500,0.585,0.597501,0.585,0.597501,2674,0
SKYH-WS.US,5,20260220,190500,0.625,0.625,0.625,0.625,100,0
SKYH-WS.US,5,20260220,191000,0.604999,0.604999,0.604999,0.604999,350,0
SKYH-WS.US,5,20260220,191500,0.625,0.625,0.625,0.625,100,0
SKYH-WS.US,5,20260220,194000,0.5925,0.6,0.5925,0.6,4650,0
SKYH-WS.US,5,20260220,195500,0.6,0.6,0.6,0.6,301,0
SKYH-WS.US,5,20260220,201500,0.585,0.5852,0.585,0.5852,4000,0
SKYH-WS.US,5,20260220,203000,0.6375,0.6375,0.6375,0.6375,1100,0
SKYH-WS.US,5,20260220,203500,0.645,0.645,0.63,0.63,500,0
SKYH-WS.US,5,20260220,204000,0.6448,0.65,0.6448,0.6499,1700,0
SKYH-WS.US,5,20260220,204500,0.6396,0.65,0.634999,0.65,2132,0
SKYH-WS.US,5,20260220,211500,0.6325,0.6325,0.6,0.6002,600,0
SKYH-WS.US,5,20260220,213000,0.6325,0.6325,0.6325,0.6325,100,0
SKYH-WS.US,5,20260220,215500,0.6275,0.6275,0.6275,0.6275,300,0
SKYH-WS.US,5,20260223,162000,0.5775,0.5775,0.5775,0.5775,100,0
SKYH-WS.US,5,20260223,162500,0.536249,0.5725,0.5001,0.5725,1150,0
SKYH-WS.US,5,20260223,164000,0.5294,0.5425,0.5,0.5425,4185,0
SKYH-WS.US,5,20260223,170000,0.5375,0.5375,0.5375,0.5375,100,0
SKYH-WS.US,5,20260223,173500,0.54,0.54,0.54,0.54,298,0
SKYH-WS.US,5,20260223,174500,0.5445,0.5445,0.5445,0.5445,200,0
SKYH-WS.US,5,20260223,180500,0.5875,0.5875,0.5875,0.5875,100,0
SKYH-WS.US,5,20260223,215500,0.54,0.54,0.54,0.54,398,0
SKYH-WS.US,5,20260224,174000,0.6,0.6,0.6,0.6,100,0
SKYH-WS.US,5,20260224,175000,0.568749,0.5739,0.568749,0.5739,900,0
SKYH-WS.US,5,20260224,180000,0.53,0.53,0.53,0.53,5082,0
SKYH-WS.US,5,20260224,180500,0.53,0.549,0.5283,0.5489,1436,0
SKYH-WS.US,5,20260224,181000,0.5708,0.5708,0.5708,0.5708,300,0
SKYH-WS.US,5,20260224,195000,0.569,0.569,0.569,0.569,100,0
SKYH-WS.US,5,20260224,201500,0.5689,0.569,0.5689,0.569,248,0
SKYH-WS.US,5,20260224,202500,0.569,0.569,0.569,0.569,100,0
SKYH-WS.US,5,20260224,211500,0.531,0.5314,0.520101,0.520101,630,0
SKYH-WS.US,5,20260224,212500,0.54475,0.569499,0.54475,0.569499,1000,0
SKYH-WS.US,5,20260224,213000,0.5645,0.5695,0.5645,0.5695,800,0
SKYH-WS.US,5,20260224,213500,0.5695,0.5813,0.5695,0.57,800,0
SKYH-WS.US,5,20260224,215000,0.52,0.52,0.52,0.52,200,0
SKYH-WS.US,5,20260224,215500,0.52,0.52,0.52,0.52,200,0
SKYH-WS.US,5,20260225,164500,0.579,0.579,0.579,0.579,100,0
SKYH-WS.US,5,20260225,165500,0.548,0.548,0.54,0.54,1900,0
SKYH-WS.US,5,20260225,170000,0.548,0.548,0.54,0.548,800,0
SKYH-WS.US,5,20260225,171000,0.549,0.549,0.5418,0.5418,1100,0
SKYH-WS.US,5,20260225,174500,0.5588,0.5588,0.5588,0.5588,100,0
SKYH-WS.US,5,20260225,183000,0.5588,0.5588,0.5588,0.5588,100,0
SKYH-WS.US,5,20260225,193000,0.5698,0.5698,0.5698,0.5698,100,0
SKYH-WS.US,5,20260225,215500,0.5918,0.5918,0.5918,0.5918,100,0
SKYH-WS.US,5,20260226,162000,0.6375,0.6375,0.6374,0.6374,916,0
SKYH-WS.US,5,20260226,162500,0.6375,0.6375,0.6374,0.6374,500,0
SKYH-WS.US,5,20260226,163000,0.637399,0.6375,0.6199,0.6199,1600,0
SKYH-WS.US,5,20260226,163500,0.6375,0.6375,0.6125,0.6125,550,0
SKYH-WS.US,5,20260226,164000,0.5977,0.5977,0.5977,0.5977,250,0
SKYH-WS.US,5,20260226,170000,0.6325,0.6325,0.6325,0.6325,100,0
SKYH-WS.US,5,20260226,172000,0.5501,0.5501,0.5501,0.5501,257,0
SKYH-WS.US,5,20260226,174000,0.5502,0.5502,0.5502,0.5502,259,0
SKYH-WS.US,5,20260226,180500,0.5512,0.5512,0.5512,0.5512,200,0
SKYH-WS.US,5,20260226,183000,0.551,0.551,0.551,0.551,259,0
SKYH-WS.US,5,20260226,185500,0.6075,0.6075,0.551,0.58,718,0
SKYH-WS.US,5,20260226,192000,0.5511,0.5515,0.5511,0.5515,225,0
SKYH-WS.US,5,20260226,201500,0.5851,0.5851,0.5851,0.5851,100,0
SKYH-WS.US,5,20260226,202500,0.56,0.56,0.56,0.56,200,0
SKYH-WS.US,5,20260226,204000,0.594,0.6199,0.594,0.6199,700,0
SKYH-WS.US,5,20260226,205000,0.594,0.594,0.594,0.594,200,0
SKYH-WS.US,5,20260226,213500,0.6375,0.6375,0.6375,0.6375,850,0
SKYH-WS.US,5,20260226,214000,0.609499,0.609499,0.594,0.594,1235,0
SKYH-WS.US,5,20260226,215000,0.595,0.595,0.59,0.59,941,0
SKYH-WS.US,5,20260226,215500,0.5931,0.5931,0.58,0.58,2159,0
SKYH-WS.US,5,20260227,171500,0.53,0.595,0.53,0.595,700,0
SKYH-WS.US,5,20260227,172000,0.5578,0.5578,0.5578,0.5578,100,0
SKYH-WS.US,5,20260227,172500,0.605,0.605,0.605,0.605,100,0
SKYH-WS.US,5,20260227,180500,0.59,0.59,0.59,0.59,500,0
SKYH-WS.US,5,20260227,183000,0.615,0.615,0.615,0.615,100,0
SKYH-WS.US,5,20260227,183500,0.615,0.615,0.5872,0.6149,4016,0
SKYH-WS.US,5,20260227,191000,0.585,0.585,0.585,0.585,100,0
SKYH-WS.US,5,20260227,194000,0.5799,0.58,0.56,0.56,840,0
SKYH-WS.US,5,20260227,200000,0.58,0.58,0.58,0.58,100,0
SKYH-WS.US,5,20260227,200500,0.58,0.58,0.5799,0.5799,1000,0
SKYH-WS.US,5,20260227,201500,0.5725,0.5725,0.5725,0.5725,100,0
SKYH-WS.US,5,20260227,203000,0.55,0.5775,0.55,0.5775,600,0
SKYH-WS.US,5,20260227,203500,0.5625,0.575,0.5625,0.575,655,0
SKYH-WS.US,5,20260227,205000,0.55,0.55,0.55,0.55,200,0
SKYH-WS.US,5,20260227,210000,0.57,0.57,0.57,0.57,100,0
SKYH-WS.US,5,20260227,215000,0.56,0.56,0.56,0.56,300,0
SKYH-WS.US,5,20260227,215500,0.57,0.57,0.56,0.56,4159,0
SKYH-WS.US,5,20260302,155000,0.54,0.5625,0.54,0.5625,300,0
SKYH-WS.US,5,20260302,161000,0.5766,0.5766,0.56875,0.56875,200,0
SKYH-WS.US,5,20260302,163000,0.6,0.6,0.6,0.6,100,0
SKYH-WS.US,5,20260302,164500,0.61,0.61,0.6099,0.6099,300,0
SKYH-WS.US,5,20260302,165500,0.60999,0.60999,0.60999,0.60999,300,0
SKYH-WS.US,5,20260302,170000,0.6099,0.61,0.6099,0.6099,2600,0
SKYH-WS.US,5,20260302,170500,0.5915,0.609899,0.585,0.585,1500,0
SKYH-WS.US,5,20260302,171000,0.6099,0.61,0.6099,0.61,800,0
SKYH-WS.US,5,20260302,171500,0.5955,0.5955,0.5955,0.5955,150,0
SKYH-WS.US,5,20260302,175000,0.61,0.61,0.6099,0.6099,1100,0
SKYH-WS.US,5,20260302,180500,0.605,0.605,0.605,0.605,100,0
SKYH-WS.US,5,20260302,190000,0.5929,0.5929,0.5929,0.5929,2000,0
SKYH-WS.US,5,20260302,191500,0.585,0.61,0.585,0.585,1400,0
SKYH-WS.US,5,20260302,193500,0.61,0.61,0.61,0.61,100,0
SKYH-WS.US,5,20260302,201500,0.61,0.61,0.60999,0.60999,1000,0
SKYH-WS.US,5,20260302,202500,0.5949,0.5949,0.5949,0.5949,500,0
SKYH-WS.US,5,20260302,203000,0.61,0.61,0.61,0.61,100,0
SKYH-WS.US,5,20260302,203500,0.6032,0.61,0.585,0.585,708,0
SKYH-WS.US,5,20260302,204500,0.6075,0.6075,0.6075,0.6075,100,0
SKYH-WS.US,5,20260303,160000,0.5742,0.5742,0.5742,0.5742,500,0
SKYH-WS.US,5,20260303,164500,0.607399,0.607399,0.607399,0.607399,1000,0
SKYH-WS.US,5,20260303,165500,0.6025,0.6025,0.59,0.59,1200,0
SKYH-WS.US,5,20260303,171000,0.5901,0.5901,0.5901,0.5901,300,0
SKYH-WS.US,5,20260303,171500,0.6,0.6,0.6,0.6,100,0
SKYH-WS.US,5,20260303,174500,0.61,0.61,0.61,0.61,100,0
SKYH-WS.US,5,20260303,175500,0.61,0.61,0.599999,0.6042,3812,0
SKYH-WS.US,5,20260303,180000,0.595,0.595,0.595,0.595,441,0
SKYH-WS.US,5,20260303,180500,0.61,0.61,0.61,0.61,100,0
SKYH-WS.US,5,20260303,182000,0.6025,0.6025,0.595191,0.6025,1256,0
SKYH-WS.US,5,20260303,182500,0.5905,0.5905,0.5905,0.5905,500,0
SKYH-WS.US,5,20260303,184000,0.6,0.6,0.6,0.6,100,0
SKYH-WS.US,5,20260303,193000,0.61,0.61,0.6099,0.61,1180,0
SKYH-WS.US,5,20260303,194500,0.61,0.61,0.61,0.61,100,0
SKYH-WS.US,5,20260303,200000,0.61,0.61,0.6,0.6,1000,0
SKYH-WS.US,5,20260303,200500,0.61,0.6525,0.6075,0.6525,10506,0
SKYH-WS.US,5,20260303,201000,0.6525,0.6525,0.6525,0.6525,700,0
SKYH-WS.US,5,20260303,201500,0.63,0.6301,0.63,0.6301,1050,0
SKYH-WS.US,5,20260303,203000,0.6275,0.6275,0.6275,0.6275,100,0
SKYH-WS.US,5,20260303,203500,0.6275,0.6275,0.61875,0.61875,2100,0
SKYH-WS.US,5,20260303,204500,0.63875,0.63875,0.63875,0.63875,355,0
SKYH-WS.US,5,20260303,205000,0.6525,0.6525,0.6321,0.65,1020,0
SKYH-WS.US,5,20260303,210000,0.63,0.63,0.63,0.63,700,0
SKYH-WS.US,5,20260303,211500,0.67,0.67,0.67,0.67,100,0
SKYH-WS.US,5,20260303,212500,0.6562,0.6562,0.6562,0.6562,500,0
SKYH-WS.US,5,20260303,213000,0.67,0.67,0.6699,0.67,2500,0
SKYH-WS.US,5,20260303,213500,0.6873,0.6874,0.6873,0.6874,200,0
SKYH-WS.US,5,20260303,214000,0.67,0.67,0.67,0.67,500,0
SKYH-WS.US,5,20260303,215000,0.6729,0.6729,0.66,0.6712,2783,0
SKYH-WS.US,5,20260304,154000,0.732498,0.732498,0.732498,0.732498,256,0
SKYH-WS.US,5,20260304,154500,0.725,0.74,0.725,0.7399,814,0
SKYH-WS.US,5,20260304,155000,0.739999,0.74,0.72,0.72,7668,0
SKYH-WS.US,5,20260304,155500,0.7081,0.7081,0.7081,0.7081,171,0
SKYH-WS.US,5,20260304,160000,0.7085,0.725,0.7085,0.725,1539,0
SKYH-WS.US,5,20260304,160500,0.6955,0.709899,0.695,0.695,1800,0
SKYH-WS.US,5,20260304,161000,0.695,0.79001,0.695,0.7751,15373,0
SKYH-WS.US,5,20260304,162500,0.778,0.778,0.749003,0.777899,6700,0
SKYH-WS.US,5,20260304,163500,0.778,0.778,0.7562,0.7562,795,0
SKYH-WS.US,5,20260304,164000,0.7483,0.7483,0.7483,0.7483,500,0
SKYH-WS.US,5,20260304,164500,0.76,0.76,0.76,0.76,378,0
SKYH-WS.US,5,20260304,165000,0.7445,0.76,0.7445,0.76,300,0
SKYH-WS.US,5,20260304,165500,0.7483,0.76,0.7483,0.76,200,0
SKYH-WS.US,5,20260304,170000,0.76,0.76,0.74946,0.74946,522,0
SKYH-WS.US,5,20260304,171000,0.75,0.75,0.75,0.75,100,0
SKYH-WS.US,5,20260304,171500,0.7499,0.75,0.7499,0.7499,400,0
SKYH-WS.US,5,20260304,173000,0.75,0.75,0.75,0.75,100,0
SKYH-WS.US,5,20260304,174000,0.74799,0.74799,0.74799,0.74799,100,0
SKYH-WS.US,5,20260304,182000,0.748,0.748,0.748,0.748,100,0
SKYH-WS.US,5,20260304,194000,0.7375,0.7375,0.7375,0.7375,700,0
SKYH-WS.US,5,20260304,195000,0.7375,0.7375,0.7375,0.7375,100,0
SKYH-WS.US,5,20260304,200500,0.7375,0.7375,0.7374,0.7375,1700,0
SKYH-WS.US,5,20260304,201500,0.7375,0.7375,0.7339,0.7339,1500,0
SKYH-WS.US,5,20260304,202000,0.7374,0.7375,0.7373,0.7373,2157,0
SKYH-WS.US,5,20260304,203500,0.748,0.748,0.7479,0.748,5586,0
SKYH-WS.US,5,20260304,204000,0.748,0.748,0.7479,0.7479,1000,0
SKYH-WS.US,5,20260304,205500,0.748,0.748,0.748,0.748,100,0
SKYH-WS.US,5,20260304,210000,0.748,0.749,0.748,0.749,560,0
SKYH-WS.US,5,20260304,212000,0.748901,0.748901,0.746,0.7489,500,0
SKYH-WS.US,5,20260304,213500,0.749,0.749,0.749,0.749,396,0
SKYH-WS.US,5,20260304,214500,0.7489,0.7489,0.7438,0.7438,1195,0
SKYH-WS.US,5,20260305,154500,0.76,0.76,0.7599,0.76,700,0
SKYH-WS.US,5,20260305,162000,0.75,0.75,0.75,0.75,100,0
SKYH-WS.US,5,20260305,163000,0.699,0.699,0.69,0.69,400,0
SKYH-WS.US,5,20260305,163500,0.6813,0.6813,0.6813,0.6813,296,0
SKYH-WS.US,5,20260305,171500,0.74,0.74,0.74,0.74,100,0
SKYH-WS.US,5,20260305,175000,0.74,0.74,0.74,0.74,120,0
SKYH-WS.US,5,20260305,180500,0.72,0.74,0.72,0.74,7700,0
SKYH-WS.US,5,20260305,192500,0.7399,0.7399,0.7399,0.7399,200,0
SKYH-WS.US,5,20260305,193500,0.7399,0.7399,0.7399,0.7399,490,0
SKYH-WS.US,5,20260305,194000,0.738,0.738,0.7379,0.738,2791,0
SKYH-WS.US,5,20260305,200000,0.74,0.74,0.73,0.73,1100,0
SKYH-WS.US,5,20260305,200500,0.725451,0.725451,0.725451,0.725451,1000,0
SKYH-WS.US,5,20260305,201000,0.71,0.71,0.71,0.71,500,0
SKYH-WS.US,5,20260305,204000,0.736,0.736,0.736,0.736,100,0
SKYH-WS.US,5,20260305,214500,0.73,0.73,0.72,0.72,1000,0
SKYH-WS.US,5,20260305,215500,0.73,0.73,0.7255,0.73,1645,0
SKYH-WS.US,5,20260306,160500,0.699,0.6992,0.69,0.6992,2276,0
SKYH-WS.US,5,20260306,162500,0.699,0.6992,0.699,0.6992,1000,0
SKYH-WS.US,5,20260306,173500,0.72,0.72,0.7199,0.7199,200,0
SKYH-WS.US,5,20260306,174000,0.7257,0.73,0.7257,0.73,269,0
SKYH-WS.US,5,20260306,175500,0.73,0.73,0.729899,0.729899,470,0
SKYH-WS.US,5,20260306,180000,0.729899,0.729899,0.729899,0.729899,500,0
SKYH-WS.US,5,20260306,181500,0.72,0.7245,0.7199,0.7245,1600,0
SKYH-WS.US,5,20260306,182500,0.719,0.719,0.719,0.719,100,0
SKYH-WS.US,5,20260306,203000,0.719,0.719,0.7118,0.7118,1100,0
SKYH-WS.US,5,20260306,212500,0.7118,0.7118,0.7118,0.7118,1193,0
SKYH-WS.US,5,20260306,213500,0.72,0.74,0.7122,0.74,3222,0
SKYH-WS.US,5,20260306,214500,0.7399,0.739931,0.7399,0.7399,400,0
SKYH-WS.US,5,20260306,215000,0.7,0.7002,0.7,0.7002,1000,0
SKYH-WS.US,5,20260309,143000,0.689,0.7,0.65,0.7,5822,0
SKYH-WS.US,5,20260309,143500,0.66,0.66,0.65,0.65,800,0
SKYH-WS.US,5,20260309,144000,0.67,0.6744,0.67,0.6744,2328,0
SKYH-WS.US,5,20260309,144500,0.6899,0.69,0.639999,0.639999,1800,0
SKYH-WS.US,5,20260309,145000,0.65,0.65,0.62,0.62,1787,0
SKYH-WS.US,5,20260309,145500,0.5829,0.6,0.5781,0.6,2708,0
SKYH-WS.US,5,20260309,150000,0.65,0.65,0.6499,0.6499,2694,0
SKYH-WS.US,5,20260309,150500,0.6227,0.6227,0.6227,0.6227,416,0
SKYH-WS.US,5,20260309,151000,0.66,0.66,0.6463,0.6463,1500,0
SKYH-WS.US,5,20260309,151500,0.66,0.69,0.6044,0.6199,4879,0
SKYH-WS.US,5,20260309,152000,0.5831,0.585,0.5831,0.585,925,0
SKYH-WS.US,5,20260309,152500,0.59001,0.59001,0.59001,0.59001,523,0
SKYH-WS.US,5,20260309,153000,0.59,0.59,0.57375,0.578951,4526,0
SKYH-WS.US,5,20260309,160000,0.6327,0.66,0.6327,0.6599,700,0
SKYH-WS.US,5,20260309,160500,0.642499,0.66,0.642499,0.6463,1800,0
SKYH-WS.US,5,20260309,161000,0.6344,0.65,0.6344,0.65,5600,0
SKYH-WS.US,5,20260309,164000,0.64,0.64,0.64,0.64,1200,0
SKYH-WS.US,5,20260309,164500,0.6179,0.63,0.6179,0.62999,1422,0
SKYH-WS.US,5,20260309,165500,0.63,0.63,0.6145,0.62999,4103,0
SKYH-WS.US,5,20260309,170000,0.63,0.6345,0.63,0.6345,447,0
SKYH-WS.US,5,20260309,172500,0.7,0.7,0.7,0.7,100,0
SKYH-WS.US,5,20260309,174000,0.675,0.675,0.675,0.675,2500,0
SKYH-WS.US,5,20260309,175500,0.7,0.7,0.675,0.675,2100,0
SKYH-WS.US,5,20260309,180000,0.675,0.7,0.675,0.6999,2408,0
SKYH-WS.US,5,20260309,180500,0.7,0.7,0.7,0.7,100,0
SKYH-WS.US,5,20260309,182000,0.68,0.7,0.68,0.7,903,0
SKYH-WS.US,5,20260309,184000,0.7,0.7,0.6999,0.6999,3000,0
SKYH-WS.US,5,20260309,185000,0.7,0.7,0.7,0.7,100,0
SKYH-WS.US,5,20260309,191500,0.6999,0.7,0.6922,0.7,3213,0
SKYH-WS.US,5,20260309,192000,0.7,0.744,0.6922,0.7044,2618,0
SKYH-WS.US,5,20260309,194500,0.74,0.74,0.74,0.74,100,0
SKYH-WS.US,5,20260309,200500,0.7,0.7,0.7,0.7,1002,0
SKYH-WS.US,5,20260309,201000,0.7,0.7,0.7,0.7,254,0
SKYH-WS.US,5,20260309,203500,0.7,0.7,0.6999,0.69999,3046,0
SKYH-WS.US,5,20260309,205000,0.738,0.738,0.738,0.738,100,0
SKYH-WS.US,5,20260309,205500,0.729,0.738,0.721,0.738,1858,0
SKYH-WS.US,5,20260310,145000,0.78,0.78,0.78,0.78,999,0
SKYH-WS.US,5,20260310,154000,0.769899,0.769899,0.769899,0.769899,821,0
SKYH-WS.US,5,20260310,155000,0.77,0.78,0.7525,0.7796,4035,0
SKYH-WS.US,5,20260310,155500,0.7796,0.78,0.7525,0.7527,3100,0
SKYH-WS.US,5,20260310,160000,0.7527,0.7527,0.7527,0.7527,739,0
SKYH-WS.US,5,20260310,160500,0.78,0.78,0.78,0.78,100,0
SKYH-WS.US,5,20260310,162000,0.78,0.78,0.7799,0.78,1550,0
SKYH-WS.US,5,20260310,162500,0.745,0.745,0.745,0.745,500,0
SKYH-WS.US,5,20260310,164000,0.78,0.78,0.745,0.7527,2500,0
SKYH-WS.US,5,20260310,165500,0.78,0.78,0.7527,0.7527,3498,0
SKYH-WS.US,5,20260310,170000,0.78,0.78,0.7527,0.7799,3001,0
SKYH-WS.US,5,20260310,171500,0.78,0.78,0.745,0.779899,2686,0
SKYH-WS.US,5,20260310,172000,0.78,0.78,0.737861,0.737861,572,0
SKYH-WS.US,5,20260310,172500,0.75,0.75,0.75,0.75,100,0
SKYH-WS.US,5,20260310,173000,0.749899,0.75,0.749899,0.75,1400,0
SKYH-WS.US,5,20260310,175500,0.7488,0.7488,0.7488,0.7488,195,0
SKYH-WS.US,5,20260310,180000,0.77,0.77,0.77,0.77,100,0
SKYH-WS.US,5,20260310,182500,0.77,0.78,0.739999,0.7488,3900,0
SKYH-WS.US,5,20260310,183000,0.78,0.784,0.7567,0.7567,2220,0
SKYH-WS.US,5,20260310,184500,0.784,0.784,0.784,0.784,100,0
SKYH-WS.US,5,20260310,190500,0.7496,0.75,0.7496,0.75,1000,0
SKYH-WS.US,5,20260310,192000,0.749,0.749,0.7449,0.745,865,0
SKYH-WS.US,5,20260310,193000,0.7475,0.7475,0.7475,0.7475,100,0
SKYH-WS.US,5,20260310,194000,0.7475,0.76,0.7422,0.75,1850,0
SKYH-WS.US,5,20260310,194500,0.735,0.735,0.735,0.735,500,0
SKYH-WS.US,5,20260310,195000,0.745,0.745,0.744899,0.745,600,0
SKYH-WS.US,5,20260310,195500,0.745,0.745,0.745,0.745,100,0
SKYH-WS.US,5,20260310,202000,0.7305,0.7305,0.7305,0.7305,500,0
SKYH-WS.US,5,20260310,202500,0.74,0.74,0.74,0.74,100,0
SKYH-WS.US,5,20260310,203000,0.7375,0.7375,0.7375,0.7375,500,0
SKYH-WS.US,5,20260310,204000,0.745,0.745,0.745,0.745,100,0
SKYH-WS.US,5,20260311,150500,0.725,0.725,0.725,0.725,5000,0
SKYH-WS.US,5,20260311,151000,0.75,0.77,0.7375,0.77,1600,0
SKYH-WS.US,5,20260311,152000,0.76,0.76,0.7599,0.76,400,0
SKYH-WS.US,5,20260311,152500,0.76,0.776,0.7524,0.7525,1111,0
SKYH-WS.US,5,20260311,153000,0.7417,0.776,0.7417,0.776,870,0
SKYH-WS.US,5,20260311,154000,0.76,0.76,0.76,0.76,737,0
SKYH-WS.US,5,20260311,155000,0.776,0.776,0.773,0.776,1936,0
SKYH-WS.US,5,20260311,155500,0.776,0.776,0.77,0.77,4690,0
SKYH-WS.US,5,20260311,160000,0.7759,0.784,0.7758,0.784,7321,0
SKYH-WS.US,5,20260311,160500,0.784,0.784,0.784,0.784,737,0
SKYH-WS.US,5,20260311,161000,0.7839,0.7839,0.7839,0.7839,200,0
SKYH-WS.US,5,20260311,163500,0.775,0.775,0.775,0.775,100,0
SKYH-WS.US,5,20260311,170500,0.7357,0.74,0.7357,0.74,1640,0
SKYH-WS.US,5,20260311,171000,0.7395,0.74,0.732499,0.7399,1914,0
SKYH-WS.US,5,20260311,171500,0.7341,0.784,0.7341,0.784,5677,0
SKYH-WS.US,5,20260311,172000,0.7839,0.7839,0.7839,0.7839,200,0
SKYH-WS.US,5,20260311,172500,0.7475,0.7475,0.7475,0.7475,500,0
SKYH-WS.US,5,20260311,173500,0.76,0.76,0.76,0.76,100,0
SKYH-WS.US,5,20260311,175000,0.7625,0.7625,0.7625,0.7625,707,0
SKYH-WS.US,5,20260311,180000,0.7675,0.7675,0.7674,0.7674,500,0
SKYH-WS.US,5,20260311,182000,0.7641,0.7641,0.75,0.7641,2512,0
SKYH-WS.US,5,20260311,182500,0.7775,0.7775,0.7775,0.7775,293,0
SKYH-WS.US,5,20260311,183000,0.7775,0.7775,0.7775,0.7775,100,0
SKYH-WS.US,5,20260311,185000,0.77,0.77,0.77,0.77,300,0
SKYH-WS.US,5,20260311,190500,0.7499,0.75,0.747499,0.75,2026,0
SKYH-WS.US,5,20260311,191000,0.7673,0.7673,0.7673,0.7673,200,0
SKYH-WS.US,5,20260311,195000,0.765,0.765,0.765,0.765,102,0
SKYH-WS.US,5,20260311,200500,0.755,0.755,0.7549,0.7549,1000,0
SKYH-WS.US,5,20260311,201000,0.755,0.755,0.755,0.755,100,0
SKYH-WS.US,5,20260311,205000,0.7401,0.7401,0.725,0.7375,4000,0
SKYH-WS.US,5,20260311,205500,0.784,0.784,0.7837,0.7839,8313,0
SKYH-WS.US,5,20260312,145000,0.7575,0.7575,0.70375,0.7574,4343,0
SKYH-WS.US,5,20260312,145500,0.7574,0.7574,0.7574,0.7574,300,0
SKYH-WS.US,5,20260312,151000,0.7375,0.76,0.718799,0.7375,2417,0
SKYH-WS.US,5,20260312,151500,0.7375,0.7375,0.7375,0.7375,300,0
SKYH-WS.US,5,20260312,152000,0.72,0.745,0.7199,0.7449,1900,0
SKYH-WS.US,5,20260312,152500,0.745,0.745,0.7449,0.7449,1050,0
SKYH-WS.US,5,20260312,153000,0.7277,0.73,0.72,0.725,2100,0
SKYH-WS.US,5,20260312,153500,0.722499,0.725,0.72,0.725,6377,0
SKYH-WS.US,5,20260312,154000,0.725,0.725,0.725,0.725,108,0
SKYH-WS.US,5,20260312,154500,0.7314,0.7314,0.7314,0.7314,200,0
SKYH-WS.US,5,20260312,155000,0.715,0.715,0.707499,0.707499,2680,0
SKYH-WS.US,5,20260312,160000,0.7,0.705,0.7,0.705,1100,0
SKYH-WS.US,5,20260312,161000,0.715,0.715,0.715,0.715,500,0
SKYH-WS.US,5,20260312,162000,0.7175,0.7241,0.714999,0.714999,2100,0
SKYH-WS.US,5,20260312,163000,0.719249,0.719249,0.719249,0.719249,500,0
SKYH-WS.US,5,20260312,163500,0.7193,0.7275,0.7193,0.727401,2400,0
SKYH-WS.US,5,20260312,165000,0.7337,0.7385,0.7337,0.7385,700,0
SKYH-WS.US,5,20260312,165500,0.74,0.74,0.7349,0.7399,1664,0
SKYH-WS.US,5,20260312,170000,0.7375,0.7449,0.7374,0.7375,2660,0
SKYH-WS.US,5,20260312,172000,0.7475,0.7475,0.7474,0.7475,1233,0
SKYH-WS.US,5,20260312,172500,0.7475,0.7475,0.738249,0.7412,1020,0
SKYH-WS.US,5,20260312,173000,0.7383,0.7383,0.7383,0.7383,400,0
SKYH-WS.US,5,20260312,174500,0.745,0.745,0.7425,0.7425,400,0
SKYH-WS.US,5,20260312,180500,0.7575,0.7575,0.7574,0.7574,200,0
SKYH-WS.US,5,20260312,181000,0.737911,0.7475,0.737911,0.7402,2300,0
SKYH-WS.US,5,20260312,181500,0.7475,0.7475,0.7467,0.7467,1000,0
SKYH-WS.US,5,20260312,182000,0.7475,0.7582,0.7475,0.7524,1269,0
SKYH-WS.US,5,20260312,182500,0.7626,0.7626,0.7626,0.7626,100,0
SKYH-WS.US,5,20260312,183500,0.75245,0.7575,0.75245,0.7575,1000,0
SKYH-WS.US,5,20260312,184000,0.757399,0.7625,0.757092,0.7625,1500,0
SKYH-WS.US,5,20260312,184500,0.7624,0.764,0.7624,0.764,200,0
SKYH-WS.US,5,20260312,185000,0.7525,0.7546,0.75249,0.7546,1300,0
SKYH-WS.US,5,20260312,185500,0.7549,0.7549,0.75,0.75,415,0
SKYH-WS.US,5,20260312,194500,0.745,0.745,0.745,0.745,100,0
SKYH-WS.US,5,20260312,200000,0.741,0.741,0.741,0.741,500,0
SKYH-WS.US,5,20260312,201000,0.7399,0.7399,0.7399,0.7399,200,0
SKYH-WS.US,5,20260312,201500,0.73,0.735,0.73,0.735,565,0
SKYH-WS.US,5,20260313,143000,0.735,0.735,0.7349,0.7349,1960,0
SKYH-WS.US,5,20260313,145000,0.7264,0.7625,0.7264,0.7625,600,0
SKYH-WS.US,5,20260313,150000,0.7575,0.7575,0.744751,0.7574,2340,0
SKYH-WS.US,5,20260313,150500,0.7575,0.7575,0.7575,0.7575,100,0
SKYH-WS.US,5,20260313,151000,0.7575,0.7575,0.7575,0.7575,100,0
SKYH-WS.US,5,20260313,152500,0.7575,0.7575,0.7575,0.7575,100,0
SKYH-WS.US,5,20260313,153000,0.7387,0.7575,0.720101,0.7575,3904,0
SKYH-WS.US,5,20260313,153500,0.7575,0.7575,0.7574,0.7574,1452,0
SKYH-WS.US,5,20260313,155500,0.7525,0.7525,0.721,0.721,500,0
SKYH-WS.US,5,20260313,161000,0.75,0.75,0.721,0.721,1400,0
SKYH-WS.US,5,20260313,161500,0.72,0.72,0.7199,0.7199,1700,0
SKYH-WS.US,5,20260313,163000,0.7425,0.7425,0.7425,0.7425,100,0
SKYH-WS.US,5,20260313,164000,0.7375,0.7375,0.7249,0.725,1200,0
SKYH-WS.US,5,20260313,164500,0.7332,0.7375,0.725091,0.725091,2200,0
SKYH-WS.US,5,20260313,165000,0.7374,0.745,0.725,0.7375,1563,0
SKYH-WS.US,5,20260313,165500,0.7225,0.7225,0.7225,0.7225,500,0
SKYH-WS.US,5,20260313,170000,0.7277,0.7277,0.716841,0.716841,1100,0
SKYH-WS.US,5,20260313,170500,0.7349,0.7573,0.7349,0.7573,1300,0
SKYH-WS.US,5,20260313,171000,0.7497,0.7497,0.7497,0.7497,200,0
SKYH-WS.US,5,20260313,173500,0.745,0.745,0.722,0.722,600,0
SKYH-WS.US,5,20260313,175000,0.7575,0.7575,0.7574,0.7574,200,0
SKYH-WS.US,5,20260313,180500,0.755,0.755,0.755,0.755,100,0
SKYH-WS.US,5,20260313,184000,0.7425,0.7475,0.7388,0.7475,3300,0
SKYH-WS.US,5,20260313,190500,0.722,0.722,0.722,0.722,500,0
SKYH-WS.US,5,20260313,192000,0.745,0.745,0.745,0.745,100,0
SKYH-WS.US,5,20260313,193000,0.7449,0.745,0.7356,0.7449,2100,0
SKYH-WS.US,5,20260313,194000,0.7475,0.7475,0.7475,0.7475,100,0
SKYH-WS.US,5,20260313,195000,0.7412,0.7475,0.7412,0.745,2100,0
SKYH-WS.US,5,20260313,195500,0.745,0.755,0.7424,0.7425,2800,0
SKYH-WS.US,5,20260313,200000,0.7425,0.7425,0.737911,0.7424,1200,0
SKYH-WS.US,5,20260313,202000,0.76,0.76,0.755,0.755,500,0
SKYH-WS.US,5,20260313,202500,0.7562,0.7562,0.7562,0.7562,100,0
SKYH-WS.US,5,20260313,203000,0.76,0.76,0.76,0.76,100,0
SKYH-WS.US,5,20260313,204000,0.7575,0.7668,0.7433,0.76,4299,0
SKYH-WS.US,5,20260313,204500,0.724,0.724,0.701,0.701,700,0
SKYH-WS.US,5,20260313,205500,0.755,0.755,0.755,0.755,863,0
SKYH-WS.US,5,20260316,143500,0.7799,0.78,0.7799,0.7799,1300,0
SKYH-WS.US,5,20260316,144500,0.78,0.78,0.7799,0.7799,2000,0
SKYH-WS.US,5,20260316,145000,0.754999,0.754999,0.736749,0.736749,1500,0
SKYH-WS.US,5,20260316,145500,0.7334,0.76,0.7268,0.76,2000,0
SKYH-WS.US,5,20260316,150000,0.77,0.78,0.749673,0.78,1300,0
SKYH-WS.US,5,20260316,150500,0.748,0.78,0.739999,0.78,2100,0
SKYH-WS.US,5,20260316,151000,0.78,0.786,0.742999,0.7859,3843,0
SKYH-WS.US,5,20260316,151500,0.786,0.786,0.786,0.786,500,0
SKYH-WS.US,5,20260316,152000,0.748,0.786,0.748,0.7556,3986,0
SKYH-WS.US,5,20260316,152500,0.785899,0.786,0.785899,0.7859,900,0
SKYH-WS.US,5,20260316,153000,0.786,0.786,0.7556,0.7556,200,0
SKYH-WS.US,5,20260316,153500,0.7828,0.788,0.7828,0.788,3500,0
SKYH-WS.US,5,20260316,154000,0.773999,0.788,0.749,0.749,455,0
SKYH-WS.US,5,20260316,154500,0.788,0.788,0.7879,0.7879,290,0
SKYH-WS.US,5,20260316,160500,0.788,0.788,0.788,0.788,100,0
SKYH-WS.US,5,20260316,161500,0.788,0.788,0.7879,0.7879,1496,0
SKYH-WS.US,5,20260316,162000,0.788,0.788,0.7879,0.7879,1200,0
SKYH-WS.US,5,20260316,163500,0.771499,0.788,0.771499,0.788,1704,0
SKYH-WS.US,5,20260316,164000,0.796,0.796,0.7959,0.796,700,0
SKYH-WS.US,5,20260316,165000,0.794,0.796,0.794,0.7959,3450,0
SKYH-WS.US,5,20260316,165500,0.796,0.796,0.7959,0.795967,1500,0
SKYH-WS.US,5,20260316,170000,0.796,0.796,0.7899,0.7899,2700,0
SKYH-WS.US,5,20260316,171500,0.77,0.77,0.77,0.77,200,0
SKYH-WS.US,5,20260316,172000,0.78,0.78,0.744999,0.744999,800,0
SKYH-WS.US,5,20260316,172500,0.778,0.778,0.778,0.778,100,0
SKYH-WS.US,5,20260316,173000,0.762,0.77,0.762,0.77,500,0
SKYH-WS.US,5,20260316,180000,0.772499,0.775,0.7425,0.7425,1891,0
SKYH-WS.US,5,20260316,181000,0.7526,0.775,0.7526,0.7749,1000,0
SKYH-WS.US,5,20260316,181500,0.77,0.77,0.7699,0.7699,400,0
SKYH-WS.US,5,20260316,182500,0.7496,0.7496,0.7496,0.7496,100,0
SKYH-WS.US,5,20260316,183000,0.77,0.77,0.77,0.77,100,0
SKYH-WS.US,5,20260316,184500,0.77,0.77,0.744499,0.744499,801,0
SKYH-WS.US,5,20260316,185000,0.7445,0.7445,0.7445,0.7445,500,0
SKYH-WS.US,5,20260316,185500,0.77,0.77,0.7699,0.7699,1200,0
SKYH-WS.US,5,20260316,190000,0.77,0.77,0.77,0.77,100,0
SKYH-WS.US,5,20260316,191000,0.745,0.77,0.745,0.77,433,0
SKYH-WS.US,5,20260316,191500,0.77,0.77,0.77,0.77,201,0
SKYH-WS.US,5,20260316,192000,0.77,0.77,0.77,0.77,100,0
SKYH-WS.US,5,20260316,192500,0.77,0.77,0.7699,0.77,1300,0
SKYH-WS.US,5,20260316,193000,0.77,0.775,0.77,0.775,2533,0
SKYH-WS.US,5,20260316,193500,0.775,0.775,0.7749,0.7749,1167,0
SKYH-WS.US,5,20260316,194000,0.775,0.775,0.7749,0.7749,1000,0
SKYH-WS.US,5,20260316,195000,0.775,0.775,0.7749,0.774967,4700,0
SKYH-WS.US,5,20260316,195500,0.775,0.775,0.7749,0.7749,3800,0
SKYH-WS.US,5,20260316,200000,0.7749,0.7749,0.7749,0.7749,200,0
SKYH-WS.US,5,20260316,200500,0.775,0.775,0.775,0.775,100,0
SKYH-WS.US,5,20260316,202500,0.7749,0.775,0.7749,0.775,585,0
SKYH-WS.US,5,20260316,203000,0.7749,0.795,0.7749,0.7876,1703,0
SKYH-WS.US,5,20260316,203500,0.77,0.77,0.7675,0.77,3705,0
SKYH-WS.US,5,20260316,204000,0.77,0.7701,0.77,0.77,4900,0
SKYH-WS.US,5,20260316,204500,0.77,0.77,0.77,0.77,196,0
SKYH-WS.US,5,20260316,205000,0.77,0.77,0.77,0.77,1798,0
SKYH-WS.US,5,20260316,205500,0.77,0.77,0.77,0.77,568,0
SKYH-WS.US,5,20260317,143500,0.796,0.796,0.764,0.796,500,0
SKYH-WS.US,5,20260317,144000,0.796,0.796,0.755999,0.796,6700,0
SKYH-WS.US,5,20260317,144500,0.776,0.796,0.745,0.796,11398,0
SKYH-WS.US,5,20260317,145000,0.789,0.804,0.789,0.791999,7270,0
SKYH-WS.US,5,20260317,145500,0.804,0.812,0.795999,0.796,6200,0
SKYH-WS.US,5,20260317,150000,0.812,0.812,0.812,0.812,100,0
SKYH-WS.US,5,20260317,150500,0.796499,0.796499,0.796499,0.796499,200,0
SKYH-WS.US,5,20260317,151000,0.812,0.812,0.7965,0.8119,1300,0
SKYH-WS.US,5,20260317,151500,0.812,0.812,0.812,0.812,100,0
SKYH-WS.US,5,20260317,152000,0.811998,0.812,0.796499,0.796499,2033,0
SKYH-WS.US,5,20260317,153000,0.812,0.818,0.812,0.8179,2593,0
SKYH-WS.US,5,20260317,153500,0.8179,0.818,0.8179,0.8179,701,0
SKYH-WS.US,5,20260317,155500,0.7886,0.7886,0.7886,0.7886,500,0
SKYH-WS.US,5,20260317,160500,0.818,0.818,0.8179,0.8179,2000,0
SKYH-WS.US,5,20260317,161500,0.8179,0.818,0.8179,0.818,2735,0
SKYH-WS.US,5,20260317,164000,0.8179,0.818,0.8179,0.8179,900,0
SKYH-WS.US,5,20260317,171000,0.8179,0.817935,0.8179,0.817935,200,0
SKYH-WS.US,5,20260317,174000,0.81395,0.81395,0.81395,0.81395,110,0
SKYH-WS.US,5,20260317,174500,0.8179,0.8179,0.81395,0.8179,2300,0
SKYH-WS.US,5,20260317,175000,0.818,0.82,0.8179,0.8199,5502,0
SKYH-WS.US,5,20260317,175500,0.8199,0.8199,0.8199,0.8199,300,0
SKYH-WS.US,5,20260317,180000,0.82,0.824,0.81995,0.824,4400,0
SKYH-WS.US,5,20260317,180500,0.824,0.824,0.8239,0.8239,4100,0
SKYH-WS.US,5,20260317,181000,0.824,0.824,0.8239,0.824,3400,0
SKYH-WS.US,5,20260317,181500,0.8239,0.828,0.8239,0.828,4019,0
SKYH-WS.US,5,20260317,182000,0.828,0.828,0.8279,0.8279,600,0
SKYH-WS.US,5,20260317,183500,0.828,0.828,0.8279,0.8279,965,0
SKYH-WS.US,5,20260317,184000,0.828,0.828,0.82795,0.827967,4290,0
SKYH-WS.US,5,20260317,185000,0.834,0.834,0.834,0.834,300,0
SKYH-WS.US,5,20260317,190000,0.834,0.834,0.834,0.834,100,0
SKYH-WS.US,5,20260317,190500,0.833998,0.834,0.8339,0.8339,837,0
SKYH-WS.US,5,20260317,192500,0.8339,0.8339,0.8339,0.8339,500,0
SKYH-WS.US,5,20260317,194000,0.834,0.834,0.834,0.834,100,0
SKYH-WS.US,5,20260317,194500,0.8339,0.834,0.8339,0.834,600,0
SKYH-WS.US,5,20260317,195000,0.8339,0.834,0.8339,0.834,500,0
SKYH-WS.US,5,20260317,195500,0.834,0.834,0.834,0.834,100,0
SKYH-WS.US,5,20260317,201500,0.8339,0.834,0.8339,0.834,700,0
SKYH-WS.US,5,20260317,202000,0.827,0.834,0.827,0.834,2481,0
SKYH-WS.US,5,20260317,203000,0.834,0.834,0.8339,0.8339,600,0
SKYH-WS.US,5,20260317,203500,0.834,0.834,0.8339,0.8339,600,0
SKYH-WS.US,5,20260317,204500,0.834,0.834,0.834,0.834,100,0
SKYH-WS.US,5,20260318,144000,0.85,0.85,0.85,0.85,625,0
SKYH-WS.US,5,20260318,144500,0.839,0.854,0.826,0.854,1101,0
SKYH-WS.US,5,20260318,145500,0.846499,0.862,0.846499,0.862,3422,0
SKYH-WS.US,5,20260318,150000,0.862,0.866,0.852549,0.8552,9585,0
SKYH-WS.US,5,20260318,150500,0.866,0.866,0.8659,0.8659,1000,0
SKYH-WS.US,5,20260318,151000,0.85,0.85,0.8473,0.8499,2802,0
SKYH-WS.US,5,20260318,151500,0.8499,0.85,0.8499,0.849967,5800,0
SKYH-WS.US,5,20260318,152000,0.8499,0.866,0.8499,0.866,9685,0
SKYH-WS.US,5,20260318,152500,0.875,0.875,0.8749,0.8749,1600,0
SKYH-WS.US,5,20260318,153500,0.875,0.875,0.86,0.86,2800,0
SKYH-WS.US,5,20260318,155500,0.86,0.86,0.86,0.86,100,0
SKYH-WS.US,5,20260318,160000,0.8545,0.86,0.8545,0.86,750,0
SKYH-WS.US,5,20260318,160500,0.86,0.86,0.8599,0.8599,1000,0
SKYH-WS.US,5,20260318,161500,0.86,0.86,0.86,0.86,750,0
SKYH-WS.US,5,20260318,162500,0.8599,0.8628,0.8599,0.8628,541,0
SKYH-WS.US,5,20260318,163500,0.8645,0.868,0.864499,0.868,2412,0
SKYH-WS.US,5,20260318,170500,0.8679,0.8679,0.8679,0.8679,500,0
SKYH-WS.US,5,20260318,171500,0.868,0.868,0.868,0.868,100,0
SKYH-WS.US,5,20260318,172000,0.867935,0.867935,0.8679,0.8679,200,0
SKYH-WS.US,5,20260318,173000,0.868,0.868,0.868,0.868,100,0
SKYH-WS.US,5,20260318,173500,0.867899,0.867899,0.867899,0.867899,500,0
SKYH-WS.US,5,20260318,174000,0.8652,0.8652,0.8652,0.8652,150,0
SKYH-WS.US,5,20260318,174500,0.868,0.868,0.868,0.868,100,0
SKYH-WS.US,5,20260318,183500,0.8679,0.868,0.8679,0.868,1000,0
SKYH-WS.US,5,20260318,184000,0.8679,0.868,0.8679,0.8679,1700,0
SKYH-WS.US,5,20260318,185000,0.868,0.868,0.868,0.868,100,0
SKYH-WS.US,5,20260318,185500,0.868,0.868,0.861,0.8611,1951,0
SKYH-WS.US,5,20260318,190500,0.8679,0.8679,0.8679,0.8679,500,0
SKYH-WS.US,5,20260318,191000,0.868,0.868,0.8679,0.8679,1300,0
SKYH-WS.US,5,20260318,191500,0.8679,0.868,0.8679,0.868,2588,0
SKYH-WS.US,5,20260318,194000,0.872,0.872,0.872,0.872,100,0
SKYH-WS.US,5,20260318,194500,0.8719,0.872,0.8719,0.872,1000,0
SKYH-WS.US,5,20260318,195000,0.8719,0.8719,0.8719,0.8719,100,0
SKYH-WS.US,5,20260318,201500,0.872,0.872,0.872,0.872,100,0
SKYH-WS.US,5,20260318,205500,0.872,0.872,0.8719,0.8719,400,0
SKYH-WS.US,5,20260319,143000,0.87,0.87,0.87,0.87,100,0
SKYH-WS.US,5,20260319,143500,0.87,0.87,0.8699,0.8699,1000,0
SKYH-WS.US,5,20260319,144000,0.836,0.87,0.836,0.8699,1302,0
SKYH-WS.US,5,20260319,144500,0.87,0.87,0.8699,0.869999,1201,0
SKYH-WS.US,5,20260319,145500,0.8699,0.8705,0.8699,0.8705,5284,0
SKYH-WS.US,5,20260319,150000,0.850249,0.8702,0.850249,0.850249,1100,0
SKYH-WS.US,5,20260319,150500,0.8705,0.8705,0.8704,0.8704,441,0
SKYH-WS.US,5,20260319,151000,0.8737,0.8737,0.8737,0.8737,101,0
SKYH-WS.US,5,20260319,151500,0.872,0.874,0.872,0.8739,3901,0
SKYH-WS.US,5,20260319,152000,0.8779,0.878,0.8779,0.878,3400,0
SKYH-WS.US,5,20260319,152500,0.878,0.878,0.878,0.878,500,0
SKYH-WS.US,5,20260319,153000,0.876,0.8779,0.876,0.8779,300,0
SKYH-WS.US,5,20260319,153500,0.87599,0.876,0.8759,0.8759,1900,0
SKYH-WS.US,5,20260319,160000,0.85,0.85,0.85,0.85,100,0
SKYH-WS.US,5,20260319,162500,0.85,0.876,0.8499,0.876,1000,0
SKYH-WS.US,5,20260319,163500,0.850001,0.850002,0.850001,0.850002,1000,0
SKYH-WS.US,5,20260319,164500,0.8759,0.8759,0.8759,0.8759,250,0
SKYH-WS.US,5,20260319,165500,0.876,0.876,0.876,0.876,100,0
SKYH-WS.US,5,20260319,170500,0.868,0.868,0.868,0.868,500,0
SKYH-WS.US,5,20260319,171500,0.876,0.876,0.876,0.876,100,0
SKYH-WS.US,5,20260319,180000,0.86,0.86,0.86,0.86,100,0
SKYH-WS.US,5,20260319,180500,0.85,0.85,0.85,0.85,100,0
SKYH-WS.US,5,20260319,194000,0.839,0.839,0.839,0.839,600,0
SKYH-WS.US,5,20260319,194500,0.8348,0.876,0.8348,0.835,1679,0
SKYH-WS.US,5,20260319,195500,0.8675,0.8675,0.8675,0.8675,100,0
SKYH-WS.US,5,20260319,200500,0.875899,0.875899,0.875899,0.875899,500,0
SKYH-WS.US,5,20260319,201000,0.866821,0.866821,0.866821,0.866821,500,0
SKYH-WS.US,5,20260319,201500,0.876,0.876,0.8625,0.8625,1000,0
SKYH-WS.US,5,20260319,202000,0.876,0.876,0.876,0.876,100,0
SKYH-WS.US,5,20260319,203000,0.875,0.875,0.8749,0.8749,400,0
SKYH-WS.US,5,20260319,204500,0.876,0.876,0.876,0.876,100,0
SKYH-WS.US,5,20260320,144000,0.878,0.882,0.878,0.882,3483,0
SKYH-WS.US,5,20260320,144500,0.882,0.9,0.882,0.882,7975,0
SKYH-WS.US,5,20260320,145500,0.81,0.81,0.81,0.81,100,0
SKYH-WS.US,5,20260320,150000,0.79,0.79,0.79,0.79,789,0
SKYH-WS.US,5,20260320,160000,0.7103,0.7103,0.7103,0.7103,100,0
SKYH-WS.US,5,20260320,203500,0.75,0.75,0.74,0.7475,1265,0
SKYH-WS.US,5,20260320,204000,0.7425,0.7478,0.74,0.74,536,0
SKYH-WS.US,5,20260323,145000,0.76,0.77,0.76,0.77,1300,0
SKYH-WS.US,5,20260323,151000,0.77,0.779899,0.7699,0.779899,2971,0
SKYH-WS.US,5,20260323,151500,0.78,0.78,0.78,0.78,405,0
SKYH-WS.US,5,20260323,152000,0.78,0.79,0.78,0.79,1395,0
SKYH-WS.US,5,20260323,152500,0.8,0.8774,0.8,0.8774,1299,0
SKYH-WS.US,5,20260323,163500,0.85,0.85,0.85,0.85,100,0
SKYH-WS.US,5,20260323,164500,0.82,0.82,0.82,0.82,100,0
SKYH-WS.US,5,20260323,183000,0.849,0.85,0.849,0.85,5259,0
SKYH-WS.US,5,20260323,183500,0.85,0.85,0.85,0.85,6300,0
SKYH-WS.US,5,20260323,184000,0.8499,0.8499,0.8499,0.8499,500,0
SKYH-WS.US,5,20260323,204500,0.77,0.77,0.77,0.77,100,0
SKYH-WS.US,5,20260324,162500,0.78,0.78,0.78,0.78,458,0
SKYH-WS.US,5,20260324,164000,0.82,0.829899,0.82,0.829899,850,0
SKYH-WS.US,5,20260324,165000,0.82,0.82,0.82,0.82,500,0
SKYH-WS.US,5,20260324,165500,0.82,0.82,0.82,0.82,100,0
SKYH-WS.US,5,20260324,182000,0.81,0.81,0.81,0.81,100,0
SKYH-WS.US,5,20260324,183500,0.82,0.82,0.81,0.8188,1948,0
SKYH-WS.US,5,20260324,191000,0.7975,0.7975,0.7975,0.7975,100,0
SKYH-WS.US,5,20260324,193000,0.8175,0.819,0.815,0.815,3337,0
SKYH-WS.US,5,20260324,193500,0.8188,0.82,0.8188,0.82,4535,0
SKYH-WS.US,5,20260324,195000,0.8299,0.8299,0.8299,0.8299,300,0
SKYH-WS.US,5,20260324,195500,0.8299,0.8299,0.8299,0.8299,100,0
SKYH-WS.US,5,20260324,200000,0.8226,0.8226,0.8226,0.8226,200,0
SKYH-WS.US,5,20260324,200500,0.8175,0.8177,0.8175,0.8175,704,0
SKYH-WS.US,5,20260324,201500,0.829,0.829,0.829,0.829,900,0
SKYH-WS.US,5,20260324,203000,0.8375,0.8375,0.8375,0.8375,100,0
SKYH-WS.US,5,20260325,143500,0.879,0.888,0.879,0.888,8207,0
SKYH-WS.US,5,20260325,144000,0.888,0.888,0.888,0.888,100,0
SKYH-WS.US,5,20260325,150500,0.8555,0.8555,0.8555,0.8555,100,0
SKYH-WS.US,5,20260325,151000,0.887,0.894,0.86,0.894,7308,0
SKYH-WS.US,5,20260325,151500,0.894,0.894,0.894,0.894,400,0
SKYH-WS.US,5,20260325,154000,0.894,0.894,0.894,0.894,100,0
SKYH-WS.US,5,20260325,155000,0.87,0.885,0.87,0.885,300,0
SKYH-WS.US,5,20260325,164000,0.885,0.8851,0.885,0.8851,600,0
SKYH-WS.US,5,20260325,174000,0.814,0.814,0.814,0.814,100,0
SKYH-WS.US,5,20260325,190500,0.8497,0.8497,0.8497,0.8497,100,0
SKYH-WS.US,5,20260325,192000,0.85,0.85,0.85,0.85,600,0
SKYH-WS.US,5,20260325,193500,0.85,0.89,0.85,0.89,1400,0
SKYH-WS.US,5,20260326,160000,0.795,0.795,0.795,0.795,100,0
SKYH-WS.US,5,20260326,161000,0.8191,0.8191,0.8191,0.8191,100,0
SKYH-WS.US,5,20260326,202500,0.77,0.77,0.7291,0.7291,272,0
SKYH-WS.US,5,20260327,145000,0.6905,0.6905,0.6905,0.6905,500,0
SKYH-WS.US,5,20260327,145500,0.6625,0.6625,0.6625,0.6625,950,0
SKYH-WS.US,5,20260327,154500,0.68,0.68,0.68,0.68,780,0
SKYH-WS.US,5,20260327,155000,0.68,0.68,0.68,0.68,100,0
SKYH-WS.US,5,20260327,162500,0.679999,0.679999,0.679999,0.679999,200,0
SKYH-WS.US,5,20260327,194000,0.6502,0.6502,0.65,0.65,2440,0
SKYH-WS.US,5,20260327,205500,0.65,0.65,0.65,0.65,200,0
SKYH-WS.US,5,20260330,153500,0.6575,0.69,0.6575,0.6899,1500,0
SKYH-WS.US,5,20260330,154000,0.6333,0.65,0.625,0.65,2980,0
SKYH-WS.US,5,20260330,154500,0.69,0.69,0.69,0.69,600,0
SKYH-WS.US,5,20260330,161500,0.67,0.67,0.67,0.67,200,0
SKYH-WS.US,5,20260330,162000,0.610001,0.6799,0.610001,0.6799,510,0
SKYH-WS.US,5,20260330,165000,0.66,0.66,0.66,0.66,177,0
SKYH-WS.US,5,20260330,165500,0.6799,0.68,0.6799,0.68,1000,0
SKYH-WS.US,5,20260330,173000,0.678999,0.678999,0.678999,0.678999,401,0
SKYH-WS.US,5,20260330,194500,0.679,0.679,0.679,0.679,400,0
SKYH-WS.US,5,20260330,195000,0.65,0.65,0.65,0.65,100,0
SKYH-WS.US,5,20260330,200500,0.65,0.65,0.65,0.65,500,0
SKYH-WS.US,5,20260330,210500,0.678899,0.678899,0.678899,0.678899,250,0
SKYH-WS.US,5,20260331,153000,0.7,0.72,0.7,0.72,2300,0
SKYH-WS.US,5,20260331,154500,0.71,0.74,0.71,0.74,2400,0
SKYH-WS.US,5,20260331,164500,0.68,0.68,0.68,0.68,100,0
SKYH-WS.US,5,20260331,184000,0.73,0.7484,0.73,0.7484,2000,0
SKYH-WS.US,5,20260331,184500,0.72,0.7202,0.72,0.7202,1400,0
SKYH-WS.US,5,20260331,195000,0.73,0.73,0.73,0.73,150,0
SKYH-WS.US,5,20260331,195500,0.7,0.7,0.7,0.7,100,0
SKYH-WS.US,5,20260401,155000,0.7329,0.795,0.72,0.795,9700,0
SKYH-WS.US,5,20260401,160500,0.7801,0.7801,0.78,0.78,1000,0
SKYH-WS.US,5,20260401,200000,0.75,0.75,0.75,0.75,1000,0
SKYH-WS.US,5,20260402,155500,0.725,0.725,0.725,0.725,500,0
SKYH-WS.US,5,20260402,161000,0.725,0.725,0.725,0.725,200,0
SKYH-WS.US,5,20260402,162500,0.68425,0.6843,0.6628,0.6628,1100,0
SKYH-WS.US,5,20260402,165000,0.725,0.725,0.725,0.725,100,0
SKYH-WS.US,5,20260402,171500,0.73,0.7363,0.73,0.7363,900,0
SKYH-WS.US,5,20260402,172000,0.74,0.74,0.74,0.74,1200,0
SKYH-WS.US,5,20260402,175000,0.76,0.76,0.76,0.76,200,0
SKYH-WS.US,5,20260402,180000,0.76,0.76,0.76,0.76,125,0
SKYH-WS.US,5,20260402,180500,0.7599,0.7599,0.75,0.75,900,0
SKYH-WS.US,5,20260402,183000,0.76,0.76,0.76,0.76,500,0
SKYH-WS.US,5,20260402,184500,0.799,0.799,0.799,0.799,300,0
SKYH-WS.US,5,20260402,185500,0.77,0.77,0.77,0.77,800,0
SKYH-WS.US,5,20260402,190000,0.77,0.77,0.77,0.77,655,0
SKYH-WS.US,5,20260402,191500,0.77,0.77,0.77,0.77,833,0
SKYH-WS.US,5,20260402,192500,0.8065,0.8065,0.8065,0.8065,847,0
SKYH-WS.US,5,20260402,194500,0.775,0.775,0.77,0.77,1548,0
SKYH-WS.US,5,20260406,155500,0.83,0.84,0.83,0.84,3900,0
SKYH-WS.US,5,20260406,162000,0.84,0.84,0.83,0.83,600,0
SKYH-WS.US,5,20260406,163000,0.805,0.805,0.805,0.805,300,0
SKYH-WS.US,5,20260406,163500,0.8396,0.8396,0.8396,0.8396,253,0
SKYH-WS.US,5,20260406,164500,0.8,0.85,0.8,0.85,7000,0
SKYH-WS.US,5,20260406,165000,0.8599,0.8599,0.8599,0.8599,400,0
SKYH-WS.US,5,20260406,171000,0.804,0.8043,0.8019,0.8019,2030,0
SKYH-WS.US,5,20260406,171500,0.802,0.802,0.8019,0.802,1190,0
SKYH-WS.US,5,20260406,172500,0.8006,0.8006,0.8006,0.8006,300,0
SKYH-WS.US,5,20260406,173000,0.8001,0.8001,0.7901,0.7901,200,0
SKYH-WS.US,5,20260406,181000,0.81,0.81,0.81,0.81,400,0
SKYH-WS.US,5,20260406,195000,0.8043,0.8043,0.8043,0.8043,167,0
SKYH-WS.US,5,20260406,205500,0.8,0.8,0.8,0.8,400,0
SKYH-WS.US,5,20260406,210000,0.8,0.8086,0.8,0.8,2800,0
SKYH-WS.US,5,20260406,212000,0.8,0.819,0.8,0.8,4900,0
SKYH-WS.US,5,20260406,212500,0.8379,0.85,0.8379,0.85,3700,0
SKYH-WS.US,5,20260407,154000,0.77,0.77,0.76,0.76,1400,0
SKYH-WS.US,5,20260407,155000,0.7664,0.848,0.7664,0.8378,11100,0
SKYH-WS.US,5,20260407,161500,0.7899,0.79,0.779149,0.779149,600,0
SKYH-WS.US,5,20260407,162000,0.7898,0.79,0.7898,0.79,481,0
SKYH-WS.US,5,20260407,190000,0.77,0.78,0.655,0.75,7313,0
SKYH-WS.US,5,20260407,190500,0.75,0.75,0.75,0.75,2525,0
SKYH-WS.US,5,20260407,205000,0.74,0.84,0.74,0.8126,1200,0
SKYH-WS.US,5,20260408,153500,0.84,0.84,0.84,0.84,186,0
SKYH-WS.US,5,20260408,160500,0.834,0.849,0.834,0.8488,1279,0
SKYH-WS.US,5,20260408,161000,0.8295,0.849,0.8295,0.8489,1350,0
SKYH-WS.US,5,20260408,161500,0.831999,0.849,0.831999,0.8489,1100,0
SKYH-WS.US,5,20260408,162000,0.8399,0.84,0.8399,0.8399,900,0
SKYH-WS.US,5,20260408,162500,0.827499,0.827499,0.827499,0.827499,100,0
SKYH-WS.US,5,20260408,165000,0.815,0.815,0.815,0.815,200,0
SKYH-WS.US,5,20260408,170000,0.84,0.84,0.84,0.84,100,0
SKYH-WS.US,5,20260408,183000,0.839,0.839,0.8389,0.8389,640,0
SKYH-WS.US,5,20260408,183500,0.820101,0.834499,0.820101,0.834499,715,0
SKYH-WS.US,5,20260408,184000,0.83,0.83,0.83,0.83,500,0
SKYH-WS.US,5,20260408,190000,0.839,0.87,0.839,0.87,7218,0
SKYH-WS.US,5,20260408,194500,0.8701,0.8701,0.87,0.87,2000,0
SKYH-WS.US,5,20260408,195500,0.9,0.9,0.9,0.9,100,0
SKYH-WS.US,5,20260408,201500,0.87,0.882,0.87,0.88,4500,0
SKYH-WS.US,5,20260408,205000,0.8899,0.8899,0.8701,0.8701,1600,0
SKYH-WS.US,5,20260408,205500,0.87,0.87,0.87,0.87,123,0
SKYH-WS.US,5,20260409,153500,0.848,0.848,0.848,0.848,5000,0
SKYH-WS.US,5,20260409,154000,0.89,0.938,0.89,0.9327,3400,0
SKYH-WS.US,5,20260409,155000,0.9,0.9,0.9,0.9,1000,0
SKYH-WS.US,5,20260409,155500,0.9,0.91,0.9,0.91,900,0
SKYH-WS.US,5,20260409,161500,0.89,0.89,0.875,0.89,3445,0
SKYH-WS.US,5,20260409,162500,0.87,0.87,0.87,0.87,700,0
SKYH-WS.US,5,20260409,165000,0.885,0.894,0.885,0.894,300,0
SKYH-WS.US,5,20260409,170000,0.9,0.91,0.9,0.91,1200,0
SKYH-WS.US,5,20260409,173500,0.902,0.906,0.902,0.906,1500,0
SKYH-WS.US,5,20260409,180500,0.908,0.915,0.906,0.915,7200,0
SKYH-WS.US,5,20260409,182000,0.910101,0.910101,0.91,0.9101,1700,0
SKYH-WS.US,5,20260409,184000,0.91,0.91,0.91,0.91,200,0
SKYH-WS.US,5,20260409,184500,0.91,0.91,0.908,0.91,3800,0
SKYH-WS.US,5,20260409,185000,0.9106,0.9106,0.91,0.91,3100,0
SKYH-WS.US,5,20260409,190000,0.91,0.91,0.91,0.91,1000,0
SKYH-WS.US,5,20260409,190500,0.91,0.91,0.905,0.905,1200,0
SKYH-WS.US,5,20260409,191500,0.91,0.9101,0.91,0.9101,6630,0
SKYH-WS.US,5,20260409,192500,0.91,0.91,0.91,0.91,148,0
SKYH-WS.US,5,20260409,193000,0.89,0.89,0.88,0.88,900,0
SKYH-WS.US,5,20260409,201000,0.8753,0.8753,0.8753,0.8753,200,0
SKYH-WS.US,5,20260409,202500,0.862701,0.862701,0.862701,0.862701,2000,0
SKYH-WS.US,5,20260409,213000,0.8501,0.8501,0.8501,0.8501,200,0
SKYH-WS.US,5,20260410,153000,0.898,0.898,0.8972,0.8972,350,0
SKYH-WS.US,5,20260410,153500,0.87,0.87,0.87,0.87,400,0
SKYH-WS.US,5,20260410,162500,0.8699,0.87,0.8699,0.8699,700,0
SKYH-WS.US,5,20260410,172500,0.87,0.87,0.87,0.87,100,0
SKYH-WS.US,5,20260410,203000,0.898,0.898,0.898,0.898,1900,0
SKYH-WS.US,5,20260413,153000,0.9,0.92,0.89,0.92,5000,0
SKYH-WS.US,5,20260413,154000,0.92,0.92,0.92,0.92,207,0
SKYH-WS.US,5,20260413,155500,0.895,0.92,0.8943,0.92,2300,0
SKYH-WS.US,5,20260413,160000,0.92,0.92,0.89,0.895,1300,0
SKYH-WS.US,5,20260413,163000,0.89,0.89,0.885,0.89,1002,0
SKYH-WS.US,5,20260413,163500,0.885,0.92,0.885,0.90685,8804,0
SKYH-WS.US,5,20260413,164500,0.92,0.94,0.9,0.9,1979,0
SKYH-WS.US,5,20260413,165000,0.91945,0.96,0.91945,0.96,6000,0
SKYH-WS.US,5,20260413,170500,0.9,0.9,0.8928,0.9,600,0
SKYH-WS.US,5,20260413,172000,0.92,0.92,0.9125,0.9125,6000,0
SKYH-WS.US,5,20260413,173000,0.92,0.92,0.908,0.92,1700,0
SKYH-WS.US,5,20260413,173500,0.93,0.99,0.9246,0.95,5788,0
SKYH-WS.US,5,20260413,174000,0.92,1,0.92,1,1520,0
SKYH-WS.US,5,20260413,180500,0.935,0.935,0.935,0.935,101,0
SKYH-WS.US,5,20260413,182500,0.9225,0.9613,0.9225,0.9225,3721,0
SKYH-WS.US,5,20260413,183500,0.9867,1,0.9867,1,3388,0
SKYH-WS.US,5,20260413,184000,0.9997,1,0.9699,1,1087,0
SKYH-WS.US,5,20260413,184500,0.95,0.95,0.95,0.95,500,0
SKYH-WS.US,5,20260413,192500,0.97,0.97,0.97,0.97,100,0
SKYH-WS.US,5,20260413,193000,1,1.02,1,1.02,6780,0
SKYH-WS.US,5,20260413,194500,1.0499,1.0499,1.035,1.035,500,0
SKYH-WS.US,5,20260413,195000,1.035,1.035,1.02,1.02,6271,0
SKYH-WS.US,5,20260413,195500,1.02,1.04,1,1.02,6591,0
SKYH-WS.US,5,20260413,200000,1.02,1.04,1,1.02,6416,0
SKYH-WS.US,5,20260413,200500,1.02,1.02,1,1.0199,1600,0
SKYH-WS.US,5,20260413,201000,1,1,1,1,100,0
SKYH-WS.US,5,20260413,204000,1,1,1,1,200,0
SKYH-WS.US,5,20260413,204500,1,1.03,1,1.02,6233,0
SKYH-WS.US,5,20260413,205500,1,1,1,1,669,0
SKYH-WS.US,5,20260413,210000,1,1,1,1,134,0
SKYH-WS.US,5,20260413,215500,1,1,0.9899,1,5869,0
SKYH-WS.US,5,20260414,153000,0.99,1.05,0.99,1.05,1100,0
SKYH-WS.US,5,20260414,153500,1.04,1.05,1.04,1.05,2388,0
SKYH-WS.US,5,20260414,154500,1.05,1.05,1.05,1.05,4100,0
SKYH-WS.US,5,20260414,161500,1,1,1,1,100,0
SKYH-WS.US,5,20260414,162500,1,1,1,1,100,0
SKYH-WS.US,5,20260414,163000,1.05,1.05,1.05,1.05,100,0
SKYH-WS.US,5,20260414,163500,1.06,1.06,1.06,1.06,1000,0
SKYH-WS.US,5,20260414,170000,0.98,0.98,0.98,0.98,100,0
SKYH-WS.US,5,20260414,182000,1.06,1.1,1.06,1.1,4403,0
SKYH-WS.US,5,20260414,182500,1.1,1.1,1.1,1.1,2412,0
SKYH-WS.US,5,20260414,183000,1.05,1.05,1.05,1.05,350,0
SKYH-WS.US,5,20260414,185500,1.05,1.05,1.05,1.05,500,0
SKYH-WS.US,5,20260414,201000,1.07,1.1,1.07,1.1,2053,0
SKYH-WS.US,5,20260414,205500,1.01,1.01,1.01,1.01,100,0
SKYH-WS.US,5,20260415,153000,1.03,1.05,1.03,1.05,2000,0
SKYH-WS.US,5,20260415,162000,1.05,1.06,1.05,1.06,903,0
SKYH-WS.US,5,20260415,163000,1,1,1,1,100,0
SKYH-WS.US,5,20260415,215000,1,1,1,1,873,0
SKYH-WS.US,5,20260415,215500,1,1,0.95,0.95,19500,0
SKYH-WS.US,5,20260416,153000,0.95,0.95,0.95,0.95,100,0
SKYH-WS.US,5,20260416,160000,0.98,0.99,0.95,0.99,2100,0
SKYH-WS.US,5,20260416,162000,0.9994,1,0.9994,1,700,0
SKYH-WS.US,5,20260416,162500,1,1,1,1,1300,0
SKYH-WS.US,5,20260416,180500,0.94,0.94,0.94,0.94,100,0
SKYH-WS.US,5,20260416,184000,0.9525,0.9525,0.95,0.95,400,0
SKYH-WS.US,5,20260416,191000,0.96,0.96,0.96,0.96,900,0
SKYH-WS.US,5,20260416,191500,0.96,0.96,0.96,0.96,5000,0
SKYH-WS.US,5,20260416,192500,0.96,0.96,0.96,0.96,3000,0
SKYH-WS.US,5,20260416,195000,0.96,0.96,0.96,0.96,7000,0
SKYH-WS.US,5,20260416,205000,0.96,0.97,0.96,0.97,1900,0
SKYH-WS.US,5,20260417,153000,1.03,1.09,1.03,1.09,11221,0
SKYH-WS.US,5,20260417,160500,1.05,1.05,1.05,1.05,2300,0
SKYH-WS.US,5,20260417,161500,1.05,1.05,1.05,1.05,2600,0
SKYH-WS.US,5,20260417,164000,1.05,1.05,1.0499,1.0499,2500,0
SKYH-WS.US,5,20260417,164500,1.04,1.09,1.025,1.05,7672,0
SKYH-WS.US,5,20260417,165500,1.07,1.07,1.07,1.07,2025,0
SKYH-WS.US,5,20260417,170000,1.04,1.05,1.04,1.05,1900,0
SKYH-WS.US,5,20260417,172000,1.05,1.1,1.05,1.07,12400,0
SKYH-WS.US,5,20260417,174500,1.05,1.05,1.05,1.05,1000,0
SKYH-WS.US,5,20260417,175000,1.05,1.07,1.05,1.05,1800,0
SKYH-WS.US,5,20260417,181000,1.05,1.05,1.04,1.04,1000,0
SKYH-WS.US,5,20260417,182500,1.06,1.06,1.06,1.06,800,0
SKYH-WS.US,5,20260417,183000,1.08,1.08,1.06,1.08,400,0
SKYH-WS.US,5,20260417,192000,1.08,1.08,1.08,1.08,1000,0
SKYH-WS.US,5,20260417,193000,1.0801,1.0801,1.08,1.08,1000,0
SKYH-WS.US,5,20260417,195500,1.1,1.1,1.1,1.1,500,0
SKYH-WS.US,5,20260420,153000,1.07,1.07,1.07,1.07,457,0
SKYH-WS.US,5,20260420,154500,1.08,1.12,1.08,1.12,1100,0
SKYH-WS.US,5,20260420,155000,1.06,1.06,1.06,1.06,100,0
SKYH-WS.US,5,20260420,163500,1.008,1.008,1.0038,1.0038,660,0
SKYH-WS.US,5,20260420,165000,0.98,0.98,0.98,0.98,100,0
SKYH-WS.US,5,20260420,165500,1,1.01,1,1.01,4500,0
SKYH-WS.US,5,20260420,173500,1,1,0.99,0.99,9900,0
SKYH-WS.US,5,20260420,181000,0.996,0.996,0.996,0.996,200,0
SKYH-WS.US,5,20260420,182000,0.99,0.99,0.99,0.99,200,0
SKYH-WS.US,5,20260420,200000,0.99,0.99,0.99,0.99,300,0
SKYH-WS.US,5,20260420,213500,1.02,1.02,0.9985,1,2900,0
SKYH-WS.US,5,20260420,215000,0.998,0.998,0.989,0.989,401,0
SKYH-WS.US,5,20260420,215500,0.9935,0.9935,0.9935,0.9935,200,0
SKYH-WS.US,5,20260421,175000,0.92,0.92,0.91,0.914,600,0
SKYH-WS.US,5,20260421,175500,0.917,0.93,0.9,0.917,21521,0
SKYH-WS.US,5,20260421,180000,0.935,0.935,0.9175,0.9305,7177,0
SKYH-WS.US,5,20260421,181500,0.91,0.935,0.9037,0.917,2500,0
SKYH-WS.US,5,20260421,182500,0.917,0.9176,0.9157,0.9176,500,0
SKYH-WS.US,5,20260421,183500,0.93025,0.937,0.93025,0.937,800,0
SKYH-WS.US,5,20260421,184000,0.944,0.944,0.921,0.9439,3014,0
SKYH-WS.US,5,20260421,190500,0.925,0.925,0.921,0.921,540,0
SKYH-WS.US,5,20260421,191000,0.9125,0.92,0.908,0.9185,2700,0
SKYH-WS.US,5,20260421,191500,0.917,0.917,0.917,0.917,1200,0
SKYH-WS.US,5,20260421,192000,0.917,0.921399,0.917,0.921399,900,0
SKYH-WS.US,5,20260421,192500,0.9215,0.93,0.9,0.9,700,0
SKYH-WS.US,5,20260421,194500,0.9265,0.9265,0.9265,0.9265,250,0
SKYH-WS.US,5,20260421,195000,0.93,0.93,0.93,0.93,150,0
SKYH-WS.US,5,20260421,201500,0.919,0.919,0.919,0.919,197,0
SKYH-WS.US,5,20260421,211000,0.92,0.92,0.92,0.92,100,0
SKYH-WS.US,5,20260422,154500,1.01,1.01,1,1,1800,0
SKYH-WS.US,5,20260422,161500,1,1,1,1,1800,0
SKYH-WS.US,5,20260422,182500,0.9363,0.9363,0.875,0.875,500,0
SKYH-WS.US,5,20260423,153500,0.96,0.96,0.96,0.96,900,0
SKYH-WS.US,5,20260423,172000,0.94,0.94,0.94,0.94,500,0
SKYH-WS.US,5,20260424,155000,0.96,0.96,0.96,0.96,100,0
SKYH-WS.US,5,20260424,161000,0.95,0.95,0.95,0.95,100,0
SKYH-WS.US,5,20260424,165500,0.94,0.94,0.94,0.94,100,0
SKYH-WS.US,5,20260424,182500,0.94,0.94,0.923001,0.9393,800,0
SKYH-WS.US,5,20260424,183000,0.94,0.94,0.94,0.94,100,0
SKYH-WS.US,5,20260424,191500,0.94,0.94,0.94,0.94,100,0
SKYH-WS.US,5,20260424,200000,0.94,0.94,0.94,0.94,100,0
SKYH-WS.US,5,20260424,205500,0.94,0.94,0.94,0.94,100,0
SKYH-WS.US,5,20260427,155500,0.94,0.94,0.94,0.94,375,0
SKYH-WS.US,5,20260427,160000,0.905,0.905,0.905,0.905,250,0
SKYH-WS.US,5,20260427,162000,0.94,0.94,0.9268,0.9268,300,0
SKYH-WS.US,5,20260427,164500,0.925,0.925,0.925,0.925,500,0
SKYH-WS.US,5,20260427,170000,0.929,0.929,0.929,0.929,800,0
SKYH-WS.US,5,20260428,164500,0.93,0.93,0.9299,0.9299,1000,0
SKYH-WS.US,5,20260428,170000,0.899999,0.899999,0.899999,0.899999,500,0
SKYH-WS.US,5,20260428,170500,0.87,0.87,0.87,0.87,500,0
SKYH-WS.US,5,20260428,193000,0.92,0.92,0.92,0.92,100,0
SKYH-WS.US,5,20260428,215000,0.89,0.89,0.89,0.89,250,0
SKYH-WS.US,5,20260428,215500,0.89,0.89,0.89,0.89,500,0
SKYH-WS.US,5,20260429,153000,0.91,0.92,0.91,0.92,1400,0
SKYH-WS.US,5,20260429,160500,0.895,0.895,0.88,0.88,400,0
SKYH-WS.US,5,20260430,153000,0.9,0.9,0.9,0.9,2100,0
SKYH-WS.US,5,20260430,153500,0.9,0.9,0.9,0.9,200,0
SKYH-WS.US,5,20260430,154000,0.89,0.89,0.89,0.89,151,0
SKYH-WS.US,5,20260430,174000,0.89,0.89,0.879801,0.879801,1690,0
SKYH-WS.US,5,20260430,175000,0.876,0.876,0.876,0.876,250,0
SKYH-WS.US,5,20260430,180000,0.860101,0.873601,0.86,0.873601,7300,0
SKYH-WS.US,5,20260430,183000,0.9,0.9,0.9,0.9,500,0
SKYH-WS.US,5,20260430,184500,0.889999,0.889999,0.889999,0.889999,500,0
SKYH-WS.US,5,20260430,185000,0.9,0.9,0.9,0.9,847,0
SKYH-WS.US,5,20260430,200000,0.91,0.91,0.91,0.91,115,0
SKYH-WS.US,5,20260501,153000,0.85,0.85,0.85,0.85,2500,0
SKYH-WS.US,5,20260501,155500,0.92,0.92,0.9,0.92,7100,0
SKYH-WS.US,5,20260501,160000,0.9175,0.9175,0.9175,0.9175,150,0
SKYH-WS.US,5,20260501,173500,0.924,0.924,0.924,0.924,500,0
SKYH-WS.US,5,20260501,182000,0.92,0.92,0.92,0.92,400,0
SKYH-WS.US,5,20260501,194000,0.92,0.92,0.92,0.92,300,0
SKYH-WS.US,5,20260501,194500,0.919,0.919,0.919,0.919,500,0
SKYH-WS.US,5,20260501,195000,0.919,0.92,0.919,0.92,500,0
SKYH-WS.US,5,20260504,153000,0.915,0.918,0.899,0.899,5625,0
SKYH-WS.US,5,20260505,204500,0.82,0.8201,0.82,0.8201,650,0
SKYH-WS.US,5,20260505,205000,0.81,0.81,0.81,0.81,100,0
SKYH-WS.US,5,20260505,205500,0.8187,0.8187,0.8187,0.8187,100,0
SKYH-WS.US,5,20260505,210000,0.8461,0.8461,0.8461,0.8461,100,0
SKYH-WS.US,5,20260505,212000,0.82,0.82,0.82,0.82,100,0
SKYH-WS.US,5,20260505,214500,0.83,0.83,0.83,0.83,200,0
SKYH-WS.US,5,20260505,215000,0.84,0.84,0.84,0.84,150,0
SKYH-WS.US,5,20260506,154000,0.8299,0.83,0.8299,0.8299,400,0
SKYH-WS.US,5,20260506,155500,0.82,0.82,0.8199,0.8199,400,0
SKYH-WS.US,5,20260506,160000,0.82,0.82,0.78265,0.785,1900,0
SKYH-WS.US,5,20260506,160500,0.82,0.82,0.785,0.819899,1815,0
SKYH-WS.US,5,20260506,162000,0.785,0.82,0.785,0.8199,668,0
SKYH-WS.US,5,20260506,162500,0.82,0.85,0.82,0.8494,10093,0
SKYH-WS.US,5,20260506,163000,0.838,0.8499,0.838,0.8498,514,0
SKYH-WS.US,5,20260506,171000,0.83,0.83,0.83,0.83,450,0
SKYH-WS.US,5,20260506,174500,0.84,0.84,0.84,0.84,100,0
SKYH-WS.US,5,20260506,214500,0.84,0.84,0.84,0.84,315,0
SKYH-WS.US,5,20260507,164000,0.84,0.84,0.84,0.84,2983,0
SKYH-WS.US,5,20260507,165000,0.84,0.84,0.84,0.84,2200,0
SKYH-WS.US,5,20260507,171000,0.84,0.84,0.84,0.84,2000,0
SKYH-WS.US,5,20260507,172000,0.84,0.84,0.84,0.84,2000,0
SKYH-WS.US,5,20260507,191000,0.84,0.84,0.84,0.84,904,0
SKYH-WS.US,5,20260508,160000,0.82,0.82,0.82,0.82,500,0
SKYH-WS.US,5,20260508,162000,0.82,0.82,0.82,0.82,300,0
SKYH-WS.US,5,20260508,163500,0.8,0.8,0.8,0.8,100,0
SKYH-WS.US,5,20260508,164500,0.8,0.8,0.8,0.8,185,0
SKYH-WS.US,5,20260508,174500,0.819,0.82,0.819,0.82,4801,0
SKYH-WS.US,5,20260511,195000,0.84,0.84,0.75,0.75,2050,0
SKYH-WS.US,5,20260511,202500,0.73,0.73,0.73,0.73,202,0
SKYH-WS.US,5,20260511,204000,0.742899,0.742899,0.742899,0.742899,278,0
SKYH-WS.US,5,20260511,215500,0.72,0.72,0.72,0.72,1005,0
SKYH-WS.US,5,20260512,154000,0.745,0.745,0.745,0.745,100,0
SKYH-WS.US,5,20260512,160500,0.7,0.7,0.7,0.7,250,0
SKYH-WS.US,5,20260512,161000,0.72,0.72,0.72,0.72,100,0
SKYH-WS.US,5,20260512,162500,0.715,0.715,0.715,0.715,600,0
SKYH-WS.US,5,20260512,163000,0.7,0.7,0.7,0.7,400,0
SKYH-WS.US,5,20260512,165000,0.71,0.71,0.71,0.71,100,0
SKYH-WS.US,5,20260512,172500,0.71,0.71,0.71,0.71,100,0
SKYH-WS.US,5,20260512,180000,0.71,0.71,0.71,0.71,100,0
SKYH-WS.US,5,20260512,180500,0.71,0.71,0.7,0.7,230,0
SKYH-WS.US,5,20260512,191000,0.72,0.72,0.72,0.72,100,0
SKYH-WS.US,5,20260512,192000,0.72,0.72,0.72,0.72,900,0
SKYH-WS.US,5,20260512,194000,0.74,0.74,0.74,0.74,100,0
SKYH-WS.US,5,20260512,200000,0.75,0.75,0.75,0.75,350,0
SKYH-WS.US,5,20260512,201000,0.73,0.73,0.73,0.73,100,0
SKYH-WS.US,5,20260512,202500,0.74,0.74,0.74,0.74,200,0
SKYH-WS.US,5,20260512,210000,0.74,0.74,0.74,0.74,200,0
SKYH-WS.US,5,20260512,215500,0.7,0.7,0.69,0.69,490,0
SKYH-WS.US,5,20260513,153000,0.69,0.69,0.69,0.69,250,0
SKYH-WS.US,5,20260513,153500,0.66,0.66,0.66,0.66,250,0
SKYH-WS.US,5,20260513,154500,0.65,0.66,0.649999,0.659899,2244,0
SKYH-WS.US,5,20260513,155500,0.66,0.66,0.6599,0.6599,1600,0
SKYH-WS.US,5,20260513,160000,0.66,0.67,0.6599,0.6599,2000,0
SKYH-WS.US,5,20260513,160500,0.67,0.67,0.6699,0.6699,1588,0
SKYH-WS.US,5,20260513,161000,0.645,0.645,0.5982,0.5982,814,0
SKYH-WS.US,5,20260513,161500,0.56,0.5899,0.55,0.5899,1289,0
SKYH-WS.US,5,20260513,162500,0.59,0.59,0.59,0.59,500,0
SKYH-WS.US,5,20260513,163000,0.6,0.6,0.6,0.6,500,0
SKYH-WS.US,5,20260513,163500,0.61,0.61,0.6099,0.6099,3000,0
SKYH-WS.US,5,20260513,164000,0.61,0.61,0.6099,0.6099,1400,0
SKYH-WS.US,5,20260513,165000,0.605,0.605,0.605,0.605,999,0
SKYH-WS.US,5,20260513,170500,0.629899,0.629899,0.629899,0.629899,450,0
SKYH-WS.US,5,20260513,171000,0.63,0.63,0.629899,0.63,1550,0
SKYH-WS.US,5,20260513,173000,0.63,0.63,0.6299,0.6299,800,0
SKYH-WS.US,5,20260513,173500,0.6,0.6,0.6,0.6,150,0
SKYH-WS.US,5,20260513,175000,0.66,0.66,0.6599,0.6599,600,0
SKYH-WS.US,5,20260513,181000,0.66,0.66,0.66,0.66,100,0
SKYH-WS.US,5,20260513,191500,0.66,0.66,0.6599,0.66,500,0
SKYH-WS.US,5,20260513,201500,0.665,0.665,0.665,0.665,2241,0
SKYH-WS.US,5,20260514,153000,0.59,0.59,0.59,0.59,250,0
SKYH-WS.US,5,20260514,153500,0.74,0.74,0.74,0.74,900,0
SKYH-WS.US,5,20260514,180000,0.629,0.629,0.5675,0.5999,6811,0
SKYH-WS.US,5,20260514,204500,0.65,0.7249,0.65,0.7249,2200,0
SKYH-WS.US,5,20260514,205000,0.729998,0.73,0.729901,0.729901,680,0
SKYH-WS.US,5,20260515,154500,0.55,0.55,0.51005,0.5101,4721,0
SKYH-WS.US,5,20260515,155000,0.5101,0.5101,0.5101,0.5101,200,0
SKYH-WS.US,5,20260515,155500,0.52,0.52,0.516601,0.516601,2600,0
SKYH-WS.US,5,20260515,163500,0.51,0.51,0.5,0.5,529,0
SKYH-WS.US,5,20260515,164000,0.5,0.5,0.5,0.5,400,0
SKYH-WS.US,5,20260515,164500,0.5001,0.5001,0.50005,0.50005,1000,0
SKYH-WS.US,5,20260515,165000,0.5,0.5,0.5,0.5,2784,0
SKYH-WS.US,5,20260515,165500,0.5001,0.5001,0.5001,0.5001,500,0
SKYH-WS.US,5,20260515,171000,0.5001,0.5001,0.5001,0.5001,1000,0
SKYH-WS.US,5,20260515,174500,0.5001,0.5001,0.500067,0.500067,2000,0
SKYH-WS.US,5,20260515,175000,0.5001,0.5001,0.5,0.5,3845,0
SKYH-WS.US,5,20260515,182000,0.46,0.5097,0.4597,0.5096,1000,0
SKYH-WS.US,5,20260515,182500,0.461801,0.4834,0.461801,0.4834,700,0
SKYH-WS.US,5,20260515,194000,0.4799,0.48,0.4799,0.4799,600,0
SKYH-WS.US,5,20260518,153000,0.51,0.51,0.4999,0.4999,2350,0
SKYH-WS.US,5,20260518,153500,0.475,0.475,0.45,0.45,1050,0
SKYH-WS.US,5,20260518,154000,0.4499,0.45,0.4499,0.4499,3500,0
SKYH-WS.US,5,20260518,155000,0.45,0.45,0.45,0.45,7049,0
SKYH-WS.US,5,20260518,155500,0.48,0.48,0.48,0.48,100,0
SKYH-WS.US,5,20260518,161000,0.48,0.48,0.48,0.48,500,0
SKYH-WS.US,5,20260518,163000,0.4718,0.4718,0.4718,0.4718,2000,0
SKYH-WS.US,5,20260518,173500,0.5,0.5,0.5,0.5,4100,0
SKYH-WS.US,5,20260518,201500,0.48,0.48,0.4799,0.4799,2000,0
SKYH-WS.US,5,20260518,205500,0.48,0.48,0.48,0.48,500,0
SKYH-WS.US,5,20260518,211500,0.47,0.485,0.47,0.485,1700,0
SKYH-WS.US,5,20260518,214000,0.5,0.51,0.5,0.51,7315,0
SKYH-WS.US,5,20260518,214500,0.51,0.51,0.51,0.51,924,0
SKYH-WS.US,5,20260518,215000,0.51,0.54,0.51,0.54,11434,0
SKYH-WS.US,5,20260518,215500,0.54,0.54,0.539899,0.539899,1700,0
SKYH-WS.US,5,20260519,153000,0.54,0.54,0.54,0.54,185,0
SKYH-WS.US,5,20260519,170500,0.4627,0.4627,0.4627,0.4627,100,0
SKYH-WS.US,5,20260520,153000,0.4673,0.4673,0.4673,0.4673,100,0
SKYH-WS.US,5,20260520,171000,0.4599,0.4599,0.4599,0.4599,100,0
SKYH-WS.US,5,20260520,183500,0.44,0.44,0.44,0.44,1070,0
SKYH-WS.US,5,20260520,193000,0.4673,0.4673,0.4673,0.4673,100,0
SKYH-WS.US,5,20260520,214000,0.4599,0.48,0.4599,0.48,929,0
SKYH-WS.US,5,20260520,214500,0.4599,0.4599,0.4599,0.4599,500,0
SKYH-WS.US,5,20260520,215500,0.4198,0.4549,0.4198,0.45,600,0
SKYH-WS.US,5,20260521,154000,0.45,0.45,0.45,0.45,381,0
SKYH-WS.US,5,20260521,161000,0.405,0.405,0.405,0.405,100,0
SKYH-WS.US,5,20260521,202500,0.4338,0.4338,0.4338,0.4338,500,0
SKYH-WS.US,5,20260521,203500,0.44,0.44,0.44,0.44,100,0
SKYH-WS.US,5,20260521,205000,0.44,0.44,0.44,0.44,200,0
SKYH-WS.US,5,20260521,211000,0.44,0.44,0.44,0.44,200,0
SKYH-WS.US,5,20260521,211500,0.44,0.4471,0.44,0.4471,300,0
SKYH-WS.US,5,20260522,163000,0.43,0.44,0.43,0.44,1000,0
SKYH-WS.US,5,20260522,170500,0.4099,0.4099,0.4099,0.4099,500,0
SKYH-WS.US,5,20260522,174500,0.405,0.405,0.405,0.405,1000,0
SKYH-WS.US,5,20260522,175500,0.419899,0.419899,0.419899,0.419899,750,0
SKYH-WS.US,5,20260522,180000,0.41,0.42,0.41,0.42,1200,0
SKYH-WS.US,5,20260522,180500,0.425,0.425,0.425,0.425,900,0
SKYH-WS.US,5,20260522,181500,0.43081,0.44,0.43081,0.44,600,0
SKYH-WS.US,5,20260522,182500,0.4484,0.4484,0.4484,0.4484,500,0
SKYH-WS.US,5,20260522,183000,0.445401,0.445401,0.4309,0.4309,1000,0
SKYH-WS.US,5,20260522,183500,0.4308,0.4308,0.4308,0.4308,100,0
SKYH-WS.US,5,20260522,184000,0.4201,0.4308,0.42,0.4307,2500,0
SKYH-WS.US,5,20260522,184500,0.42,0.42,0.415,0.415,1100,0
SKYH-WS.US,5,20260522,185000,0.419998,0.419998,0.419998,0.419998,400,0
SKYH-WS.US,5,20260522,190500,0.415249,0.415249,0.415249,0.415249,2380,0
SKYH-WS.US,5,20260522,191000,0.4153,0.42,0.4153,0.42,300,0
SKYH-WS.US,5,20260522,193000,0.42,0.425001,0.42,0.4225,2500,0
SKYH-WS.US,5,20260522,195500,0.4105,0.4105,0.4105,0.4105,500,0
SKYH-WS.US,5,20260522,202000,0.4051,0.4051,0.405,0.405,388,0
SKYH-WS.US,5,20260522,202500,0.41,0.41,0.41,0.41,900,0
SKYH-WS.US,5,20260522,203500,0.42,0.42,0.42,0.42,200,0
SKYH-WS.US,5,20260522,204000,0.430001,0.430001,0.43,0.43,400,0
SKYH-WS.US,5,20260522,204500,0.44,0.44,0.43,0.43,300,0
SKYH-WS.US,5,20260522,205000,0.43,0.4371,0.43,0.4371,305,0
SKYH-WS.US,5,20260522,210500,0.4225,0.4365,0.4225,0.4225,1500,0
SKYH-WS.US,5,20260522,211000,0.4365,0.4365,0.4365,0.4365,250,0
SKYH-WS.US,5,20260522,211500,0.4226,0.4365,0.4225,0.4225,1750,0
SKYH-WS.US,5,20260522,212000,0.4377,0.4377,0.4225,0.4225,2250,0
SKYH-WS.US,5,20260522,213000,0.43,0.4402,0.43,0.4402,500,0
SKYH-WS.US,5,20260522,213500,0.47,0.47,0.43,0.43,950,0
SKYH-WS.US,5,20260522,214000,0.44,0.451251,0.44,0.451251,4300,0
SKYH-WS.US,5,20260522,215000,0.45,0.45,0.45,0.45,4000,0
SKYH-WS.US,5,20260522,215500,0.4225,0.45,0.4225,0.45,2700,0
SKYH-WS.US,5,20260526,153500,0.4525,0.455,0.4525,0.4525,5000,0
SKYH-WS.US,5,20260526,154000,0.46,0.4601,0.46,0.46,7580,0
SKYH-WS.US,5,20260526,154500,0.47,0.47,0.47,0.47,2600,0
SKYH-WS.US,5,20260526,161000,0.445,0.445,0.445,0.445,100,0
SKYH-WS.US,5,20260526,171500,0.42,0.42,0.42,0.42,100,0
SKYH-WS.US,5,20260526,184500,0.46,0.46,0.46,0.46,151,0
SKYH-WS.US,5,20260526,185000,0.45,0.45,0.45,0.45,400,0
SKYH-WS.US,5,20260526,192500,0.4075,0.4075,0.4075,0.4075,100,0
SKYH-WS.US,5,20260526,195500,0.4125,0.4125,0.4125,0.4125,301,0
SKYH-WS.US,5,20260526,200500,0.415,0.415,0.415,0.415,100,0
SKYH-WS.US,5,20260526,204000,0.4175,0.4175,0.4175,0.4175,301,0
SKYH-WS.US,5,20260526,205500,0.425,0.425,0.425,0.425,107,0
SKYH-WS.US,5,20260526,211000,0.4325,0.4326,0.4325,0.4326,1607,0
SKYH-WS.US,5,20260526,211500,0.435,0.4401,0.414,0.44,4850,0
SKYH-WS.US,5,20260526,212000,0.44,0.443401,0.44,0.4401,950,0
SKYH-WS.US,5,20260526,213000,0.44,0.443401,0.44,0.443401,500,0
SKYH-WS.US,5,20260526,214000,0.447799,0.447799,0.447797,0.447797,900,0
SKYH-WS.US,5,20260526,214500,0.435,0.435,0.435,0.435,100,0
SKYH-WS.US,5,20260527,154500,0.4108,0.4108,0.4108,0.4108,115,0
SKYH-WS.US,5,20260527,160000,0.43,0.517,0.43,0.4325,2400,0
SKYH-WS.US,5,20260527,161000,0.41,0.41,0.41,0.41,100,0
SKYH-WS.US,5,20260527,161500,0.415,0.42,0.415,0.42,200,0
SKYH-WS.US,5,20260527,162000,0.43,0.43,0.41,0.4105,1200,0
SKYH-WS.US,5,20260527,163000,0.41,0.41,0.41,0.41,100,0
SKYH-WS.US,5,20260527,164500,0.425,0.425,0.425,0.425,500,0
SKYH-WS.US,5,20260527,165000,0.42,0.4201,0.42,0.42,900,0
SKYH-WS.US,5,20260527,173000,0.42,0.42,0.42,0.42,300,0
SKYH-WS.US,5,20260527,175500,0.42,0.4218,0.415,0.42,1400,0
SKYH-WS.US,5,20260527,192500,0.42,0.42,0.42,0.42,600,0
SKYH-WS.US,5,20260527,193000,0.42,0.4201,0.42,0.42,1801,0
SKYH-WS.US,5,20260527,194000,0.42,0.42,0.42,0.42,100,0
SKYH-WS.US,5,20260527,195500,0.42,0.42,0.42,0.42,1100,0
SKYH-WS.US,5,20260527,200000,0.42,0.42,0.42,0.42,900,0
SKYH-WS.US,5,20260527,203500,0.42,0.42,0.42,0.42,700,0
SKYH-WS.US,5,20260527,204000,0.42,0.42,0.42,0.42,1000,0
SKYH-WS.US,5,20260527,204500,0.42,0.42,0.42,0.42,800,0
SKYH-WS.US,5,20260527,205500,0.41,0.41,0.41,0.41,100,0
SKYH-WS.US,5,20260527,211000,0.42,0.42,0.42,0.42,500,0
SKYH-WS.US,5,20260527,213000,0.42,0.42,0.42,0.42,100,0
SKYH-WS.US,5,20260527,215000,0.42,0.42,0.42,0.42,1500,0
SKYH-WS.US,5,20260527,215500,0.42,0.42,0.42,0.42,800,0
SKYH-WS.US,5,20260528,153000,0.42,0.42,0.42,0.42,100,0
SKYH-WS.US,5,20260528,155000,0.42,0.42,0.42,0.42,300,0
SKYH-WS.US,5,20260528,162500,0.41,0.42,0.41,0.42,4600,0
SKYH-WS.US,5,20260528,173500,0.4,0.4199,0.4,0.4199,1310,0
SKYH-WS.US,5,20260528,181500,0.4,0.4,0.4,0.4,1615,0
SKYH-WS.US,5,20260528,182000,0.4,0.4,0.4,0.4,790,0
SKYH-WS.US,5,20260528,183000,0.41,0.41,0.41,0.41,1262,0
SKYH-WS.US,5,20260528,184500,0.419,0.42,0.415,0.42,9836,0
SKYH-WS.US,5,20260528,185000,0.42,0.425,0.42,0.425,200,0
SKYH-WS.US,5,20260528,190000,0.42625,0.42625,0.4193,0.42,3199,0
SKYH-WS.US,5,20260528,190500,0.42,0.42,0.4175,0.42,4096,0
SKYH-WS.US,5,20260528,191000,0.42,0.42,0.42,0.42,100,0
SKYH-WS.US,5,20260528,191500,0.42,0.42,0.42,0.42,850,0
SKYH-WS.US,5,20260528,192000,0.4175,0.42,0.4175,0.42,802,0
SKYH-WS.US,5,20260528,192500,0.42,0.42,0.42,0.42,500,0
SKYH-WS.US,5,20260528,193000,0.42,0.42,0.4187,0.42,3000,0
SKYH-WS.US,5,20260528,193500,0.4199,0.42,0.4199,0.4199,500,0
SKYH-WS.US,5,20260528,194000,0.42,0.42,0.4162,0.42,1400,0
SKYH-WS.US,5,20260528,194500,0.42,0.42,0.415,0.42,2900,0
SKYH-WS.US,5,20260528,195500,0.42,0.42,0.42,0.42,600,0
SKYH-WS.US,5,20260528,200000,0.42,0.42,0.415,0.415,400,0
SKYH-WS.US,5,20260528,202000,0.4025,0.4025,0.4025,0.4025,100,0
SKYH-WS.US,5,20260528,211000,0.41,0.41,0.41,0.41,600,0
SKYH-WS.US,5,20260528,212500,0.4145,0.42,0.4145,0.42,1499,0
SKYH-WS.US,5,20260528,213000,0.4225,0.425,0.4162,0.425,1700,0
SKYH-WS.US,5,20260528,213500,0.4225,0.4262,0.4212,0.4226,9800,0
SKYH-WS.US,5,20260528,214000,0.4226,0.4263,0.4212,0.4226,10300,0
SKYH-WS.US,5,20260528,214500,0.4225,0.4225,0.42,0.4225,2300,0
SKYH-WS.US,5,20260528,215500,0.42,0.42,0.4199,0.4199,800,0
SKYH-WS.US,5,20260529,164500,0.425,0.425,0.4199,0.42,6302,0
SKYH-WS.US,5,20260529,165000,0.42,0.42,0.4125,0.42,16840,0
SKYH-WS.US,5,20260529,165500,0.42,0.42,0.42,0.42,2700,0
SKYH-WS.US,5,20260529,170500,0.413749,0.413749,0.413749,0.413749,200,0
SKYH-WS.US,5,20260529,171000,0.42,0.42,0.42,0.42,1000,0
SKYH-WS.US,5,20260529,171500,0.41375,0.41375,0.41375,0.41375,500,0
SKYH-WS.US,5,20260529,174000,0.41,0.41,0.3933,0.41,1100,0
SKYH-WS.US,5,20260529,182000,0.3901,0.3901,0.3901,0.3901,100,0
SKYH-WS.US,5,20260529,203000,0.3901,0.3901,0.39,0.39,1372,0
SKYH-WS.US,5,20260529,203500,0.41,0.4199,0.41,0.4199,1000,0
SKYH-WS.US,5,20260529,204000,0.4,0.4,0.4,0.4,899,0
SKYH-WS.US,5,20260529,204500,0.4,0.4,0.4,0.4,100,0
SKYH-WS.US,5,20260529,205000,0.4,0.4,0.3901,0.3901,1100,0
SKYH-WS.US,5,20260529,210000,0.39,0.39,0.3825,0.3887,2200,0
SKYH-WS.US,5,20260529,212000,0.41,0.4101,0.41,0.4101,400,0
SKYH-WS.US,5,20260529,212500,0.41,0.42,0.41,0.42,1346,0
SKYH-WS.US,5,20260529,213000,0.42,0.42,0.42,0.42,300,0
SKYH-WS.US,5,20260529,213500,0.42,0.42,0.42,0.42,4555,0
SKYH-WS.US,5,20260529,214000,0.4216,0.4216,0.4216,0.4216,100,0
SKYH-WS.US,5,20260529,214500,0.43,0.43,0.43,0.43,100,0
SKYH-WS.US,5,20260529,215500,0.425,0.425,0.425,0.425,899,0
SKYH-WS.US,5,20260601,153500,0.42,0.42,0.42,0.42,1600,0
SKYH-WS.US,5,20260601,154500,0.42,0.42,0.42,0.42,17000,0
SKYH-WS.US,5,20260601,160000,0.405,0.405,0.405,0.405,3000,0
SKYH-WS.US,5,20260601,165500,0.38,0.38,0.38,0.38,100,0
SKYH-WS.US,5,20260601,170500,0.4,0.4,0.4,0.4,110,0
SKYH-WS.US,5,20260601,180500,0.42,0.42,0.42,0.42,100,0
SKYH-WS.US,5,20260601,185000,0.42,0.42,0.42,0.42,300,0
SKYH-WS.US,5,20260601,203000,0.42,0.4225,0.42,0.4225,4410,0
SKYH-WS.US,5,20260601,204000,0.42,0.42,0.42,0.42,945,0
SKYH-WS.US,5,20260601,215000,0.42,0.42,0.42,0.42,200,0
SKYH-WS.US,5,20260601,215500,0.4,0.42,0.4,0.42,300,0
SKYH-WS.US,5,20260602,153000,0.41,0.41,0.41,0.41,300,0
SKYH-WS.US,5,20260602,154000,0.41,0.44,0.41,0.44,3200,0
SKYH-WS.US,5,20260602,164000,0.43025,0.46,0.43,0.43,4200,0
SKYH-WS.US,5,20260602,165000,0.43,0.43,0.43,0.43,100,0
SKYH-WS.US,5,20260602,170000,0.43,0.46,0.43,0.43,3600,0
SKYH-WS.US,5,20260602,172500,0.41,0.41,0.41,0.41,100,0
SKYH-WS.US,5,20260602,180000,0.42,0.42,0.42,0.42,100,0
SKYH-WS.US,5,20260602,214000,0.4001,0.4001,0.4,0.4,200,0
SKYH-WS.US,5,20260602,215500,0.4,0.4,0.4,0.4,173,0
SKYH-WS.US,5,20260603,160000,0.45,0.45,0.45,0.45,100,0
SKYH-WS.US,5,20260603,163000,0.4,0.4,0.4,0.4,100,0
SKYH-WS.US,5,20260603,190500,0.41,0.41,0.405,0.41,9900,0
SKYH-WS.US,5,20260603,191000,0.41,0.41,0.405,0.41,4400,0
SKYH-WS.US,5,20260603,202000,0.4,0.4,0.4,0.4,100,0
SKYH-WS.US,5,20260603,205500,0.4,0.4,0.4,0.4,100,0
SKYH-WS.US,5,20260603,211500,0.405,0.405,0.405,0.405,323,0
SKYH-WS.US,5,20260604,154000,0.42,0.49,0.42,0.45,2300,0
SKYH-WS.US,5,20260604,154500,0.4329,0.5,0.42,0.43,6242,0
SKYH-WS.US,5,20260604,171000,0.42,0.42,0.42,0.42,425,0
SKYH-WS.US,5,20260604,172500,0.42,0.42,0.42,0.42,700,0
SKYH-WS.US,5,20260604,173000,0.42,0.42,0.42,0.42,500,0
SKYH-WS.US,5,20260604,200000,0.41,0.41,0.41,0.41,100,0
SKYH-WS.US,5,20260604,202000,0.42,0.45,0.42,0.45,6312,0
SKYH-WS.US,5,20260604,203500,0.47,0.48,0.47,0.48,700,0
SKYH-WS.US,5,20260604,210500,0.45,0.49,0.45,0.4797,620,0
SKYH-WS.US,5,20260604,211500,0.48,0.49,0.48,0.49,1862,0
SKYH-WS.US,5,20260604,212000,0.4905,0.4905,0.4905,0.4905,100,0
SKYH-WS.US,5,20260604,212500,0.5,0.5,0.492,0.5,7152,0
SKYH-WS.US,5,20260604,214000,0.515001,0.515001,0.515001,0.515001,500,0
SKYH-WS.US,5,20260604,214500,0.54,0.54,0.54,0.54,100,0
SKYH-WS.US,5,20260604,215500,0.51,0.51,0.51,0.51,200,0
SKYH-WS.US,5,20260605,153500,0.53,0.57,0.5,0.57,5815,0
SKYH-WS.US,5,20260608,171000,0.49,0.49,0.49,0.49,1000,0
SKYH-WS.US,5,20260608,174500,0.49,0.49,0.49,0.49,250,0
SKYH-WS.US,5,20260608,175000,0.49,0.49,0.49,0.49,200,0
SKYH-WS.US,5,20260608,183500,0.465,0.465,0.465,0.465,100,0
SKYH-WS.US,5,20260608,194000,0.46,0.46,0.46,0.46,900,0
SKYH-WS.US,5,20260608,201500,0.465,0.465,0.439999,0.439999,850,0
SKYH-WS.US,5,20260608,202000,0.464999,0.464999,0.464999,0.464999,100,0
SKYH-WS.US,5,20260608,210500,0.415,0.415,0.415,0.415,100,0
SKYH-WS.US,5,20260608,215500,0.45,0.45,0.45,0.45,100,0
SKYH-WS.US,5,20260609,153000,0.46,0.46,0.46,0.46,400,0
SKYH-WS.US,5,20260609,153500,0.45,0.45,0.45,0.45,200,0
SKYH-WS.US,5,20260609,154000,0.4228,0.4228,0.4186,0.4186,795,0
SKYH-WS.US,5,20260609,154500,0.447,0.47,0.4454,0.47,1500,0
SKYH-WS.US,5,20260609,215000,0.42,0.4399,0.42,0.4399,300,0
SKYH-WS.US,5,20260610,153000,0.4399,0.4399,0.4399,0.4399,100,0
SKYH-WS.US,5,20260610,154000,0.4396,0.44,0.4396,0.44,2700,0
SKYH-WS.US,5,20260610,154500,0.4439,0.4439,0.44,0.44,368,0
SKYH-WS.US,5,20260610,163000,0.4429,0.4429,0.4429,0.4429,100,0
SKYH-WS.US,5,20260610,163500,0.44285,0.47,0.44285,0.45,1800,0
SKYH-WS.US,5,20260610,164000,0.43,0.43,0.43,0.43,100,0
SKYH-WS.US,5,20260610,174000,0.445,0.47,0.445,0.45,5190,0
SKYH-WS.US,5,20260610,174500,0.45,0.45,0.45,0.45,500,0
SKYH-WS.US,5,20260611,154000,0.4,0.4001,0.4,0.4,300,0
SKYH-WS.US,5,20260611,155000,0.44,0.44,0.44,0.44,100,0
SKYH-WS.US,5,20260611,175000,0.44,0.44,0.44,0.44,200,0
SKYH-WS.US,5,20260611,180000,0.42,0.42,0.42,0.42,100,0
SKYH-WS.US,5,20260611,214500,0.4251,0.4251,0.4251,0.4251,7400,0
SKYH-WS.US,5,20260612,163000,0.41,0.41,0.41,0.41,100,0
SKYH-WS.US,5,20260612,165500,0.425,0.435001,0.425,0.435001,1000,0
SKYH-WS.US,5,20260612,172000,0.42,0.42,0.42,0.42,100,0
SKYH-WS.US,5,20260612,215500,0.4149,0.4149,0.4149,0.4149,100,0
SKYH-WS.US,5,20260615,155000,0.43,0.43,0.43,0.43,250,0
SKYH-WS.US,5,20260615,160000,0.44,0.44,0.44,0.44,100,0
SKYH-WS.US,5,20260615,161500,0.444999,0.444999,0.444999,0.444999,400,0
SKYH-WS.US,5,20260615,162000,0.445,0.445,0.445,0.445,1250,0
SKYH-WS.US,5,20260615,162500,0.45,0.45,0.45,0.45,10900,0
SKYH-WS.US,5,20260615,163500,0.4599,0.4599,0.45,0.45,300,0
SKYH-WS.US,5,20260615,170000,0.455,0.455,0.455,0.455,250,0
SKYH-WS.US,5,20260615,170500,0.45,0.4501,0.45,0.4501,400,0
SKYH-WS.US,5,20260615,171000,0.4501,0.4576,0.45,0.4501,3125,0
SKYH-WS.US,5,20260615,171500,0.45,0.4595,0.45,0.4501,2875,0
SKYH-WS.US,5,20260615,172000,0.4501,0.455001,0.45,0.455001,1293,0
SKYH-WS.US,5,20260615,172500,0.4501,0.4501,0.45,0.45,1091,0
SKYH-WS.US,5,20260615,173500,0.454,0.454,0.45,0.454,2132,0
SKYH-WS.US,5,20260615,174000,0.45,0.454,0.45,0.454,1000,0
SKYH-WS.US,5,20260615,174500,0.45,0.452961,0.45,0.452961,500,0
SKYH-WS.US,5,20260615,175000,0.458,0.458,0.458,0.458,900,0
SKYH-WS.US,5,20260615,180500,0.47,0.4837,0.47,0.4837,750,0
SKYH-WS.US,5,20260615,181000,0.48,0.48,0.48,0.48,100,0
SKYH-WS.US,5,20260615,185500,0.462,0.462,0.462,0.462,200,0
SKYH-WS.US,5,20260615,200000,0.45,0.45,0.45,0.45,100,0
SKYH-WS.US,5,20260615,210500,0.45,0.46,0.45,0.46,600,0
SKYH-WS.US,5,20260615,215500,0.46,0.46,0.46,0.46,200,0
SKYH-WS.US,5,20260616,162500,0.45,0.45,0.45,0.45,500,0
SKYH-WS.US,5,20260616,215000,0.45,0.45,0.45,0.45,200,0
SKYH-WS.US,5,20260616,215500,0.43,0.43,0.43,0.43,402,0
SKYH-WS.US,5,20260617,155000,0.4356,0.4356,0.4356,0.4356,125,0
SKYH-WS.US,5,20260618,154000,0.42,0.43,0.4164,0.43,7231,0
SKYH-WS.US,5,20260618,155000,0.425,0.44,0.425,0.43,479,0
SKYH-WS.US,5,20260618,160500,0.43,0.4417,0.425,0.4417,5018,0
SKYH-WS.US,5,20260618,162000,0.45,0.4501,0.4451,0.4451,900,0
SKYH-WS.US,5,20260618,162500,0.445,0.4575,0.445,0.4575,900,0
SKYH-WS.US,5,20260618,163000,0.445,0.447221,0.4421,0.445,7625,0
SKYH-WS.US,5,20260618,163500,0.445,0.4503,0.445,0.4503,1764,0
SKYH-WS.US,5,20260618,164000,0.4475,0.4475,0.4375,0.4376,3800,0
SKYH-WS.US,5,20260618,170000,0.435,0.435,0.435,0.435,100,0
SKYH-WS.US,5,20260618,171000,0.4333,0.4334,0.4333,0.4334,200,0
SKYH-WS.US,5,20260618,183000,0.433,0.4347,0.419,0.4333,1448,0
SKYH-WS.US,5,20260618,184000,0.4375,0.4375,0.4375,0.4375,900,0
SKYH-WS.US,5,20260618,195000,0.452,0.452,0.452,0.452,300,0
SKYH-WS.US,5,20260618,203500,0.4275,0.4275,0.4275,0.4275,100,0
SKYH-WS.US,5,20260618,204000,0.4301,0.4301,0.4301,0.4301,200,0
SKYH-WS.US,5,20260618,215000,0.4376,0.4376,0.4376,0.4376,200,0
SKYH-WS.US,5,20260618,215500,0.4334,0.442125,0.4334,0.4375,1200,0
SKYH-WS.US,5,20260622,155500,0.47,0.47,0.47,0.47,400,0
SKYH-WS.US,5,20260622,160000,0.46,0.46,0.46,0.46,100,0
