<TICKER>,<PER>,<DATE>,<TIME>,<OPEN>,<HIGH>,<LOW>,<CLOSE>,<VOL>,<OPENINT>
TRINI.US,5,20260126,153000,25.48,25.49,25.48,25.49,3339,0
TRINI.US,5,20260126,153500,25.4808,25.4808,25.48,25.48,1740,0
TRINI.US,5,20260126,161500,25.4792,25.4792,25.4792,25.4792,100,0
TRINI.US,5,20260126,175500,25.48,25.48,25.48,25.48,510,0
TRINI.US,5,20260126,181000,25.49,25.49,25.49,25.49,1009,0
TRINI.US,5,20260126,182000,25.48,25.49,25.48,25.49,500,0
TRINI.US,5,20260126,184000,25.49,25.49,25.4899,25.4899,236,0
TRINI.US,5,20260126,192500,25.48,25.48,25.48,25.48,104,0
TRINI.US,5,20260126,205000,25.4792,25.4792,25.4792,25.4792,100,0
TRINI.US,5,20260126,211000,25.49,25.49,25.49,25.49,242,0
TRINI.US,5,20260126,212000,25.48,25.48,25.48,25.48,100,0
TRINI.US,5,20260126,215000,25.49,25.49,25.49,25.49,300,0
TRINI.US,5,20260127,154500,25.5,25.5,25.5,25.5,681,0
TRINI.US,5,20260127,162500,25.48,25.492,25.47,25.47,1319,0
TRINI.US,5,20260127,170000,25.4608,25.4608,25.4608,25.4608,200,0
TRINI.US,5,20260127,172000,25.455,25.455,25.455,25.455,1000,0
TRINI.US,5,20260127,200000,25.45,25.45,25.45,25.45,1544,0
TRINI.US,5,20260127,203500,25.435,25.435,25.435,25.435,876,0
TRINI.US,5,20260127,211500,25.46,25.46,25.46,25.46,146,0
TRINI.US,5,20260127,215000,25.46,25.46,25.46,25.46,100,0
TRINI.US,5,20260128,153000,25.46,25.46,25.45,25.45,300,0
TRINI.US,5,20260128,210500,25.455,25.455,25.455,25.455,196,0
TRINI.US,5,20260128,211000,25.47,25.47,25.47,25.47,201,0
TRINI.US,5,20260129,153000,25.47,25.47,25.47,25.47,202,0
TRINI.US,5,20260129,164500,25.4001,25.4001,25.4001,25.4001,1000,0
TRINI.US,5,20260129,181500,25.44,25.44,25.44,25.44,339,0
TRINI.US,5,20260129,182000,25.44,25.44,25.44,25.44,200,0
TRINI.US,5,20260129,183500,25.44,25.44,25.44,25.44,2000,0
TRINI.US,5,20260129,192500,25.44,25.44,25.44,25.44,250,0
TRINI.US,5,20260129,211000,25.44,25.44,25.43,25.43,500,0
TRINI.US,5,20260129,213000,25.46,25.46,25.46,25.46,226,0
TRINI.US,5,20260129,215500,25.44,25.44,25.44,25.44,333,0
TRINI.US,5,20260130,153000,25.43,25.43,25.4,25.4,321,0
TRINI.US,5,20260130,153500,25.42,25.42,25.42,25.42,649,0
TRINI.US,5,20260130,155000,25.42,25.42,25.36,25.4,2248,0
TRINI.US,5,20260130,163000,25.361,25.361,25.361,25.361,100,0
TRINI.US,5,20260130,171500,25.36,25.39,25.33,25.33,6020,0
TRINI.US,5,20260130,174000,25.39,25.39,25.3899,25.3899,410,0
TRINI.US,5,20260130,175000,25.35,25.35,25.35,25.35,197,0
TRINI.US,5,20260130,183000,25.36,25.37,25.36,25.37,800,0
TRINI.US,5,20260130,183500,25.3899,25.39,25.37,25.37,2000,0
TRINI.US,5,20260130,184500,25.43,25.43,25.43,25.43,100,0
TRINI.US,5,20260130,210500,25.43,25.43,25.4286,25.4299,1854,0
TRINI.US,5,20260130,211000,25.43,25.43,25.43,25.43,181,0
TRINI.US,5,20260130,215000,25.4399,25.4399,25.4399,25.4399,118,0
TRINI.US,5,20260202,153000,25.37,25.37,25.36,25.36,693,0
TRINI.US,5,20260202,154000,25.3101,25.3101,25.3101,25.3101,300,0
TRINI.US,5,20260202,155500,25.32,25.32,25.32,25.32,100,0
TRINI.US,5,20260202,163500,25.345,25.345,25.345,25.345,400,0
TRINI.US,5,20260202,164000,25.345,25.345,25.345,25.345,108,0
TRINI.US,5,20260202,164500,25.34,25.34,25.34,25.34,100,0
TRINI.US,5,20260202,165500,25.3696,25.37,25.3686,25.37,780,0
TRINI.US,5,20260202,170000,25.345,25.345,25.345,25.345,236,0
TRINI.US,5,20260202,172000,25.34,25.34,25.34,25.34,100,0
TRINI.US,5,20260202,174000,25.322,25.34,25.32,25.32,2887,0
TRINI.US,5,20260202,182500,25.35,25.35,25.35,25.35,113,0
TRINI.US,5,20260202,183500,25.37,25.37,25.3699,25.3699,336,0
TRINI.US,5,20260202,191000,25.37,25.37,25.37,25.37,1117,0
TRINI.US,5,20260202,202500,25.3786,25.38,25.3786,25.3799,1030,0
TRINI.US,5,20260202,205500,25.35,25.35,25.35,25.35,100,0
TRINI.US,5,20260202,211500,25.38,25.38,25.38,25.38,653,0
TRINI.US,5,20260202,212000,25.38,25.38,25.379,25.379,1000,0
TRINI.US,5,20260202,212500,25.38,25.38,25.38,25.38,323,0
TRINI.US,5,20260202,214000,25.38,25.38,25.38,25.38,123,0
TRINI.US,5,20260202,214500,25.38,25.38,25.38,25.38,100,0
TRINI.US,5,20260202,215000,25.38,25.38,25.38,25.38,301,0
TRINI.US,5,20260203,153000,25.34,25.34,25.34,25.34,100,0
TRINI.US,5,20260203,161000,25.36,25.36,25.36,25.36,800,0
TRINI.US,5,20260203,173000,25.37,25.37,25.37,25.37,300,0
TRINI.US,5,20260203,181500,25.355,25.38,25.355,25.38,360,0
TRINI.US,5,20260203,184000,25.35,25.35,25.35,25.35,100,0
TRINI.US,5,20260203,184500,25.355,25.355,25.35,25.35,900,0
TRINI.US,5,20260203,205500,25.38,25.38,25.38,25.38,189,0
TRINI.US,5,20260203,210500,25.39,25.39,25.39,25.39,280,0
TRINI.US,5,20260203,211000,25.39,25.39,25.39,25.39,222,0
TRINI.US,5,20260204,153500,25.39,25.39,25.37,25.37,1649,0
TRINI.US,5,20260204,154500,25.39,25.39,25.3715,25.3715,1976,0
TRINI.US,5,20260204,155500,25.4,25.4,25.4,25.4,603,0
TRINI.US,5,20260204,184500,25.4,25.4,25.4,25.4,100,0
TRINI.US,5,20260204,190000,25.4,25.4,25.4,25.4,109,0
TRINI.US,5,20260204,191000,25.3999,25.3999,25.3999,25.3999,150,0
TRINI.US,5,20260204,191500,25.385,25.4,25.385,25.4,500,0
TRINI.US,5,20260204,192000,25.4,25.4,25.3999,25.4,500,0
TRINI.US,5,20260204,202000,25.38,25.3801,25.38,25.3801,822,0
TRINI.US,5,20260204,202500,25.385,25.385,25.385,25.385,700,0
TRINI.US,5,20260204,203000,25.37,25.37,25.37,25.37,1000,0
TRINI.US,5,20260204,204500,25.37,25.37,25.37,25.37,399,0
TRINI.US,5,20260204,212000,25.4,25.4,25.4,25.4,180,0
TRINI.US,5,20260204,212500,25.385,25.385,25.385,25.385,1000,0
TRINI.US,5,20260204,213500,25.3999,25.4,25.3998,25.4,728,0
TRINI.US,5,20260205,163000,25.36,25.36,25.36,25.36,100,0
TRINI.US,5,20260205,164500,25.35,25.35,25.35,25.35,100,0
TRINI.US,5,20260205,165500,25.35,25.35,25.3,25.34,10831,0
TRINI.US,5,20260205,171000,25.3275,25.3275,25.3275,25.3275,100,0
TRINI.US,5,20260205,172000,25.34,25.34,25.34,25.34,100,0
TRINI.US,5,20260205,173000,25.34,25.34,25.34,25.34,120,0
TRINI.US,5,20260205,181000,25.36,25.36,25.36,25.36,100,0
TRINI.US,5,20260205,183500,25.3586,25.36,25.3541,25.36,1660,0
TRINI.US,5,20260205,184500,25.35,25.3599,25.35,25.35,300,0
TRINI.US,5,20260205,185500,25.36,25.36,25.3599,25.3599,1200,0
TRINI.US,5,20260205,191000,25.36,25.36,25.3566,25.3599,2900,0
TRINI.US,5,20260205,193500,25.35,25.35,25.34,25.34,200,0
TRINI.US,5,20260206,162000,25.36,25.37,25.36,25.37,998,0
TRINI.US,5,20260206,163500,25.37,25.39,25.37,25.39,200,0
TRINI.US,5,20260206,170500,25.34,25.365,25.34,25.365,500,0
TRINI.US,5,20260206,172500,25.3699,25.39,25.3699,25.39,1552,0
TRINI.US,5,20260206,173500,25.39,25.39,25.35,25.375,1400,0
TRINI.US,5,20260206,183500,25.37,25.38,25.365,25.365,1200,0
TRINI.US,5,20260206,184000,25.38,25.38,25.3799,25.38,600,0
TRINI.US,5,20260206,185000,25.37,25.39,25.3699,25.3699,1822,0
TRINI.US,5,20260206,185500,25.3899,25.39,25.37,25.381,1799,0
TRINI.US,5,20260206,192500,25.3802,25.39,25.3802,25.39,400,0
TRINI.US,5,20260206,194000,25.39,25.39,25.39,25.39,400,0
TRINI.US,5,20260206,205500,25.39,25.39,25.39,25.39,100,0
TRINI.US,5,20260206,211000,25.38,25.38,25.38,25.38,100,0
TRINI.US,5,20260206,211500,25.39,25.39,25.39,25.39,207,0
TRINI.US,5,20260206,213500,25.38,25.38,25.38,25.38,80000,0
TRINI.US,5,20260209,160500,25.4,25.4,25.3999,25.3999,1716,0
TRINI.US,5,20260209,161000,25.37,25.38,25.37,25.38,2100,0
TRINI.US,5,20260209,161500,25.4,25.46,25.3999,25.3999,1818,0
TRINI.US,5,20260209,162000,25.385,25.4099,25.385,25.385,950,0
TRINI.US,5,20260209,162500,25.3867,25.3867,25.3867,25.3867,200,0
TRINI.US,5,20260209,164000,25.4099,25.41,25.4099,25.41,4000,0
TRINI.US,5,20260209,165000,25.38,25.38,25.38,25.38,934,0
TRINI.US,5,20260209,170000,25.39,25.39,25.39,25.39,400,0
TRINI.US,5,20260209,172000,25.41,25.42,25.385,25.4099,1791,0
TRINI.US,5,20260209,172500,25.42,25.42,25.4,25.4,500,0
TRINI.US,5,20260209,173500,25.41,25.41,25.41,25.41,100,0
TRINI.US,5,20260209,175500,25.41,25.41,25.41,25.41,400,0
TRINI.US,5,20260209,180500,25.41,25.42,25.405,25.405,706,0
TRINI.US,5,20260209,182500,25.41,25.41,25.41,25.41,100,0
TRINI.US,5,20260209,192500,25.41,25.41,25.41,25.41,100,0
TRINI.US,5,20260209,202000,25.41,25.41,25.41,25.41,100,0
TRINI.US,5,20260209,203000,25.415,25.415,25.415,25.415,100,0
TRINI.US,5,20260209,210000,25.42,25.42,25.42,25.42,100,0
TRINI.US,5,20260209,210500,25.42,25.42,25.42,25.42,450,0
TRINI.US,5,20260209,211500,25.42,25.46,25.42,25.43,1167,0
TRINI.US,5,20260209,212000,25.42,25.42,25.42,25.42,200,0
TRINI.US,5,20260209,212500,25.425,25.425,25.42,25.42,1000,0
TRINI.US,5,20260209,213000,25.42,25.42,25.42,25.42,700,0
TRINI.US,5,20260209,213500,25.418,25.43,25.418,25.43,500,0
TRINI.US,5,20260209,214500,25.41,25.43,25.41,25.43,300,0
TRINI.US,5,20260209,215500,25.42,25.42,25.42,25.42,600,0
TRINI.US,5,20260210,153000,25.43,25.43,25.41,25.41,273,0
TRINI.US,5,20260210,153500,25.4299,25.43,25.4299,25.43,200,0
TRINI.US,5,20260210,154500,25.4296,25.4296,25.415,25.415,300,0
TRINI.US,5,20260210,161000,25.4299,25.43,25.4299,25.43,200,0
TRINI.US,5,20260210,162000,25.43,25.43,25.43,25.43,800,0
TRINI.US,5,20260210,170500,25.438,25.438,25.438,25.438,245,0
TRINI.US,5,20260210,171500,25.43,25.43,25.43,25.43,400,0
TRINI.US,5,20260210,172000,25.4298,25.4298,25.4298,25.4298,100,0
TRINI.US,5,20260210,173500,25.42,25.42,25.42,25.42,200,0
TRINI.US,5,20260210,174500,25.43,25.43,25.43,25.43,118,0
TRINI.US,5,20260210,175000,25.43,25.44,25.43,25.44,200,0
TRINI.US,5,20260210,175500,25.43,25.43,25.43,25.43,127,0
TRINI.US,5,20260210,181500,25.44,25.44,25.43,25.43,628,0
TRINI.US,5,20260210,183000,25.43,25.44,25.43,25.44,880,0
TRINI.US,5,20260210,190000,25.44,25.44,25.44,25.44,400,0
TRINI.US,5,20260210,190500,25.43,25.43,25.43,25.43,100,0
TRINI.US,5,20260210,192000,25.44,25.44,25.42,25.43,4629,0
TRINI.US,5,20260210,193500,25.44,25.44,25.435,25.435,265,0
TRINI.US,5,20260210,194000,25.4399,25.4399,25.4399,25.4399,196,0
TRINI.US,5,20260210,200000,25.44,25.44,25.44,25.44,100,0
TRINI.US,5,20260210,202000,25.44,25.44,25.44,25.44,100,0
TRINI.US,5,20260210,203500,25.4399,25.46,25.4399,25.4499,2220,0
TRINI.US,5,20260210,211000,25.45,25.45,25.45,25.45,196,0
TRINI.US,5,20260210,213500,25.447,25.45,25.447,25.45,200,0
TRINI.US,5,20260210,215000,25.45,25.45,25.45,25.45,100,0
TRINI.US,5,20260210,215500,25.45,25.45,25.45,25.45,265,0
TRINI.US,5,20260211,153500,25.44,25.45,25.44,25.45,200,0
TRINI.US,5,20260211,162500,25.4499,25.45,25.4498,25.45,1000,0
TRINI.US,5,20260211,174000,25.45,25.45,25.45,25.45,100,0
TRINI.US,5,20260211,174500,25.435,25.435,25.435,25.435,100,0
TRINI.US,5,20260211,175500,25.45,25.45,25.4499,25.4499,360,0
TRINI.US,5,20260211,180500,25.43,25.4301,25.43,25.4301,200,0
TRINI.US,5,20260211,182000,25.44,25.44,25.44,25.44,200,0
TRINI.US,5,20260211,194000,25.4401,25.4401,25.4401,25.4401,695,0
TRINI.US,5,20260211,194500,25.45,25.45,25.45,25.45,110,0
TRINI.US,5,20260211,200000,25.443,25.443,25.443,25.443,352,0
TRINI.US,5,20260211,200500,25.45,25.45,25.45,25.45,214,0
TRINI.US,5,20260211,202000,25.445,25.445,25.4401,25.4434,1200,0
TRINI.US,5,20260211,211000,25.45,25.45,25.45,25.45,200,0
TRINI.US,5,20260211,211500,25.4499,25.4499,25.4499,25.4499,196,0
TRINI.US,5,20260212,153000,25.46,25.46,25.46,25.46,100,0
TRINI.US,5,20260212,164000,25.43,25.447,25.43,25.447,300,0
TRINI.US,5,20260212,164500,25.45,25.45,25.45,25.45,300,0
TRINI.US,5,20260212,165000,25.4459,25.4459,25.4405,25.445,500,0
TRINI.US,5,20260212,173500,25.44,25.44,25.43,25.4301,2576,0
TRINI.US,5,20260212,174500,25.42,25.4201,25.42,25.4201,1900,0
TRINI.US,5,20260212,180000,25.42,25.42,25.42,25.42,200,0
TRINI.US,5,20260212,180500,25.4135,25.4135,25.41,25.41,1100,0
TRINI.US,5,20260212,183000,25.41,25.41,25.41,25.41,100,0
TRINI.US,5,20260212,183500,25.415,25.415,25.415,25.415,100,0
TRINI.US,5,20260212,184500,25.415,25.415,25.415,25.415,100,0
TRINI.US,5,20260212,192000,25.42,25.42,25.42,25.42,400,0
TRINI.US,5,20260212,193500,25.41,25.4101,25.4,25.4101,2136,0
TRINI.US,5,20260212,200500,25.41,25.41,25.41,25.41,100,0
TRINI.US,5,20260212,210000,25.42,25.42,25.42,25.42,153,0
TRINI.US,5,20260212,210500,25.415,25.415,25.415,25.415,100,0
TRINI.US,5,20260212,214000,25.415,25.415,25.415,25.415,500,0
TRINI.US,5,20260212,214500,25.41,25.42,25.4,25.4099,3817,0
TRINI.US,5,20260213,154000,25.41,25.4199,25.41,25.4199,368,0
TRINI.US,5,20260213,161000,25.41,25.42,25.41,25.42,500,0
TRINI.US,5,20260213,164500,25.4199,25.4199,25.4199,25.4199,250,0
TRINI.US,5,20260213,165000,25.4,25.4011,25.4,25.4011,2912,0
TRINI.US,5,20260213,171500,25.4,25.4,25.4,25.4,100,0
TRINI.US,5,20260213,183500,25.43,25.43,25.43,25.43,100,0
TRINI.US,5,20260213,193000,25.415,25.415,25.415,25.415,200,0
TRINI.US,5,20260213,193500,25.41,25.41,25.41,25.41,100,0
TRINI.US,5,20260213,200000,25.415,25.415,25.415,25.415,200,0
TRINI.US,5,20260213,200500,25.415,25.415,25.415,25.415,200,0
TRINI.US,5,20260213,201500,25.415,25.415,25.415,25.415,100,0
TRINI.US,5,20260213,202500,25.43,25.43,25.43,25.43,150,0
TRINI.US,5,20260213,204000,25.43,25.43,25.43,25.43,650,0
TRINI.US,5,20260213,204500,25.41,25.41,25.41,25.41,100,0
TRINI.US,5,20260213,205500,25.415,25.415,25.415,25.415,150,0
TRINI.US,5,20260213,211000,25.43,25.43,25.43,25.43,300,0
TRINI.US,5,20260217,153000,25.46,25.46,25.46,25.46,200,0
TRINI.US,5,20260217,154000,25.44,25.44,25.44,25.44,200,0
TRINI.US,5,20260217,154500,25.43,25.43,25.43,25.43,100,0
TRINI.US,5,20260217,155500,25.46,25.46,25.46,25.46,596,0
TRINI.US,5,20260217,164500,25.4301,25.4309,25.43,25.4309,300,0
TRINI.US,5,20260217,173500,25.4599,25.46,25.4599,25.4599,2000,0
TRINI.US,5,20260217,181000,25.46,25.46,25.45,25.45,700,0
TRINI.US,5,20260217,185500,25.45,25.45,25.45,25.45,100,0
TRINI.US,5,20260217,205000,25.47,25.47,25.46,25.47,2297,0
TRINI.US,5,20260217,211000,25.47,25.47,25.47,25.47,241,0
TRINI.US,5,20260217,211500,25.47,25.47,25.47,25.47,200,0
TRINI.US,5,20260217,214000,25.47,25.47,25.47,25.47,502,0
TRINI.US,5,20260217,215000,25.48,25.48,25.48,25.48,398,0
TRINI.US,5,20260217,215500,25.48,25.48,25.48,25.48,474,0
TRINI.US,5,20260218,161500,25.47,25.47,25.47,25.47,148,0
TRINI.US,5,20260218,163000,25.479,25.479,25.479,25.479,150,0
TRINI.US,5,20260218,164500,25.47,25.47,25.47,25.47,200,0
TRINI.US,5,20260218,165000,25.48,25.48,25.46,25.48,2240,0
TRINI.US,5,20260218,171000,25.49,25.4907,25.4899,25.49,2200,0
TRINI.US,5,20260218,171500,25.49,25.49,25.49,25.49,403,0
TRINI.US,5,20260218,182000,25.489,25.489,25.489,25.489,1000,0
TRINI.US,5,20260218,191000,25.48,25.48,25.48,25.48,125,0
TRINI.US,5,20260218,202500,25.485,25.485,25.485,25.485,400,0
TRINI.US,5,20260218,203000,25.49,25.49,25.49,25.49,300,0
TRINI.US,5,20260218,203500,25.49,25.5,25.4875,25.49,741,0
TRINI.US,5,20260218,212500,25.485,25.485,25.485,25.485,100,0
TRINI.US,5,20260218,215500,25.49,25.49,25.49,25.49,700,0
TRINI.US,5,20260219,160000,25.495,25.495,25.495,25.495,250,0
TRINI.US,5,20260219,162000,25.495,25.5,25.495,25.5,300,0
TRINI.US,5,20260219,170000,25.495,25.5,25.495,25.5,500,0
TRINI.US,5,20260219,172000,25.47,25.47,25.47,25.47,400,0
TRINI.US,5,20260219,190500,25.4999,25.4999,25.4999,25.4999,400,0
TRINI.US,5,20260219,195000,25.49,25.5,25.49,25.5,1185,0
TRINI.US,5,20260219,195500,25.5,25.5,25.5,25.5,197,0
TRINI.US,5,20260219,201000,25.5,25.5,25.5,25.5,200,0
TRINI.US,5,20260219,202500,25.5,25.51,25.5,25.51,269,0
TRINI.US,5,20260219,211000,25.51,25.51,25.51,25.51,271,0
TRINI.US,5,20260219,215000,25.51,25.51,25.51,25.51,940,0
TRINI.US,5,20260220,170000,25.5,25.5,25.4999,25.4999,798,0
TRINI.US,5,20260220,172000,25.497,25.5,25.497,25.5,700,0
TRINI.US,5,20260220,173000,25.5,25.5,25.5,25.5,478,0
TRINI.US,5,20260220,174000,25.51,25.51,25.51,25.51,300,0
TRINI.US,5,20260220,174500,25.51,25.51,25.5,25.5,264,0
TRINI.US,5,20260220,185500,25.51,25.51,25.51,25.51,100,0
TRINI.US,5,20260220,192500,25.52,25.52,25.52,25.52,500,0
TRINI.US,5,20260220,193500,25.52,25.52,25.515,25.515,1082,0
TRINI.US,5,20260220,194500,25.52,25.52,25.52,25.52,100,0
TRINI.US,5,20260220,195000,25.515,25.52,25.515,25.52,447,0
TRINI.US,5,20260220,211500,25.52,25.52,25.52,25.52,280,0
TRINI.US,5,20260220,215500,25.51,25.51,25.51,25.51,100,0
TRINI.US,5,20260223,153000,25.52,25.52,25.4901,25.505,1967,0
TRINI.US,5,20260223,155500,25.5095,25.5095,25.5095,25.5095,100,0
TRINI.US,5,20260223,160000,25.505,25.505,25.505,25.505,1004,0
TRINI.US,5,20260223,161000,25.505,25.505,25.505,25.505,100,0
TRINI.US,5,20260223,163500,25.5199,25.5199,25.5199,25.5199,165,0
TRINI.US,5,20260223,165500,25.52,25.52,25.52,25.52,275,0
TRINI.US,5,20260223,182000,25.52,25.52,25.519,25.519,578,0
TRINI.US,5,20260223,183000,25.5041,25.5041,25.5041,25.5041,200,0
TRINI.US,5,20260223,184000,25.49,25.49,25.49,25.49,100,0
TRINI.US,5,20260223,201000,25.52,25.52,25.52,25.52,358,0
TRINI.US,5,20260223,204000,25.49,25.49,25.49,25.49,239,0
TRINI.US,5,20260223,212000,25.52,25.52,25.52,25.52,271,0
TRINI.US,5,20260223,215500,25.505,25.52,25.505,25.52,1092,0
TRINI.US,5,20260224,163000,25.5111,25.5111,25.5111,25.5111,212,0
TRINI.US,5,20260224,174000,25.51,25.52,25.51,25.52,300,0
TRINI.US,5,20260224,181000,25.52,25.52,25.52,25.52,180,0
TRINI.US,5,20260224,192500,25.51,25.51,25.51,25.51,100,0
TRINI.US,5,20260224,201500,25.5299,25.5299,25.5299,25.5299,100,0
TRINI.US,5,20260224,211000,25.5197,25.5197,25.5197,25.5197,100,0
TRINI.US,5,20260224,211500,25.53,25.53,25.53,25.53,217,0
TRINI.US,5,20260224,215000,25.5196,25.5196,25.5196,25.5196,400,0
TRINI.US,5,20260224,215500,25.509,25.515,25.509,25.515,1251,0
TRINI.US,5,20260225,153000,25.49,25.49,25.49,25.49,100,0
TRINI.US,5,20260225,163500,25.4903,25.4903,25.49,25.49,800,0
TRINI.US,5,20260225,170500,25.4999,25.4999,25.485,25.485,589,0
TRINI.US,5,20260225,171500,25.48,25.48,25.48,25.48,100,0
TRINI.US,5,20260225,172000,25.47,25.47,25.47,25.47,1000,0
TRINI.US,5,20260225,173000,25.47,25.47,25.47,25.47,400,0
TRINI.US,5,20260225,175000,25.47,25.48,25.47,25.48,2086,0
TRINI.US,5,20260225,184500,25.48,25.48,25.48,25.48,300,0
TRINI.US,5,20260225,185500,25.48,25.48,25.48,25.48,100,0
TRINI.US,5,20260225,190000,25.48,25.48,25.48,25.48,200,0
TRINI.US,5,20260225,193000,25.475,25.48,25.47,25.48,2044,0
TRINI.US,5,20260225,195000,25.48,25.48,25.48,25.48,100,0
TRINI.US,5,20260225,200500,25.475,25.48,25.475,25.48,300,0
TRINI.US,5,20260225,201000,25.48,25.48,25.48,25.48,100,0
TRINI.US,5,20260225,202000,25.48,25.48,25.48,25.48,127,0
TRINI.US,5,20260225,202500,25.48,25.48,25.48,25.48,197,0
TRINI.US,5,20260225,210000,25.48,25.48,25.48,25.48,1869,0
TRINI.US,5,20260225,211000,25.52,25.52,25.52,25.52,191,0
TRINI.US,5,20260225,215500,25.47,25.47,25.47,25.47,200,0
TRINI.US,5,20260226,203500,25.49,25.49,25.49,25.49,200,0
TRINI.US,5,20260226,204000,25.482,25.482,25.482,25.482,120,0
TRINI.US,5,20260226,211000,25.49,25.49,25.4899,25.4899,996,0
TRINI.US,5,20260226,212000,25.49,25.49,25.49,25.49,100,0
TRINI.US,5,20260226,214000,25.49,25.49,25.485,25.485,450,0
TRINI.US,5,20260226,215000,25.49,25.5,25.49,25.5,945,0
TRINI.US,5,20260227,155500,25.43,25.4301,25.43,25.4301,914,0
TRINI.US,5,20260227,161500,25.425,25.425,25.425,25.425,100,0
TRINI.US,5,20260227,162000,25.42,25.42,25.42,25.42,100,0
TRINI.US,5,20260227,163000,25.425,25.428,25.425,25.428,300,0
TRINI.US,5,20260227,165000,25.425,25.43,25.425,25.43,400,0
TRINI.US,5,20260227,171000,25.47,25.47,25.47,25.47,200,0
TRINI.US,5,20260227,172500,25.48,25.485,25.48,25.485,1721,0
TRINI.US,5,20260227,175000,25.48,25.48,25.48,25.48,500,0
TRINI.US,5,20260227,180000,25.47,25.47,25.47,25.47,300,0
TRINI.US,5,20260227,194000,25.47,25.4701,25.42,25.4201,982,0
TRINI.US,5,20260227,200500,25.4201,25.4201,25.4201,25.4201,500,0
TRINI.US,5,20260227,211000,25.48,25.48,25.4799,25.48,916,0
TRINI.US,5,20260227,213000,25.4553,25.4553,25.4553,25.4553,146,0
TRINI.US,5,20260227,214500,25.5,25.5,25.5,25.5,306,0
TRINI.US,5,20260227,215500,25.5,25.5,25.48,25.48,1500,0
TRINI.US,5,20260302,153000,25.48,25.48,25.48,25.48,100,0
TRINI.US,5,20260302,164500,25.48,25.48,25.48,25.48,424,0
TRINI.US,5,20260302,165000,25.475,25.475,25.475,25.475,200,0
TRINI.US,5,20260302,170000,25.475,25.475,25.475,25.475,150,0
TRINI.US,5,20260302,170500,25.475,25.475,25.475,25.475,156,0
TRINI.US,5,20260302,171000,25.475,25.48,25.475,25.475,300,0
TRINI.US,5,20260302,174500,25.475,25.475,25.471,25.471,410,0
TRINI.US,5,20260302,180000,25.4745,25.475,25.4745,25.475,1100,0
TRINI.US,5,20260302,185000,25.475,25.475,25.47,25.47,310,0
TRINI.US,5,20260302,190500,25.4752,25.4752,25.4752,25.4752,310,0
TRINI.US,5,20260302,200500,25.47,25.47,25.47,25.47,100,0
TRINI.US,5,20260302,201000,25.478,25.478,25.478,25.478,100,0
TRINI.US,5,20260302,201500,25.478,25.478,25.478,25.478,100,0
TRINI.US,5,20260302,211000,25.475,25.475,25.474,25.474,2000,0
TRINI.US,5,20260302,213000,25.475,25.475,25.475,25.475,955,0
TRINI.US,5,20260302,213500,25.475,25.475,25.475,25.475,100,0
TRINI.US,5,20260303,153000,25.47,25.48,25.47,25.48,300,0
TRINI.US,5,20260303,155500,25.42,25.42,25.42,25.42,125,0
TRINI.US,5,20260303,161500,25.47,25.48,25.47,25.4789,920,0
TRINI.US,5,20260303,174000,25.45,25.4502,25.45,25.4502,1000,0
TRINI.US,5,20260303,174500,25.45,25.45,25.44,25.4401,618,0
TRINI.US,5,20260303,175500,25.4599,25.4599,25.44,25.45,810,0
TRINI.US,5,20260303,181500,25.4599,25.46,25.455,25.46,1100,0
TRINI.US,5,20260303,190000,25.48,25.48,25.48,25.48,300,0
TRINI.US,5,20260303,190500,25.4899,25.4899,25.4899,25.4899,147,0
TRINI.US,5,20260303,193000,25.49,25.49,25.49,25.49,200,0
TRINI.US,5,20260303,202500,25.49,25.49,25.49,25.49,100,0
TRINI.US,5,20260303,211000,25.49,25.49,25.49,25.49,237,0
TRINI.US,5,20260303,211500,25.49,25.49,25.49,25.49,158,0
TRINI.US,5,20260303,212000,25.49,25.49,25.49,25.49,117,0
TRINI.US,5,20260303,212500,25.49,25.49,25.49,25.49,155,0
TRINI.US,5,20260303,215500,25.47,25.47,25.47,25.47,200,0
TRINI.US,5,20260304,154000,25.48,25.52,25.455,25.455,7000,0
TRINI.US,5,20260304,154500,25.48,25.48,25.455,25.455,1600,0
TRINI.US,5,20260304,155000,25.4599,25.46,25.4498,25.4498,1200,0
TRINI.US,5,20260304,162000,25.5,25.5,25.48,25.49,1600,0
TRINI.US,5,20260304,162500,25.49,25.49,25.49,25.49,200,0
TRINI.US,5,20260304,170000,25.5,25.58,25.5,25.51,5392,0
TRINI.US,5,20260304,171000,25.51,25.51,25.51,25.51,100,0
TRINI.US,5,20260304,171500,25.505,25.51,25.505,25.51,200,0
TRINI.US,5,20260304,172000,25.504,25.504,25.504,25.504,100,0
TRINI.US,5,20260304,173000,25.51,25.51,25.51,25.51,100,0
TRINI.US,5,20260304,173500,25.51,25.56,25.51,25.52,4318,0
TRINI.US,5,20260304,174000,25.515,25.515,25.51,25.5101,1200,0
TRINI.US,5,20260304,174500,25.5138,25.515,25.5138,25.515,350,0
TRINI.US,5,20260304,180000,25.52,25.52,25.52,25.52,100,0
TRINI.US,5,20260304,181000,25.52,25.52,25.52,25.52,315,0
TRINI.US,5,20260304,181500,25.52,25.52,25.52,25.52,100,0
TRINI.US,5,20260304,183500,25.52,25.52,25.52,25.52,100,0
TRINI.US,5,20260304,192500,25.52,25.52,25.52,25.52,200,0
TRINI.US,5,20260304,200000,25.5101,25.5101,25.51,25.51,200,0
TRINI.US,5,20260304,200500,25.52,25.52,25.52,25.52,596,0
TRINI.US,5,20260304,201000,25.526,25.526,25.526,25.526,200,0
TRINI.US,5,20260304,202000,25.52,25.53,25.51,25.53,2500,0
TRINI.US,5,20260304,203500,25.53,25.53,25.53,25.53,300,0
TRINI.US,5,20260304,204000,25.53,25.53,25.5175,25.5175,305,0
TRINI.US,5,20260304,210000,25.53,25.53,25.53,25.53,220,0
TRINI.US,5,20260304,211000,25.53,25.53,25.53,25.53,100,0
TRINI.US,5,20260304,215500,25.5299,25.5299,25.49,25.49,2100,0
TRINI.US,5,20260305,154000,25.53,25.54,25.485,25.54,1810,0
TRINI.US,5,20260305,154500,25.49,25.54,25.49,25.5399,800,0
TRINI.US,5,20260305,160500,25.52,25.52,25.4928,25.4928,2000,0
TRINI.US,5,20260305,170000,25.49,25.49,25.49,25.49,160,0
TRINI.US,5,20260305,174000,25.49,25.49,25.49,25.49,100,0
TRINI.US,5,20260305,192000,25.5,25.5,25.495,25.495,400,0
TRINI.US,5,20260305,193000,25.495,25.495,25.495,25.495,100,0
TRINI.US,5,20260305,193500,25.5,25.5,25.5,25.5,200,0
TRINI.US,5,20260305,194000,25.495,25.505,25.495,25.505,1282,0
TRINI.US,5,20260305,194500,25.505,25.505,25.505,25.505,100,0
TRINI.US,5,20260305,205500,25.46,25.465,25.46,25.465,858,0
TRINI.US,5,20260305,211000,25.4775,25.4775,25.46,25.46,236,0
TRINI.US,5,20260305,211500,25.45,25.45,25.445,25.445,200,0
TRINI.US,5,20260305,212000,25.455,25.455,25.455,25.455,100,0
TRINI.US,5,20260305,214000,25.455,25.455,25.455,25.455,392,0
TRINI.US,5,20260305,214500,25.45,25.45,25.45,25.45,353,0
TRINI.US,5,20260305,215000,25.46,25.46,25.45,25.45,300,0
TRINI.US,5,20260305,215500,25.45,25.46,25.44,25.46,8336,0
TRINI.US,5,20260306,154000,25.44,25.44,25.44,25.44,1707,0
TRINI.US,5,20260306,164500,25.5199,25.5199,25.47,25.47,200,0
TRINI.US,5,20260306,175500,25.48,25.48,25.48,25.48,100,0
TRINI.US,5,20260306,181500,25.48,25.48,25.48,25.48,333,0
TRINI.US,5,20260306,183000,25.48,25.4899,25.475,25.4783,3129,0
TRINI.US,5,20260306,185000,25.48,25.48,25.48,25.48,349,0
TRINI.US,5,20260306,190500,25.48,25.5,25.48,25.5,692,0
TRINI.US,5,20260306,191500,25.51,25.51,25.51,25.51,100,0
TRINI.US,5,20260306,192000,25.51,25.53,25.51,25.53,727,0
TRINI.US,5,20260306,194500,25.53,25.53,25.53,25.53,304,0
TRINI.US,5,20260306,201000,25.5299,25.5299,25.5,25.5,409,0
TRINI.US,5,20260306,202500,25.47,25.4817,25.47,25.47,3590,0
TRINI.US,5,20260306,203000,25.4639,25.4639,25.4639,25.4639,150,0
TRINI.US,5,20260306,205000,25.46,25.46,25.45,25.45,500,0
TRINI.US,5,20260306,205500,25.4699,25.4699,25.4699,25.4699,800,0
TRINI.US,5,20260306,212000,25.47,25.47,25.47,25.47,100,0
TRINI.US,5,20260306,214500,25.44,25.44,25.44,25.44,100,0
TRINI.US,5,20260309,143000,25.4,25.4,25.4,25.4,2160,0
TRINI.US,5,20260309,143500,25.41,25.41,25.41,25.41,1000,0
TRINI.US,5,20260309,150000,25.42,25.42,25.42,25.42,100,0
TRINI.US,5,20260309,154500,25.42,25.46,25.42,25.46,650,0
TRINI.US,5,20260309,160000,25.47,25.49,25.47,25.49,220,0
TRINI.US,5,20260309,161000,25.4999,25.4999,25.4999,25.4999,500,0
TRINI.US,5,20260309,170000,25.469,25.469,25.469,25.469,495,0
TRINI.US,5,20260309,174000,25.47,25.49,25.4598,25.4598,400,0
TRINI.US,5,20260309,185000,25.5,25.5,25.5,25.5,200,0
TRINI.US,5,20260309,203000,25.499,25.5,25.499,25.5,469,0
TRINI.US,5,20260309,203500,25.5,25.5,25.5,25.5,300,0
TRINI.US,5,20260309,204500,25.51,25.53,25.51,25.5164,700,0
TRINI.US,5,20260309,205000,25.515,25.515,25.515,25.515,1100,0
TRINI.US,5,20260309,205500,25.54,25.54,25.54,25.54,168,0
TRINI.US,5,20260310,153500,25.46,25.46,25.46,25.46,920,0
TRINI.US,5,20260310,161000,25.5,25.5,25.5,25.5,200,0
TRINI.US,5,20260310,165000,25.5,25.5,25.5,25.5,650,0
TRINI.US,5,20260310,180500,25.5399,25.5399,25.5399,25.5399,300,0
TRINI.US,5,20260310,185000,25.5,25.5,25.5,25.5,900,0
TRINI.US,5,20260310,190500,25.51,25.51,25.51,25.51,107,0
TRINI.US,5,20260310,193000,25.5,25.5,25.5,25.5,100,0
TRINI.US,5,20260310,195000,25.499,25.499,25.49,25.49,200,0
TRINI.US,5,20260310,200500,25.5,25.5,25.5,25.5,255,0
TRINI.US,5,20260310,203000,25.5,25.5,25.5,25.5,200,0
TRINI.US,5,20260310,203500,25.492,25.492,25.49,25.49,3496,0
TRINI.US,5,20260310,205500,25.47,25.47,25.47,25.47,579,0
TRINI.US,5,20260311,143000,25.42,25.42,25.42,25.42,613,0
TRINI.US,5,20260311,144000,25.47,25.49,25.47,25.49,1440,0
TRINI.US,5,20260311,150000,25.49,25.49,25.49,25.49,100,0
TRINI.US,5,20260311,150500,25.47,25.49,25.47,25.48,1200,0
TRINI.US,5,20260311,152500,25.4736,25.48,25.47,25.48,1185,0
TRINI.US,5,20260311,153000,25.455,25.455,25.455,25.455,300,0
TRINI.US,5,20260311,154000,25.455,25.455,25.455,25.455,430,0
TRINI.US,5,20260311,160000,25.455,25.455,25.455,25.455,100,0
TRINI.US,5,20260311,160500,25.455,25.455,25.455,25.455,200,0
TRINI.US,5,20260311,161000,25.455,25.455,25.455,25.455,300,0
TRINI.US,5,20260311,161500,25.46,25.46,25.46,25.46,200,0
TRINI.US,5,20260311,162500,25.46,25.46,25.46,25.46,100,0
TRINI.US,5,20260311,164500,25.46,25.46,25.46,25.46,1500,0
TRINI.US,5,20260311,165500,25.46,25.47,25.46,25.47,200,0
TRINI.US,5,20260311,172500,25.46,25.46,25.46,25.46,800,0
TRINI.US,5,20260311,175000,25.46,25.46,25.46,25.46,100,0
TRINI.US,5,20260311,180500,25.46,25.46,25.46,25.46,322,0
TRINI.US,5,20260311,182000,25.45,25.4502,25.45,25.4502,422,0
TRINI.US,5,20260311,192000,25.46,25.46,25.46,25.46,100,0
TRINI.US,5,20260311,194000,25.46,25.46,25.46,25.46,200,0
TRINI.US,5,20260311,195500,25.47,25.47,25.47,25.47,200,0
TRINI.US,5,20260311,200500,25.46,25.46,25.46,25.46,200,0
TRINI.US,5,20260311,201500,25.46,25.46,25.46,25.46,220,0
TRINI.US,5,20260311,204000,25.4699,25.4699,25.4699,25.4699,100,0
TRINI.US,5,20260311,204500,25.46,25.46,25.46,25.46,205,0
TRINI.US,5,20260311,205500,25.45,25.45,25.45,25.45,102,0
TRINI.US,5,20260312,143000,25.45,25.45,25.45,25.45,200,0
TRINI.US,5,20260312,143500,25.44,25.44,25.41,25.41,300,0
TRINI.US,5,20260312,150000,25.4,25.4,25.4,25.4,1212,0
TRINI.US,5,20260312,150500,25.42,25.42,25.42,25.42,165,0
TRINI.US,5,20260312,151500,25.43,25.45,25.43,25.44,1100,0
TRINI.US,5,20260312,152000,25.44,25.44,25.44,25.44,200,0
TRINI.US,5,20260312,154500,25.44,25.44,25.44,25.44,100,0
TRINI.US,5,20260312,155000,25.44,25.44,25.44,25.44,100,0
TRINI.US,5,20260312,155500,25.425,25.425,25.425,25.425,500,0
TRINI.US,5,20260312,160000,25.445,25.445,25.445,25.445,100,0
TRINI.US,5,20260312,161500,25.428,25.428,25.428,25.428,200,0
TRINI.US,5,20260312,162000,25.4239,25.4239,25.42,25.42,400,0
TRINI.US,5,20260312,163000,25.4239,25.4239,25.4239,25.4239,200,0
TRINI.US,5,20260312,163500,25.42,25.42,25.42,25.42,200,0
TRINI.US,5,20260312,164000,25.425,25.425,25.425,25.425,116,0
TRINI.US,5,20260312,165000,25.43,25.43,25.4299,25.4299,200,0
TRINI.US,5,20260312,170500,25.44,25.45,25.44,25.4499,588,0
TRINI.US,5,20260312,171000,25.452,25.46,25.45,25.4502,2905,0
TRINI.US,5,20260312,171500,25.45,25.45,25.45,25.45,100,0
TRINI.US,5,20260312,173000,25.45,25.45,25.45,25.45,100,0
TRINI.US,5,20260312,180000,25.45,25.45,25.45,25.45,134,0
TRINI.US,5,20260312,185000,25.44,25.44,25.44,25.44,100,0
TRINI.US,5,20260312,190000,25.46,25.46,25.46,25.46,100,0
TRINI.US,5,20260312,190500,25.46,25.46,25.46,25.46,100,0
TRINI.US,5,20260312,191500,25.45,25.45,25.45,25.45,100,0
TRINI.US,5,20260312,194500,25.47,25.47,25.47,25.47,139,0
TRINI.US,5,20260312,203500,25.47,25.47,25.45,25.45,300,0
TRINI.US,5,20260312,204500,25.46,25.46,25.46,25.46,100,0
TRINI.US,5,20260313,143000,25.17,25.195,25.1,25.175,6433,0
TRINI.US,5,20260313,143500,25.15,25.184,25.01,25.03,3900,0
TRINI.US,5,20260313,144000,25.115,25.1165,25.115,25.1165,581,0
TRINI.US,5,20260313,144500,25.115,25.115,25.031,25.0401,4832,0
TRINI.US,5,20260313,145000,25.12,25.12,25.05,25.0511,1946,0
TRINI.US,5,20260313,145500,25.07,25.07,25.06,25.06,592,0
TRINI.US,5,20260313,150000,25.06,25.06,25.03,25.03,479,0
TRINI.US,5,20260313,150500,25.03,25.047,25,25,2900,0
TRINI.US,5,20260313,151000,25.04,25.05,25.01,25.01,1200,0
TRINI.US,5,20260313,151500,25,25.01,25,25,1400,0
TRINI.US,5,20260313,152000,25.05,25.05,25.0499,25.0499,600,0
TRINI.US,5,20260313,152500,25.0344,25.0344,25.0344,25.0344,462,0
TRINI.US,5,20260313,153000,25.02,25.02,24.9,24.9,2878,0
TRINI.US,5,20260313,154000,25,25.01,25,25.01,221,0
TRINI.US,5,20260313,155500,25.0399,25.04,25.0399,25.0399,1565,0
TRINI.US,5,20260313,160000,25.02,25.02,25,25,1332,0
TRINI.US,5,20260313,162000,25,25,25,25,300,0
TRINI.US,5,20260313,165500,25.02,25.0201,25,25,600,0
TRINI.US,5,20260313,170000,25,25.0102,24.95,25.0102,868,0
TRINI.US,5,20260313,181000,25,25.015,24.99,25.015,1867,0
TRINI.US,5,20260313,181500,25.03,25.03,25.03,25.03,100,0
TRINI.US,5,20260313,190500,24.96,24.96,24.95,24.96,1786,0
TRINI.US,5,20260313,192000,24.99,24.99,24.99,24.99,200,0
TRINI.US,5,20260313,193500,25.03,25.03,25.03,25.03,283,0
TRINI.US,5,20260313,195000,25.015,25.015,25.015,25.015,1500,0
TRINI.US,5,20260313,195500,25,25,25,25,1500,0
TRINI.US,5,20260313,203500,24.995,24.995,24.995,24.995,800,0
TRINI.US,5,20260313,204500,24.99,24.99,24.99,24.99,100,0
TRINI.US,5,20260313,205500,24.99,24.99,24.99,24.99,219,0
TRINI.US,5,20260316,143000,24.96,24.96,24.96,24.96,573,0
TRINI.US,5,20260316,144000,25.01,25.02,25.01,25.01,728,0
TRINI.US,5,20260316,150000,25.05,25.05,25.05,25.05,2000,0
TRINI.US,5,20260316,163000,25.1196,25.14,25.08,25.0802,1154,0
TRINI.US,5,20260316,163500,25.08,25.14,25.08,25.08,600,0
TRINI.US,5,20260316,171000,25.081,25.14,25.08,25.125,2388,0
TRINI.US,5,20260316,171500,25.05,25.05,25.02,25.03,2010,0
TRINI.US,5,20260316,174500,25.03,25.03,25.02,25.0202,690,0
TRINI.US,5,20260316,182500,25.035,25.035,25.035,25.035,214,0
TRINI.US,5,20260316,183000,25.035,25.035,25.035,25.035,399,0
TRINI.US,5,20260316,184000,25.02,25.02,25.02,25.02,139,0
TRINI.US,5,20260316,184500,25.02,25.02,25.02,25.02,239,0
TRINI.US,5,20260316,185500,25.02,25.02,25.02,25.02,374,0
TRINI.US,5,20260316,190000,25.025,25.025,25.02,25.02,674,0
TRINI.US,5,20260316,191500,25.01,25.01,25.01,25.01,100,0
TRINI.US,5,20260316,192000,25.015,25.015,25.015,25.015,200,0
TRINI.US,5,20260316,192500,25.015,25.015,25.015,25.015,1250,0
TRINI.US,5,20260316,193500,25.02,25.02,25.02,25.02,1500,0
TRINI.US,5,20260316,194000,25.02,25.02,25.02,25.02,800,0
TRINI.US,5,20260316,195500,25.015,25.015,25.015,25.015,459,0
TRINI.US,5,20260316,200000,25,25.0002,25,25.0002,600,0
TRINI.US,5,20260316,201000,25.015,25.015,25.015,25.015,800,0
TRINI.US,5,20260316,203000,25,25,25,25,100,0
TRINI.US,5,20260316,205500,25.03,25.03,25,25,292,0
TRINI.US,5,20260317,143000,25.09,25.205,25.09,25.205,788,0
TRINI.US,5,20260317,143500,25.081,25.23,25.081,25.205,2902,0
TRINI.US,5,20260317,150000,25.02,25.03,25.02,25.0201,300,0
TRINI.US,5,20260317,153000,25.115,25.115,25.115,25.115,198,0
TRINI.US,5,20260317,154500,25.115,25.115,25.115,25.115,200,0
TRINI.US,5,20260317,160000,25.115,25.115,25.115,25.115,150,0
TRINI.US,5,20260317,164500,25.08,25.08,25.08,25.08,600,0
TRINI.US,5,20260317,191000,25.08,25.08,25.08,25.08,300,0
TRINI.US,5,20260317,192500,25.03,25.03,25.03,25.03,200,0
TRINI.US,5,20260317,194000,25.05,25.05,25.05,25.05,400,0
TRINI.US,5,20260317,194500,25.05,25.05,25.05,25.05,103,0
TRINI.US,5,20260317,202000,25.09,25.09,25.09,25.09,400,0
TRINI.US,5,20260317,203000,25.05,25.09,25.05,25.09,400,0
TRINI.US,5,20260317,203500,25.09,25.09,25.09,25.09,600,0
TRINI.US,5,20260318,143000,25.15,25.15,25.06,25.0601,2556,0
TRINI.US,5,20260318,144500,25.18,25.18,25.18,25.18,400,0
TRINI.US,5,20260318,145000,25.0601,25.0601,25.05,25.05,300,0
TRINI.US,5,20260318,150500,25.18,25.33,25.16,25.16,400,0
TRINI.US,5,20260318,151000,25.06,25.16,25.06,25.16,500,0
TRINI.US,5,20260318,152000,25.04,25.26,25.03,25.26,956,0
TRINI.US,5,20260318,152500,25.26,25.26,25.04,25.04,400,0
TRINI.US,5,20260318,153500,25.17,25.17,25.17,25.17,200,0
TRINI.US,5,20260318,160500,25.09,25.09,25.09,25.09,100,0
TRINI.US,5,20260318,161000,25.08,25.09,25.08,25.08,694,0
TRINI.US,5,20260318,161500,25.1,25.1,25.1,25.1,1200,0
TRINI.US,5,20260318,162000,25.05,25.05,25.05,25.05,100,0
TRINI.US,5,20260318,163500,25.1,25.1,25.1,25.1,900,0
TRINI.US,5,20260318,172500,25.09,25.09,25.09,25.09,100,0
TRINI.US,5,20260318,190500,25.055,25.055,25.055,25.055,785,0
TRINI.US,5,20260318,192000,25.03,25.03,25.03,25.03,100,0
TRINI.US,5,20260318,192500,25.03,25.04,25.03,25.04,504,0
TRINI.US,5,20260318,193000,25.04,25.04,25.04,25.04,100,0
TRINI.US,5,20260318,195500,25.06,25.06,25.06,25.06,100,0
TRINI.US,5,20260318,201000,25.03,25.03,25.03,25.03,195,0
TRINI.US,5,20260318,202500,25.054,25.054,25.054,25.054,220,0
TRINI.US,5,20260318,205500,25.03,25.03,25.03,25.03,374,0
TRINI.US,5,20260319,143000,25.03,25.03,25.03,25.03,310,0
TRINI.US,5,20260319,144500,24.96,24.98,24.9501,24.9501,1300,0
TRINI.US,5,20260319,152500,24.99,24.99,24.99,24.99,100,0
TRINI.US,5,20260319,153000,24.99,24.99,24.99,24.99,635,0
TRINI.US,5,20260319,154000,25.01,25.0699,25.01,25.0699,800,0
TRINI.US,5,20260319,161000,25,25.03,25,25.03,1159,0
TRINI.US,5,20260319,162000,25,25,25,25,100,0
TRINI.US,5,20260319,162500,25.03,25.03,25.03,25.03,100,0
TRINI.US,5,20260319,163500,25.0299,25.0299,25.015,25.015,1200,0
TRINI.US,5,20260319,164000,25,25,25,25,100,0
TRINI.US,5,20260319,164500,25.015,25.015,25.015,25.015,193,0
TRINI.US,5,20260319,173500,25.04,25.04,25.04,25.04,399,0
TRINI.US,5,20260319,180000,25.04,25.04,25.04,25.04,300,0
TRINI.US,5,20260319,183500,25.01,25.01,25.01,25.01,100,0
TRINI.US,5,20260319,190500,25.06,25.06,25.06,25.06,970,0
TRINI.US,5,20260319,191500,25.06,25.06,25.06,25.06,631,0
TRINI.US,5,20260319,193500,25.05,25.05,25.05,25.05,800,0
TRINI.US,5,20260319,195000,25.04,25.04,25.04,25.04,300,0
TRINI.US,5,20260319,195500,25.045,25.0456,25.045,25.0456,200,0
TRINI.US,5,20260319,200000,25.05,25.05,25.04,25.04,200,0
TRINI.US,5,20260319,201000,25.04,25.04,25.04,25.04,109,0
TRINI.US,5,20260319,201500,25.05,25.05,25.05,25.05,100,0
TRINI.US,5,20260319,202000,25.045,25.045,25.04,25.04,288,0
TRINI.US,5,20260319,205500,25.05,25.05,25.01,25.01,578,0
TRINI.US,5,20260320,143000,25.065,25.065,25.065,25.065,100,0
TRINI.US,5,20260320,144000,25.06,25.06,25.06,25.06,300,0
TRINI.US,5,20260320,145500,25.06,25.0602,25.06,25.0602,400,0
TRINI.US,5,20260320,150500,25.06,25.06,25.06,25.06,100,0
TRINI.US,5,20260320,151000,25.0605,25.0605,25.06,25.06,602,0
TRINI.US,5,20260320,153000,25.06,25.06,25.06,25.06,100,0
TRINI.US,5,20260320,153500,25.06,25.06,25.06,25.06,189,0
TRINI.US,5,20260320,155000,25.065,25.065,25.065,25.065,300,0
TRINI.US,5,20260320,160000,25.07,25.07,25.07,25.07,200,0
TRINI.US,5,20260320,161500,25.02,25.02,25.02,25.02,100,0
TRINI.US,5,20260320,162500,25.035,25.035,25.035,25.035,100,0
TRINI.US,5,20260320,172000,25.025,25.025,25.025,25.025,1000,0
TRINI.US,5,20260320,175000,25.01,25.01,25.01,25.01,200,0
TRINI.US,5,20260320,180500,25.025,25.025,25.025,25.025,1191,0
TRINI.US,5,20260320,181000,25.025,25.03,25.015,25.015,7624,0
TRINI.US,5,20260320,181500,25.015,25.04,25.015,25.03,5338,0
TRINI.US,5,20260320,182000,25.039,25.065,25.0298,25.065,800,0
TRINI.US,5,20260320,184000,25.04,25.05,25.04,25.05,600,0
TRINI.US,5,20260320,194000,25.01,25.01,25.01,25.01,800,0
TRINI.US,5,20260320,194500,25.039,25.039,25.03,25.03,628,0
TRINI.US,5,20260320,195500,25.0202,25.0202,25.02,25.02,600,0
TRINI.US,5,20260320,200000,25.03,25.03,25.03,25.03,200,0
TRINI.US,5,20260320,202000,25.02,25.02,25.02,25.02,500,0
TRINI.US,5,20260320,202500,25.0299,25.0299,25.0299,25.0299,146,0
TRINI.US,5,20260320,203000,25.02,25.02,25.02,25.02,200,0
TRINI.US,5,20260320,203500,25.02,25.029,25.02,25.02,809,0
TRINI.US,5,20260320,204000,25.029,25.0299,25.01,25.01,700,0
TRINI.US,5,20260320,205500,25.03,25.03,25.03,25.03,100,0
TRINI.US,5,20260323,143500,25.0515,25.0515,25.0515,25.0515,945,0
TRINI.US,5,20260323,144000,25.04,25.04,25.04,25.04,945,0
TRINI.US,5,20260323,145500,25.02,25.04,25.02,25.04,300,0
TRINI.US,5,20260323,164500,25.06,25.06,25.06,25.06,300,0
TRINI.US,5,20260323,171500,25.07,25.07,25.07,25.07,100,0
TRINI.US,5,20260323,172000,25.05,25.05,25.05,25.05,100,0
TRINI.US,5,20260323,193000,25.055,25.055,25.055,25.055,100,0
TRINI.US,5,20260323,200000,25.07,25.07,25.05,25.0501,300,0
TRINI.US,5,20260323,205000,25.04,25.0414,25.04,25.0414,423,0
TRINI.US,5,20260323,205500,25.04,25.04,25.04,25.04,100,0
TRINI.US,5,20260324,145500,25.1,25.1,25.09,25.09,992,0
TRINI.US,5,20260324,152000,25.3,25.3,25.17,25.17,200,0
TRINI.US,5,20260324,160000,25.1101,25.205,25.05,25.05,3809,0
TRINI.US,5,20260324,161000,25.17,25.17,25.17,25.17,100,0
TRINI.US,5,20260324,163000,25.3,25.3,25.17,25.17,200,0
TRINI.US,5,20260324,164000,25.3,25.3,25.3,25.3,100,0
TRINI.US,5,20260324,171000,25.06,25.06,25.06,25.06,100,0
TRINI.US,5,20260324,172500,25.04,25.04,25.04,25.04,100,0
TRINI.US,5,20260324,174500,25.1,25.1,25.1,25.1,100,0
TRINI.US,5,20260324,175000,25.06,25.06,25.06,25.06,100,0
TRINI.US,5,20260324,194500,25.1,25.1,25.1,25.1,600,0
TRINI.US,5,20260324,195500,25.07,25.07,25.06,25.06,200,0
TRINI.US,5,20260324,200000,25.05,25.07,25.05,25.05,600,0
TRINI.US,5,20260324,201500,25.05,25.05,25.05,25.05,100,0
TRINI.US,5,20260324,203500,25.05,25.05,25.05,25.05,212,0
TRINI.US,5,20260324,204000,25.05,25.05,25.05,25.05,100,0
TRINI.US,5,20260324,205500,25.04,25.04,25.04,25.04,550,0
TRINI.US,5,20260325,155500,25.1,25.1,25.1,25.1,100,0
TRINI.US,5,20260325,160000,25.19,25.19,25.19,25.19,338,0
TRINI.US,5,20260325,170000,25.12,25.12,25.12,25.12,395,0
TRINI.US,5,20260325,171500,25.122,25.122,25.12,25.12,620,0
TRINI.US,5,20260325,182000,25.1199,25.1199,25.1199,25.1199,700,0
TRINI.US,5,20260325,183000,25.08,25.08,25.08,25.08,1000,0
TRINI.US,5,20260325,184000,25.1199,25.1199,25.1199,25.1199,750,0
TRINI.US,5,20260325,191000,25.09,25.1199,25.08,25.1199,2900,0
TRINI.US,5,20260325,194500,25.08,25.08,25.08,25.08,100,0
TRINI.US,5,20260325,203500,25.04,25.04,25.04,25.04,187,0
TRINI.US,5,20260325,205500,25.1,25.1,25.1,25.1,200,0
TRINI.US,5,20260326,160500,25.115,25.115,25.115,25.115,200,0
TRINI.US,5,20260326,161500,25.14,25.14,25.14,25.14,200,0
TRINI.US,5,20260326,162000,25.155,25.155,25.155,25.155,700,0
TRINI.US,5,20260326,171500,25.095,25.095,25.095,25.095,1000,0
TRINI.US,5,20260326,172500,25.095,25.095,25.095,25.095,1200,0
TRINI.US,5,20260326,183000,25.07,25.07,25.07,25.07,119,0
TRINI.US,5,20260326,191000,25.07,25.07,25.07,25.07,280,0
TRINI.US,5,20260326,192500,25.05,25.05,25.05,25.05,200,0
TRINI.US,5,20260326,193500,25.07,25.07,25.07,25.07,100,0
TRINI.US,5,20260326,200500,25.07,25.07,25.07,25.07,375,0
TRINI.US,5,20260326,201000,25.064,25.064,25.064,25.064,400,0
TRINI.US,5,20260326,202500,25.06,25.06,25.06,25.06,163,0
TRINI.US,5,20260326,205000,25.07,25.07,25.0699,25.0699,238,0
TRINI.US,5,20260326,205500,25.1,25.1,25.05,25.05,289,0
TRINI.US,5,20260327,145000,25.115,25.115,25.115,25.115,397,0
TRINI.US,5,20260327,160000,25.14,25.14,25.14,25.14,200,0
TRINI.US,5,20260327,163500,25.14,25.15,25.14,25.15,300,0
TRINI.US,5,20260327,165500,25.13,25.14,25.13,25.14,3100,0
TRINI.US,5,20260327,171000,25.06,25.06,25.05,25.05,200,0
TRINI.US,5,20260327,184000,25.07,25.07,25.07,25.07,500,0
TRINI.US,5,20260327,184500,25.07,25.07,25.07,25.07,1000,0
TRINI.US,5,20260327,190500,25.09,25.09,25.09,25.09,497,0
TRINI.US,5,20260327,191000,25.05,25.0649,25.0401,25.0401,900,0
TRINI.US,5,20260327,195500,25.05,25.05,25.05,25.05,400,0
TRINI.US,5,20260327,203000,25.04,25.04,25.04,25.04,759,0
TRINI.US,5,20260327,204000,25.04,25.04,25.04,25.04,156,0
TRINI.US,5,20260327,205500,25.07,25.09,25.07,25.09,234,0
TRINI.US,5,20260330,153000,25.04,25.05,25.04,25.0499,912,0
TRINI.US,5,20260330,154000,25.075,25.075,25.075,25.075,350,0
TRINI.US,5,20260330,154500,25.06,25.0634,25.06,25.0634,500,0
TRINI.US,5,20260330,155000,25.06,25.06,25.06,25.06,200,0
TRINI.US,5,20260330,162500,25.06,25.06,25.06,25.06,100,0
TRINI.US,5,20260330,181000,25.0699,25.0699,25.06,25.06,2457,0
TRINI.US,5,20260330,185000,25.06,25.06,25.06,25.06,196,0
TRINI.US,5,20260330,192500,25.07,25.07,25.07,25.07,120,0
TRINI.US,5,20260330,200000,25.06,25.0602,25.06,25.0602,1020,0
TRINI.US,5,20260330,201000,25.0601,25.0601,25.0601,25.0601,250,0
TRINI.US,5,20260330,201500,25.06,25.06,25.06,25.06,100,0
TRINI.US,5,20260330,202500,25.08,25.1,25.0725,25.0725,962,0
TRINI.US,5,20260330,204000,25.07,25.07,25.07,25.07,200,0
TRINI.US,5,20260330,204500,25.07,25.07,25.07,25.07,100,0
TRINI.US,5,20260330,214500,25.07,25.07,25.0699,25.0699,500,0
TRINI.US,5,20260331,154000,25.1,25.1,25.0999,25.0999,1872,0
TRINI.US,5,20260331,154500,25.08,25.08,25.08,25.08,400,0
TRINI.US,5,20260331,163000,25.06,25.06,25.06,25.06,100,0
TRINI.US,5,20260331,163500,25.095,25.095,25.095,25.095,200,0
TRINI.US,5,20260331,170000,25.06,25.06,25.06,25.06,100,0
TRINI.US,5,20260331,172500,25.06,25.06,25.06,25.06,100,0
TRINI.US,5,20260331,173500,25.05,25.1,25.05,25.075,1589,0
TRINI.US,5,20260331,174500,25.075,25.075,25.075,25.075,200,0
TRINI.US,5,20260331,180000,25.05,25.05,25.05,25.05,594,0
TRINI.US,5,20260331,184500,25.06,25.06,25.06,25.06,700,0
TRINI.US,5,20260331,185500,25.08,25.08,25.08,25.08,100,0
TRINI.US,5,20260331,190500,25.06,25.08,25.06,25.08,200,0
TRINI.US,5,20260331,192000,25.06,25.06,25.06,25.06,400,0
TRINI.US,5,20260331,192500,25.06,25.06,25.06,25.06,300,0
TRINI.US,5,20260331,193000,25.05,25.05,25.05,25.05,475,0
TRINI.US,5,20260331,193500,25.05,25.07,25.05,25.07,400,0
TRINI.US,5,20260331,194500,25.04,25.04,25.04,25.04,400,0
TRINI.US,5,20260331,195500,25.03,25.0301,25.03,25.03,1300,0
TRINI.US,5,20260331,200000,25.03,25.03,25.03,25.03,300,0
TRINI.US,5,20260331,200500,25.03,25.06,25.03,25.06,3375,0
TRINI.US,5,20260331,201000,25.03,25.03,25.03,25.03,400,0
TRINI.US,5,20260331,201500,25.055,25.055,25.02,25.05,2268,0
TRINI.US,5,20260331,202000,25.02,25.05,25.02,25.05,300,0
TRINI.US,5,20260331,202500,25.022,25.022,25.022,25.022,1100,0
TRINI.US,5,20260331,203000,25.022,25.022,25.02,25.02,1500,0
TRINI.US,5,20260331,203500,25.02,25.03,25.02,25.02,840,0
TRINI.US,5,20260331,204000,25.0202,25.048,25.01,25.048,2865,0
TRINI.US,5,20260331,204500,25.02,25.0202,25.02,25.0202,1408,0
TRINI.US,5,20260331,205000,25.01,25.0101,24.99,24.99,2480,0
TRINI.US,5,20260331,205500,24.985,24.985,24.985,24.985,100,0
TRINI.US,5,20260331,210000,24.98,24.98,24.97,24.97,200,0
TRINI.US,5,20260331,210500,24.97,24.97,24.95,24.95,400,0
TRINI.US,5,20260331,211000,25,25.02,25,25.02,1983,0
TRINI.US,5,20260331,211500,25.04,25.0499,25.0398,25.0398,2000,0
TRINI.US,5,20260331,212500,25.0202,25.0202,25,25.005,4120,0
TRINI.US,5,20260331,213000,25.005,25.02,25.005,25.0098,1700,0
TRINI.US,5,20260331,214500,25.0328,25.0328,25.02,25.02,1886,0
TRINI.US,5,20260331,215000,25.02,25.02,24.99,24.99,1703,0
TRINI.US,5,20260331,215500,24.992,24.992,24.98,24.98,800,0
TRINI.US,5,20260401,154000,25.05,25.05,25.05,25.05,1200,0
TRINI.US,5,20260401,161000,25.03,25.03,25.03,25.03,100,0
TRINI.US,5,20260401,163000,25.01,25.0101,25.01,25.0101,580,0
TRINI.US,5,20260401,164500,25.04,25.04,25.04,25.04,100,0
TRINI.US,5,20260401,165500,25.03,25.04,25.03,25.04,574,0
TRINI.US,5,20260401,171500,25.03,25.03,25.03,25.03,200,0
TRINI.US,5,20260401,172000,25.03,25.03,25.03,25.03,381,0
TRINI.US,5,20260401,172500,25.02,25.02,25.02,25.02,269,0
TRINI.US,5,20260401,180500,25.0544,25.0544,25.0544,25.0544,100,0
TRINI.US,5,20260401,183000,25.04,25.04,25.04,25.04,235,0
TRINI.US,5,20260401,185500,25.04,25.04,25.02,25.02,1296,0
TRINI.US,5,20260401,210000,25.01,25.01,25.01,25.01,451,0
TRINI.US,5,20260401,210500,25.025,25.025,25.025,25.025,400,0
TRINI.US,5,20260401,211500,25.09,25.09,25.09,25.09,200,0
TRINI.US,5,20260401,213500,25.01,25.01,25.01,25.01,152,0
TRINI.US,5,20260402,153000,25.04,25.04,25.04,25.04,107,0
TRINI.US,5,20260402,170000,25.01,25.0101,25,25.0001,1400,0
TRINI.US,5,20260402,171500,25.049,25.049,25.049,25.049,124,0
TRINI.US,5,20260402,172000,25.049,25.049,25.049,25.049,214,0
TRINI.US,5,20260402,174000,25.05,25.05,25.035,25.05,1500,0
TRINI.US,5,20260402,175000,25.02,25.02,25.02,25.02,100,0
TRINI.US,5,20260402,175500,25.06,25.06,25.02,25.02,435,0
TRINI.US,5,20260402,180000,25.035,25.05,25.035,25.05,1200,0
TRINI.US,5,20260402,180500,25.05,25.05,25.05,25.05,200,0
TRINI.US,5,20260402,181000,25.05,25.05,25.05,25.05,178,0
TRINI.US,5,20260402,183500,25.05,25.05,25.02,25.05,810,0
TRINI.US,5,20260402,184000,25.06,25.06,25.045,25.06,700,0
TRINI.US,5,20260402,185000,25.05,25.05,25.049,25.0499,800,0
TRINI.US,5,20260402,190000,25.06,25.06,25.06,25.06,100,0
TRINI.US,5,20260402,191500,25.045,25.045,25.045,25.045,200,0
TRINI.US,5,20260402,194500,25.02,25.02,25.02,25.02,660,0
TRINI.US,5,20260402,195000,25.06,25.06,25.06,25.06,100,0
TRINI.US,5,20260402,202000,25.02,25.02,25.02,25.02,120,0
TRINI.US,5,20260402,202500,25.02,25.02,25.02,25.02,220,0
TRINI.US,5,20260402,204500,25.04,25.04,25.04,25.04,100,0
TRINI.US,5,20260402,211500,25.02,25.02,25.02,25.02,800,0
TRINI.US,5,20260402,213500,25.03,25.03,25.02,25.02,980,0
TRINI.US,5,20260402,214500,25.04,25.04,25.04,25.04,100,0
TRINI.US,5,20260402,215000,25.03,25.03,25.03,25.03,159,0
TRINI.US,5,20260402,215500,25.03,25.03,25.03,25.03,107,0
TRINI.US,5,20260406,153000,25.07,25.07,25.06,25.06,792,0
TRINI.US,5,20260406,170500,25.08,25.09,25.07,25.07,964,0
TRINI.US,5,20260406,172500,25.09,25.09,25.09,25.09,100,0
TRINI.US,5,20260406,173500,25.07,25.07,25.07,25.07,200,0
TRINI.US,5,20260406,181500,25.05,25.05,25.05,25.05,120,0
TRINI.US,5,20260406,182000,25.07,25.07,25.07,25.07,926,0
TRINI.US,5,20260406,183000,25.07,25.07,25.07,25.07,1000,0
TRINI.US,5,20260406,184000,25.07,25.07,25.05,25.05,300,0
TRINI.US,5,20260406,194000,25.08,25.08,25.0799,25.0799,1000,0
TRINI.US,5,20260406,194500,25.05,25.08,25.05,25.08,780,0
TRINI.US,5,20260406,195000,25.0899,25.0899,25.0899,25.0899,200,0
TRINI.US,5,20260406,201500,25.09,25.09,25.09,25.09,199,0
TRINI.US,5,20260406,203000,25.065,25.0799,25.065,25.0799,300,0
TRINI.US,5,20260406,210500,25.065,25.09,25.065,25.0899,3309,0
TRINI.US,5,20260406,213000,25.1,25.1,25.1,25.1,100,0
TRINI.US,5,20260406,213500,25.092,25.1,25.092,25.095,975,0
TRINI.US,5,20260407,154500,25.128,25.128,25.128,25.128,100,0
TRINI.US,5,20260407,160000,25.1,25.1,25.1,25.1,109,0
TRINI.US,5,20260407,170000,25.1,25.105,25.1,25.105,688,0
TRINI.US,5,20260407,170500,25.09,25.09,25.0801,25.0801,532,0
TRINI.US,5,20260407,173000,25.1001,25.1001,25.1,25.1,234,0
TRINI.US,5,20260407,173500,25.0801,25.0801,25.0801,25.0801,357,0
TRINI.US,5,20260407,175500,25.09,25.1,25.08,25.1,1176,0
TRINI.US,5,20260407,191000,25.105,25.105,25.105,25.105,496,0
TRINI.US,5,20260407,194500,25.12,25.12,25.12,25.12,161,0
TRINI.US,5,20260407,195500,25.115,25.115,25.115,25.115,173,0
TRINI.US,5,20260407,200500,25.12,25.12,25.12,25.12,100,0
TRINI.US,5,20260407,201500,25.09,25.1,25.09,25.1,1024,0
TRINI.US,5,20260407,202000,25.08,25.08,25.08,25.08,1194,0
TRINI.US,5,20260407,202500,25.08,25.08,25.08,25.08,400,0
TRINI.US,5,20260407,203500,25.12,25.13,25.12,25.13,1231,0
TRINI.US,5,20260407,204500,25.14,25.14,25.13,25.13,1166,0
TRINI.US,5,20260407,210500,25.11,25.11,25.11,25.11,100,0
TRINI.US,5,20260407,214500,25.08,25.08,25.08,25.08,118,0
TRINI.US,5,20260407,215500,25.1,25.1,25.1,25.1,100,0
TRINI.US,5,20260408,153000,25.17,25.19,25.17,25.19,1128,0
TRINI.US,5,20260408,153500,25.1101,25.1101,25.1101,25.1101,100,0
TRINI.US,5,20260408,154000,25.145,25.145,25.145,25.145,1000,0
TRINI.US,5,20260408,154500,25.12,25.12,25.12,25.12,156,0
TRINI.US,5,20260408,160000,25.12,25.12,25.12,25.12,956,0
TRINI.US,5,20260408,160500,25.13,25.13,25.13,25.13,100,0
TRINI.US,5,20260408,165000,25.16,25.16,25.16,25.16,200,0
TRINI.US,5,20260408,165500,25.15,25.16,25.15,25.16,400,0
TRINI.US,5,20260408,170500,25.165,25.165,25.165,25.165,1000,0
TRINI.US,5,20260408,181500,25.165,25.18,25.16,25.16,1312,0
TRINI.US,5,20260408,184500,25.1601,25.1601,25.1601,25.1601,300,0
TRINI.US,5,20260408,190000,25.165,25.165,25.152,25.152,1734,0
TRINI.US,5,20260408,192500,25.155,25.155,25.15,25.15,1212,0
TRINI.US,5,20260408,193000,25.135,25.135,25.135,25.135,100,0
TRINI.US,5,20260408,201500,25.135,25.135,25.135,25.135,2000,0
TRINI.US,5,20260408,205000,25.15,25.15,25.11,25.1101,755,0
TRINI.US,5,20260408,210500,25.135,25.135,25.135,25.135,119,0
TRINI.US,5,20260408,212000,25.13,25.13,25.13,25.13,127,0
TRINI.US,5,20260409,153000,25.17,25.17,25.17,25.17,235,0
TRINI.US,5,20260409,153500,25.14,25.14,25.14,25.14,308,0
TRINI.US,5,20260409,180500,25.1799,25.1799,25.1799,25.1799,198,0
TRINI.US,5,20260409,181000,25.15,25.15,25.15,25.15,415,0
TRINI.US,5,20260409,181500,25.15,25.15,25.15,25.15,129,0
TRINI.US,5,20260409,182000,25.12,25.12,25.12,25.12,496,0
TRINI.US,5,20260409,183500,25.15,25.15,25.15,25.15,200,0
TRINI.US,5,20260409,185500,25.135,25.135,25.135,25.135,100,0
TRINI.US,5,20260409,193000,25.135,25.135,25.1242,25.1242,493,0
TRINI.US,5,20260409,193500,25.12,25.12,25.12,25.12,504,0
TRINI.US,5,20260409,194000,25.12,25.12,25.12,25.12,100,0
TRINI.US,5,20260409,194500,25.12,25.12,25.12,25.12,984,0
TRINI.US,5,20260409,195000,25.12,25.12,25.12,25.12,816,0
TRINI.US,5,20260409,200000,25.13,25.13,25.13,25.13,108,0
TRINI.US,5,20260409,203500,25.13,25.13,25.13,25.13,100,0
TRINI.US,5,20260409,211500,25.11,25.15,25.11,25.13,2195,0
TRINI.US,5,20260409,214000,25.11,25.11,25.11,25.11,100,0
TRINI.US,5,20260409,215500,25.12,25.12,25.12,25.12,192,0
TRINI.US,5,20260410,155500,25.12,25.12,25.12,25.12,160,0
TRINI.US,5,20260410,161000,25.1201,25.1499,25.12,25.1499,300,0
TRINI.US,5,20260410,162500,25.16,25.16,25.16,25.16,200,0
TRINI.US,5,20260410,163500,25.1699,25.1699,25.145,25.145,840,0
TRINI.US,5,20260410,164000,25.168,25.168,25.164,25.164,200,0
TRINI.US,5,20260410,170500,25.15,25.15,25.15,25.15,100,0
TRINI.US,5,20260410,173000,25.16,25.16,25.16,25.16,100,0
TRINI.US,5,20260410,174500,25.15,25.15,25.15,25.15,100,0
TRINI.US,5,20260410,183500,25.13,25.13,25.13,25.13,300,0
TRINI.US,5,20260410,200000,25.15,25.15,25.1499,25.15,1600,0
TRINI.US,5,20260410,202500,25.15,25.151,25.15,25.151,1383,0
TRINI.US,5,20260410,203000,25.16,25.16,25.1599,25.1599,252,0
TRINI.US,5,20260410,203500,25.18,25.18,25.18,25.18,1900,0
TRINI.US,5,20260410,204000,25.18,25.18,25.18,25.18,1000,0
TRINI.US,5,20260410,204500,25.17,25.17,25.16,25.16,520,0
TRINI.US,5,20260410,205000,25.17,25.17,25.17,25.17,1020,0
TRINI.US,5,20260410,205500,25.165,25.1799,25.165,25.1799,1194,0
TRINI.US,5,20260410,211500,25.1799,25.18,25.1799,25.18,200,0
TRINI.US,5,20260410,212000,25.15,25.15,25.1499,25.1499,605,0
TRINI.US,5,20260410,212500,25.18,25.18,25.1799,25.1799,400,0
TRINI.US,5,20260410,213000,25.17,25.17,25.17,25.17,100,0
TRINI.US,5,20260410,213500,25.16,25.16,25.16,25.16,200,0
TRINI.US,5,20260410,214000,25.1699,25.17,25.1699,25.17,200,0
TRINI.US,5,20260410,214500,25.18,25.18,25.165,25.18,1000,0
TRINI.US,5,20260413,160500,25.12,25.12,25.12,25.12,225,0
TRINI.US,5,20260413,162000,25.11,25.11,25.11,25.11,400,0
TRINI.US,5,20260413,165500,25.12,25.14,25.12,25.14,616,0
TRINI.US,5,20260413,171000,25.12,25.12,25.11,25.11,900,0
TRINI.US,5,20260413,172000,25.1,25.1,25.1,25.1,1311,0
TRINI.US,5,20260413,172500,25.105,25.11,25.105,25.105,1031,0
TRINI.US,5,20260413,173000,25.11,25.11,25.11,25.11,233,0
TRINI.US,5,20260413,175500,25.135,25.135,25.135,25.135,1000,0
TRINI.US,5,20260413,183500,25.1209,25.1209,25.1209,25.1209,200,0
TRINI.US,5,20260413,201500,25.155,25.155,25.155,25.155,130,0
TRINI.US,5,20260413,202000,25.155,25.16,25.155,25.16,200,0
TRINI.US,5,20260413,203500,25.15,25.15,25.15,25.15,200,0
TRINI.US,5,20260413,204000,25.155,25.157,25.155,25.157,325,0
TRINI.US,5,20260413,210000,25.15,25.15,25.15,25.15,100,0
TRINI.US,5,20260413,211000,25.15,25.15,25.15,25.15,105,0
TRINI.US,5,20260413,212500,25.16,25.16,25.16,25.16,102,0
TRINI.US,5,20260413,213000,25.15,25.15,25.15,25.15,100,0
TRINI.US,5,20260413,213500,25.16,25.16,25.16,25.16,200,0
TRINI.US,5,20260413,214000,25.1562,25.1562,25.1562,25.1562,100,0
TRINI.US,5,20260413,214500,25.15,25.1501,25.15,25.15,495,0
TRINI.US,5,20260413,215500,25.16,25.16,25.16,25.16,100,0
TRINI.US,5,20260414,154500,25.16,25.16,25.16,25.16,200,0
TRINI.US,5,20260414,160000,25.17,25.17,25.17,25.17,300,0
TRINI.US,5,20260414,162000,25.17,25.17,25.17,25.17,700,0
TRINI.US,5,20260414,170000,25.18,25.2,25.18,25.2,3417,0
TRINI.US,5,20260414,171500,25.19,25.19,25.18,25.18,1695,0
TRINI.US,5,20260414,173000,25.17,25.1701,25.17,25.1701,294,0
TRINI.US,5,20260414,173500,25.18,25.18,25.15,25.15,2373,0
TRINI.US,5,20260414,174000,25.15,25.15,25.15,25.15,470,0
TRINI.US,5,20260414,174500,25.14,25.15,25.14,25.1499,2065,0
TRINI.US,5,20260414,175000,25.18,25.1898,25.1501,25.17,1100,0
TRINI.US,5,20260414,181000,25.17,25.17,25.17,25.17,200,0
TRINI.US,5,20260414,184000,25.19,25.19,25.19,25.19,100,0
TRINI.US,5,20260414,190500,25.19,25.19,25.19,25.19,526,0
TRINI.US,5,20260414,192500,25.19,25.195,25.19,25.19,348,0
TRINI.US,5,20260414,193000,25.2,25.2,25.2,25.2,300,0
TRINI.US,5,20260414,194000,25.1701,25.1701,25.17,25.17,374,0
TRINI.US,5,20260414,200500,25.2,25.2,25.2,25.2,100,0
TRINI.US,5,20260414,204000,25.1701,25.1701,25.17,25.17,400,0
TRINI.US,5,20260414,204500,25.18,25.18,25.17,25.1701,1576,0
TRINI.US,5,20260414,205000,25.17,25.18,25.17,25.17,1437,0
TRINI.US,5,20260414,205500,25.19,25.19,25.18,25.19,1555,0
TRINI.US,5,20260414,210500,25.16,25.16,25.16,25.16,150,0
TRINI.US,5,20260414,212000,25.1501,25.1501,25.15,25.15,222,0
TRINI.US,5,20260414,213000,25.16,25.16,25.16,25.16,600,0
TRINI.US,5,20260414,213500,25.16,25.16,25.16,25.16,100,0
TRINI.US,5,20260414,214000,25.19,25.19,25.19,25.19,1000,0
TRINI.US,5,20260414,215500,25.17,25.17,25.15,25.15,733,0
TRINI.US,5,20260415,162500,25.18,25.18,25.18,25.18,1000,0
TRINI.US,5,20260415,163000,25.2,25.2,25.1932,25.1932,1998,0
TRINI.US,5,20260415,165000,25.26,25.26,25.2,25.2,1906,0
TRINI.US,5,20260415,165500,25.21,25.21,25.2099,25.2099,2000,0
TRINI.US,5,20260415,170000,25.1901,25.1901,25.1901,25.1901,135,0
TRINI.US,5,20260415,173500,25.2,25.205,25.2,25.2001,3100,0
TRINI.US,5,20260415,174000,25.2,25.2,25.1999,25.1999,990,0
TRINI.US,5,20260415,191000,25.19,25.2,25.19,25.2,1600,0
TRINI.US,5,20260415,192500,25.2,25.2,25.2,25.2,500,0
TRINI.US,5,20260415,193000,25.185,25.2,25.185,25.2,1000,0
TRINI.US,5,20260415,195000,25.1999,25.1999,25.17,25.17,400,0
TRINI.US,5,20260415,195500,25.185,25.2,25.185,25.1999,2200,0
TRINI.US,5,20260415,200000,25.2,25.2,25.1898,25.1898,1000,0
TRINI.US,5,20260415,200500,25.185,25.185,25.185,25.185,155,0
TRINI.US,5,20260415,202500,25.21,25.21,25.19,25.19,1470,0
TRINI.US,5,20260415,204000,25.19,25.19,25.19,25.19,124,0
TRINI.US,5,20260415,211500,25.2,25.2,25.185,25.2,720,0
TRINI.US,5,20260416,153000,25.2,25.2,25.2,25.2,200,0
TRINI.US,5,20260416,154000,25.18,25.18,25.18,25.18,100,0
TRINI.US,5,20260416,161000,25.2,25.2,25.2,25.2,130,0
TRINI.US,5,20260416,164500,25.2,25.2,25.1999,25.1999,240,0
TRINI.US,5,20260416,165500,25.2,25.22,25.1932,25.22,3476,0
TRINI.US,5,20260416,170500,25.21,25.21,25.21,25.21,160,0
TRINI.US,5,20260416,173000,25.2,25.2,25.2,25.2,100,0
TRINI.US,5,20260416,173500,25.2,25.2,25.2,25.2,190,0
TRINI.US,5,20260416,181500,25.19,25.19,25.19,25.19,500,0
TRINI.US,5,20260416,183000,25.2,25.2,25.2,25.2,504,0
TRINI.US,5,20260416,191000,25.22,25.22,25.219,25.2199,595,0
TRINI.US,5,20260416,191500,25.2199,25.22,25.2199,25.2199,960,0
TRINI.US,5,20260416,195500,25.195,25.195,25.195,25.195,100,0
TRINI.US,5,20260416,202500,25.195,25.21,25.195,25.21,600,0
TRINI.US,5,20260416,204500,25.21,25.21,25.21,25.21,400,0
TRINI.US,5,20260416,214000,25.21,25.22,25.21,25.2199,1373,0
TRINI.US,5,20260416,215000,25.1801,25.1801,25.1801,25.1801,1000,0
TRINI.US,5,20260417,160000,25.19,25.22,25.19,25.22,258,0
TRINI.US,5,20260417,161500,25.2001,25.2001,25.2001,25.2001,600,0
TRINI.US,5,20260417,164500,25.22,25.22,25.2199,25.2199,400,0
TRINI.US,5,20260417,165000,25.22,25.22,25.22,25.22,792,0
TRINI.US,5,20260417,181500,25.21,25.21,25.21,25.21,200,0
TRINI.US,5,20260417,183500,25.23,25.23,25.23,25.23,2000,0
TRINI.US,5,20260417,184000,25.22,25.22,25.22,25.22,700,0
TRINI.US,5,20260417,190000,25.23,25.23,25.22,25.22,200,0
TRINI.US,5,20260417,193500,25.22,25.22,25.22,25.22,2000,0
TRINI.US,5,20260417,200000,25.23,25.23,25.23,25.23,105,0
TRINI.US,5,20260417,202500,25.215,25.215,25.215,25.215,600,0
TRINI.US,5,20260417,203000,25.21,25.21,25.21,25.21,150,0
TRINI.US,5,20260417,204500,25.22,25.22,25.22,25.22,100,0
TRINI.US,5,20260417,214000,25.22,25.22,25.215,25.22,387,0
TRINI.US,5,20260417,214500,25.21,25.21,25.21,25.21,100,0
TRINI.US,5,20260417,215000,25.22,25.22,25.2199,25.2199,300,0
TRINI.US,5,20260420,153000,25.23,25.23,25.23,25.23,400,0
TRINI.US,5,20260420,161000,25.24,25.24,25.24,25.24,100,0
TRINI.US,5,20260420,161500,25.23,25.23,25.23,25.23,110,0
TRINI.US,5,20260420,163000,25.23,25.23,25.23,25.23,100,0
TRINI.US,5,20260420,170000,25.23,25.23,25.23,25.23,100,0
TRINI.US,5,20260420,171500,25.222,25.23,25.222,25.23,500,0
TRINI.US,5,20260420,172000,25.23,25.23,25.2299,25.2299,600,0
TRINI.US,5,20260420,173000,25.23,25.23,25.23,25.23,400,0
TRINI.US,5,20260420,175500,25.2201,25.2201,25.2201,25.2201,120,0
TRINI.US,5,20260420,183000,25.24,25.24,25.24,25.24,100,0
TRINI.US,5,20260420,185000,25.24,25.24,25.2399,25.24,2056,0
TRINI.US,5,20260420,191000,25.24,25.24,25.2301,25.2301,1100,0
TRINI.US,5,20260420,201500,25.24,25.24,25.24,25.24,1200,0
TRINI.US,5,20260420,202000,25.24,25.24,25.24,25.24,400,0
TRINI.US,5,20260420,204500,25.24,25.24,25.24,25.24,200,0
TRINI.US,5,20260421,155000,25.24,25.24,25.24,25.24,100,0
TRINI.US,5,20260421,155500,25.24,25.24,25.24,25.24,100,0
TRINI.US,5,20260421,160000,25.23,25.24,25.23,25.24,900,0
TRINI.US,5,20260421,161500,25.24,25.2401,25.21,25.21,1600,0
TRINI.US,5,20260421,163500,25.24,25.25,25.24,25.2499,5802,0
TRINI.US,5,20260421,165500,25.25,25.25,25.25,25.25,200,0
TRINI.US,5,20260421,171000,25.25,25.25,25.25,25.25,140,0
TRINI.US,5,20260421,172500,25.25,25.25,25.2499,25.25,1932,0
TRINI.US,5,20260421,173000,25.25,25.25,25.2499,25.2499,1986,0
TRINI.US,5,20260421,175000,25.26,25.26,25.26,25.26,100,0
TRINI.US,5,20260421,191000,25.26,25.26,25.2582,25.26,2850,0
TRINI.US,5,20260421,194000,25.25,25.25,25.25,25.25,225,0
TRINI.US,5,20260421,200000,25.25,25.25,25.25,25.25,400,0
TRINI.US,5,20260421,202500,25.26,25.26,25.26,25.26,1200,0
TRINI.US,5,20260421,211500,25.26,25.26,25.26,25.26,477,0
TRINI.US,5,20260421,212000,25.2599,25.2599,25.2599,25.2599,300,0
TRINI.US,5,20260421,212500,25.255,25.26,25.255,25.2599,1000,0
TRINI.US,5,20260421,213000,25.27,25.27,25.27,25.27,1000,0
TRINI.US,5,20260421,214500,25.265,25.265,25.265,25.265,100,0
TRINI.US,5,20260421,215000,25.27,25.27,25.27,25.27,900,0
TRINI.US,5,20260422,160500,25.265,25.265,25.265,25.265,336,0
TRINI.US,5,20260422,162000,25.27,25.27,25.265,25.265,1950,0
TRINI.US,5,20260422,163000,25.265,25.265,25.265,25.265,1000,0
TRINI.US,5,20260422,165000,25.265,25.265,25.265,25.265,500,0
TRINI.US,5,20260422,170000,25.265,25.265,25.265,25.265,200,0
TRINI.US,5,20260422,172000,25.26,25.2601,25.26,25.2601,800,0
TRINI.US,5,20260422,172500,25.2602,25.27,25.26,25.27,1312,0
TRINI.US,5,20260422,173000,25.26,25.26,25.26,25.26,500,0
TRINI.US,5,20260422,174500,25.26,25.2601,25.26,25.2601,690,0
TRINI.US,5,20260422,190000,25.255,25.255,25.255,25.255,1000,0
TRINI.US,5,20260422,192000,25.25,25.252,25.25,25.252,973,0
TRINI.US,5,20260422,194000,25.25,25.25,25.25,25.25,100,0
TRINI.US,5,20260422,203000,25.255,25.26,25.255,25.2599,2194,0
TRINI.US,5,20260422,215500,25.25,25.255,25.25,25.255,400,0
TRINI.US,5,20260423,153500,25.28,25.28,25.2799,25.2799,400,0
TRINI.US,5,20260423,161000,25.265,25.265,25.2501,25.2501,1500,0
TRINI.US,5,20260423,162000,25.28,25.28,25.2799,25.2799,300,0
TRINI.US,5,20260423,164000,25.28,25.28,25.28,25.28,1998,0
TRINI.US,5,20260423,170500,25.28,25.28,25.28,25.28,100,0
TRINI.US,5,20260423,173500,25.26,25.26,25.26,25.26,375,0
TRINI.US,5,20260423,174000,25.26,25.27,25.25,25.27,1500,0
TRINI.US,5,20260423,181000,25.27,25.29,25.26,25.2888,3744,0
TRINI.US,5,20260423,183500,25.23,25.23,25.23,25.23,415,0
TRINI.US,5,20260423,185000,25.26,25.26,25.26,25.26,200,0
TRINI.US,5,20260423,211500,25.26,25.26,25.26,25.26,200,0
TRINI.US,5,20260423,215500,25.26,25.26,25.26,25.26,300,0
TRINI.US,5,20260424,153000,25.28,25.28,25.28,25.28,200,0
TRINI.US,5,20260424,171000,25.29,25.29,25.29,25.29,100,0
TRINI.US,5,20260424,173500,25.28,25.28,25.28,25.28,2000,0
TRINI.US,5,20260424,174500,25.28,25.3,25.2799,25.3,4865,0
TRINI.US,5,20260424,175500,25.29,25.29,25.29,25.29,100,0
TRINI.US,5,20260424,181000,25.285,25.285,25.285,25.285,150,0
TRINI.US,5,20260424,185500,25.28,25.28,25.28,25.28,100,0
TRINI.US,5,20260424,205500,25.285,25.285,25.285,25.285,200,0
TRINI.US,5,20260424,210000,25.285,25.285,25.27,25.27,1542,0
TRINI.US,5,20260424,212000,25.27,25.27,25.26,25.26,2000,0
TRINI.US,5,20260424,213000,25.27,25.27,25.27,25.27,620,0
TRINI.US,5,20260424,213500,25.275,25.277,25.27,25.27,600,0
TRINI.US,5,20260424,214000,25.28,25.28,25.28,25.28,1000,0
TRINI.US,5,20260424,215000,25.275,25.28,25.275,25.28,200,0
TRINI.US,5,20260427,153000,25.28,25.28,25.28,25.28,402,0
TRINI.US,5,20260427,160000,25.2809,25.2809,25.2809,25.2809,125,0
TRINI.US,5,20260427,161500,25.29,25.3,25.29,25.3,500,0
TRINI.US,5,20260427,163000,25.3,25.3,25.2999,25.3,500,0
TRINI.US,5,20260427,164000,25.3,25.3,25.27,25.27,2358,0
TRINI.US,5,20260427,165500,25.3,25.3,25.3,25.3,300,0
TRINI.US,5,20260427,170000,25.31,25.31,25.3,25.3,800,0
TRINI.US,5,20260427,170500,25.305,25.305,25.3,25.3001,996,0
TRINI.US,5,20260427,174500,25.3,25.3,25.3,25.3,350,0
TRINI.US,5,20260427,182000,25.31,25.31,25.31,25.31,100,0
TRINI.US,5,20260427,184500,25.31,25.31,25.31,25.31,188,0
TRINI.US,5,20260427,194500,25.3,25.3,25.3,25.3,400,0
TRINI.US,5,20260427,195000,25.305,25.305,25.305,25.305,100,0
TRINI.US,5,20260427,200000,25.305,25.305,25.305,25.305,119,0
TRINI.US,5,20260427,201500,25.309,25.309,25.309,25.309,188,0
TRINI.US,5,20260427,202000,25.309,25.309,25.309,25.309,183,0
TRINI.US,5,20260427,215000,25.29,25.29,25.29,25.29,100,0
TRINI.US,5,20260427,215500,25.29,25.29,25.29,25.29,152,0
TRINI.US,5,20260428,153000,25.29,25.29,25.29,25.29,101,0
TRINI.US,5,20260428,162000,25.29,25.29,25.29,25.29,400,0
TRINI.US,5,20260428,164000,25.3,25.3,25.285,25.285,640,0
TRINI.US,5,20260428,165000,25.3,25.3,25.2999,25.2999,1400,0
TRINI.US,5,20260428,171500,25.31,25.31,25.31,25.31,100,0
TRINI.US,5,20260428,191500,25.31,25.31,25.3099,25.3099,1136,0
TRINI.US,5,20260428,193000,25.3099,25.31,25.3099,25.31,200,0
TRINI.US,5,20260428,200000,25.31,25.31,25.305,25.305,200,0
TRINI.US,5,20260428,213000,25.31,25.4,25.3099,25.4,1902,0
TRINI.US,5,20260428,215500,25.32,25.32,25.3198,25.32,790,0
TRINI.US,5,20260429,155500,25.315,25.32,25.315,25.3199,682,0
TRINI.US,5,20260429,165500,25.315,25.32,25.315,25.32,500,0
TRINI.US,5,20260429,170500,25.32,25.32,25.32,25.32,100,0
TRINI.US,5,20260429,175500,25.3199,25.32,25.3199,25.32,852,0
TRINI.US,5,20260429,181000,25.32,25.32,25.3199,25.3199,1000,0
TRINI.US,5,20260429,200000,25.42,25.42,25.36,25.36,200,0
TRINI.US,5,20260429,204500,25.36,25.36,25.36,25.36,100,0
TRINI.US,5,20260429,213000,25.36,25.36,25.36,25.36,100,0
TRINI.US,5,20260429,215500,25.31,25.31,25.31,25.31,100,0
TRINI.US,5,20260430,154000,25.31,25.3101,25.31,25.3101,400,0
TRINI.US,5,20260430,164000,25.31,25.32,25.31,25.3101,400,0
TRINI.US,5,20260430,172000,25.32,25.32,25.31,25.31,1000,0
TRINI.US,5,20260430,173500,25.33,25.33,25.33,25.33,100,0
TRINI.US,5,20260430,182500,25.33,25.34,25.33,25.34,3001,0
TRINI.US,5,20260430,185500,25.34,25.34,25.33,25.33,1391,0
TRINI.US,5,20260430,191000,25.31,25.31,25.31,25.31,400,0
TRINI.US,5,20260430,193000,25.31,25.31,25.31,25.31,275,0
TRINI.US,5,20260430,194500,25.31,25.31,25.31,25.31,1150,0
TRINI.US,5,20260430,195000,25.31,25.32,25.31,25.32,265,0
TRINI.US,5,20260430,200500,25.3399,25.34,25.3399,25.34,790,0
TRINI.US,5,20260501,153000,25.31,25.31,25.31,25.31,600,0
TRINI.US,5,20260501,165000,25.33,25.33,25.33,25.33,200,0
TRINI.US,5,20260501,172000,25.33,25.33,25.33,25.33,500,0
TRINI.US,5,20260501,173500,25.34,25.34,25.34,25.34,100,0
TRINI.US,5,20260501,174000,25.33,25.33,25.33,25.33,300,0
TRINI.US,5,20260501,175000,25.33,25.34,25.33,25.34,500,0
TRINI.US,5,20260501,181500,25.34,25.34,25.34,25.34,100,0
TRINI.US,5,20260501,182000,25.34,25.34,25.34,25.34,100,0
TRINI.US,5,20260501,202500,25.321,25.321,25.321,25.321,100,0
TRINI.US,5,20260501,204500,25.33,25.33,25.33,25.33,100,0
TRINI.US,5,20260501,215000,25.32,25.32,25.32,25.32,100,0
TRINI.US,5,20260501,215500,25.34,25.34,25.34,25.34,195,0
TRINI.US,5,20260504,154000,25.334,25.34,25.33,25.34,1495,0
TRINI.US,5,20260504,160500,25.34,25.34,25.3399,25.3399,1122,0
TRINI.US,5,20260504,161000,25.35,25.35,25.35,25.35,100,0
TRINI.US,5,20260504,164000,25.34,25.3401,25.34,25.34,820,0
TRINI.US,5,20260504,171000,25.35,25.35,25.35,25.35,520,0
TRINI.US,5,20260504,172500,25.34,25.3434,25.34,25.3434,880,0
TRINI.US,5,20260504,173500,25.35,25.35,25.35,25.35,100,0
TRINI.US,5,20260504,175500,25.34,25.34,25.34,25.34,400,0
TRINI.US,5,20260504,180500,25.34,25.34,25.34,25.34,100,0
TRINI.US,5,20260504,182000,25.34,25.34,25.34,25.34,100,0
TRINI.US,5,20260504,190500,25.35,25.35,25.35,25.35,200,0
TRINI.US,5,20260504,191500,25.35,25.35,25.35,25.35,100,0
TRINI.US,5,20260504,192500,25.35,25.35,25.35,25.35,1000,0
TRINI.US,5,20260504,201000,25.35,25.35,25.35,25.35,100,0
TRINI.US,5,20260504,210500,25.3468,25.3468,25.3468,25.3468,200,0
TRINI.US,5,20260504,213000,25.35,25.35,25.3423,25.3423,800,0
TRINI.US,5,20260505,153000,25.4,25.4,25.4,25.4,189,0
TRINI.US,5,20260505,161000,25.345,25.35,25.345,25.35,200,0
TRINI.US,5,20260505,161500,25.345,25.36,25.345,25.36,600,0
TRINI.US,5,20260505,162000,25.345,25.345,25.345,25.345,100,0
TRINI.US,5,20260505,163000,25.36,25.36,25.3599,25.3599,400,0
TRINI.US,5,20260505,164000,25.345,25.345,25.345,25.345,100,0
TRINI.US,5,20260505,165000,25.36,25.36,25.36,25.36,125,0
TRINI.US,5,20260505,172500,25.35,25.35,25.35,25.35,565,0
TRINI.US,5,20260505,183500,25.35,25.35,25.35,25.35,100,0
TRINI.US,5,20260505,201000,25.35,25.35,25.35,25.35,150,0
TRINI.US,5,20260505,205000,25.355,25.355,25.355,25.355,100,0
TRINI.US,5,20260505,211000,25.355,25.355,25.355,25.355,500,0
TRINI.US,5,20260505,214000,25.345,25.3599,25.33,25.33,2624,0
TRINI.US,5,20260506,153000,25.35,25.35,25.35,25.35,250,0
TRINI.US,5,20260506,154500,25.345,25.345,25.345,25.345,585,0
TRINI.US,5,20260506,160500,25.35,25.35,25.34,25.35,415,0
TRINI.US,5,20260506,170000,25.3499,25.3499,25.3499,25.3499,400,0
TRINI.US,5,20260506,170500,25.35,25.35,25.3499,25.3499,200,0
TRINI.US,5,20260506,172000,25.35,25.35,25.35,25.35,400,0
TRINI.US,5,20260506,172500,25.34,25.34,25.34,25.34,100,0
TRINI.US,5,20260506,194000,25.36,25.36,25.3599,25.36,1000,0
TRINI.US,5,20260506,203500,25.35,25.35,25.35,25.35,1000,0
TRINI.US,5,20260506,204500,25.35,25.35,25.35,25.35,400,0
TRINI.US,5,20260506,210000,25.35,25.35,25.35,25.35,100,0
TRINI.US,5,20260506,211500,25.36,25.36,25.36,25.36,100,0
TRINI.US,5,20260507,153000,25.36,25.36,25.36,25.36,161,0
TRINI.US,5,20260507,160000,25.36,25.36,25.36,25.36,100,0
TRINI.US,5,20260507,163000,25.36,25.36,25.36,25.36,994,0
TRINI.US,5,20260507,163500,25.355,25.36,25.355,25.36,1300,0
TRINI.US,5,20260507,164500,25.41,25.41,25.35,25.35,900,0
TRINI.US,5,20260507,171000,25.4,25.4,25.3699,25.37,2193,0
TRINI.US,5,20260507,171500,25.37,25.37,25.37,25.37,100,0
TRINI.US,5,20260507,172500,25.365,25.37,25.365,25.37,780,0
TRINI.US,5,20260507,182000,25.352,25.352,25.352,25.352,166,0
TRINI.US,5,20260507,183000,25.37,25.37,25.37,25.37,100,0
TRINI.US,5,20260507,183500,25.37,25.37,25.37,25.37,100,0
TRINI.US,5,20260507,184000,25.37,25.37,25.37,25.37,200,0
TRINI.US,5,20260507,184500,25.37,25.37,25.37,25.37,200,0
TRINI.US,5,20260507,185000,25.37,25.37,25.37,25.37,200,0
TRINI.US,5,20260507,185500,25.37,25.37,25.37,25.37,200,0
TRINI.US,5,20260507,190000,25.35,25.37,25.35,25.37,500,0
TRINI.US,5,20260507,190500,25.399,25.4,25.399,25.3999,3188,0
TRINI.US,5,20260507,193500,25.375,25.375,25.375,25.375,100,0
TRINI.US,5,20260507,195500,25.37,25.37,25.37,25.37,755,0
TRINI.US,5,20260507,201000,25.38,25.38,25.3799,25.3799,1800,0
TRINI.US,5,20260507,201500,25.38,25.38,25.38,25.38,200,0
TRINI.US,5,20260507,204500,25.38,25.38,25.38,25.38,222,0
TRINI.US,5,20260507,205500,25.38,25.38,25.38,25.38,100,0
TRINI.US,5,20260507,210000,25.38,25.38,25.3799,25.3799,228,0
TRINI.US,5,20260507,211000,25.38,25.38,25.3799,25.3799,1000,0
TRINI.US,5,20260507,215500,25.41,25.45,25.39,25.39,3838,0
TRINI.US,5,20260508,154500,25.39,25.39,25.38,25.38,200,0
TRINI.US,5,20260508,170500,25.389,25.389,25.389,25.389,101,0
TRINI.US,5,20260508,174000,25.39,25.39,25.385,25.385,515,0
TRINI.US,5,20260508,174500,25.385,25.39,25.38,25.39,1428,0
TRINI.US,5,20260508,181000,25.39,25.39,25.39,25.39,100,0
TRINI.US,5,20260508,182000,25.389,25.389,25.389,25.389,200,0
TRINI.US,5,20260508,182500,25.385,25.385,25.385,25.385,119,0
TRINI.US,5,20260508,183500,25.39,25.39,25.39,25.39,100,0
TRINI.US,5,20260508,185000,25.38,25.38,25.38,25.38,125,0
TRINI.US,5,20260508,190000,25.39,25.39,25.39,25.39,400,0
TRINI.US,5,20260508,193000,25.385,25.39,25.3802,25.39,600,0
TRINI.US,5,20260508,193500,25.385,25.385,25.385,25.385,225,0
TRINI.US,5,20260508,194000,25.39,25.39,25.3866,25.3866,1000,0
TRINI.US,5,20260508,201500,25.39,25.39,25.39,25.39,945,0
TRINI.US,5,20260508,212000,25.385,25.385,25.385,25.385,125,0
TRINI.US,5,20260508,213500,25.39,25.39,25.3899,25.3899,348,0
TRINI.US,5,20260508,214000,25.39,25.4,25.38,25.38,4372,0
TRINI.US,5,20260508,214500,25.3999,25.4,25.399,25.4,2200,0
TRINI.US,5,20260508,215000,25.4099,25.41,25.4099,25.4099,2456,0
TRINI.US,5,20260508,215500,25.405,25.405,25.405,25.405,100,0
TRINI.US,5,20260511,153000,25.36,25.36,25.36,25.36,2000,0
TRINI.US,5,20260511,153500,25.416,25.416,25.4,25.4,700,0
TRINI.US,5,20260511,154000,25.37,25.3701,25.37,25.3701,400,0
TRINI.US,5,20260511,160000,25.43,25.43,25.43,25.43,500,0
TRINI.US,5,20260511,161000,25.4,25.4,25.4,25.4,1480,0
TRINI.US,5,20260511,161500,25.4,25.41,25.4,25.41,2383,0
TRINI.US,5,20260511,162000,25.42,25.42,25.42,25.42,925,0
TRINI.US,5,20260511,165000,25.42,25.445,25.4,25.445,2375,0
TRINI.US,5,20260511,170000,25.43,25.43,25.43,25.43,100,0
TRINI.US,5,20260511,172500,25.42,25.42,25.42,25.42,200,0
TRINI.US,5,20260511,175000,25.42,25.42,25.42,25.42,1000,0
TRINI.US,5,20260511,192500,25.43,25.43,25.43,25.43,1000,0
TRINI.US,5,20260511,195500,25.42,25.42,25.42,25.42,864,0
TRINI.US,5,20260511,202000,25.42,25.42,25.4165,25.42,4500,0
TRINI.US,5,20260511,202500,25.42,25.42,25.42,25.42,2000,0
TRINI.US,5,20260511,203000,25.4001,25.4001,25.4,25.4,330,0
TRINI.US,5,20260511,204000,25.4199,25.42,25.4165,25.42,928,0
TRINI.US,5,20260511,215000,25.42,25.4201,25.42,25.4201,200,0
TRINI.US,5,20260512,153000,25.42,25.42,25.42,25.42,1100,0
TRINI.US,5,20260512,154000,25.42,25.4201,25.42,25.4201,600,0
TRINI.US,5,20260512,155000,25.44,25.44,25.43,25.43,759,0
TRINI.US,5,20260512,160000,25.43,25.43,25.43,25.43,108,0
TRINI.US,5,20260512,165000,25.422,25.422,25.422,25.422,1000,0
TRINI.US,5,20260512,173000,25.4399,25.44,25.4399,25.44,422,0
TRINI.US,5,20260512,174000,25.434,25.434,25.434,25.434,315,0
TRINI.US,5,20260512,175500,25.44,25.44,25.44,25.44,200,0
TRINI.US,5,20260512,184000,25.44,25.44,25.4399,25.4399,200,0
TRINI.US,5,20260512,184500,25.433,25.433,25.43,25.43,1000,0
TRINI.US,5,20260512,194000,25.42,25.4234,25.415,25.415,700,0
TRINI.US,5,20260512,194500,25.42,25.42,25.42,25.42,100,0
TRINI.US,5,20260512,210000,25.4299,25.4299,25.4299,25.4299,300,0
TRINI.US,5,20260512,215000,25.415,25.415,25.415,25.415,900,0
TRINI.US,5,20260512,215500,25.415,25.415,25.4,25.4102,4421,0
TRINI.US,5,20260513,154000,25.42,25.42,25.42,25.42,300,0
TRINI.US,5,20260513,154500,25.41,25.41,25.41,25.41,100,0
TRINI.US,5,20260513,161000,25.42,25.42,25.42,25.42,100,0
TRINI.US,5,20260513,164500,25.4,25.4001,25.4,25.4,1464,0
TRINI.US,5,20260513,171000,25.4,25.4,25.3999,25.3999,200,0
TRINI.US,5,20260513,182000,25.38,25.38,25.38,25.38,228,0
TRINI.US,5,20260513,182500,25.38,25.38,25.38,25.38,500,0
TRINI.US,5,20260513,183000,25.39,25.39,25.39,25.39,190,0
TRINI.US,5,20260513,184000,25.38,25.38,25.38,25.38,100,0
TRINI.US,5,20260513,202000,25.39,25.39,25.39,25.39,200,0
TRINI.US,5,20260513,202500,25.4,25.4,25.4,25.4,430,0
TRINI.US,5,20260513,203000,25.3993,25.3993,25.3993,25.3993,100,0
TRINI.US,5,20260513,203500,25.4,25.4,25.3999,25.3999,600,0
TRINI.US,5,20260513,204500,25.39,25.39,25.39,25.39,125,0
TRINI.US,5,20260513,210000,25.38,25.4,25.38,25.4,537,0
TRINI.US,5,20260514,171000,25.41,25.41,25.41,25.41,800,0
TRINI.US,5,20260514,180500,25.44,25.44,25.44,25.44,1033,0
TRINI.US,5,20260514,183000,25.44,25.44,25.44,25.44,827,0
TRINI.US,5,20260514,184500,25.475,25.475,25.475,25.475,200,0
TRINI.US,5,20260514,185000,25.4701,25.4701,25.47,25.47,1000,0
TRINI.US,5,20260514,194500,25.44,25.44,25.44,25.44,254,0
TRINI.US,5,20260514,204000,25.44,25.4401,25.44,25.4401,200,0
TRINI.US,5,20260514,210000,25.4001,25.42,25.4,25.42,920,0
TRINI.US,5,20260514,215500,25.45,25.45,25.45,25.45,300,0
TRINI.US,5,20260515,153000,25.45,25.45,25.45,25.45,203,0
TRINI.US,5,20260515,154000,25.4,25.4001,25.4,25.4001,200,0
TRINI.US,5,20260515,162000,25.4,25.425,25.4,25.425,370,0
TRINI.US,5,20260515,163000,25.4,25.4,25.4,25.4,229,0
TRINI.US,5,20260515,193000,25.4,25.4,25.4,25.4,300,0
TRINI.US,5,20260515,193500,25.44,25.44,25.44,25.44,100,0
TRINI.US,5,20260515,201500,25.44,25.44,25.44,25.44,177,0
TRINI.US,5,20260515,203500,25.44,25.44,25.44,25.44,291,0
TRINI.US,5,20260515,204500,25.4,25.4001,25.4,25.4001,200,0
TRINI.US,5,20260515,212500,25.45,25.45,25.45,25.45,1000,0
TRINI.US,5,20260515,215500,25.45,25.45,25.45,25.45,100,0
TRINI.US,5,20260518,170500,25.401,25.4011,25.401,25.4011,200,0
TRINI.US,5,20260518,175500,25.4,25.425,25.4,25.425,1293,0
TRINI.US,5,20260518,180500,25.401,25.4011,25.401,25.4011,320,0
TRINI.US,5,20260518,181000,25.4001,25.4001,25.4,25.4,645,0
TRINI.US,5,20260518,183000,25.405,25.405,25.3701,25.405,800,0
TRINI.US,5,20260518,205500,25.41,25.41,25.41,25.41,682,0
TRINI.US,5,20260518,215500,25.41,25.41,25.41,25.41,266,0
TRINI.US,5,20260519,153000,25.43,25.43,25.43,25.43,157,0
TRINI.US,5,20260519,154000,25.43,25.43,25.43,25.43,397,0
TRINI.US,5,20260519,154500,25.4499,25.4499,25.4499,25.4499,603,0
TRINI.US,5,20260519,162000,25.41,25.41,25.41,25.41,200,0
TRINI.US,5,20260519,164000,25.41,25.43,25.41,25.43,1061,0
TRINI.US,5,20260519,185000,25.41,25.41,25.41,25.41,100,0
TRINI.US,5,20260519,190500,25.371,25.3711,25.371,25.3711,1200,0
TRINI.US,5,20260519,201500,25.42,25.42,25.3901,25.4,2439,0
TRINI.US,5,20260520,164500,25.44,25.44,25.44,25.44,200,0
TRINI.US,5,20260520,170000,25.44,25.44,25.44,25.44,200,0
TRINI.US,5,20260520,170500,25.45,25.4799,25.44,25.4799,600,0
TRINI.US,5,20260520,173000,25.45,25.45,25.45,25.45,355,0
TRINI.US,5,20260520,180500,25.45,25.45,25.45,25.45,2000,0
TRINI.US,5,20260520,183500,25.42,25.42,25.42,25.42,100,0
TRINI.US,5,20260520,191500,25.44,25.45,25.44,25.44,970,0
TRINI.US,5,20260520,195000,25.44,25.44,25.44,25.44,200,0
TRINI.US,5,20260520,202500,25.44,25.44,25.4377,25.4377,900,0
TRINI.US,5,20260520,205500,25.42,25.4201,25.42,25.4201,1400,0
TRINI.US,5,20260520,210000,25.44,25.44,25.44,25.44,500,0
TRINI.US,5,20260520,215500,25.44,25.44,25.44,25.44,126,0
TRINI.US,5,20260521,165000,25.38,25.38,25.37,25.37,200,0
TRINI.US,5,20260521,171500,25.4,25.4,25.4,25.4,100,0
TRINI.US,5,20260521,183000,25.39,25.39,25.39,25.39,100,0
TRINI.US,5,20260521,193000,25.425,25.425,25.425,25.425,200,0
TRINI.US,5,20260522,160500,25.4,25.4,25.4,25.4,550,0
TRINI.US,5,20260522,173000,25.4,25.4,25.4,25.4,100,0
TRINI.US,5,20260522,183000,25.44,25.44,25.4,25.4001,610,0
TRINI.US,5,20260522,184000,25.4,25.4,25.4,25.4,205,0
TRINI.US,5,20260522,184500,25.435,25.435,25.435,25.435,680,0
TRINI.US,5,20260526,153000,25.38,25.38,25.38,25.38,120,0
TRINI.US,5,20260526,153500,25.39,25.39,25.39,25.39,300,0
TRINI.US,5,20260526,155000,25.4,25.4,25.4,25.4,100,0
TRINI.US,5,20260526,155500,25.4,25.4001,25.4,25.4,1445,0
TRINI.US,5,20260526,161000,25.435,25.435,25.435,25.435,1000,0
TRINI.US,5,20260526,163500,25.39,25.39,25.39,25.39,200,0
TRINI.US,5,20260526,164500,25.4,25.4,25.4,25.4,455,0
TRINI.US,5,20260526,170000,25.4,25.4,25.4,25.4,100,0
TRINI.US,5,20260526,173000,25.4699,25.4699,25.4699,25.4699,145,0
TRINI.US,5,20260526,193500,25.435,25.435,25.435,25.435,157,0
TRINI.US,5,20260526,194000,25.41,25.435,25.41,25.435,569,0
TRINI.US,5,20260526,195500,25.435,25.435,25.435,25.435,1000,0
TRINI.US,5,20260526,202000,25.4,25.4,25.4,25.4,100,0
TRINI.US,5,20260526,210000,25.41,25.41,25.41,25.41,600,0
TRINI.US,5,20260526,213500,25.41,25.41,25.41,25.41,100,0
TRINI.US,5,20260526,215000,25.41,25.41,25.41,25.41,100,0
TRINI.US,5,20260526,215500,25.41,25.43,25.41,25.43,252,0
TRINI.US,5,20260527,173500,25.39,25.39,25.39,25.39,471,0
TRINI.US,5,20260527,190000,25.39,25.41,25.38,25.41,2201,0
TRINI.US,5,20260527,190500,25.41,25.41,25.41,25.41,400,0
TRINI.US,5,20260527,194500,25.38,25.39,25.36,25.36,4247,0
TRINI.US,5,20260527,200500,25.41,25.41,25.41,25.41,100,0
TRINI.US,5,20260527,203500,25.38,25.38,25.38,25.38,300,0
TRINI.US,5,20260527,215500,25.37,25.37,25.37,25.37,400,0
TRINI.US,5,20260528,153000,25.36,25.36,25.36,25.36,180,0
TRINI.US,5,20260528,154500,25.405,25.405,25.405,25.405,100,0
TRINI.US,5,20260528,162500,25.4101,25.4101,25.41,25.41,639,0
TRINI.US,5,20260528,163500,25.41,25.41,25.41,25.41,112,0
TRINI.US,5,20260528,164500,25.41,25.41,25.41,25.41,388,0
TRINI.US,5,20260528,170500,25.41,25.41,25.41,25.41,125,0
TRINI.US,5,20260528,171500,25.41,25.42,25.41,25.42,200,0
TRINI.US,5,20260528,172500,25.41,25.41,25.41,25.41,300,0
TRINI.US,5,20260528,173000,25.41,25.41,25.41,25.41,100,0
TRINI.US,5,20260528,185500,25.39,25.39,25.39,25.39,100,0
TRINI.US,5,20260528,211000,25.4,25.4,25.4,25.4,100,0
TRINI.US,5,20260528,214500,25.41,25.41,25.4,25.41,665,0
TRINI.US,5,20260528,215000,25.41,25.41,25.408,25.41,1600,0
TRINI.US,5,20260528,215500,25.41,25.42,25.408,25.42,3900,0
TRINI.US,5,20260529,153500,25.4,25.4,25.4,25.4,300,0
TRINI.US,5,20260529,182000,25.4011,25.4012,25.4011,25.4012,2400,0
TRINI.US,5,20260529,190500,25.4399,25.4399,25.4399,25.4399,250,0
TRINI.US,5,20260529,201000,25.4,25.4,25.4,25.4,100,0
TRINI.US,5,20260529,202000,25.4,25.4,25.4,25.4,100,0
TRINI.US,5,20260529,203000,25.4,25.4,25.4,25.4,100,0
TRINI.US,5,20260529,204000,25.4,25.4,25.4,25.4,100,0
TRINI.US,5,20260529,205000,25.4,25.4,25.4,25.4,100,0
TRINI.US,5,20260529,210000,25.4,25.4,25.4,25.4,100,0
TRINI.US,5,20260529,213500,25.4,25.4,25.4,25.4,100,0
TRINI.US,5,20260529,214500,25.42,25.42,25.4,25.4,492,0
TRINI.US,5,20260529,215000,25.4,25.4,25.4,25.4,1000,0
TRINI.US,5,20260529,215500,25.4,25.41,25.38,25.38,4495,0
TRINI.US,5,20260601,153500,25.41,25.41,25.41,25.41,100,0
TRINI.US,5,20260601,154500,25.38,25.42,25.38,25.42,2000,0
TRINI.US,5,20260601,161000,25.42,25.42,25.405,25.405,361,0
TRINI.US,5,20260601,161500,25.4299,25.4499,25.4199,25.4499,894,0
TRINI.US,5,20260601,170000,25.43,25.44,25.43,25.44,1000,0
TRINI.US,5,20260601,173500,25.42,25.43,25.42,25.4252,300,0
TRINI.US,5,20260601,182500,25.42,25.42,25.42,25.42,400,0
TRINI.US,5,20260601,185000,25.43,25.43,25.42,25.42,268,0
TRINI.US,5,20260601,185500,25.42,25.42,25.42,25.42,100,0
TRINI.US,5,20260601,201500,25.42,25.43,25.42,25.43,537,0
TRINI.US,5,20260601,202000,25.43,25.43,25.42,25.4252,1100,0
TRINI.US,5,20260601,204500,25.44,25.44,25.44,25.44,1600,0
TRINI.US,5,20260601,213500,25.43,25.43,25.43,25.43,564,0
TRINI.US,5,20260601,215500,25.43,25.43,25.43,25.43,125,0
TRINI.US,5,20260602,154500,25.435,25.435,25.435,25.435,1975,0
TRINI.US,5,20260602,162500,25.45,25.45,25.45,25.45,100,0
TRINI.US,5,20260602,163000,25.455,25.455,25.455,25.455,350,0
TRINI.US,5,20260602,174500,25.43,25.455,25.39,25.39,1399,0
TRINI.US,5,20260602,200000,25.48,25.48,25.48,25.48,1400,0
TRINI.US,5,20260603,155500,25.42,25.42,25.42,25.42,171,0
TRINI.US,5,20260603,160000,25.43,25.43,25.43,25.43,155,0
TRINI.US,5,20260603,160500,25.42,25.42,25.42,25.42,140,0
TRINI.US,5,20260603,163000,25.44,25.44,25.44,25.44,355,0
TRINI.US,5,20260603,163500,25.47,25.47,25.47,25.47,500,0
TRINI.US,5,20260603,164000,25.44,25.4444,25.44,25.4444,750,0
TRINI.US,5,20260603,165000,25.44,25.44,25.44,25.44,337,0
TRINI.US,5,20260603,185500,25.42,25.42,25.42,25.42,265,0
TRINI.US,5,20260603,191000,25.44,25.44,25.44,25.44,140,0
TRINI.US,5,20260603,194000,25.44,25.44,25.44,25.44,400,0
TRINI.US,5,20260603,195000,25.44,25.44,25.44,25.44,400,0
TRINI.US,5,20260603,195500,25.45,25.45,25.45,25.45,100,0
TRINI.US,5,20260603,201000,25.44,25.44,25.4011,25.4012,1770,0
TRINI.US,5,20260604,160500,25.44,25.44,25.44,25.44,590,0
TRINI.US,5,20260604,164000,25.425,25.425,25.425,25.425,400,0
TRINI.US,5,20260604,170000,25.43,25.43,25.43,25.43,593,0
TRINI.US,5,20260604,173000,25.43,25.43,25.43,25.43,100,0
TRINI.US,5,20260604,174000,25.45,25.45,25.45,25.45,300,0
TRINI.US,5,20260604,174500,25.44,25.44,25.44,25.44,300,0
TRINI.US,5,20260604,180500,25.44,25.4501,25.44,25.45,1296,0
TRINI.US,5,20260604,181000,25.45,25.45,25.45,25.45,400,0
TRINI.US,5,20260604,194500,25.43,25.43,25.41,25.41,2605,0
TRINI.US,5,20260604,210000,25.42,25.42,25.41,25.41,1096,0
TRINI.US,5,20260604,211000,25.44,25.44,25.44,25.44,200,0
TRINI.US,5,20260604,211500,25.4399,25.44,25.4399,25.44,400,0
TRINI.US,5,20260605,153500,25.44,25.44,25.44,25.44,200,0
TRINI.US,5,20260605,171500,25.4557,25.4557,25.4557,25.4557,330,0
TRINI.US,5,20260605,181000,25.43,25.43,25.43,25.43,200,0
TRINI.US,5,20260605,204000,25.41,25.4101,25.4,25.4,724,0
TRINI.US,5,20260605,213000,25.4,25.42,25.4,25.42,400,0
TRINI.US,5,20260608,153000,25.45,25.45,25.43,25.43,209,0
TRINI.US,5,20260608,160500,25.4499,25.45,25.4499,25.45,300,0
TRINI.US,5,20260608,161000,25.45,25.45,25.45,25.45,350,0
TRINI.US,5,20260608,163000,25.445,25.445,25.445,25.445,200,0
TRINI.US,5,20260608,164000,25.45,25.45,25.45,25.45,100,0
TRINI.US,5,20260608,175000,25.445,25.445,25.445,25.445,100,0
TRINI.US,5,20260608,175500,25.42,25.42,25.42,25.42,100,0
TRINI.US,5,20260608,195500,25.445,25.445,25.445,25.445,300,0
TRINI.US,5,20260608,205000,25.45,25.45,25.45,25.45,196,0
TRINI.US,5,20260608,210500,25.42,25.42,25.42,25.42,800,0
TRINI.US,5,20260608,211000,25.445,25.445,25.445,25.445,353,0
TRINI.US,5,20260609,161500,25.435,25.435,25.435,25.435,800,0
TRINI.US,5,20260610,155000,25.445,25.445,25.445,25.445,500,0
TRINI.US,5,20260610,162000,25.42,25.4201,25.42,25.4201,280,0
TRINI.US,5,20260610,162500,25.435,25.45,25.435,25.45,660,0
TRINI.US,5,20260610,165500,25.42,25.42,25.42,25.42,900,0
TRINI.US,5,20260610,170000,25.42,25.42,25.42,25.42,100,0
TRINI.US,5,20260610,172000,25.41,25.41,25.41,25.41,1199,0
TRINI.US,5,20260610,172500,25.44,25.44,25.44,25.44,392,0
TRINI.US,5,20260610,174000,25.42,25.42,25.42,25.42,131,0
TRINI.US,5,20260610,174500,25.44,25.44,25.44,25.44,100,0
TRINI.US,5,20260610,175500,25.41,25.4299,25.41,25.42,350,0
TRINI.US,5,20260610,192500,25.435,25.435,25.42,25.42,2114,0
TRINI.US,5,20260610,200000,25.42,25.42,25.42,25.42,196,0
TRINI.US,5,20260610,200500,25.4001,25.4001,25.4001,25.4001,119,0
TRINI.US,5,20260610,213000,25.42,25.42,25.42,25.42,216,0
TRINI.US,5,20260610,215500,25.42,25.42,25.42,25.42,103,0
TRINI.US,5,20260611,153000,25.49,25.49,25.445,25.445,1055,0
TRINI.US,5,20260611,165000,25.4001,25.4001,25.4,25.4,3653,0
TRINI.US,5,20260611,170000,25.39,25.39,25.39,25.39,282,0
TRINI.US,5,20260611,171000,25.4,25.4,25.4,25.4,100,0
TRINI.US,5,20260611,171500,25.4,25.4,25.4,25.4,800,0
TRINI.US,5,20260611,172000,25.4,25.435,25.4,25.435,300,0
TRINI.US,5,20260611,172500,25.435,25.435,25.435,25.435,417,0
TRINI.US,5,20260611,192500,25.43,25.43,25.43,25.43,100,0
TRINI.US,5,20260611,193500,25.435,25.435,25.4,25.4,1882,0
TRINI.US,5,20260611,194000,25.41,25.41,25.41,25.41,2000,0
TRINI.US,5,20260611,204500,25.44,25.44,25.41,25.42,2087,0
TRINI.US,5,20260611,205000,25.43,25.43,25.43,25.43,702,0
TRINI.US,5,20260611,205500,25.43,25.43,25.43,25.43,118,0
TRINI.US,5,20260612,153000,25.45,25.45,25.45,25.45,100,0
TRINI.US,5,20260612,162000,25.42,25.42,25.42,25.42,1075,0
TRINI.US,5,20260612,162500,25.42,25.42,25.42,25.42,653,0
TRINI.US,5,20260612,164000,25.42,25.43,25.42,25.43,1154,0
TRINI.US,5,20260612,171000,25.43,25.43,25.425,25.425,400,0
TRINI.US,5,20260612,175000,25.42,25.42,25.415,25.415,1325,0
TRINI.US,5,20260612,181000,25.43,25.43,25.41,25.41,214,0
TRINI.US,5,20260612,183000,25.4101,25.4101,25.4101,25.4101,150,0
TRINI.US,5,20260612,183500,25.43,25.43,25.43,25.43,500,0
TRINI.US,5,20260612,190000,25.43,25.43,25.43,25.43,230,0
TRINI.US,5,20260612,193500,25.43,25.43,25.43,25.43,500,0
TRINI.US,5,20260612,203000,25.4499,25.4499,25.4499,25.4499,200,0
TRINI.US,5,20260612,210000,25.43,25.43,25.43,25.43,1100,0
TRINI.US,5,20260612,213000,25.42,25.4246,25.42,25.4246,1800,0
TRINI.US,5,20260612,215000,25.4399,25.44,25.435,25.435,2200,0
TRINI.US,5,20260612,215500,25.44,25.44,25.435,25.44,1218,0
TRINI.US,5,20260615,153000,25.08,25.08,25.08,25.08,1004,0
TRINI.US,5,20260615,153500,25.15,25.15,25.15,25.15,100,0
TRINI.US,5,20260615,155000,25.1399,25.1399,25.1399,25.1399,515,0
TRINI.US,5,20260615,155500,25.04,25.04,25.03,25.03,3000,0
TRINI.US,5,20260615,162500,25.13,25.13,25.08,25.08,300,0
TRINI.US,5,20260615,163500,25.07,25.07,25.07,25.07,200,0
TRINI.US,5,20260615,164500,25.045,25.06,25.045,25.0599,582,0
TRINI.US,5,20260615,165000,25.06,25.06,25.06,25.06,775,0
TRINI.US,5,20260615,171000,25.09,25.09,25.09,25.09,100,0
TRINI.US,5,20260615,171500,25.1,25.1,25.1,25.1,298,0
TRINI.US,5,20260615,172000,25.1,25.1,25.09,25.09,200,0
TRINI.US,5,20260615,174000,25.0901,25.0901,25.0901,25.0901,416,0
TRINI.US,5,20260615,174500,25.1,25.1,25.1,25.1,300,0
TRINI.US,5,20260615,175000,25.105,25.105,25.07,25.0901,2854,0
TRINI.US,5,20260615,175500,25.1,25.1,25.09,25.09,200,0
TRINI.US,5,20260615,180500,25.09,25.09,25.09,25.09,188,0
TRINI.US,5,20260615,181500,25.08,25.08,25.07,25.07,469,0
TRINI.US,5,20260615,182500,25.06,25.0601,25.06,25.0601,600,0
TRINI.US,5,20260615,183500,25.0765,25.0765,25.0765,25.0765,300,0
TRINI.US,5,20260615,185000,25.07,25.07,25.07,25.07,108,0
TRINI.US,5,20260615,192000,25.07,25.07,25.045,25.045,2974,0
TRINI.US,5,20260615,192500,25.0599,25.06,25.05,25.0599,900,0
TRINI.US,5,20260615,193000,25.06,25.07,25.06,25.0699,420,0
TRINI.US,5,20260615,195000,25.07,25.0701,25.07,25.0701,1194,0
TRINI.US,5,20260615,195500,25.08,25.08,25.08,25.08,1151,0
TRINI.US,5,20260615,200500,25.08,25.08,25.08,25.08,200,0
TRINI.US,5,20260615,201000,25.08,25.09,25.08,25.09,2594,0
TRINI.US,5,20260615,202000,25.12,25.12,25.12,25.12,400,0
TRINI.US,5,20260615,203500,25.1017,25.1017,25.1017,25.1017,100,0
TRINI.US,5,20260615,204000,25.155,25.155,25.155,25.155,192,0
TRINI.US,5,20260615,204500,25.18,25.19,25.06,25.06,4904,0
TRINI.US,5,20260615,205000,25.1301,25.1501,25.09,25.09,2571,0
TRINI.US,5,20260615,211000,25.12,25.175,25.12,25.144,2188,0
TRINI.US,5,20260615,211500,25.09,25.14,25.0801,25.09,1992,0
TRINI.US,5,20260615,215000,25.09,25.09,25.09,25.09,200,0
TRINI.US,5,20260615,215500,25.09,25.09,25.09,25.09,122,0
TRINI.US,5,20260616,153500,25.135,25.135,25.135,25.135,200,0
TRINI.US,5,20260616,154500,25.12,25.12,25.12,25.12,100,0
TRINI.US,5,20260616,160500,25.14,25.14,25.115,25.1399,400,0
TRINI.US,5,20260616,163000,25.115,25.115,25.115,25.115,100,0
TRINI.US,5,20260616,171500,25.1165,25.1165,25.1165,25.1165,573,0
TRINI.US,5,20260616,172500,25.101,25.1011,25.101,25.1011,496,0
TRINI.US,5,20260616,174000,25.1299,25.1299,25.1299,25.1299,200,0
TRINI.US,5,20260616,183000,25.1,25.1,25.09,25.0901,1837,0
TRINI.US,5,20260616,191500,25.095,25.095,25.095,25.095,460,0
TRINI.US,5,20260616,192000,25.095,25.095,25.095,25.095,1000,0
TRINI.US,5,20260616,193500,25.13,25.13,25.13,25.13,435,0
TRINI.US,5,20260616,194500,25.095,25.095,25.095,25.095,500,0
TRINI.US,5,20260616,195000,25.1,25.1,25.1,25.1,500,0
TRINI.US,5,20260616,195500,25.1,25.13,25.1,25.13,1135,0
TRINI.US,5,20260616,200500,25.1,25.1,25.1,25.1,2000,0
TRINI.US,5,20260616,201500,25.1,25.1,25.1,25.1,101,0
TRINI.US,5,20260616,203500,25.11,25.11,25.11,25.11,400,0
TRINI.US,5,20260616,204500,25.1,25.1099,25.1,25.1099,1532,0
TRINI.US,5,20260616,205000,25.1099,25.11,25.105,25.105,1700,0
TRINI.US,5,20260616,205500,25.11,25.11,25.11,25.11,100,0
TRINI.US,5,20260616,210000,25.1,25.11,25.1,25.11,900,0
TRINI.US,5,20260616,213500,25.105,25.105,25.105,25.105,400,0
TRINI.US,5,20260616,214000,25.1001,25.1001,25.1,25.1,550,0
TRINI.US,5,20260616,214500,25.115,25.13,25.115,25.13,400,0
TRINI.US,5,20260616,215000,25.13,25.13,25.13,25.13,100,0
TRINI.US,5,20260617,154000,25.1399,25.1399,25.1399,25.1399,100,0
TRINI.US,5,20260617,155500,25.12,25.12,25.12,25.12,100,0
TRINI.US,5,20260617,160000,25.12,25.12,25.12,25.12,800,0
TRINI.US,5,20260617,163000,25.14,25.17,25.1399,25.15,2645,0
TRINI.US,5,20260617,165000,25.15,25.15,25.15,25.15,100,0
TRINI.US,5,20260617,165500,25.17,25.17,25.17,25.17,100,0
TRINI.US,5,20260617,182500,25.1501,25.1501,25.1501,25.1501,100,0
TRINI.US,5,20260617,192500,25.1508,25.1508,25.1508,25.1508,119,0
TRINI.US,5,20260617,194500,25.15,25.15,25.15,25.15,200,0
TRINI.US,5,20260617,195500,25.15,25.15,25.15,25.15,200,0
TRINI.US,5,20260617,200500,25.15,25.15,25.15,25.15,100,0
TRINI.US,5,20260617,202000,25.1601,25.1601,25.1601,25.1601,100,0
TRINI.US,5,20260617,210000,25.165,25.17,25.16,25.16,556,0
TRINI.US,5,20260618,153000,25.15,25.15,25.15,25.15,500,0
TRINI.US,5,20260618,154500,25.1498,25.1498,25.1498,25.1498,474,0
TRINI.US,5,20260618,162000,25.15,25.15,25.15,25.15,100,0
TRINI.US,5,20260618,164000,25.15,25.15,25.15,25.15,600,0
TRINI.US,5,20260618,164500,25.15,25.15,25.1499,25.1499,400,0
TRINI.US,5,20260618,165500,25.15,25.15,25.15,25.15,200,0
TRINI.US,5,20260618,170000,25.15,25.15,25.15,25.15,100,0
TRINI.US,5,20260618,180500,25.165,25.165,25.165,25.165,1000,0
TRINI.US,5,20260618,182500,25.169,25.17,25.169,25.17,451,0
TRINI.US,5,20260618,191500,25.22,25.22,25.22,25.22,100,0
TRINI.US,5,20260618,193000,25.1804,25.225,25.1804,25.225,352,0
TRINI.US,5,20260618,193500,25.19,25.19,25.19,25.19,100,0
TRINI.US,5,20260618,200500,25.235,25.235,25.2,25.2001,300,0
TRINI.US,5,20260618,201000,25.235,25.235,25.235,25.235,200,0
TRINI.US,5,20260618,201500,25.235,25.235,25.2,25.2001,400,0
TRINI.US,5,20260618,202500,25.2,25.235,25.2,25.2001,1200,0
TRINI.US,5,20260618,203500,25.21,25.235,25.201,25.235,1000,0
TRINI.US,5,20260618,205500,25.225,25.225,25.225,25.225,200,0
TRINI.US,5,20260618,211000,25.2,25.2,25.2,25.2,100,0
TRINI.US,5,20260618,214500,25.211,25.2111,25.211,25.2111,4824,0
TRINI.US,5,20260618,215000,25.24,25.27,25.24,25.27,1491,0
TRINI.US,5,20260618,215500,25.21,25.21,25.21,25.21,193,0
TRINI.US,5,20260622,153000,25.19,25.19,25.19,25.19,264,0
TRINI.US,5,20260622,164000,25.19,25.1901,25.19,25.1901,500,0
TRINI.US,5,20260622,164500,25.19,25.19,25.19,25.19,100,0
TRINI.US,5,20260622,165000,25.19,25.19,25.19,25.19,400,0
TRINI.US,5,20260622,170500,25.22,25.22,25.19,25.22,891,0
TRINI.US,5,20260622,171000,25.22,25.2201,25.2,25.22,2290,0
TRINI.US,5,20260622,171500,25.22,25.22,25.22,25.22,595,0
TRINI.US,5,20260622,180000,25.24,25.24,25.24,25.24,1189,0
TRINI.US,5,20260622,193000,25.2001,25.201,25.2001,25.201,300,0
TRINI.US,5,20260622,195000,25.19,25.19,25.19,25.19,100,0
TRINI.US,5,20260622,201000,25.2001,25.2001,25.19,25.2,821,0
TRINI.US,5,20260622,204500,25.2,25.2,25.15,25.15,1200,0
TRINI.US,5,20260622,205000,25.21,25.21,25.21,25.21,246,0
TRINI.US,5,20260622,210000,25.18,25.18,25.18,25.18,267,0
TRINI.US,5,20260622,215500,25.21,25.21,25.18,25.18,550,0
