<TICKER>,<PER>,<DATE>,<TIME>,<OPEN>,<HIGH>,<LOW>,<CLOSE>,<VOL>,<OPENINT>
UTMD.US,5,20260126,160500,61.16,61.17,61.16,61.17,400,0
UTMD.US,5,20260126,162500,61.17,61.17,61.17,61.17,100,0
UTMD.US,5,20260126,164000,61.09,61.09,61.09,61.09,563,0
UTMD.US,5,20260126,164500,61.02,61.22,60.93,61.22,1352,0
UTMD.US,5,20260126,165000,61.16,61.23,61.16,61.21,500,0
UTMD.US,5,20260126,170000,61.23,61.23,61.15,61.15,700,0
UTMD.US,5,20260126,171000,61.15,61.34,61.15,61.34,800,0
UTMD.US,5,20260126,172000,61.34,61.34,61.34,61.34,100,0
UTMD.US,5,20260126,172500,61.22,61.22,61.22,61.22,500,0
UTMD.US,5,20260126,180500,61.72,61.72,61.72,61.72,100,0
UTMD.US,5,20260126,181000,61.45,61.45,61.28,61.28,200,0
UTMD.US,5,20260126,181500,61.45,61.45,61.45,61.45,110,0
UTMD.US,5,20260126,184500,61.28,61.28,61.28,61.28,100,0
UTMD.US,5,20260126,201500,61.33,61.33,61.33,61.33,100,0
UTMD.US,5,20260126,202500,61.88,61.88,61.88,61.88,103,0
UTMD.US,5,20260126,204500,62.51,62.51,62.51,62.51,100,0
UTMD.US,5,20260126,211500,62.67,62.67,62.67,62.67,100,0
UTMD.US,5,20260126,212000,62.6,62.6,62.6,62.6,100,0
UTMD.US,5,20260126,212500,62.62,62.62,62.62,62.62,100,0
UTMD.US,5,20260126,213500,62.95,62.95,62.95,62.95,100,0
UTMD.US,5,20260126,214500,62.425,62.8,62.425,62.8,200,0
UTMD.US,5,20260126,215000,62.81,62.88,62.81,62.88,200,0
UTMD.US,5,20260126,215500,62.88,62.88,62.47,62.47,2859,0
UTMD.US,5,20260127,153000,62.2,62.2,62.2,62.2,127,0
UTMD.US,5,20260127,174000,61.73,61.73,61.73,61.73,100,0
UTMD.US,5,20260127,181500,61.77,61.77,61.77,61.77,100,0
UTMD.US,5,20260127,184000,61.7016,61.7016,61.7016,61.7016,115,0
UTMD.US,5,20260127,190000,61.84,61.84,61.795,61.795,2900,0
UTMD.US,5,20260127,190500,61.795,61.99,61.72,61.72,2200,0
UTMD.US,5,20260127,192500,62.5,62.5,62.5,62.5,103,0
UTMD.US,5,20260127,195500,62.5,62.5,62.5,62.5,100,0
UTMD.US,5,20260127,211000,62.78,62.78,62.78,62.78,100,0
UTMD.US,5,20260127,211500,61.9895,61.9895,61.9895,61.9895,102,0
UTMD.US,5,20260127,215000,62.96,62.96,62.71,62.71,684,0
UTMD.US,5,20260127,215500,63.04,63.38,62.62,62.865,1710,0
UTMD.US,5,20260128,160500,62.925,62.925,62.925,62.925,500,0
UTMD.US,5,20260128,161000,63.58,63.58,63.58,63.58,100,0
UTMD.US,5,20260128,162000,63.58,63.58,63.58,63.58,100,0
UTMD.US,5,20260128,162500,63.29,63.29,63.29,63.29,100,0
UTMD.US,5,20260128,163500,64,64,64,64,100,0
UTMD.US,5,20260128,172000,62.68,62.68,62.68,62.68,100,0
UTMD.US,5,20260128,211000,61.83,61.83,61.83,61.83,103,0
UTMD.US,5,20260128,215000,60.99,60.99,60.99,60.99,100,0
UTMD.US,5,20260128,215500,60.6,60.6,60.3,60.3,600,0
UTMD.US,5,20260129,153000,60.31,60.31,60.31,60.31,113,0
UTMD.US,5,20260129,161000,61.365,61.365,61.365,61.365,100,0
UTMD.US,5,20260129,174500,60.8,60.8,60.8,60.8,955,0
UTMD.US,5,20260129,181500,60.614608,60.614608,60.614608,60.614608,123,0
UTMD.US,5,20260129,194000,60.81,60.81,60.81,60.81,100,0
UTMD.US,5,20260129,201000,60.84,60.84,60.84,60.84,100,0
UTMD.US,5,20260129,212500,61.36,61.71,61.36,61.71,411,0
UTMD.US,5,20260129,214000,61,61,61,61,200,0
UTMD.US,5,20260129,214500,61.89,61.89,61.89,61.89,100,0
UTMD.US,5,20260129,215000,61.62,61.62,61.2,61.2,585,0
UTMD.US,5,20260129,215500,61.27,61.27,61.03,61.03,1201,0
UTMD.US,5,20260130,153000,61.01,61.01,61.01,61.01,228,0
UTMD.US,5,20260130,155500,61.98,62,61.975,62,946,0
UTMD.US,5,20260130,160000,61.08,61.08,60.78,60.78,293,0
UTMD.US,5,20260130,172000,60.61,60.61,60.61,60.61,200,0
UTMD.US,5,20260130,172500,60.355,60.355,60.155,60.155,200,0
UTMD.US,5,20260130,180000,60.36,60.36,60.36,60.36,100,0
UTMD.US,5,20260130,183500,60.74,60.82,60.74,60.82,200,0
UTMD.US,5,20260130,185500,60.78,60.78,60.78,60.78,115,0
UTMD.US,5,20260130,191500,61.1513,61.37,61.1474,61.2987,699,0
UTMD.US,5,20260130,194500,61.27,61.27,61.27,61.27,100,0
UTMD.US,5,20260130,195500,61.16,61.21,61.16,61.21,200,0
UTMD.US,5,20260130,200500,61.53,61.53,61.52,61.52,200,0
UTMD.US,5,20260130,203500,61.215,61.215,61.215,61.215,100,0
UTMD.US,5,20260130,214000,60.93,61.21,60.93,61.21,300,0
UTMD.US,5,20260130,215000,60.955,60.955,60.955,60.955,100,0
UTMD.US,5,20260130,215500,61.1,61.1,61.07,61.07,200,0
UTMD.US,5,20260202,165000,62.12,62.12,62.12,62.12,200,0
UTMD.US,5,20260202,173000,62.1,62.1,62.1,62.1,175,0
UTMD.US,5,20260202,175000,61.09,61.13,61.09,61.13,200,0
UTMD.US,5,20260202,192500,61.19,61.19,61.19,61.19,121,0
UTMD.US,5,20260202,200500,61.55,61.55,61.55,61.55,288,0
UTMD.US,5,20260202,201500,61.485,61.485,61.485,61.485,100,0
UTMD.US,5,20260202,202000,61.54,61.54,61.54,61.54,100,0
UTMD.US,5,20260202,203000,61.7,61.7,61.65,61.65,200,0
UTMD.US,5,20260202,203500,61.715,61.715,61.47,61.6,508,0
UTMD.US,5,20260202,210500,61.515,61.515,61.515,61.515,100,0
UTMD.US,5,20260202,214000,61.52,61.52,61.52,61.52,100,0
UTMD.US,5,20260202,215000,61.625,61.625,61.625,61.625,100,0
UTMD.US,5,20260202,215500,61.73,61.76,61.73,61.76,1397,0
UTMD.US,5,20260203,153500,61.06,61.6319,61.06,61.6319,400,0
UTMD.US,5,20260203,160500,62.07,62.4,62.07,62.4,565,0
UTMD.US,5,20260203,164500,61.72,61.72,61.51,61.51,200,0
UTMD.US,5,20260203,174000,61.25,61.25,61.25,61.25,200,0
UTMD.US,5,20260203,190500,60.78,60.78,60.78,60.78,360,0
UTMD.US,5,20260203,191000,60.71,60.71,60.71,60.71,100,0
UTMD.US,5,20260203,192500,60.525,60.68,60.525,60.68,200,0
UTMD.US,5,20260203,195500,60.98,61.22,60.98,61.22,200,0
UTMD.US,5,20260203,202000,60.96,60.96,60.96,60.96,100,0
UTMD.US,5,20260203,213500,61.165,61.165,61.165,61.165,100,0
UTMD.US,5,20260203,215000,61.46,61.46,61.255,61.255,603,0
UTMD.US,5,20260203,215500,61.5,61.5,61.5,61.5,100,0
UTMD.US,5,20260204,164500,61.91,61.91,61.91,61.91,100,0
UTMD.US,5,20260204,173500,62.02,62.02,62.02,62.02,230,0
UTMD.US,5,20260204,175000,61.64,61.64,61.64,61.64,100,0
UTMD.US,5,20260204,180000,61.755,61.755,61.755,61.755,100,0
UTMD.US,5,20260204,182000,61.755,61.755,61.755,61.755,295,0
UTMD.US,5,20260204,185000,61.9,61.9,61.745,61.745,273,0
UTMD.US,5,20260204,193000,61.98,61.98,61.98,61.98,100,0
UTMD.US,5,20260204,194000,61.87,61.87,61.87,61.87,100,0
UTMD.US,5,20260204,194500,61.588,61.588,61.588,61.588,161,0
UTMD.US,5,20260204,201000,61.705,61.705,61.705,61.705,109,0
UTMD.US,5,20260204,202000,61.19,61.19,61.19,61.19,100,0
UTMD.US,5,20260204,204000,61.7,61.7,61.7,61.7,187,0
UTMD.US,5,20260204,205500,62.19,62.19,62.19,62.19,100,0
UTMD.US,5,20260204,210000,61.775,61.775,61.775,61.775,100,0
UTMD.US,5,20260204,211500,62.15,62.15,62.15,62.15,100,0
UTMD.US,5,20260204,213000,62.5,62.5,62.5,62.5,100,0
UTMD.US,5,20260204,213500,62.16,62.16,62.16,62.16,208,0
UTMD.US,5,20260204,214000,62.33,62.33,62.33,62.33,100,0
UTMD.US,5,20260204,215000,62.47,62.47,62.47,62.47,100,0
UTMD.US,5,20260204,215500,62.325,62.39,62.16,62.38,824,0
UTMD.US,5,20260205,153000,60.51,60.51,60.045,60.045,308,0
UTMD.US,5,20260205,164000,61.77,62.285,61.745,62.285,700,0
UTMD.US,5,20260205,165000,61.11,62.35,61.11,62.35,1375,0
UTMD.US,5,20260205,165500,62.245,62.245,62.245,62.245,100,0
UTMD.US,5,20260205,170000,62.195,62.195,62.195,62.195,100,0
UTMD.US,5,20260205,171000,61.82,61.82,61.82,61.82,100,0
UTMD.US,5,20260205,183000,61.895,61.895,61.895,61.895,100,0
UTMD.US,5,20260205,185500,61.905,61.905,61.905,61.905,151,0
UTMD.US,5,20260205,210500,62.31,62.61,62.3,62.61,504,0
UTMD.US,5,20260205,212500,62.9,62.9,62.9,62.9,100,0
UTMD.US,5,20260205,213000,62.67,62.67,62.67,62.67,100,0
UTMD.US,5,20260205,213500,62.85,62.85,62.85,62.85,100,0
UTMD.US,5,20260205,215000,62.89,62.89,62.89,62.89,100,0
UTMD.US,5,20260205,215500,62.56,62.87,62.56,62.87,341,0
UTMD.US,5,20260206,164500,62.2,62.2,61.88,62.15,300,0
UTMD.US,5,20260206,165000,62.32,62.32,62.32,62.32,100,0
UTMD.US,5,20260206,170000,62.09,62.09,62.09,62.09,200,0
UTMD.US,5,20260206,182500,61.65,61.65,61.65,61.65,103,0
UTMD.US,5,20260206,185500,61,61,61,61,100,0
UTMD.US,5,20260206,190000,61.46,61.46,61.46,61.46,175,0
UTMD.US,5,20260206,190500,61.46,61.46,61.46,61.46,200,0
UTMD.US,5,20260206,191000,61.89,61.89,61.89,61.89,100,0
UTMD.US,5,20260206,195000,61.46,61.46,61.46,61.46,142,0
UTMD.US,5,20260206,200500,61.46,61.46,61.46,61.46,150,0
UTMD.US,5,20260206,201500,61.46,61.46,61.46,61.46,150,0
UTMD.US,5,20260206,203000,61.46,61.46,61.46,61.46,150,0
UTMD.US,5,20260206,203500,61.5,61.5,61.47,61.5,300,0
UTMD.US,5,20260206,213500,61.67,61.8799,61.67,61.8799,250,0
UTMD.US,5,20260206,214000,61.975,61.975,61.975,61.975,100,0
UTMD.US,5,20260206,214500,61.79,62.235,61.79,62.235,300,0
UTMD.US,5,20260206,215000,61.56,61.56,61.56,61.56,100,0
UTMD.US,5,20260206,215500,61.78,61.78,61.74,61.74,824,0
UTMD.US,5,20260209,153500,62.2,62.78,61.76,62.345,1050,0
UTMD.US,5,20260209,154500,62.435,62.435,62.435,62.435,100,0
UTMD.US,5,20260209,155000,62.05,62.05,62.05,62.05,100,0
UTMD.US,5,20260209,165500,61.46,61.58,60.97,60.97,310,0
UTMD.US,5,20260209,170500,61.46,61.46,61.46,61.46,100,0
UTMD.US,5,20260209,171000,61.46,61.46,61.46,61.46,150,0
UTMD.US,5,20260209,172000,61.46,61.46,61.46,61.46,288,0
UTMD.US,5,20260209,173000,61.46,61.46,61.46,61.46,148,0
UTMD.US,5,20260209,175000,61.46,61.46,61.46,61.46,100,0
UTMD.US,5,20260209,175500,61.46,61.74,61.46,61.74,253,0
UTMD.US,5,20260209,180500,61.47,61.47,61.47,61.47,100,0
UTMD.US,5,20260209,182000,61.46,61.74,61.285,61.285,1046,0
UTMD.US,5,20260209,191000,61.5,61.5,61.5,61.5,100,0
UTMD.US,5,20260209,191500,61.5,61.5,61.5,61.5,100,0
UTMD.US,5,20260209,194000,61.76,61.76,61.76,61.76,100,0
UTMD.US,5,20260209,195000,61.755,61.755,61.755,61.755,100,0
UTMD.US,5,20260209,203500,61.84,61.84,61.84,61.84,100,0
UTMD.US,5,20260209,204500,62.02,62.4,62.02,62.4,200,0
UTMD.US,5,20260209,210000,62.44,62.44,62.44,62.44,100,0
UTMD.US,5,20260209,210500,62.44,62.44,62.44,62.44,100,0
UTMD.US,5,20260209,211500,62.5,62.5,62.5,62.5,100,0
UTMD.US,5,20260209,214000,62.4375,62.585,62.4375,62.585,300,0
UTMD.US,5,20260209,215000,62.59,62.61,62.59,62.61,200,0
UTMD.US,5,20260209,215500,62.35,62.59,62.35,62.58,700,0
UTMD.US,5,20260210,153000,62.39,62.39,62.39,62.39,570,0
UTMD.US,5,20260210,153500,62.99,62.99,62.99,62.99,100,0
UTMD.US,5,20260210,154000,62.98,62.99,62.98,62.99,303,0
UTMD.US,5,20260210,154500,63.5,63.5,63.5,63.5,100,0
UTMD.US,5,20260210,155000,62.7768,62.7768,62.7768,62.7768,128,0
UTMD.US,5,20260210,155500,63.69,63.69,63.69,63.69,100,0
UTMD.US,5,20260210,160500,63.1,63.1,63.1,63.1,100,0
UTMD.US,5,20260210,161000,63.1,63.1,63.1,63.1,140,0
UTMD.US,5,20260210,162000,63.8,63.8,63.8,63.8,100,0
UTMD.US,5,20260210,165000,63.88,63.88,63.88,63.88,100,0
UTMD.US,5,20260210,173500,63.74,64.16,63.7076,64.16,600,0
UTMD.US,5,20260210,174500,64,64,64,64,100,0
UTMD.US,5,20260210,180000,63.982,63.982,63.982,63.982,100,0
UTMD.US,5,20260210,180500,64.25,64.25,64.25,64.25,100,0
UTMD.US,5,20260210,182000,64.25,64.25,64.25,64.25,100,0
UTMD.US,5,20260210,183500,64.25,64.25,64.25,64.25,100,0
UTMD.US,5,20260210,185000,63.915,64.25,63.915,64.25,341,0
UTMD.US,5,20260210,194500,64.96,64.96,64.96,64.96,100,0
UTMD.US,5,20260210,195000,64.97,64.97,64.97,64.97,100,0
UTMD.US,5,20260210,195500,64.935,64.935,64.935,64.935,174,0
UTMD.US,5,20260210,200500,63.81,64.35,63.81,64.35,473,0
UTMD.US,5,20260210,201500,64.35,64.35,64.35,64.35,400,0
UTMD.US,5,20260210,203000,64.082,64.082,64.082,64.082,108,0
UTMD.US,5,20260210,203500,64.44,64.565,64.44,64.565,200,0
UTMD.US,5,20260210,210000,64.88,64.88,64.88,64.88,100,0
UTMD.US,5,20260210,213000,65,65,64.9999,64.9999,400,0
UTMD.US,5,20260210,214000,64.965,64.965,64.965,64.965,200,0
UTMD.US,5,20260210,215000,64.93,64.93,64.93,64.93,100,0
UTMD.US,5,20260210,215500,64.94,64.94,64.45,64.59,1135,0
UTMD.US,5,20260211,154000,63.425,63.425,63.425,63.425,200,0
UTMD.US,5,20260211,172000,63.325,63.325,63.325,63.325,200,0
UTMD.US,5,20260211,175500,63.64,63.64,63.64,63.64,100,0
UTMD.US,5,20260211,183500,64.3,64.31,64.26,64.31,437,0
UTMD.US,5,20260211,213000,64.06,64.06,63.95,63.95,200,0
UTMD.US,5,20260211,213500,64.2,64.2,64.2,64.2,150,0
UTMD.US,5,20260211,215500,64.2,64.2,64.2,64.2,985,0
UTMD.US,5,20260212,164500,64.155,64.155,64.155,64.155,100,0
UTMD.US,5,20260212,174000,64.06,64.06,64.06,64.06,100,0
UTMD.US,5,20260212,182000,64.03,64.03,64.03,64.03,100,0
UTMD.US,5,20260212,182500,64.24,64.24,63.3,63.3,201,0
UTMD.US,5,20260212,183000,63.72,63.72,63.72,63.72,100,0
UTMD.US,5,20260212,200500,62.86,62.86,62.86,62.86,100,0
UTMD.US,5,20260212,205000,63.905,63.905,63.905,63.905,100,0
UTMD.US,5,20260212,212500,63.515,63.515,63.515,63.515,202,0
UTMD.US,5,20260212,214000,63.190312,63.190312,63.190312,63.190312,100,0
UTMD.US,5,20260212,214500,63.265,63.265,63,63,670,0
UTMD.US,5,20260212,215500,63.48,63.71,63.4,63.71,402,0
UTMD.US,5,20260213,163000,64.005,64.005,64.005,64.005,300,0
UTMD.US,5,20260213,170000,63.99,63.99,63.99,63.99,100,0
UTMD.US,5,20260213,175500,64.325,64.325,64.325,64.325,300,0
UTMD.US,5,20260213,203000,64.51,64.51,64.51,64.51,100,0
UTMD.US,5,20260213,214000,64.25,64.25,64.25,64.25,100,0
UTMD.US,5,20260213,214500,64.08,64.08,64,64,400,0
UTMD.US,5,20260213,215000,64.28,64.28,64.28,64.28,100,0
UTMD.US,5,20260213,215500,64.1,64.1,64.1,64.1,1051,0
UTMD.US,5,20260217,161000,64.9995,64.9995,64.99,64.99,200,0
UTMD.US,5,20260217,170500,65.835,65.835,65.835,65.835,100,0
UTMD.US,5,20260217,171500,65.5,65.5,65.455,65.455,405,0
UTMD.US,5,20260217,190500,65.36,65.36,65.36,65.36,100,0
UTMD.US,5,20260217,191000,65.31,65.31,65.31,65.31,100,0
UTMD.US,5,20260217,192500,64.7,64.73,64.7,64.73,300,0
UTMD.US,5,20260217,193500,64.72,64.72,64.72,64.72,100,0
UTMD.US,5,20260217,195000,64.44,64.44,64.44,64.44,100,0
UTMD.US,5,20260217,200500,64.79,64.84,64.78,64.83,801,0
UTMD.US,5,20260217,204500,65.96,65.96,65.96,65.96,100,0
UTMD.US,5,20260217,205500,65.57,65.57,65.57,65.57,100,0
UTMD.US,5,20260217,212000,65.5,65.5,65.47,65.47,300,0
UTMD.US,5,20260217,213000,65.924,65.924,65.924,65.924,244,0
UTMD.US,5,20260217,213500,65.9,65.9,65.9,65.9,100,0
UTMD.US,5,20260217,214500,65.51,65.6,65.51,65.6,200,0
UTMD.US,5,20260217,215000,65.7,65.7,65.7,65.7,100,0
UTMD.US,5,20260217,215500,65.38,65.74,65.36,65.36,1861,0
UTMD.US,5,20260218,155500,65.92,65.92,65.92,65.92,100,0
UTMD.US,5,20260218,170500,66.105,66.105,65.68,65.68,933,0
UTMD.US,5,20260218,171500,66.51,66.51,66.51,66.51,100,0
UTMD.US,5,20260218,173000,66.095,66.095,66.095,66.095,141,0
UTMD.US,5,20260218,174000,66.47,66.47,66.47,66.47,100,0
UTMD.US,5,20260218,180500,66.62,66.62,66.62,66.62,100,0
UTMD.US,5,20260218,183000,66.2206,66.2206,66.2206,66.2206,151,0
UTMD.US,5,20260218,183500,66.42,66.42,66.42,66.42,100,0
UTMD.US,5,20260218,184500,66.29,66.29,66.29,66.29,100,0
UTMD.US,5,20260218,185000,66.34,66.34,66.34,66.34,100,0
UTMD.US,5,20260218,185500,66.07,66.11,66.07,66.11,300,0
UTMD.US,5,20260218,190000,66.31,66.31,66.31,66.31,565,0
UTMD.US,5,20260218,192000,66.015,66.015,65.35,65.35,900,0
UTMD.US,5,20260218,192500,65.185,65.41,65.115,65.1375,700,0
UTMD.US,5,20260218,200000,65.63,65.63,65.63,65.63,200,0
UTMD.US,5,20260218,203500,65.34,65.39,65.05,65.39,1200,0
UTMD.US,5,20260218,204500,65.8,65.8,65.8,65.8,440,0
UTMD.US,5,20260218,210000,65.215,65.215,65.215,65.215,300,0
UTMD.US,5,20260218,213000,64.86,64.86,64.53,64.53,200,0
UTMD.US,5,20260218,213500,64.695,65.115,64.695,65.115,836,0
UTMD.US,5,20260218,214000,64.91,64.91,64.91,64.91,100,0
UTMD.US,5,20260218,214500,64.6,65.18,64.53,65.18,500,0
UTMD.US,5,20260218,215000,64.59,65.12,64.22,64.36,1100,0
UTMD.US,5,20260218,215500,64.79,64.86,64.485,64.61,4283,0
UTMD.US,5,20260219,153500,65.47,65.47,65.47,65.47,100,0
UTMD.US,5,20260219,170000,65.51,65.51,65.51,65.51,100,0
UTMD.US,5,20260219,170500,65.04,65.04,65.04,65.04,100,0
UTMD.US,5,20260219,173500,65.85,65.85,65.85,65.85,100,0
UTMD.US,5,20260219,174000,66.51,66.51,66.51,66.51,100,0
UTMD.US,5,20260219,180500,65.78,65.78,65.78,65.78,100,0
UTMD.US,5,20260219,183000,65.29,65.76,65.29,65.74,1000,0
UTMD.US,5,20260219,185000,66.03,66.03,66.03,66.03,100,0
UTMD.US,5,20260219,191000,65.875,65.875,65.875,65.875,100,0
UTMD.US,5,20260219,192500,65.83,65.83,65.83,65.83,100,0
UTMD.US,5,20260219,195000,66,66,66,66,200,0
UTMD.US,5,20260219,195500,66,66.15,66,66.15,200,0
UTMD.US,5,20260219,202000,66.1,66.1,66.1,66.1,100,0
UTMD.US,5,20260219,204500,65.76,65.76,65.76,65.76,114,0
UTMD.US,5,20260219,211000,66.185,66.185,66.185,66.185,100,0
UTMD.US,5,20260219,213000,66.31,66.31,66.31,66.31,300,0
UTMD.US,5,20260219,214000,66.25,66.25,66.25,66.25,100,0
UTMD.US,5,20260219,215000,66.41,66.48,66.095,66.095,551,0
UTMD.US,5,20260219,215500,66.64,66.67,66.31,66.31,467,0
UTMD.US,5,20260220,153000,66.44,66.44,66.43,66.43,568,0
UTMD.US,5,20260220,155000,66.6,66.6,66.6,66.6,100,0
UTMD.US,5,20260220,160000,67.49,67.49,67.49,67.49,100,0
UTMD.US,5,20260220,161500,67.84,67.856,67.84,67.856,213,0
UTMD.US,5,20260220,163000,67.0551,67.64,67.0551,67.31,472,0
UTMD.US,5,20260220,164000,67.285,67.285,67.285,67.285,100,0
UTMD.US,5,20260220,171000,67.25,67.25,67.25,67.25,300,0
UTMD.US,5,20260220,171500,67.28,67.54,67.28,67.54,200,0
UTMD.US,5,20260220,173000,67.275,67.275,67.12,67.12,200,0
UTMD.US,5,20260220,181000,67.275,67.465,67.275,67.465,500,0
UTMD.US,5,20260220,181500,67.535,67.535,67.535,67.535,100,0
UTMD.US,5,20260220,182500,67.59,67.59,67.59,67.59,100,0
UTMD.US,5,20260220,191500,67.265,67.265,67.265,67.265,148,0
UTMD.US,5,20260220,192500,67.05,67.05,66.92,66.92,300,0
UTMD.US,5,20260220,194500,66.865,66.91,66.865,66.91,400,0
UTMD.US,5,20260220,195500,67.27,67.27,67.27,67.27,100,0
UTMD.US,5,20260220,203000,67.58,67.58,67.58,67.58,100,0
UTMD.US,5,20260220,204000,67.675,67.675,67.675,67.675,100,0
UTMD.US,5,20260220,211000,67.96,67.96,67.96,67.96,100,0
UTMD.US,5,20260220,214500,68.08,68.08,67.88,67.88,200,0
UTMD.US,5,20260220,215000,67.41,68.71,67.085,67.99,5035,0
UTMD.US,5,20260220,215500,67.7,68.4,67.64,67.82,30299,0
UTMD.US,5,20260223,161500,66.46,66.46,66.45,66.45,200,0
UTMD.US,5,20260223,172000,66.6499,66.6499,66.6499,66.6499,128,0
UTMD.US,5,20260223,174500,66.46,66.46,66.46,66.46,100,0
UTMD.US,5,20260223,182000,66.42,66.42,66.42,66.42,100,0
UTMD.US,5,20260223,185500,66.51,66.59,66.265,66.265,1000,0
UTMD.US,5,20260223,190000,66.6,66.6,66.6,66.6,100,0
UTMD.US,5,20260223,211500,67.465,67.465,66.94,67.465,924,0
UTMD.US,5,20260223,212000,67.465,67.475,67.465,67.475,200,0
UTMD.US,5,20260223,213000,67.37,67.37,67.17,67.17,1290,0
UTMD.US,5,20260223,214000,67.365,67.365,67.365,67.365,100,0
UTMD.US,5,20260223,215000,67.14,67.14,66.91,66.91,600,0
UTMD.US,5,20260223,215500,66.97,66.97,66.94,66.94,437,0
UTMD.US,5,20260224,172000,66.52,67.21,66.52,67.21,447,0
UTMD.US,5,20260224,175000,67.15,67.15,67.15,67.15,100,0
UTMD.US,5,20260224,181000,67.465,67.465,67.465,67.465,148,0
UTMD.US,5,20260224,184500,67.9199,67.9199,67.9199,67.9199,130,0
UTMD.US,5,20260224,213000,67.08,67.09,67.08,67.09,200,0
UTMD.US,5,20260224,215000,66.97,67.05,66.9,67.05,804,0
UTMD.US,5,20260224,215500,66.75,66.81,66.71,66.76,671,0
UTMD.US,5,20260225,154000,67,67,66.075,67,994,0
UTMD.US,5,20260225,161500,67.15,67.15,67.15,67.15,100,0
UTMD.US,5,20260225,181000,66.6,66.6,66.6,66.6,100,0
UTMD.US,5,20260225,183000,66.7,66.7,66.7,66.7,100,0
UTMD.US,5,20260225,183500,66.53,66.53,66.53,66.53,100,0
UTMD.US,5,20260225,184000,66.31,66.31,66.31,66.31,100,0
UTMD.US,5,20260225,190000,66.16,66.16,66.11,66.11,200,0
UTMD.US,5,20260225,191000,66.81,66.85,66.52,66.52,500,0
UTMD.US,5,20260225,212500,67.155,67.155,67.155,67.155,311,0
UTMD.US,5,20260225,215500,67.2325,67.2325,67.2325,67.2325,100,0
UTMD.US,5,20260226,164500,68.04,68.04,68,68.04,330,0
UTMD.US,5,20260226,171000,68.37,68.37,68.37,68.37,469,0
UTMD.US,5,20260226,171500,67.27,67.27,67.27,67.27,129,0
UTMD.US,5,20260226,173500,66.67,66.67,66.67,66.67,100,0
UTMD.US,5,20260226,183500,67.54,67.54,67.54,67.54,100,0
UTMD.US,5,20260226,184500,67.54,67.54,67.54,67.54,150,0
UTMD.US,5,20260226,190500,67.04,67.04,67.04,67.04,100,0
UTMD.US,5,20260226,193000,66.61,66.61,66.61,66.61,100,0
UTMD.US,5,20260226,193500,66.61,66.61,66.61,66.61,100,0
UTMD.US,5,20260226,215500,66.89,66.89,66.56,66.56,1532,0
UTMD.US,5,20260227,153500,66.26,66.26,66.26,66.26,114,0
UTMD.US,5,20260227,161500,67.31,67.31,67.31,67.31,100,0
UTMD.US,5,20260227,173000,66.81,66.81,66.81,66.81,1000,0
UTMD.US,5,20260227,214000,67.35,67.35,67.35,67.35,100,0
UTMD.US,5,20260227,215500,66.5,66.61,66.11,66.61,3197,0
UTMD.US,5,20260302,155000,65.8,66,65.8,66,209,0
UTMD.US,5,20260302,163500,66.57,67.32,66.57,67.32,1300,0
UTMD.US,5,20260302,164000,67.59,67.59,67.15,67.15,200,0
UTMD.US,5,20260302,164500,67.32,67.32,67.32,67.32,126,0
UTMD.US,5,20260302,165500,67.155,67.155,67.155,67.155,197,0
UTMD.US,5,20260302,173500,67.6799,67.6799,67.6799,67.6799,275,0
UTMD.US,5,20260302,180000,66.71,66.71,66.62,66.62,200,0
UTMD.US,5,20260302,180500,67.16,67.16,67.16,67.16,134,0
UTMD.US,5,20260302,192500,66.76,66.76,66.76,66.76,100,0
UTMD.US,5,20260302,193500,66.46,66.46,66.46,66.46,100,0
UTMD.US,5,20260302,203000,66.39,66.39,66.39,66.39,140,0
UTMD.US,5,20260302,205000,66.39,66.39,66.39,66.39,100,0
UTMD.US,5,20260302,210000,66.39,66.39,66.39,66.39,100,0
UTMD.US,5,20260302,214500,66.59,66.61,66.59,66.61,465,0
UTMD.US,5,20260302,215500,67.135,67.135,67.11,67.11,308,0
UTMD.US,5,20260303,161000,65.4,65.4,65.4,65.4,100,0
UTMD.US,5,20260303,163500,67.06,67.06,67.06,67.06,238,0
UTMD.US,5,20260303,170000,65.7911,66.24,65.66,66.24,400,0
UTMD.US,5,20260303,170500,66.2,66.5128,66.2,66.5128,200,0
UTMD.US,5,20260303,171000,66.11,66.558,65.9,65.9,708,0
UTMD.US,5,20260303,181500,66,66,66,66,100,0
UTMD.US,5,20260303,191000,66.46,66.46,66.46,66.46,146,0
UTMD.US,5,20260303,192000,66.54,66.54,66.54,66.54,271,0
UTMD.US,5,20260303,204000,66.36,66.36,66.36,66.36,100,0
UTMD.US,5,20260303,211500,66.91,66.91,66.91,66.91,100,0
UTMD.US,5,20260303,215500,66.23,66.51,66.17,66.51,1897,0
UTMD.US,5,20260304,172500,67.2079,67.2079,67.2079,67.2079,136,0
UTMD.US,5,20260304,175000,67.255,67.255,67.09,67.09,200,0
UTMD.US,5,20260304,182500,66.88,66.88,66.88,66.88,100,0
UTMD.US,5,20260304,201000,66.82,66.82,66.82,66.82,100,0
UTMD.US,5,20260304,202500,66.9688,67.025,66.9688,67.025,200,0
UTMD.US,5,20260304,203500,66.82,66.82,66.8,66.8,200,0
UTMD.US,5,20260304,204500,66.96,66.96,66.96,66.96,100,0
UTMD.US,5,20260304,205500,67.17,67.17,67.17,67.17,100,0
UTMD.US,5,20260304,215500,66.75,66.75,66.105,66.27,600,0
UTMD.US,5,20260305,153000,65.4127,66.5,65.4127,66.445,600,0
UTMD.US,5,20260305,153500,66,66.5,65.85,65.8501,800,0
UTMD.US,5,20260305,154000,65.75,65.75,65.75,65.75,422,0
UTMD.US,5,20260305,155000,65.895,65.895,65.895,65.895,100,0
UTMD.US,5,20260305,155500,65.895,65.8951,65.895,65.895,400,0
UTMD.US,5,20260305,171000,64.68,64.68,64.68,64.68,100,0
UTMD.US,5,20260305,180500,65.11,65.11,65.11,65.11,314,0
UTMD.US,5,20260305,193000,64.485,64.485,64.485,64.485,700,0
UTMD.US,5,20260305,204500,65.02,65.025,65.02,65.025,700,0
UTMD.US,5,20260305,205000,64.54,64.54,64.54,64.54,200,0
UTMD.US,5,20260305,205500,65.35,65.35,65.35,65.35,100,0
UTMD.US,5,20260305,210000,65.21,65.21,64.665,65.195,400,0
UTMD.US,5,20260305,211000,65.255,65.255,65.255,65.255,100,0
UTMD.US,5,20260305,211500,65.23,65.23,65.23,65.23,421,0
UTMD.US,5,20260305,212500,65.2,65.2,65.2,65.2,136,0
UTMD.US,5,20260305,213500,65.23,65.73,65.23,65.73,300,0
UTMD.US,5,20260305,214000,65.27,65.27,64.955,64.955,615,0
UTMD.US,5,20260305,214500,65.34,65.68,64.9,64.9,322,0
UTMD.US,5,20260305,215500,65.62,65.62,65.19,65.19,1565,0
UTMD.US,5,20260306,154500,64.225,64.225,64.205,64.205,400,0
UTMD.US,5,20260306,155000,64.28,64.28,64.28,64.28,160,0
UTMD.US,5,20260306,160500,64.08,64.08,63.96,63.975,700,0
UTMD.US,5,20260306,162000,63.975,63.975,63.73,63.73,227,0
UTMD.US,5,20260306,163000,63.82,63.82,63.82,63.82,100,0
UTMD.US,5,20260306,170000,63.9,63.9,63.895,63.895,739,0
UTMD.US,5,20260306,173000,63.53,63.53,63.53,63.53,100,0
UTMD.US,5,20260306,174500,63.61,63.61,63.61,63.61,100,0
UTMD.US,5,20260306,175500,63.58,63.58,63.5,63.5,300,0
UTMD.US,5,20260306,180000,63.71,63.71,63.71,63.71,401,0
UTMD.US,5,20260306,184000,63.72,63.93,63.72,63.93,200,0
UTMD.US,5,20260306,190000,63.9,63.97,63.9,63.97,300,0
UTMD.US,5,20260306,200000,64.265,64.265,64.265,64.265,100,0
UTMD.US,5,20260306,202000,64.08,64.08,63.905,63.95,300,0
UTMD.US,5,20260306,210500,64.18,64.18,64.18,64.18,100,0
UTMD.US,5,20260306,211500,64.34,64.34,64.34,64.34,100,0
UTMD.US,5,20260306,212000,64.34,64.34,64.34,64.34,100,0
UTMD.US,5,20260306,213000,64.89,64.89,64.57,64.57,300,0
UTMD.US,5,20260306,213500,64.79,64.79,64.79,64.79,471,0
UTMD.US,5,20260306,215500,64.625,65.19,64.625,65.12,4224,0
UTMD.US,5,20260309,150500,63.07,63.07,63.06,63.06,200,0
UTMD.US,5,20260309,153500,62.79,62.79,62.79,62.79,100,0
UTMD.US,5,20260309,161500,63.46,63.46,63.44,63.44,200,0
UTMD.US,5,20260309,163000,63.45,63.49,63.4401,63.4401,704,0
UTMD.US,5,20260309,182500,63.78,63.78,63.78,63.78,100,0
UTMD.US,5,20260309,202500,64.28,64.31,64.28,64.31,253,0
UTMD.US,5,20260309,203000,65.335,65.335,64.55,64.55,200,0
UTMD.US,5,20260309,205500,64.245,64.255,64.23,64.24,700,0
UTMD.US,5,20260310,144000,63,63,63,63,100,0
UTMD.US,5,20260310,144500,63.75,64.2,63.75,64,1043,0
UTMD.US,5,20260310,150500,63.875,63.875,63.55,63.8,400,0
UTMD.US,5,20260310,151000,63.9,63.9,63.51,63.51,200,0
UTMD.US,5,20260310,152000,64,64,64,64,186,0
UTMD.US,5,20260310,160000,64.105,64.105,64.105,64.105,348,0
UTMD.US,5,20260310,162500,64.46,64.46,64.2,64.2,205,0
UTMD.US,5,20260310,164000,64.5404,64.5404,64.5404,64.5404,109,0
UTMD.US,5,20260310,165000,63.84,63.84,63.84,63.84,100,0
UTMD.US,5,20260310,170000,64.345,64.345,64.345,64.345,100,0
UTMD.US,5,20260310,171000,64.3,64.3,63.57,63.57,752,0
UTMD.US,5,20260310,173000,63.8,64.2,63.8,63.9,458,0
UTMD.US,5,20260310,185000,64.59,64.59,64.59,64.59,100,0
UTMD.US,5,20260310,192000,62.845,62.845,62.845,62.845,100,0
UTMD.US,5,20260310,193500,63.475,63.475,63.475,63.475,100,0
UTMD.US,5,20260310,194000,62.2933,64.745,62.2933,64.745,2027,0
UTMD.US,5,20260310,195000,64.325,64.325,64.325,64.325,100,0
UTMD.US,5,20260310,202500,63.83,63.83,63.475,63.475,310,0
UTMD.US,5,20260310,203000,63.67,63.67,63.67,63.67,100,0
UTMD.US,5,20260310,204500,63.79,63.79,63.79,63.79,100,0
UTMD.US,5,20260310,205500,63.615,63.78,63.615,63.78,1495,0
UTMD.US,5,20260311,143000,63.77,63.8,62.71,63.5,1111,0
UTMD.US,5,20260311,143500,63.25,63.5,62.71,63.5,700,0
UTMD.US,5,20260311,144500,63.14,63.14,63.14,63.14,100,0
UTMD.US,5,20260311,153000,63.15,63.15,63.15,63.15,100,0
UTMD.US,5,20260311,154000,63.05,63.71,63.05,63.71,200,0
UTMD.US,5,20260311,164000,63.22,63.22,63.22,63.22,100,0
UTMD.US,5,20260311,164500,63.2,63.2,63.2,63.2,100,0
UTMD.US,5,20260311,165000,63.58,63.58,63.58,63.58,100,0
UTMD.US,5,20260311,180500,63.8,63.8,63.63,63.63,386,0
UTMD.US,5,20260311,201500,63.92,63.92,63.92,63.92,100,0
UTMD.US,5,20260311,205500,63.91,63.91,63.75,63.75,1799,0
UTMD.US,5,20260312,145500,62.85,62.85,62.85,62.85,100,0
UTMD.US,5,20260312,152500,62.825,62.825,62.825,62.825,200,0
UTMD.US,5,20260312,155500,62.8322,62.8322,62.8322,62.8322,500,0
UTMD.US,5,20260312,162500,63.15,63.15,63.15,63.15,403,0
UTMD.US,5,20260312,163500,63.0311,63.0311,63.0311,63.0311,206,0
UTMD.US,5,20260312,172000,63.27,63.27,63.27,63.27,100,0
UTMD.US,5,20260312,182000,63.4,63.65,63.4,63.65,664,0
UTMD.US,5,20260312,183000,63.5,63.5,63.5,63.5,108,0
UTMD.US,5,20260312,185000,63.23,63.23,63.23,63.23,100,0
UTMD.US,5,20260312,190000,63.6499,63.6499,63.6499,63.6499,315,0
UTMD.US,5,20260312,192000,63.075,63.075,63.075,63.075,100,0
UTMD.US,5,20260312,200500,62.99,63.2,62.99,63.2,400,0
UTMD.US,5,20260312,202500,63.01,63.01,63.01,63.01,100,0
UTMD.US,5,20260312,204000,62.64,62.64,62.64,62.64,100,0
UTMD.US,5,20260312,204500,62.64,62.64,62.64,62.64,200,0
UTMD.US,5,20260312,205000,62.64,62.64,62.64,62.64,409,0
UTMD.US,5,20260312,205500,62.95,62.95,62.95,62.95,100,0
UTMD.US,5,20260313,150000,63.21,63.495,63.21,63.495,288,0
UTMD.US,5,20260313,151000,62.95,62.95,62.95,62.95,136,0
UTMD.US,5,20260313,174500,62.25,62.25,62.22,62.22,200,0
UTMD.US,5,20260313,182500,62.585,62.585,62.585,62.585,130,0
UTMD.US,5,20260313,200500,62.75,62.75,62.75,62.75,200,0
UTMD.US,5,20260313,201500,63.025,63.025,63.025,63.025,100,0
UTMD.US,5,20260313,202000,62.8,62.8,62.8,62.8,200,0
UTMD.US,5,20260313,203500,62.81,62.81,62.8,62.8,633,0
UTMD.US,5,20260313,205500,63.11,63.28,62.96,63.28,1484,0
UTMD.US,5,20260316,151000,63.7,63.7,63.7,63.7,252,0
UTMD.US,5,20260316,151500,64,64,64,64,211,0
UTMD.US,5,20260316,165500,64.025,64.025,64.025,64.025,200,0
UTMD.US,5,20260316,170000,64.3707,64.3707,64.3707,64.3707,113,0
UTMD.US,5,20260316,182000,64.38,64.38,64.38,64.38,1033,0
UTMD.US,5,20260316,190500,64.22,64.22,64.22,64.22,100,0
UTMD.US,5,20260316,201000,64.09,64.26,63.59,63.89,600,0
UTMD.US,5,20260316,201500,63.885,63.885,63.885,63.885,300,0
UTMD.US,5,20260316,205500,63.81,64,63.765,64,2163,0
UTMD.US,5,20260317,143000,63.53,63.53,63.53,63.53,116,0
UTMD.US,5,20260317,145500,64.44,64.5,64.44,64.5,483,0
UTMD.US,5,20260317,151000,65.54,65.54,65.54,65.54,100,0
UTMD.US,5,20260317,155000,64.68,64.68,64.68,64.68,304,0
UTMD.US,5,20260317,175500,64.15,65.21,64.15,65.21,900,0
UTMD.US,5,20260317,191500,64.72,64.72,64.72,64.72,702,0
UTMD.US,5,20260317,193000,65.12,65.99,65.12,65.99,1364,0
UTMD.US,5,20260317,193500,64.8,64.8,64.8,64.8,100,0
UTMD.US,5,20260317,194500,65.46,66.9099,65.46,66.9099,386,0
UTMD.US,5,20260317,195000,65.46,65.46,64.851,64.851,206,0
UTMD.US,5,20260317,205000,64.95,65.36,64.72,64.72,1059,0
UTMD.US,5,20260317,205500,64.38,64.78,64.05,64.05,2758,0
UTMD.US,5,20260318,144500,64,64,64,64,100,0
UTMD.US,5,20260318,145500,63.87,63.87,63.87,63.87,1441,0
UTMD.US,5,20260318,150000,64,64,63.51,64,400,0
UTMD.US,5,20260318,150500,65.11,65.11,64.385,64.385,200,0
UTMD.US,5,20260318,153500,64.25,64.25,64.25,64.25,153,0
UTMD.US,5,20260318,155000,64.11,64.11,64.11,64.11,148,0
UTMD.US,5,20260318,161000,64.715,64.715,64.715,64.715,100,0
UTMD.US,5,20260318,165000,64.065,64.53,64.065,64.53,1988,0
UTMD.US,5,20260318,170500,64.49,64.51,64.49,64.51,500,0
UTMD.US,5,20260318,182000,65.33,65.415,65.33,65.415,200,0
UTMD.US,5,20260318,190500,65.455,65.455,65.455,65.455,100,0
UTMD.US,5,20260318,191500,65.62,65.62,65.62,65.62,200,0
UTMD.US,5,20260318,192000,64.68,64.68,64.68,64.68,100,0
UTMD.US,5,20260318,204500,64.41,64.86,64.27,64.86,405,0
UTMD.US,5,20260318,205000,64.24,64.24,63.955,63.955,400,0
UTMD.US,5,20260318,205500,64.06,64.06,64.04,64.04,300,0
UTMD.US,5,20260319,153000,64.38,64.39,64.38,64.39,452,0
UTMD.US,5,20260319,155000,64.6,64.6,64.6,64.6,100,0
UTMD.US,5,20260319,173000,64.835,64.835,64.835,64.835,200,0
UTMD.US,5,20260319,174000,64.425,64.425,64.425,64.425,100,0
UTMD.US,5,20260319,183500,64.17,64.17,64.17,64.17,100,0
UTMD.US,5,20260319,191000,64.43,64.43,64.43,64.43,100,0
UTMD.US,5,20260319,194500,65.37,65.37,65.37,65.37,192,0
UTMD.US,5,20260319,201500,65.42,65.42,65.42,65.42,500,0
UTMD.US,5,20260319,202500,64.88,64.88,64.88,64.88,100,0
UTMD.US,5,20260319,205000,64.02,64.19,63.965,64.19,500,0
UTMD.US,5,20260319,205500,64.17,64.17,63.945,63.945,200,0
UTMD.US,5,20260320,143000,64.26,64.26,64.26,64.26,1929,0
UTMD.US,5,20260320,144500,64.375,64.375,64.375,64.375,502,0
UTMD.US,5,20260320,153500,63.57,63.57,63.57,63.57,100,0
UTMD.US,5,20260320,170500,63.17,63.18,63.11,63.18,579,0
UTMD.US,5,20260320,171500,63.585,63.585,63.585,63.585,100,0
UTMD.US,5,20260320,172500,63.585,63.585,63.585,63.585,100,0
UTMD.US,5,20260320,175000,63.585,63.585,63.585,63.585,132,0
UTMD.US,5,20260320,180000,63.515,63.625,63.515,63.625,2500,0
UTMD.US,5,20260320,180500,63.455,64,63.455,63.87,2800,0
UTMD.US,5,20260320,184000,64.18,64.21,64.18,64.19,300,0
UTMD.US,5,20260320,185000,64.56,64.56,64.56,64.56,100,0
UTMD.US,5,20260320,191500,64.28,64.28,64.26,64.26,200,0
UTMD.US,5,20260320,192500,64.515,64.515,64.515,64.515,100,0
UTMD.US,5,20260320,202000,63.41,63.41,63.41,63.41,100,0
UTMD.US,5,20260320,203500,63.785,63.785,63.785,63.785,100,0
UTMD.US,5,20260320,205000,64.34,64.6,64.34,64.6,200,0
UTMD.US,5,20260320,205500,64.36,65.0999,64.055,64.63,11179,0
UTMD.US,5,20260323,143000,65.24,65.24,65.17,65.17,220,0
UTMD.US,5,20260323,143500,65.09,65.11,64.53,64.99,550,0
UTMD.US,5,20260323,151000,65.145,65.145,64.14,64.14,250,0
UTMD.US,5,20260323,151500,64.94,64.94,64.94,64.94,100,0
UTMD.US,5,20260323,152000,64.94,64.99,64.94,64.99,300,0
UTMD.US,5,20260323,152500,64.66,65.08,64.55,64.55,1100,0
UTMD.US,5,20260323,153000,64.22,64.22,64.22,64.22,100,0
UTMD.US,5,20260323,154000,63.79,63.79,63.79,63.79,100,0
UTMD.US,5,20260323,164500,64.63,64.775,64.4,64.4101,2946,0
UTMD.US,5,20260323,165000,64.4,64.4,64.4,64.4,200,0
UTMD.US,5,20260323,171500,64.49,64.49,64.49,64.49,100,0
UTMD.US,5,20260323,181000,64.95,64.95,64.95,64.95,100,0
UTMD.US,5,20260323,181500,64.91,64.91,64.91,64.91,100,0
UTMD.US,5,20260323,185000,64.96,64.96,64.37,64.89,500,0
UTMD.US,5,20260323,185500,64.945,64.945,64.945,64.945,400,0
UTMD.US,5,20260323,190000,64.95,64.95,64.95,64.95,100,0
UTMD.US,5,20260323,194500,65.275,65.275,65.275,65.275,100,0
UTMD.US,5,20260323,200500,64.965,64.965,64.965,64.965,390,0
UTMD.US,5,20260323,202500,65.19,65.19,65.19,65.19,700,0
UTMD.US,5,20260323,203500,65.92,65.92,65.92,65.92,928,0
UTMD.US,5,20260323,204000,65.165,65.165,65.165,65.165,100,0
UTMD.US,5,20260323,205500,64.86,64.86,64.86,64.86,100,0
UTMD.US,5,20260324,154500,64.48,64.48,64.48,64.48,200,0
UTMD.US,5,20260324,155000,64.24,64.24,64.22,64.22,200,0
UTMD.US,5,20260324,155500,64.28,64.7,64.22,64.7,400,0
UTMD.US,5,20260324,160000,64.65,64.65,64.65,64.65,100,0
UTMD.US,5,20260324,165000,64.77,64.77,64.77,64.77,100,0
UTMD.US,5,20260324,165500,64.955,64.955,64.955,64.955,196,0
UTMD.US,5,20260324,170000,64.81,64.81,64.57,64.57,200,0
UTMD.US,5,20260324,174500,64.77,64.77,64.77,64.77,100,0
UTMD.US,5,20260324,180000,65.5612,65.5612,65.5612,65.5612,384,0
UTMD.US,5,20260324,183000,64.34,64.34,64.34,64.34,100,0
UTMD.US,5,20260324,184500,64.01,64.01,63.595,63.595,200,0
UTMD.US,5,20260324,185000,62.61,62.61,62.61,62.61,124,0
UTMD.US,5,20260324,192000,64.06,64.06,64.06,64.06,200,0
UTMD.US,5,20260324,201000,64.335,64.335,64.335,64.335,525,0
UTMD.US,5,20260324,205500,63.65,63.8,63.52,63.8,2690,0
UTMD.US,5,20260325,143500,64.05,64.05,64.05,64.05,100,0
UTMD.US,5,20260325,152500,63.925,63.925,63.925,63.925,147,0
UTMD.US,5,20260325,161500,63.185,63.185,63.185,63.185,100,0
UTMD.US,5,20260325,162000,62.1171,62.1171,62.1171,62.1171,303,0
UTMD.US,5,20260325,163000,62.9,63.97,62.89,63.97,413,0
UTMD.US,5,20260325,163500,63.1,63.1,62.99,62.99,300,0
UTMD.US,5,20260325,173000,63.645,63.645,63.645,63.645,200,0
UTMD.US,5,20260325,173500,63.45,63.45,63.06,63.06,400,0
UTMD.US,5,20260325,175000,63.45,63.84,63.35,63.35,405,0
UTMD.US,5,20260325,185500,63.725,63.725,63.725,63.725,100,0
UTMD.US,5,20260325,194000,63.255,63.255,63.255,63.255,190,0
UTMD.US,5,20260325,201000,62.98,62.98,62.98,62.98,123,0
UTMD.US,5,20260325,202000,63.425,63.425,63.11,63.11,200,0
UTMD.US,5,20260325,205000,63.41,63.41,63.41,63.41,100,0
UTMD.US,5,20260325,205500,63.68,63.765,63.45,63.71,1880,0
UTMD.US,5,20260326,171000,63.16,63.56,63.08,63.08,300,0
UTMD.US,5,20260326,174500,62.84,62.84,62.84,62.84,100,0
UTMD.US,5,20260326,180000,62.8,62.8,62.8,62.8,111,0
UTMD.US,5,20260326,183000,63.7724,63.7724,63.7724,63.7724,225,0
UTMD.US,5,20260326,193000,63,63,63,63,100,0
UTMD.US,5,20260326,202500,63,63.13,63,63.13,1187,0
UTMD.US,5,20260326,205500,62.8,62.8,62.8,62.8,100,0
UTMD.US,5,20260327,145000,61.91,62,61.91,62,900,0
UTMD.US,5,20260327,150500,62.06,62.06,61.8,61.8,200,0
UTMD.US,5,20260327,153500,62.24,62.24,62.24,62.24,100,0
UTMD.US,5,20260327,162000,61.91,61.91,61.91,61.91,100,0
UTMD.US,5,20260327,163000,62.115,62.115,62.115,62.115,200,0
UTMD.US,5,20260327,163500,62.115,62.44,62.115,62.44,200,0
UTMD.US,5,20260327,164500,63.11,63.14,62.73,63.01,800,0
UTMD.US,5,20260327,170000,62.67,62.67,62.67,62.67,100,0
UTMD.US,5,20260327,201000,62.2,62.2,62.2,62.2,100,0
UTMD.US,5,20260327,202000,62,62,62,62,700,0
UTMD.US,5,20260327,202500,61.8,61.8,61.8,61.8,810,0
UTMD.US,5,20260327,205000,61.385,61.45,61.385,61.45,300,0
UTMD.US,5,20260327,205500,61.83,61.83,61.36,61.36,500,0
UTMD.US,5,20260330,153000,61.81,61.81,61.81,61.81,100,0
UTMD.US,5,20260330,170000,62.46,62.78,62.4425,62.78,559,0
UTMD.US,5,20260330,191500,62.72,62.72,62.72,62.72,600,0
UTMD.US,5,20260330,193000,62.72,62.72,62.72,62.72,431,0
UTMD.US,5,20260330,193500,63.04,63.32,63.03,63.32,396,0
UTMD.US,5,20260330,201000,63.65,63.65,63.65,63.65,183,0
UTMD.US,5,20260330,203500,63.99,63.99,63.59,63.79,400,0
UTMD.US,5,20260330,210500,63.8,63.85,63.555,63.815,800,0
UTMD.US,5,20260330,211000,63.85,64.055,63.3,63.3,400,0
UTMD.US,5,20260330,211500,64.06,64.06,64.06,64.06,300,0
UTMD.US,5,20260330,212500,64.08,64.08,64.08,64.08,100,0
UTMD.US,5,20260330,214000,63.91,64.41,63.63,64.2,2141,0
UTMD.US,5,20260330,215000,63.82,65.06,63.82,64.72,1031,0
UTMD.US,5,20260330,215500,64.26,64.865,64.26,64.855,1015,0
UTMD.US,5,20260331,162500,64.83,64.83,63.91,63.91,200,0
UTMD.US,5,20260331,163000,64.03,64.03,64,64.02,300,0
UTMD.US,5,20260331,165000,63.71,63.71,63.54,63.54,312,0
UTMD.US,5,20260331,171500,62.75,63.1981,62.75,63.194616,700,0
UTMD.US,5,20260331,173500,62.85,62.85,62.85,62.85,126,0
UTMD.US,5,20260331,182500,62.9275,62.9275,62.9275,62.9275,100,0
UTMD.US,5,20260331,183000,61.655,61.655,61.655,61.655,100,0
UTMD.US,5,20260331,183500,61.88,62.58,61.88,62.58,400,0
UTMD.US,5,20260331,190000,62.32,62.32,62.32,62.32,100,0
UTMD.US,5,20260331,191000,61.88,62.39,61.255,61.255,620,0
UTMD.US,5,20260331,192000,61.87,61.87,61.87,61.87,100,0
UTMD.US,5,20260331,193500,61.5,61.5,61.5,61.5,200,0
UTMD.US,5,20260331,194000,60.9,61,60.9,61,200,0
UTMD.US,5,20260331,194500,61.5,61.76,61.5,61.76,300,0
UTMD.US,5,20260331,195000,62.2,62.33,62.18,62.33,300,0
UTMD.US,5,20260331,200000,60.99,60.99,60.99,60.99,105,0
UTMD.US,5,20260331,204000,62,62,62,62,100,0
UTMD.US,5,20260331,205000,61.72,61.72,61.72,61.72,100,0
UTMD.US,5,20260331,205500,62.125,62.125,62.125,62.125,195,0
UTMD.US,5,20260331,210500,61.55,61.6,61.55,61.6,200,0
UTMD.US,5,20260331,212500,61.85,62,61.85,62,295,0
UTMD.US,5,20260331,213500,61.7,61.7,61.7,61.7,100,0
UTMD.US,5,20260331,214000,61.71,61.71,61.7,61.7,200,0
UTMD.US,5,20260331,214500,62,62,62,62,200,0
UTMD.US,5,20260331,215000,61.69,62.265,61.54,61.7,2587,0
UTMD.US,5,20260331,215500,61.435,62.51,61.435,61.99,4042,0
UTMD.US,5,20260401,153000,62.53,62.53,62.53,62.53,141,0
UTMD.US,5,20260401,153500,62.555,62.555,62.555,62.555,100,0
UTMD.US,5,20260401,172500,63.68,63.76,63.68,63.76,287,0
UTMD.US,5,20260401,202000,62.43,62.43,62.38,62.38,300,0
UTMD.US,5,20260401,202500,62.56,62.56,62.55,62.55,200,0
UTMD.US,5,20260401,203000,63,63,62.81,62.81,200,0
UTMD.US,5,20260401,205000,62.45,62.45,62.45,62.45,200,0
UTMD.US,5,20260401,211000,62.8,62.8,62.8,62.8,100,0
UTMD.US,5,20260401,214000,63.425,63.425,63.425,63.425,100,0
UTMD.US,5,20260401,214500,63.495,63.495,63.495,63.495,100,0
UTMD.US,5,20260401,215000,62.95,62.95,62.95,62.95,100,0
UTMD.US,5,20260401,215500,63.285,63.285,62.92,62.92,225,0
UTMD.US,5,20260402,162500,62.02,62.02,62.02,62.02,135,0
UTMD.US,5,20260402,163000,62.7,63,62.7,63,200,0
UTMD.US,5,20260402,171500,63.55,64.5,63.55,64.5,584,0
UTMD.US,5,20260402,195000,63.61,63.61,63.51,63.57,500,0
UTMD.US,5,20260402,195500,63.95,64.5,63.95,64.5,1557,0
UTMD.US,5,20260402,200000,64.01,64.01,64.01,64.01,100,0
UTMD.US,5,20260402,200500,63.99,63.99,63.99,63.99,100,0
UTMD.US,5,20260402,201000,63.9,63.9,63.9,63.9,100,0
UTMD.US,5,20260402,213500,63.25,63.25,63.25,63.25,100,0
UTMD.US,5,20260402,215500,63.12,63.12,63.12,63.12,1073,0
UTMD.US,5,20260406,161000,63.79,63.79,63.79,63.79,270,0
UTMD.US,5,20260406,190500,62.71,62.72,62.71,62.72,200,0
UTMD.US,5,20260406,193500,62.675,62.675,62.675,62.675,176,0
UTMD.US,5,20260406,194500,63.395,63.395,63.395,63.395,348,0
UTMD.US,5,20260406,200500,62.96,62.96,62.96,62.96,101,0
UTMD.US,5,20260406,212000,62.925,62.925,62.925,62.925,100,0
UTMD.US,5,20260406,215500,62.95,62.95,62.93,62.93,1490,0
UTMD.US,5,20260407,153000,63.75,63.75,63.75,63.75,151,0
UTMD.US,5,20260407,184000,63.71,63.71,63.71,63.71,1822,0
UTMD.US,5,20260407,193500,63.72,63.72,63.72,63.72,100,0
UTMD.US,5,20260407,194500,63.69,63.7,63.69,63.7,1342,0
UTMD.US,5,20260407,204000,63.61,63.61,63.61,63.61,100,0
UTMD.US,5,20260407,215500,63.7,63.7,63.47,63.47,1929,0
UTMD.US,5,20260408,153000,64.77,64.86,64.77,64.86,500,0
UTMD.US,5,20260408,153500,64.86,64.86,64.86,64.86,1822,0
UTMD.US,5,20260408,175500,64.32,64.32,64.32,64.32,100,0
UTMD.US,5,20260408,182000,65,65,65,65,886,0
UTMD.US,5,20260408,201000,64.895,64.895,64.895,64.895,100,0
UTMD.US,5,20260408,203000,64.85,64.85,64.85,64.85,100,0
UTMD.US,5,20260408,204000,64.26,64.26,64.04,64.04,600,0
UTMD.US,5,20260408,210000,64.71,64.71,64.71,64.71,100,0
UTMD.US,5,20260408,211500,63.83,64.02,63.565,63.565,600,0
UTMD.US,5,20260408,212000,63.38,63.38,63.38,63.38,100,0
UTMD.US,5,20260408,212500,63.985,63.985,63.985,63.985,100,0
UTMD.US,5,20260408,214500,64.14,64.14,63.88,64.14,300,0
UTMD.US,5,20260409,165500,63.4,63.4,63.4,63.4,100,0
UTMD.US,5,20260409,180000,63.36,63.36,63.36,63.36,100,0
UTMD.US,5,20260409,184000,63.51,63.51,63.465,63.465,200,0
UTMD.US,5,20260409,193000,64.2699,64.2699,63.785,63.785,974,0
UTMD.US,5,20260409,194500,63.375,63.375,63.375,63.375,100,0
UTMD.US,5,20260409,200000,63.43,63.43,63.43,63.43,100,0
UTMD.US,5,20260409,200500,63.715,63.715,63.715,63.715,106,0
UTMD.US,5,20260409,201500,63.715,63.72,63.715,63.72,201,0
UTMD.US,5,20260409,202500,63.72,63.72,63.715,63.715,241,0
UTMD.US,5,20260409,205500,63.42,64.07,63.42,64.06,500,0
UTMD.US,5,20260409,210000,64.065,64.065,64.065,64.065,100,0
UTMD.US,5,20260409,210500,64.45,65.465,64.45,65.465,700,0
UTMD.US,5,20260409,213000,64.95,64.95,64.93,64.95,410,0
UTMD.US,5,20260409,214500,64.8,64.8,64.8,64.8,100,0
UTMD.US,5,20260409,215000,64.79,64.79,64.79,64.79,100,0
UTMD.US,5,20260409,215500,64.955,64.955,64.955,64.955,100,0
UTMD.US,5,20260410,163500,64.335,64.335,64.335,64.335,103,0
UTMD.US,5,20260410,185500,65.77,65.78,65.77,65.78,200,0
UTMD.US,5,20260410,190000,65.98,65.99,65.98,65.99,200,0
UTMD.US,5,20260410,192000,65.8,65.8,65.8,65.8,100,0
UTMD.US,5,20260410,195500,66.06,66.07,66.06,66.07,200,0
UTMD.US,5,20260410,200000,65.85,65.85,65.85,65.85,770,0
UTMD.US,5,20260410,212500,65.64,65.64,65.64,65.64,100,0
UTMD.US,5,20260410,213000,65.535,65.535,65.535,65.535,100,0
UTMD.US,5,20260410,215500,65.4,65.9899,65.4,65.9,2210,0
UTMD.US,5,20260413,161000,65.5,65.5,65.5,65.5,100,0
UTMD.US,5,20260413,165500,66,66,66,66,100,0
UTMD.US,5,20260413,171500,66,66,66,66,100,0
UTMD.US,5,20260413,191000,66.505,66.505,66.5,66.5,227,0
UTMD.US,5,20260413,192000,66.3,66.3,66.07,66.07,466,0
UTMD.US,5,20260413,202500,66.5,66.5,66.5,66.5,444,0
UTMD.US,5,20260413,213000,67.5,67.5,67.4,67.425,450,0
UTMD.US,5,20260413,215500,66.82,66.82,66.82,66.82,100,0
UTMD.US,5,20260414,153500,67.1,67.1,67.1,67.1,100,0
UTMD.US,5,20260414,171500,67.815,67.89,67.69,67.84,1700,0
UTMD.US,5,20260414,172500,68,68.499,68,68.499,449,0
UTMD.US,5,20260414,174500,68.46,68.46,68.34,68.34,300,0
UTMD.US,5,20260414,175500,68.52,68.52,68.52,68.52,100,0
UTMD.US,5,20260414,201000,67.9,67.9,67.82,67.82,1460,0
UTMD.US,5,20260414,201500,68,68,68,68,100,0
UTMD.US,5,20260414,204500,67.9001,68.6,67.9001,68.6,447,0
UTMD.US,5,20260414,215500,68.19,68.37,68.14,68.37,2028,0
UTMD.US,5,20260415,170000,67.55,67.55,67.55,67.55,100,0
UTMD.US,5,20260415,174500,67.55,67.55,67.55,67.55,180,0
UTMD.US,5,20260415,175500,67.505,67.505,67.505,67.505,973,0
UTMD.US,5,20260415,180000,67.5,67.5,67.5,67.5,200,0
UTMD.US,5,20260415,181000,67.925,67.925,67.91,67.91,600,0
UTMD.US,5,20260415,181500,67.94,67.94,67.94,67.94,150,0
UTMD.US,5,20260415,182000,67.93,67.93,67.93,67.93,478,0
UTMD.US,5,20260415,185000,67.945,67.945,67.945,67.945,138,0
UTMD.US,5,20260415,200500,68.35,68.35,68.35,68.35,281,0
UTMD.US,5,20260415,211000,69.185,69.185,69.185,69.185,100,0
UTMD.US,5,20260415,211500,69,69,69,69,200,0
UTMD.US,5,20260415,212000,69.01,69.01,69.01,69.01,100,0
UTMD.US,5,20260415,215500,68.975,68.975,68.33,68.33,303,0
UTMD.US,5,20260416,162000,68.2,68.92,68.2,68.51,900,0
UTMD.US,5,20260416,171000,69.1,69.1,69.1,69.1,100,0
UTMD.US,5,20260416,194500,68.95,68.95,68.95,68.95,268,0
UTMD.US,5,20260416,195500,68.815,68.82,68.815,68.82,1005,0
UTMD.US,5,20260416,202500,68.78,68.78,68.78,68.78,100,0
UTMD.US,5,20260416,203000,68.78,68.78,68.78,68.78,100,0
UTMD.US,5,20260416,210000,68.935,68.935,68.935,68.935,100,0
UTMD.US,5,20260416,211500,69.06,69.06,68.59,68.59,439,0
UTMD.US,5,20260416,212500,69.45,69.45,69.45,69.45,100,0
UTMD.US,5,20260416,215500,68.95,69.5,68.95,69.5,1148,0
UTMD.US,5,20260417,153000,69.96,69.96,69.96,69.96,102,0
UTMD.US,5,20260417,170000,71.4,71.4,71.4,71.4,100,0
UTMD.US,5,20260417,181500,71.64,71.64,71.64,71.64,141,0
UTMD.US,5,20260417,192000,71.369,71.805,71.369,71.805,504,0
UTMD.US,5,20260417,192500,71.33,71.33,71.32,71.32,202,0
UTMD.US,5,20260417,193000,71.34,71.34,71.34,71.34,100,0
UTMD.US,5,20260417,193500,71.04,71.04,71.04,71.04,100,0
UTMD.US,5,20260417,195500,71.63,71.64,71.62,71.62,300,0
UTMD.US,5,20260417,201000,71.1,71.675,71.1,71.675,200,0
UTMD.US,5,20260417,202000,71,71,71,71,1114,0
UTMD.US,5,20260417,203500,71.495,71.495,71.495,71.495,100,0
UTMD.US,5,20260417,205500,71.115,71.115,71.115,71.115,143,0
UTMD.US,5,20260417,210500,71.51,71.6173,71.51,71.6173,701,0
UTMD.US,5,20260417,211500,71.35,71.35,71.35,71.35,100,0
UTMD.US,5,20260417,214000,71.255,71.255,71.255,71.255,100,0
UTMD.US,5,20260417,215500,70.85,71.115,70.85,71.115,200,0
UTMD.US,5,20260420,160500,70.925,70.925,70.925,70.925,145,0
UTMD.US,5,20260420,201000,71.12,71.5,71.12,71.5,346,0
UTMD.US,5,20260420,203000,71.115,71.115,70.715,70.715,521,0
UTMD.US,5,20260420,203500,71.42,71.42,71.42,71.42,100,0
UTMD.US,5,20260420,205000,71.28,71.28,70.89595,70.92962,381,0
UTMD.US,5,20260420,205500,71.5,71.54,71.5,71.54,200,0
UTMD.US,5,20260420,211500,71.5,71.73,71.23,71.73,500,0
UTMD.US,5,20260420,212000,71.32,71.32,71.32,71.32,100,0
UTMD.US,5,20260420,212500,71.14,71.14,71.14,71.14,200,0
UTMD.US,5,20260420,214500,70.42,70.43,70.42,70.42,400,0
UTMD.US,5,20260420,215500,70.29,70.4,70.22,70.22,2958,0
UTMD.US,5,20260421,182000,68.57,68.57,68.56,68.56,551,0
UTMD.US,5,20260421,201000,69.38,69.38,69.38,69.38,100,0
UTMD.US,5,20260421,202000,69.6435,69.6435,69.6435,69.6435,602,0
UTMD.US,5,20260421,212500,69.545,69.545,69.545,69.545,100,0
UTMD.US,5,20260421,213000,69.8,69.8,69.8,69.8,100,0
UTMD.US,5,20260421,213500,69.63,69.63,69.46,69.46,200,0
UTMD.US,5,20260421,214000,69.1,69.1,68.93,68.93,400,0
UTMD.US,5,20260421,215500,68.98,68.98,68.98,68.98,100,0
UTMD.US,5,20260422,174000,69.56,69.56,69.49,69.49,200,0
UTMD.US,5,20260422,184000,69.98,69.98,69.98,69.98,100,0
UTMD.US,5,20260422,200000,69.645,69.645,69.645,69.645,100,0
UTMD.US,5,20260422,203500,69.895,70.25,69.895,70.25,824,0
UTMD.US,5,20260422,204500,69.99,69.99,69.99,69.99,100,0
UTMD.US,5,20260422,215500,69.655,69.655,69.645,69.645,300,0
UTMD.US,5,20260423,153500,69.96,70,69.96,69.99,610,0
UTMD.US,5,20260423,171000,69.15,69.595,68.99,68.99,1478,0
UTMD.US,5,20260423,171500,68.685,68.685,68.435,68.435,998,0
UTMD.US,5,20260423,172000,68.1133,68.44,67.99,68.09,1938,0
UTMD.US,5,20260423,172500,68.1,68.1,67.1901,67.51,626,0
UTMD.US,5,20260423,173000,66.6447,66.6447,66.175,66.175,697,0
UTMD.US,5,20260423,173500,66,66,65.7,65.7,1198,0
UTMD.US,5,20260423,174000,65.5,66,65.5,66,620,0
UTMD.US,5,20260423,174500,66.875,66.875,66.87,66.875,350,0
UTMD.US,5,20260423,180500,66.88,66.88,66.88,66.88,100,0
UTMD.US,5,20260423,181000,66.88,66.88,66.88,66.88,225,0
UTMD.US,5,20260423,181500,67,67,67,67,100,0
UTMD.US,5,20260423,182000,67,67.375,66.92,66.92,349,0
UTMD.US,5,20260423,183000,66.73,66.73,66.73,66.73,100,0
UTMD.US,5,20260423,185500,67.879,67.879,67.879,67.879,442,0
UTMD.US,5,20260423,193500,67.12,67.12,67.12,67.12,121,0
UTMD.US,5,20260423,202000,67.56,67.79,67.485,67.485,400,0
UTMD.US,5,20260423,202500,67.8,67.8,67.485,67.485,200,0
UTMD.US,5,20260423,212500,67.15,67.15,67.15,67.15,738,0
UTMD.US,5,20260423,213500,67.87,67.87,67.46,67.46,200,0
UTMD.US,5,20260423,215500,67.71,67.84,67.71,67.84,451,0
UTMD.US,5,20260424,154000,66.89,66.89,66.89,66.89,100,0
UTMD.US,5,20260424,184000,68.06,68.06,68.06,68.06,100,0
UTMD.US,5,20260424,185500,67.76,67.76,67.76,67.76,100,0
UTMD.US,5,20260424,192000,67.3884,67.3884,67.3884,67.3884,200,0
UTMD.US,5,20260424,193500,67.685,67.685,67.42,67.42,500,0
UTMD.US,5,20260424,202000,67.46,67.57,67.385,67.57,600,0
UTMD.US,5,20260424,202500,67.145,67.145,67.145,67.145,100,0
UTMD.US,5,20260424,214000,67.89,67.89,67.32,67.32,327,0
UTMD.US,5,20260424,214500,67.3,67.3,67.02,67.02,470,0
UTMD.US,5,20260424,215500,67.76,67.76,67.17,67.17,1384,0
UTMD.US,5,20260427,153000,67.18,68.25,67.18,68.25,519,0
UTMD.US,5,20260427,154500,67.77,67.77,67.77,67.77,100,0
UTMD.US,5,20260427,155000,67.705,67.705,67.705,67.705,100,0
UTMD.US,5,20260427,163000,67.1601,67.1601,67.1601,67.1601,200,0
UTMD.US,5,20260427,171500,67.7569,67.7569,67.7569,67.7569,102,0
UTMD.US,5,20260427,173500,67,67,67,67,200,0
UTMD.US,5,20260427,184000,67.69,67.69,67.69,67.69,100,0
UTMD.US,5,20260427,192000,67.5,67.5,67.5,67.5,100,0
UTMD.US,5,20260427,193500,67.5,67.5,67.5,67.5,100,0
UTMD.US,5,20260427,200000,67.35,67.35,67.35,67.35,100,0
UTMD.US,5,20260427,201500,67.35,67.35,67.0588,67.0588,400,0
UTMD.US,5,20260427,202000,67.3,67.3,67.3,67.3,124,0
UTMD.US,5,20260427,203000,67.1,67.3,67.0001,67.3,490,0
UTMD.US,5,20260427,204000,67.09,67.09,67.0683,67.0683,400,0
UTMD.US,5,20260427,204500,66.99,66.99,66.88,66.88,502,0
UTMD.US,5,20260427,205500,67.14,67.14,67.14,67.14,100,0
UTMD.US,5,20260427,210500,66.88,66.8801,66.5,66.5,400,0
UTMD.US,5,20260427,211500,66.42,66.42,66.4,66.4,200,0
UTMD.US,5,20260427,212000,66.85,66.85,66.544,66.544,1132,0
UTMD.US,5,20260427,215500,66.78,66.78,66.78,66.78,2098,0
UTMD.US,5,20260428,163500,65.2101,65.2101,65.2101,65.2101,211,0
UTMD.US,5,20260428,181000,66.97,66.99,66.97,66.99,200,0
UTMD.US,5,20260428,183000,67.15,67.15,67.15,67.15,100,0
UTMD.US,5,20260428,200500,66.92,66.92,66.92,66.92,100,0
UTMD.US,5,20260428,201500,66.965,66.965,66.51,66.51,200,0
UTMD.US,5,20260428,203500,67,67,66.34,66.34,900,0
UTMD.US,5,20260428,204500,66.155,66.155,66.155,66.155,100,0
UTMD.US,5,20260428,212000,66.565,66.565,66.565,66.565,200,0
UTMD.US,5,20260428,212500,67.07,67.07,67.07,67.07,100,0
UTMD.US,5,20260428,215000,67.3,67.3,67.3,67.3,100,0
UTMD.US,5,20260428,215500,66.74,66.74,66.61,66.61,1090,0
UTMD.US,5,20260429,153500,66.18,66.19,66.16,66.16,300,0
UTMD.US,5,20260429,160500,66.14,66.14,66.14,66.14,100,0
UTMD.US,5,20260429,165000,66.14,66.14,66.14,66.14,150,0
UTMD.US,5,20260429,165500,65.24,65.24,65.24,65.24,163,0
UTMD.US,5,20260429,170500,65.24,65.24,65.24,65.24,100,0
UTMD.US,5,20260429,171500,65.59,65.6741,65.59,65.6741,200,0
UTMD.US,5,20260429,172500,66.045,66.045,66.045,66.045,113,0
UTMD.US,5,20260429,194000,65.3,65.33,65.3,65.33,200,0
UTMD.US,5,20260429,201000,64.9,64.9,64.9,64.9,100,0
UTMD.US,5,20260429,201500,64.99,64.99,64.99,64.99,500,0
UTMD.US,5,20260429,202000,65.37,65.37,64.99,64.99,300,0
UTMD.US,5,20260429,204000,64.99,64.99,64.99,64.99,100,0
UTMD.US,5,20260429,205000,64.99,64.99,64.99,64.99,200,0
UTMD.US,5,20260429,205500,65.3699,65.3699,64.99,64.99,500,0
UTMD.US,5,20260429,210000,65.32,65.32,65.32,65.32,103,0
UTMD.US,5,20260429,211500,65.2075,65.2075,65.2075,65.2075,100,0
UTMD.US,5,20260429,213500,65.02,65.02,64.96,64.96,300,0
UTMD.US,5,20260429,214000,64.7,65.385,64.7,64.95,2000,0
UTMD.US,5,20260429,214500,64.85,64.85,64.85,64.85,100,0
UTMD.US,5,20260429,215000,64.85,64.85,64.85,64.85,200,0
UTMD.US,5,20260430,155000,64.57,64.57,64.57,64.57,100,0
UTMD.US,5,20260430,175000,64.97,64.97,64.97,64.97,212,0
UTMD.US,5,20260430,175500,65.19,65.19,65.19,65.19,101,0
UTMD.US,5,20260430,180500,65.68,65.68,65.68,65.68,219,0
UTMD.US,5,20260430,181000,65.54,65.54,65.54,65.54,115,0
UTMD.US,5,20260430,214000,65.37,65.37,65.37,65.37,100,0
UTMD.US,5,20260430,215500,65.6,65.65,65.6,65.65,200,0
UTMD.US,5,20260501,153000,65.15,65.15,65.15,65.15,219,0
UTMD.US,5,20260501,173500,65.15,65.15,65.15,65.15,495,0
UTMD.US,5,20260501,202500,65.6875,65.6875,65.6875,65.6875,128,0
UTMD.US,5,20260501,203500,65.46,65.46,65.46,65.46,100,0
UTMD.US,5,20260501,204000,65.46,65.46,65.46,65.46,100,0
UTMD.US,5,20260501,212000,65.91,65.91,65.91,65.91,100,0
UTMD.US,5,20260504,153000,65.43,65.43,65.43,65.43,115,0
UTMD.US,5,20260504,154500,64.53,64.98,64.53,64.575,400,0
UTMD.US,5,20260504,164500,65.96,65.96,65.96,65.96,100,0
UTMD.US,5,20260504,175000,65.08,65.49,64.77,65.49,1342,0
UTMD.US,5,20260504,181500,64.885,64.885,64.885,64.885,100,0
UTMD.US,5,20260504,185000,64.9692,64.9692,64.25,64.25,285,0
UTMD.US,5,20260504,212000,64.805,64.805,64.805,64.805,959,0
UTMD.US,5,20260505,153000,64.16,64.16,64.16,64.16,1013,0
UTMD.US,5,20260505,153500,65.825,65.825,65.825,65.825,212,0
UTMD.US,5,20260505,171500,65.25,65.28,65.25,65.28,200,0
UTMD.US,5,20260505,182000,65.3,65.3,65.3,65.3,100,0
UTMD.US,5,20260505,184000,65.315,65.315,65.315,65.315,124,0
UTMD.US,5,20260505,185500,65.55,65.55,65.55,65.55,100,0
UTMD.US,5,20260505,191500,64.855,64.855,64.855,64.855,100,0
UTMD.US,5,20260505,195000,65.11,65.48,64.575,64.575,607,0
UTMD.US,5,20260505,202000,64.62,64.62,64.62,64.62,100,0
UTMD.US,5,20260505,215500,64.84,64.84,64.84,64.84,163,0
UTMD.US,5,20260506,174000,65.77,65.77,64.6001,64.6001,1780,0
UTMD.US,5,20260506,175500,64.6,64.6,64.6,64.6,165,0
UTMD.US,5,20260506,193000,64.69,64.69,64.69,64.69,245,0
UTMD.US,5,20260506,212000,65,65,65,65,398,0
UTMD.US,5,20260506,215500,64.41,64.41,64.41,64.41,1399,0
UTMD.US,5,20260507,162500,65.405,65.405,65.405,65.405,100,0
UTMD.US,5,20260507,171000,65.5,65.5,65.5,65.5,100,0
UTMD.US,5,20260507,171500,65.91,65.91,65.91,65.91,100,0
UTMD.US,5,20260507,181000,65.37,65.37,65.37,65.37,118,0
UTMD.US,5,20260507,191000,64.8375,65.375,64.8375,65.375,303,0
UTMD.US,5,20260507,191500,65.45,65.45,65.45,65.45,100,0
UTMD.US,5,20260507,195500,64.4,64.4,64.4,64.4,100,0
UTMD.US,5,20260507,204500,64.42,64.42,64.42,64.42,100,0
UTMD.US,5,20260507,211000,65.31,65.31,65.29,65.29,473,0
UTMD.US,5,20260507,212500,65.4,65.4,65.4,65.4,100,0
UTMD.US,5,20260507,215000,65.42,65.42,65.1,65.1,200,0
UTMD.US,5,20260507,215500,65.145,65.145,65.145,65.145,107,0
UTMD.US,5,20260508,174500,65.75,65.98,64.99,65.98,924,0
UTMD.US,5,20260508,193500,64.705,65.11,64.705,65.11,393,0
UTMD.US,5,20260508,194500,64.71,64.71,64.71,64.71,200,0
UTMD.US,5,20260508,195000,65.13,65.13,65.13,65.13,150,0
UTMD.US,5,20260508,200500,65.1099,65.11,65.0233,65.0233,500,0
UTMD.US,5,20260511,161000,64.03,64.03,64.03,64.03,600,0
UTMD.US,5,20260511,163500,62.4801,62.4801,62.4801,62.4801,154,0
UTMD.US,5,20260511,172500,63.7501,63.7501,63.7501,63.7501,134,0
UTMD.US,5,20260511,174500,63.8028,63.8028,63.8028,63.8028,157,0
UTMD.US,5,20260511,175500,64.26,64.26,64.26,64.26,258,0
UTMD.US,5,20260511,184000,64.4959,64.4959,64.4959,64.4959,179,0
UTMD.US,5,20260511,191500,64.195,64.195,64.195,64.195,154,0
UTMD.US,5,20260511,195000,64.37,64.37,64.37,64.37,100,0
UTMD.US,5,20260511,201500,64.49,64.49,64.49,64.49,100,0
UTMD.US,5,20260511,203500,64.49,64.49,64.49,64.49,100,0
UTMD.US,5,20260511,210500,64.4,64.4,64.4,64.4,100,0
UTMD.US,5,20260512,163000,63.2,63.2,63.2,63.2,150,0
UTMD.US,5,20260512,174500,63.1199,63.1199,63.1199,63.1199,200,0
UTMD.US,5,20260512,183000,63.36,63.36,63.36,63.36,100,0
UTMD.US,5,20260512,183500,63.375,63.375,63.375,63.375,100,0
UTMD.US,5,20260512,195500,64.035,64.035,64.035,64.035,100,0
UTMD.US,5,20260512,202000,63.91,63.91,63.91,63.91,140,0
UTMD.US,5,20260512,211000,64.11,64.11,64.11,64.11,137,0
UTMD.US,5,20260512,212000,64.11,64.11,64.11,64.11,247,0
UTMD.US,5,20260512,213000,63.86,63.86,63.86,63.86,100,0
UTMD.US,5,20260513,161500,63.15,63.15,63.15,63.15,100,0
UTMD.US,5,20260513,171500,63.91,63.91,63.91,63.91,106,0
UTMD.US,5,20260513,191000,63,63,63,63,254,0
UTMD.US,5,20260513,193500,63.71,63.71,63.71,63.71,125,0
UTMD.US,5,20260513,200500,63,63.319,63,63.319,513,0
UTMD.US,5,20260513,201000,63.135,63.5543,62.51,62.57,1288,0
UTMD.US,5,20260513,202500,63.25,63.25,63.25,63.25,926,0
UTMD.US,5,20260513,213500,63.8,63.8,63.8,63.8,100,0
UTMD.US,5,20260513,214000,63.81,63.81,63.81,63.81,100,0
UTMD.US,5,20260513,215500,64.27,64.27,64.05,64.05,1687,0
UTMD.US,5,20260514,153500,63.9706,63.9706,63.9706,63.9706,250,0
UTMD.US,5,20260514,182000,65.405,65.405,65.405,65.405,156,0
UTMD.US,5,20260514,182500,64.495,64.495,64.495,64.495,138,0
UTMD.US,5,20260514,183000,65.405,65.405,65.405,65.405,102,0
UTMD.US,5,20260514,190000,64.58,64.58,64.58,64.58,100,0
UTMD.US,5,20260514,205000,63.3267,63.3267,63.3267,63.3267,142,0
UTMD.US,5,20260514,212000,63.7536,63.7536,63.7536,63.7536,131,0
UTMD.US,5,20260514,213500,63.965,63.965,63.965,63.965,100,0
UTMD.US,5,20260514,215500,63.7,63.7,63.7,63.7,1305,0
UTMD.US,5,20260515,153000,63.24,63.24,63.24,63.24,264,0
UTMD.US,5,20260515,174000,63.27,63.27,63.27,63.27,100,0
UTMD.US,5,20260515,215500,63.34,63.34,63.34,63.34,1597,0
UTMD.US,5,20260518,153500,62.84,62.84,62.84,62.84,100,0
UTMD.US,5,20260518,154500,63.315,63.315,63.315,63.315,100,0
UTMD.US,5,20260518,162000,62.6396,62.6396,62.6396,62.6396,104,0
UTMD.US,5,20260518,171000,63.9325,63.9325,63.9325,63.9325,141,0
UTMD.US,5,20260518,174000,65.18,65.18,65.18,65.18,149,0
UTMD.US,5,20260518,180000,64,64.01,64,64,319,0
UTMD.US,5,20260518,181000,64.01,64.01,64.01,64.01,100,0
UTMD.US,5,20260518,203500,64.11,64.28,64.11,64.28,200,0
UTMD.US,5,20260518,211000,64.7,64.7,64.7,64.7,115,0
UTMD.US,5,20260518,211500,64.25,64.25,64.25,64.25,100,0
UTMD.US,5,20260519,153000,63.97,63.97,63.97,63.97,182,0
UTMD.US,5,20260519,155500,63.285,63.285,63.285,63.285,300,0
UTMD.US,5,20260519,161000,63.285,63.285,63.285,63.285,300,0
UTMD.US,5,20260519,161500,63.4301,63.4301,63.4301,63.4301,300,0
UTMD.US,5,20260519,170000,63.5814,63.5814,63.5814,63.5814,100,0
UTMD.US,5,20260519,174500,63.91,63.91,63.91,63.91,100,0
UTMD.US,5,20260519,200000,64.15,64.15,63.49,63.49,278,0
UTMD.US,5,20260519,210500,63.48,63.48,63.48,63.48,100,0
UTMD.US,5,20260519,211500,64.37,64.37,64.37,64.37,100,0
UTMD.US,5,20260520,154500,63.47,63.47,63.47,63.47,100,0
UTMD.US,5,20260520,160000,63.14,63.14,63.14,63.14,100,0
UTMD.US,5,20260520,160500,63.51,63.51,63.51,63.51,100,0
UTMD.US,5,20260520,161500,63.16,63.16,63.16,63.16,100,0
UTMD.US,5,20260520,163000,63.5,63.5,63.5,63.5,100,0
UTMD.US,5,20260520,164500,63.55,63.55,63.55,63.55,100,0
UTMD.US,5,20260520,170500,63.6,63.6,63.6,63.6,100,0
UTMD.US,5,20260520,172000,63.55,63.55,63.55,63.55,100,0
UTMD.US,5,20260520,174000,63.48,63.48,63.48,63.48,100,0
UTMD.US,5,20260520,182500,63.4,63.4,63.4,63.4,100,0
UTMD.US,5,20260520,183500,63.6,63.6,63.6,63.6,100,0
UTMD.US,5,20260520,184500,64,64.16,64,64.16,200,0
UTMD.US,5,20260520,185000,64.16,64.16,64.16,64.16,100,0
UTMD.US,5,20260520,191000,64.14,64.14,64.14,64.14,100,0
UTMD.US,5,20260520,192000,63.815,63.815,63.815,63.815,100,0
UTMD.US,5,20260520,193500,63.65,63.65,63.65,63.65,100,0
UTMD.US,5,20260520,195000,63.55,63.55,63.55,63.55,100,0
UTMD.US,5,20260520,200000,63.575,63.575,63.575,63.575,100,0
UTMD.US,5,20260520,201000,63.29,63.29,63.29,63.29,100,0
UTMD.US,5,20260520,202500,63.61,63.61,63.61,63.61,100,0
UTMD.US,5,20260520,203500,64.095,64.095,64.095,64.095,100,0
UTMD.US,5,20260520,204000,63.94,64.06,63.94,64.06,503,0
UTMD.US,5,20260520,212000,63.65,63.65,63.65,63.65,100,0
UTMD.US,5,20260520,213000,63.67,64.37,63.67,64.37,200,0
UTMD.US,5,20260520,214500,63.74,63.74,63.74,63.74,100,0
UTMD.US,5,20260520,215000,63.78,63.78,63.78,63.78,100,0
UTMD.US,5,20260520,215500,63.8,63.9,63.8,63.9,500,0
UTMD.US,5,20260521,161500,64.2,64.2,64.2,64.2,149,0
UTMD.US,5,20260521,162000,64.3,64.7,64.09,64.6,2641,0
UTMD.US,5,20260521,162500,64.75,65.48,64.4,64.61,5509,0
UTMD.US,5,20260521,163000,64.75,64.82,64.75,64.82,1341,0
UTMD.US,5,20260521,163500,64.75,65.1,64.75,65.1,2077,0
UTMD.US,5,20260521,164000,64.8,64.8,64.8,64.8,930,0
UTMD.US,5,20260521,164500,64.85,64.9,64.45,64.6,1372,0
UTMD.US,5,20260521,171500,64.05,64.35,63.85,63.85,2886,0
UTMD.US,5,20260521,172000,63.77,64.04,63.77,63.845,310,0
UTMD.US,5,20260521,172500,63.845,63.845,63.845,63.845,500,0
UTMD.US,5,20260521,174500,63.845,64.03,63.845,64.03,665,0
UTMD.US,5,20260521,182500,63.7,64.295,63.7,64.295,874,0
UTMD.US,5,20260521,190000,63.55,63.55,63.55,63.55,100,0
UTMD.US,5,20260521,190500,64.145,64.145,64.145,64.145,200,0
UTMD.US,5,20260521,191000,63.9,63.9,63.9,63.9,100,0
UTMD.US,5,20260521,201000,64.45,65,64.45,65,600,0
UTMD.US,5,20260521,204500,64.46,64.46,64.46,64.46,100,0
UTMD.US,5,20260521,205500,64.35,64.35,64.3,64.3,200,0
UTMD.US,5,20260522,172000,63.8825,63.8825,63.8825,63.8825,223,0
UTMD.US,5,20260522,174000,64.24,64.24,64.24,64.24,200,0
UTMD.US,5,20260522,183500,65.155,65.155,65.155,65.155,180,0
UTMD.US,5,20260522,211000,64.61,64.61,64.61,64.61,121,0
UTMD.US,5,20260522,213000,64.59,64.59,64.25,64.25,400,0
UTMD.US,5,20260522,214000,64.375,64.54,64.375,64.54,200,0
UTMD.US,5,20260522,215500,64.71,64.71,64.71,64.71,100,0
UTMD.US,5,20260526,175500,64.15,64.63,64.15,64.63,1999,0
UTMD.US,5,20260526,211500,64.91,64.91,64.91,64.91,100,0
UTMD.US,5,20260526,212500,64.98,64.98,64.98,64.98,165,0
UTMD.US,5,20260526,215500,65.6,65.6,65.22,65.22,1606,0
UTMD.US,5,20260527,153000,65.645,65.645,65.645,65.645,186,0
UTMD.US,5,20260527,161000,66.4,66.4,66.4,66.4,100,0
UTMD.US,5,20260527,170000,66.4,66.745,66.4,66.745,272,0
UTMD.US,5,20260527,172500,66.325,66.325,66.325,66.325,100,0
UTMD.US,5,20260527,174000,67.14,67.14,67.14,67.14,227,0
UTMD.US,5,20260527,190500,65.58,65.58,65.58,65.58,100,0
UTMD.US,5,20260527,215000,65.81,65.81,65.81,65.81,180,0
UTMD.US,5,20260528,161500,64.6001,65.35,64.6,65.35,300,0
UTMD.US,5,20260528,180500,65.865,65.865,65.865,65.865,100,0
UTMD.US,5,20260528,210000,66.42,66.42,66.42,66.42,100,0
UTMD.US,5,20260528,215000,66.505,66.505,66.505,66.505,100,0
UTMD.US,5,20260529,164000,66.3804,66.3804,66.3804,66.3804,100,0
UTMD.US,5,20260529,165000,66.14,66.14,66.14,66.14,100,0
UTMD.US,5,20260529,173000,66.15,66.15,66.15,66.15,130,0
UTMD.US,5,20260529,181500,66.205,66.205,66.205,66.205,100,0
UTMD.US,5,20260529,213500,66.465,66.465,66.465,66.465,100,0
UTMD.US,5,20260529,215000,66.56,66.56,66.56,66.56,100,0
UTMD.US,5,20260529,215500,66.42,66.45,66.42,66.45,2338,0
UTMD.US,5,20260601,160000,67,67,67,67,100,0
UTMD.US,5,20260601,161500,67.27,67.27,67.27,67.27,100,0
UTMD.US,5,20260601,162000,66.45,66.45,66.45,66.45,100,0
UTMD.US,5,20260601,172000,67.1699,67.1699,67.1699,67.1699,594,0
UTMD.US,5,20260601,193000,66.53,66.53,66.23,66.23,203,0
UTMD.US,5,20260601,202500,66.992,66.992,66.992,66.992,255,0
UTMD.US,5,20260601,211000,66.1799,66.18,66.1799,66.18,794,0
UTMD.US,5,20260601,215000,65.54,65.54,65.54,65.54,100,0
UTMD.US,5,20260601,215500,65.9,65.9,65.9,65.9,200,0
UTMD.US,5,20260602,154000,66,66,66,66,448,0
UTMD.US,5,20260602,155000,66.35,66.35,66.35,66.35,100,0
UTMD.US,5,20260602,161000,67.41,67.41,67.41,67.41,100,0
UTMD.US,5,20260602,162000,67.17,67.17,67.17,67.17,100,0
UTMD.US,5,20260602,163500,67.3,67.3,67.3,67.3,100,0
UTMD.US,5,20260602,170500,67.3,67.3,67.3,67.3,100,0
UTMD.US,5,20260602,173500,67.13,67.13,67.13,67.13,100,0
UTMD.US,5,20260602,174000,66.087,66.087,66.087,66.087,102,0
UTMD.US,5,20260602,180500,67.28,67.28,67.28,67.28,100,0
UTMD.US,5,20260602,184000,66.99,66.99,66.5,66.5,248,0
UTMD.US,5,20260602,190000,66.45,66.45,66.45,66.45,160,0
UTMD.US,5,20260602,194000,65.82,65.82,65.82,65.82,100,0
UTMD.US,5,20260602,203000,65.74,65.74,65.74,65.74,100,0
UTMD.US,5,20260602,211500,66.8,66.8,66.8,66.8,100,0
UTMD.US,5,20260602,212500,65.64,65.64,65.64,65.64,100,0
UTMD.US,5,20260602,214000,67.24,67.24,67.24,67.24,100,0
UTMD.US,5,20260602,215500,67.01,67.15,65.61,67.1,500,0
UTMD.US,5,20260603,154000,68.005,68.005,68.005,68.005,100,0
UTMD.US,5,20260603,162500,67.26,67.26,67.26,67.26,100,0
UTMD.US,5,20260603,170000,67.2,67.2,67.2,67.2,100,0
UTMD.US,5,20260603,173500,66.86,66.86,66.86,66.86,100,0
UTMD.US,5,20260603,181500,66.84,66.84,66.84,66.84,100,0
UTMD.US,5,20260603,185500,66.41,66.41,66.41,66.41,100,0
UTMD.US,5,20260603,193000,65.355,65.355,65.355,65.355,100,0
UTMD.US,5,20260603,194500,66.74,66.74,66.74,66.74,100,0
UTMD.US,5,20260603,195000,65.95,65.95,65.93,65.93,379,0
UTMD.US,5,20260603,205500,65.48,65.48,65.48,65.48,100,0
UTMD.US,5,20260603,214500,66.22,66.22,66.22,66.22,100,0
UTMD.US,5,20260603,215500,65.46,65.46,65.46,65.46,100,0
UTMD.US,5,20260604,162000,66,66,66,66,100,0
UTMD.US,5,20260604,170500,66,66,66,66,300,0
UTMD.US,5,20260604,193000,67.02,67.02,67.02,67.02,100,0
UTMD.US,5,20260604,201500,66.75,66.75,66.22,66.22,475,0
UTMD.US,5,20260604,202500,67.58,67.58,67.58,67.58,100,0
UTMD.US,5,20260604,212000,68.5,68.5,68.5,68.5,150,0
UTMD.US,5,20260605,160500,67.6,67.6,67.6,67.6,170,0
UTMD.US,5,20260605,181500,68.625,68.625,68.625,68.625,164,0
UTMD.US,5,20260605,184500,68.68,68.68,68.68,68.68,101,0
UTMD.US,5,20260605,194000,68.725,68.725,68.725,68.725,100,0
UTMD.US,5,20260605,194500,68.725,68.725,68.725,68.725,200,0
UTMD.US,5,20260605,204500,68.88,68.88,68.88,68.88,100,0
UTMD.US,5,20260605,205500,68.85,68.85,68.85,68.85,200,0
UTMD.US,5,20260605,214500,68.82,68.82,68.82,68.82,100,0
UTMD.US,5,20260605,215000,68.82,68.82,68.82,68.82,137,0
UTMD.US,5,20260605,215500,68.68,68.68,67.65,67.65,1359,0
UTMD.US,5,20260608,163500,69.165,69.165,69.165,69.165,118,0
UTMD.US,5,20260608,165500,69.17,69.17,68.66,68.66,200,0
UTMD.US,5,20260608,195000,68.305,68.305,68.305,68.305,100,0
UTMD.US,5,20260608,200500,68.1425,68.1425,67.85,67.85,200,0
UTMD.US,5,20260608,203000,67.9975,68.065,67.9975,68.0025,300,0
UTMD.US,5,20260608,210000,67.58,67.58,67.58,67.58,500,0
UTMD.US,5,20260608,215500,67.6,67.6,67.05,67.255,2390,0
UTMD.US,5,20260609,160000,67.85,67.85,67.85,67.85,101,0
UTMD.US,5,20260609,170000,66.78,67,66.78,67,1306,0
UTMD.US,5,20260609,184500,67.15,67.15,67.15,67.15,108,0
UTMD.US,5,20260609,214000,68.27,68.27,68.27,68.27,100,0
UTMD.US,5,20260609,214500,67.9,68.78,67.9,68.78,300,0
UTMD.US,5,20260610,162000,67.92,69.08,67.92,69.08,200,0
UTMD.US,5,20260610,171500,68.56,68.56,68.56,68.56,803,0
UTMD.US,5,20260610,172500,68.56,68.56,68.56,68.56,100,0
UTMD.US,5,20260610,201500,68.75,68.75,68.75,68.75,100,0
UTMD.US,5,20260610,211000,68.76,68.76,68.76,68.76,205,0
UTMD.US,5,20260610,213000,69,69,69,69,154,0
UTMD.US,5,20260611,180500,68.01,68.01,68.01,68.01,179,0
UTMD.US,5,20260611,182000,68.715,68.715,68.715,68.715,288,0
UTMD.US,5,20260611,185000,68.895,68.895,68.895,68.895,100,0
UTMD.US,5,20260611,195000,69.18,69.18,69.18,69.18,100,0
UTMD.US,5,20260611,200500,69.17,69.17,69.11,69.11,203,0
UTMD.US,5,20260611,201000,69.745,69.745,69.745,69.745,100,0
UTMD.US,5,20260611,205500,69.99,70,69.49,69.68,724,0
UTMD.US,5,20260611,215000,68.4,68.4,68.4,68.4,100,0
UTMD.US,5,20260611,215500,69.32,69.44,69.32,69.44,1676,0
UTMD.US,5,20260612,162000,68.635,68.635,68.635,68.635,100,0
UTMD.US,5,20260612,162500,68.565,68.565,68.565,68.565,100,0
UTMD.US,5,20260612,190000,69.02,69.02,69.02,69.02,100,0
UTMD.US,5,20260612,192000,68.71,68.71,68.71,68.71,100,0
UTMD.US,5,20260615,153000,67.91,67.91,67.91,67.91,113,0
UTMD.US,5,20260615,162500,68.45,68.45,68.45,68.45,100,0
UTMD.US,5,20260615,173000,69.78,69.83,69.78,69.83,390,0
UTMD.US,5,20260615,175000,69.5,69.5,69.5,69.5,1001,0
UTMD.US,5,20260615,180000,69.21,69.21,69.21,69.21,200,0
UTMD.US,5,20260615,195500,69.72,70,69.72,70,580,0
UTMD.US,5,20260615,201000,69,69,69,69,100,0
UTMD.US,5,20260615,211000,69.47,69.52,69.47,69.52,200,0
UTMD.US,5,20260615,211500,69.55,69.75,69.55,69.75,242,0
UTMD.US,5,20260615,212000,69.65,69.65,69.65,69.65,100,0
UTMD.US,5,20260615,212500,69.44,69.8,69.44,69.8,205,0
UTMD.US,5,20260615,215000,70.38,70.38,70.38,70.38,100,0
UTMD.US,5,20260615,215500,70.23,70.23,69.87,69.87,1655,0
UTMD.US,5,20260616,153000,69.87,69.87,69.87,69.87,177,0
UTMD.US,5,20260616,164000,67.8301,67.8301,67.8301,67.8301,150,0
UTMD.US,5,20260616,164500,69.95,69.95,69.95,69.95,150,0
UTMD.US,5,20260616,165500,69.81,69.81,69.71,69.735,700,0
UTMD.US,5,20260616,171000,70.475,70.475,70.475,70.475,142,0
UTMD.US,5,20260616,173500,70.25,70.25,70.25,70.25,100,0
UTMD.US,5,20260616,183000,69.91,70,69.91,70,4099,0
UTMD.US,5,20260616,193500,69.125,69.125,69.125,69.125,100,0
UTMD.US,5,20260616,210500,68.35,68.485,68.35,68.485,391,0
UTMD.US,5,20260616,213000,68.1,68.1,68.09,68.09,200,0
UTMD.US,5,20260616,215500,67.615,67.84,67.28,67.84,330,0
UTMD.US,5,20260617,161000,66.235,66.7255,66.235,66.7255,320,0
UTMD.US,5,20260617,161500,67.42,67.42,67.02,67.02,304,0
UTMD.US,5,20260617,164000,67.54,67.54,67.54,67.54,206,0
UTMD.US,5,20260617,173500,67.245,67.245,67.245,67.245,124,0
UTMD.US,5,20260617,181000,66.85,66.85,66.65,66.65,203,0
UTMD.US,5,20260617,191000,65.94,65.94,65.93,65.93,200,0
UTMD.US,5,20260617,201500,65.95,65.97,65.95,65.97,300,0
UTMD.US,5,20260617,210500,65.81,65.81,65.81,65.81,184,0
UTMD.US,5,20260617,214500,65.82,65.83,65.31,65.83,406,0
UTMD.US,5,20260617,215500,65.7,65.7,65.7,65.7,1493,0
UTMD.US,5,20260618,171500,66.34,66.34,66.34,66.34,348,0
UTMD.US,5,20260618,191500,66.17,66.17,66.17,66.17,100,0
UTMD.US,5,20260618,214500,66.48,66.48,66.48,66.48,128,0
UTMD.US,5,20260618,215000,67.05,67.13,66.95,67.13,753,0
UTMD.US,5,20260618,215500,67.45,67.45,67.45,67.45,100,0
UTMD.US,5,20260622,153000,67.21,67.21,67.21,67.21,123,0
UTMD.US,5,20260622,154500,65.54,65.54,65.54,65.54,100,0
UTMD.US,5,20260622,174500,65.503,65.53,65.3,65.31,907,0
UTMD.US,5,20260622,175000,65.31,66.21,64.77,66.21,1054,0
UTMD.US,5,20260622,191500,65.61,66.23,65.61,66.23,400,0
UTMD.US,5,20260622,201000,66.38,66.38,66.38,66.38,100,0
UTMD.US,5,20260622,201500,66.5089,66.5089,66.5089,66.5089,150,0
UTMD.US,5,20260622,210500,66.02,66.02,66.02,66.02,100,0
UTMD.US,5,20260622,214000,66.02,66.02,66.02,66.02,100,0
UTMD.US,5,20260622,215500,66.08,66.08,66.02,66.02,613,0
